Marker Chr Pos p
S1_112035 1 116035 0.000314962115248016
S1_112418 1 116418 0.000648089797146937
S1_115488 1 119488 0.00071749690027875
S1_127140 1 131140 0.000760705444508223
S1_146207 1 150207 0.000328434465214617
S1_165827 1 169827 4.78421634476288e-05
S1_169744 1 173744 0.000113981742939267
S1_169747 1 173747 3.41383711476866e-05
S1_169751 1 173751 1.91098153112945e-05
S1_169754 1 173754 1.24884069646606e-05
S1_169758 1 173758 1.91098153112945e-05
S1_169760 1 173760 4.99256966419245e-06
S1_175870 1 179870 8.74039467813722e-05
S1_198557 1 202557 8.12138126204143e-06
S1_248181 1 252181 0.000497410714658899
S1_248222 1 252222 0.00017967633528698
S1_265181 1 269181 7.4429664225961e-05
S1_282946 1 286946 5.55433458353801e-05
S1_282953 1 286953 5.5543345835384e-05
S1_282979 1 286979 5.55433458353801e-05
S1_283053 1 287053 0.000103250280661953
S1_336598 1 340598 0.000427937645958676
S1_336652 1 340652 1.11129157963685e-05
S1_338084 1 342084 3.76887996019038e-06
S1_346255 1 350255 0.000877159480278022
S1_372634 1 376634 1.3175783255458e-05
S1_372641 1 376641 5.7318056487787e-08
S1_376680 1 380680 2.71561149205033e-05
S1_376712 1 380712 1.75639672828883e-05
S1_381902 1 385902 0.000858896057350972
S1_383220 1 387220 4.51578639657148e-06
S1_388019 1 392019 1.82336159347656e-05
S1_399303 1 403303 2.10284287236573e-05
S1_399353 1 403353 9.4043540855071e-08
S1_423512 1 427512 0.000481503514736904
S1_423514 1 427514 0.000481503514736904
S1_486499 1 490499 0.000232108749303486
S1_490402 1 494402 0.000564471978719986
S1_490403 1 494403 0.000564471978719986
S1_569460 1 573460 1.30446677895449e-09
S1_678817 1 682817 5.26917433679725e-05
S1_704079 1 708079 1.21927584579856e-05
S1_742050 1 746050 0.000209196536227225
S1_789860 1 793860 0.000795519306240393
S1_791986 1 795986 5.67814663871639e-06
S1_794683 1 798683 6.68158853985778e-05
S1_794684 1 798684 6.68158853985778e-05
S1_831201 1 835201 0.000955666264836765
S1_837808 1 841808 0.000551159633970075
S1_882013 1 886013 9.39060216359456e-05
S1_922281 1 926281 8.19017671524646e-06
S1_922546 1 926546 8.12536600668875e-08
S1_943248 1 947248 0.000273574628945997
S1_943252 1 947252 1.31205905651357e-05
S1_1005397 1 1009397 1.23020423271041e-05
S1_1005568 1 1009568 1.33729264847888e-05
S1_1006650 1 1010650 1.16414812170906e-08
S1_1009000 1 1013000 1.09832197285183e-06
S1_1014610 1 1018610 7.97475126593341e-07
S1_1026857 1 1030857 1.16328152942569e-07
S1_1027858 1 1031858 0.000193629050909711
S1_1027860 1 1031860 0.000193629050909711
S1_1030371 1 1034371 1.31416945837346e-06
S1_1030481 1 1034481 8.46163096780221e-09
S1_1044232 1 1048232 2.1813181260658e-08
S1_1112883 1 1116883 1.17145468330485e-05
S1_1205421 1 1209421 0.000404148816907909
S1_1205641 1 1209641 4.44982549932546e-05
S1_1211700 1 1215700 0.000745781207267497
S1_1223395 1 1227395 0.00050754070101035
S1_1265850 1 1269850 8.39370818822779e-06
S1_1268079 1 1272079 1.68496996714347e-05
S1_1268144 1 1272144 0.000362940826612457
S1_1276568 1 1280568 2.03278683045185e-06
S1_1276572 1 1280572 0.000345596725105694
S1_1277807 1 1281807 4.8027140973526e-05
S1_1278035 1 1282035 6.82809032293417e-07
S1_1278122 1 1282122 1.71052356321054e-06
S1_1278409 1 1282409 0.000615092304855754
S1_1285750 1 1289750 6.87928067392776e-07
S1_1285765 1 1289765 2.73665978019072e-06
S1_1287460 1 1291460 3.91083356619001e-06
S1_1392639 1 1396639 5.25453553591322e-05
S1_1418269 1 1422269 1.21810593076744e-05
S1_1448091 1 1452091 0.000828487151164263
S1_1449790 1 1453790 0.000355401624482928
S1_1451972 1 1455972 5.60256325542739e-05
S1_1545090 1 1549090 0.000889352975988906
S1_1549736 1 1553736 3.12836808350542e-06
S1_1572338 1 1576338 3.39387860782061e-05
S1_1585850 1 1589850 2.3125966405836e-05
S1_1650498 1 1654498 0.000345665693933708
S1_1689100 1 1693100 0.000835870844658815
S1_1711598 1 1715598 3.33266807364193e-06
S1_1726685 1 1730685 6.50383535737555e-05
S1_1728231 1 1732231 0.000293210428945594
S1_1756512 1 1760512 4.48696824074809e-06
S1_1773682 1 1777682 0.000570410442286702
S1_1776300 1 1780300 7.89512857969579e-05
S1_1779335 1 1783335 0.000884453778496487
S1_1779362 1 1783362 0.000651354571053762
S1_1787037 1 1791037 0.000644297543125123
S1_1822560 1 1826560 3.71789430600673e-06
S1_1866304 1 1870304 0.000468816409130476
S1_1869088 1 1873088 0.00021947546473907
S1_1892864 1 1896864 0.000571607084811702
S1_1896715 1 1900715 2.42002913220149e-06
S1_1904261 1 1908261 4.91600728094352e-07
S1_1911974 1 1915974 1.22316221285679e-05
S1_1937181 1 1941181 6.70807274299392e-08
S1_1937382 1 1941382 6.37163748968168e-05
S1_2012070 1 2016070 2.34079511581221e-05
S1_2012098 1 2016098 5.85035915346799e-05
S1_2012101 1 2016101 1.64514210009197e-05
S1_2012102 1 2016102 5.85035915346872e-05
S1_2012106 1 2016106 8.83870507488522e-05
S1_2016062 1 2020062 0.000568699804698358
S1_2022730 1 2026730 0.000196038639376334
S1_2022731 1 2026731 4.6739591102502e-05
S1_2022734 1 2026734 0.000145799729278
S1_2022735 1 2026735 0.000156569303590431
S1_2024697 1 2028697 5.79366732172619e-07
S1_2041766 1 2045766 3.83161796947719e-05
S1_2042145 1 2046145 8.71550472915007e-07
S1_2067673 1 2071673 0.000685281462655301
S1_2102732 1 2106732 1.98814684004036e-05
S1_2137639 1 2141639 0.00039764137415941
S1_2161235 1 2165235 0.000117990118166083
S1_2161266 1 2165266 6.22600531527011e-05
S1_2169843 1 2173843 9.42823124155454e-06
S1_2170025 1 2174025 0.000555596087920774
S1_2176962 1 2180962 0.00050252576780438
S1_2229603 1 2233603 0.000153310737240109
S1_2240976 1 2244976 6.95362876211958e-05
S1_2240979 1 2244979 6.95362876211958e-05
S1_2242624 1 2246624 0.00050699837149507
S1_2272076 1 2276076 0.000256142503655787
S1_2272103 1 2276103 0.000256142503655787
S1_2286553 1 2290553 6.74669776233241e-07
S1_2286587 1 2290587 6.74669776233241e-07
S1_2287718 1 2291718 3.24460340068044e-05
S1_2289765 1 2293765 1.12509252295525e-06
S1_2289780 1 2293780 1.12509252295525e-06
S1_2302793 1 2306793 0.000483243120927195
S1_2302821 1 2306821 0.000483243120927195
S1_2307505 1 2311505 0.000326177141061795
S1_2307910 1 2311910 0.000660327816584626
S1_2314839 1 2318839 0.000271414025056527
S1_2314864 1 2318864 0.000271414025056527
S1_2315419 1 2319419 0.000465292613143586
S1_2315453 1 2319453 0.000465292613143586
S1_2315458 1 2319458 0.000465292613143552
S1_2319643 1 2323643 0.000237065626615341
S1_2325310 1 2329310 4.05546834014891e-05
S1_2331424 1 2335424 3.61486916020907e-05
S1_2351976 1 2355976 0.000349505802564618
S1_2353423 1 2357423 0.000401193443051687
S1_2356982 1 2360982 0.000864167368617186
S1_2391444 1 2395444 5.12184430736705e-05
S1_2391466 1 2395466 5.12184430736705e-05
S1_2435984 1 2439984 0.000801042929536931
S1_2492802 1 2496802 4.70318670781705e-06
S1_2509847 1 2513847 1.44175618389897e-05
S1_2509913 1 2513913 0.000696562945218614
S1_2513650 1 2517650 1.74311287839727e-06
S1_2520300 1 2524300 7.60690880958582e-05
S1_2520333 1 2524333 8.38662416230264e-05
S1_2524764 1 2528764 0.000352092543059417
S1_2590084 1 2594084 0.000887148593910191
S1_2617000 1 2621000 0.000886343851468858
S1_2617002 1 2621002 0.000120216479712617
S1_2627736 1 2631736 0.00049926799780437
S1_2636848 1 2640848 0.000204275791715742
S1_2636908 1 2640908 4.14819547978646e-07
S1_2637131 1 2641131 0.00040613599141349
S1_2653963 1 2657963 1.47298855571955e-05
S1_2655174 1 2659174 0.000101031850685224
S1_2655177 1 2659177 1.70170712487625e-05
S1_2657733 1 2661733 0.000114095777033622
S1_2657743 1 2661743 2.18360071769831e-06
S1_2657784 1 2661784 2.41889040287899e-06
S1_2658076 1 2662076 3.55769832127049e-05
S1_2683576 1 2687576 4.29713505665999e-05
S1_2689851 1 2693851 0.0003733366464932
S1_2697785 1 2701785 0.00066716135662567
S1_2705297 1 2709297 0.000206576921991387
S1_2705341 1 2709341 2.08591935691594e-06
S1_2707758 1 2711758 5.2600877415332e-05
S1_2711219 1 2715219 0.000593517531368746
S1_2730468 1 2734468 0.000177977559221295
S1_2732064 1 2736064 0.00062001408533666
S1_2733972 1 2737972 0.000194931329885055
S1_2735345 1 2739345 0.000118757199990722
S1_2735359 1 2739359 1.67205953619401e-05
S1_2738614 1 2742614 0.000137598898115086
S1_2738994 1 2742994 4.67166978975348e-06
S1_2739004 1 2743004 3.89673487271565e-06
S1_2739008 1 2743008 7.04055859297414e-09
S1_2739431 1 2743431 0.000732013864466507
S1_2742231 1 2746231 0.00024343131434645
S1_2748334 1 2752334 0.000293583884778729
S1_2748502 1 2752502 0.000310161312873872
S1_2773011 1 2777011 5.61600800287655e-05
S1_2774110 1 2778110 2.93647027470455e-05
S1_2783266 1 2787266 3.4469892376339e-06
S1_2791203 1 2795203 0.000621287808910793
S1_2812746 1 2816746 0.000106074206601647
S1_2836022 1 2840022 0.000293285140633854
S1_2836030 1 2840030 0.00054083923742673
S1_2839164 1 2843164 0.000248464227016197
S1_2839167 1 2843167 0.000248464227016197
S1_2857186 1 2861186 8.14181597765518e-05
S1_2902387 1 2906387 0.000358478782758226
S1_2918130 1 2922130 1.35188813125586e-05
S1_2924195 1 2928195 0.00080032431366841
S1_3226773 1 3230773 0.000368359452703858
S1_3227226 1 3231226 0.000557473163097969
S1_3257977 1 3261977 0.000373580946015796
S1_3320275 1 3324275 0.000394437368147234
S1_3351112 1 3355112 0.000825400498780624
S1_3445795 1 3449795 0.000856206025630971
S1_3445800 1 3449800 0.000856206025630971
S1_3467665 1 3471665 8.95584228198098e-08
S1_3476456 1 3480456 0.000381000615784869
S1_3515587 1 3519587 2.81272492599354e-05
S1_3515697 1 3519697 4.31601290138354e-05
S1_3515698 1 3519698 0.000303743606767757
S1_3532528 1 3536528 2.18482626245092e-05
S1_3532529 1 3536529 2.18482626245092e-05
S1_3536510 1 3540510 0.000297399602412679
S1_3541988 1 3545988 0.000703815269073696
S1_3711209 1 3715209 1.52776052567421e-05
S1_3737026 1 3741026 0.000651228172022712
S1_3808366 1 3812366 0.000369261598098407
S1_3865743 1 3869743 7.28238519574476e-05
S1_3976803 1 3980803 2.97491877538141e-05
S1_3983156 1 3987156 2.33299610899234e-05
S1_4111637 1 4115637 0.000183764536253243
S1_4121121 1 4125121 3.88950141570939e-06
S1_4122472 1 4126472 4.44307862066334e-05
S1_4123704 1 4127704 0.000102236372064853
S1_4131982 1 4135982 0.000552461919803699
S1_4132832 1 4136832 9.10443560416818e-07
S1_4197317 1 4201317 1.86016427083637e-05
S1_4197318 1 4201318 0.000289482697470882
S1_4197332 1 4201332 1.8618885128736e-05
S1_4615937 1 4619937 0.00094158812249236
S1_4770117 1 4774117 0.000859107998529548
S1_4771738 1 4775738 0.000531827696757951
S1_4901005 1 4905005 0.000936324068058723
S1_4901244 1 4905244 8.62707823236683e-05
S1_4901245 1 4905245 8.62707823236683e-05
S1_5031320 1 5035320 0.000574875411774606
S1_5031324 1 5035324 0.000574875411774606
S1_5031351 1 5035351 0.000574875411774606
S1_5062001 1 5066001 0.000346810751895147
S1_5119358 1 5123358 0.000850094669584401
S1_5150789 1 5154789 0.000129901520118594
S1_5497119 1 5501119 0.000801414210851616
S1_5497124 1 5501124 0.000801414210851616
S1_5497161 1 5501161 0.000872165386218152
S1_5497162 1 5501162 0.000872165386218152
S1_5558406 1 5562406 1.69577096582567e-05
S1_5626643 1 5630643 4.71463759258158e-05
S1_5698128 1 5702128 1.18524158616116e-05
S1_5700411 1 5704411 0.000810096136654704
S1_5859773 1 5863773 8.58670956751446e-05
S1_5859961 1 5863961 0.000907450201760876
S1_5880323 1 5884323 2.24867141077416e-05
S1_5885594 1 5889594 0.000197366525655945
S1_5907087 1 5911087 9.53367145373857e-07
S1_5907100 1 5911100 0.00021315379077965
S1_5908872 1 5912872 9.17230501977068e-06
S1_5926858 1 5930858 2.09468407321739e-05
S1_5927590 1 5931590 9.85753657780481e-05
S1_5973528 1 5977528 0.000800653078856986
S1_5996504 1 6000504 0.000609706661546577
S1_6007103 1 6011103 0.000542990996167983
S1_6024534 1 6028534 0.00018140763940496
S1_6028575 1 6032575 0.000830160992351216
S1_6082344 1 6086344 2.25362981079601e-05
S1_6082370 1 6086370 2.25362981079601e-05
S1_6086314 1 6090314 9.65931596791579e-06
S1_6086337 1 6090337 9.65931596791375e-06
S1_6086352 1 6090352 9.65931596791375e-06
S1_6088053 1 6092053 2.45800642306414e-05
S1_6171355 1 6175355 1.29493418738963e-05
S1_6183844 1 6187844 0.000668432702023885
S1_6190494 1 6194494 2.37601999752629e-05
S1_6221087 1 6225087 0.000172757504375273
S1_6298404 1 6302404 0.000319855355562042
S1_6313449 1 6317449 1.17202089401002e-05
S1_6333710 1 6337710 3.45507065616675e-06
S1_6379745 1 6383745 3.76785780983491e-05
S1_6403700 1 6407700 0.000337940802689973
S1_6404912 1 6408912 0.000121478338189155
S1_6406994 1 6410994 0.000320923389042383
S1_6491780 1 6495780 3.00606696979693e-06
S1_6639128 1 6643128 0.000131132937157706
S1_6648174 1 6652174 0.00065804051936344
S1_6662668 1 6666668 0.000740772408670454
S1_6663111 1 6667111 0.000529988649707502
S1_6722818 1 6726818 0.000351249009132767
S1_6789073 1 6793073 3.88970443578003e-05
S1_6790268 1 6794268 0.000613829933134599
S1_6858959 1 6862959 0.000652235242548605
S1_6885652 1 6889652 0.000747488650967103
S1_6906005 1 6910005 0.000299400585200954
S1_6906195 1 6910195 0.000942660801866082
S1_6919685 1 6923685 1.84339729648294e-05
S1_6919717 1 6923717 1.84339729648294e-05
S1_6919722 1 6923722 1.84339729648294e-05
S1_6929175 1 6933175 0.00059158673867741
S1_6956310 1 6960310 3.93615032601163e-05
S1_6965836 1 6969836 0.0002191014777037
S1_6965839 1 6969839 0.000206592929288092
S1_6966377 1 6970377 0.000183482577897348
S1_7065900 1 7069900 0.000158469139176166
S1_7130136 1 7134136 0.000424870189330528
S1_7130561 1 7134561 1.75643980981794e-05
S1_7137640 1 7141640 0.000690071880564676
S1_7144101 1 7148101 0.000352530056197689
S1_7163372 1 7167372 0.000125043609134399
S1_7260131 1 7264131 9.59252963143652e-05
S1_7264392 1 7268392 0.000494778378483464
S1_7296045 1 7300045 0.000336547281830961
S1_7315372 1 7319372 7.56115818094357e-05
S1_7331758 1 7335758 0.000872473242141736
S1_7331838 1 7335838 1.58061170968132e-06
S1_7333442 1 7337442 0.000747553696033164
S1_7348973 1 7352973 9.75555845593516e-05
S1_7355255 1 7359255 2.15339577018221e-06
S1_7384893 1 7388893 0.000545635487618975
S1_7386238 1 7390238 8.92982556741967e-06
S1_7386355 1 7390355 4.32920397497013e-05
S1_7406780 1 7410780 7.64471355830653e-05
S1_7406790 1 7410790 0.000118791584028589
S1_7417319 1 7421319 6.59586144299468e-05
S1_7418260 1 7422260 0.000449188532663822
S1_7420496 1 7424496 8.24581895180574e-05
S1_7442034 1 7446034 4.54237433147555e-06
S1_7445924 1 7449924 0.000165799952663097
S1_7446076 1 7450076 0.000749082653066203
S1_7446260 1 7450260 0.000494948956766215
S1_7454713 1 7458713 6.42930242613315e-06
S1_7458200 1 7462200 0.000522879305646134
S1_7458225 1 7462225 0.000522879305646134
S1_7493199 1 7497199 0.000191459929643312
S1_7541755 1 7545755 1.75870035859767e-05
S1_7552056 1 7556056 0.000780532518165669
S1_7554282 1 7558282 0.000489721523845169
S1_7589162 1 7593162 5.26432000492185e-06
S1_7608318 1 7612318 0.00088759461841122
S1_7613342 1 7617342 0.000508721173926846
S1_7626578 1 7630578 1.90226500404336e-05
S1_7702407 1 7706407 0.000655677347836061
S1_7706324 1 7710324 0.000667451695796658
S1_7706325 1 7710325 0.000667451695796484
S1_7809489 1 7813489 9.19805455328125e-07
S1_7894158 1 7898158 1.04316869897688e-05
S1_8039999 1 8043999 4.90183775779494e-05
S1_8064450 1 8068450 0.000980552280859734
S1_8133268 1 8137268 0.000186786378101601
S1_8147059 1 8151059 4.37373978945658e-05
S1_8147084 1 8151084 4.37373978945658e-05
S1_8403048 1 8407048 0.000540763587228928
S1_8419298 1 8423298 1.55573584347964e-05
S1_8664274 1 8668274 0.000532852712159189
S1_8938139 1 8942139 0.000972014482580393
S1_8969356 1 8973356 0.000905543729782127
S1_9013717 1 9017717 0.000572225556096616
S1_9013734 1 9017734 0.000124196111338256
S1_9024187 1 9028187 0.000670616752255645
S1_9071291 1 9075291 0.000150419850740529
S1_9131884 1 9135884 0.000658514439564212
S1_9192280 1 9196280 0.000756014473751207
S1_9192988 1 9196988 0.000235366260153439
S1_9197152 1 9201152 0.000152871568005014
S1_9409886 1 9413886 0.000894272974648028
S1_9422615 1 9426615 0.000501478377133124
S1_9429840 1 9433840 0.000198184300957958
S1_9591942 1 9595942 0.00095690614758493
S1_9976657 1 9980657 0.0002067176604972
S1_10011619 1 10015619 3.84650593807942e-05
S1_10058976 1 10062976 0.000960139852701877
S1_10160029 1 10164029 0.000293790524033709
S1_10172070 1 10176070 0.000400703134739216
S1_10191775 1 10195775 1.89755217623279e-06
S1_10199987 1 10203987 0.000676833753467741
S1_10296508 1 10300508 0.000909085258693113
S1_10296511 1 10300511 0.000744064946682017
S1_10298887 1 10302887 0.000320515906782966
S1_10298940 1 10302940 6.95220605539732e-05
S1_10298941 1 10302941 6.95220605539732e-05
S1_10306820 1 10310820 0.000520259842039395
S1_10350204 1 10354204 0.000979501320532283
S1_10350233 1 10354233 0.000809775046065915
S1_10350252 1 10354252 0.000404047634546272
S1_10350310 1 10354310 0.000543309990948337
S1_10408461 1 10412461 0.000141680174687988
S1_10408474 1 10412474 0.000141680174687988
S1_10408507 1 10412507 0.000141680174687988
S1_10442346 1 10446346 0.0001517972052744
S1_10480947 1 10484947 7.74582245610002e-05
S1_10497187 1 10501187 0.000263839386481724
S1_10588686 1 10592686 0.000795875640568148
S1_10620884 1 10624884 0.000136254866426726
S1_10632351 1 10636351 0.000264614615493086
S1_10661267 1 10665267 0.000224633595011402
S1_10661404 1 10665404 2.76592104430165e-06
S1_10693695 1 10697695 0.000565502535532386
S1_10823414 1 10827414 1.10618426135475e-06
S1_10975336 1 10979336 1.16805181579665e-06
S1_11043872 1 11047872 7.60627970976147e-05
S1_11130979 1 11134979 0.000145250499016742
S1_11154003 1 11158003 3.62395438988748e-06
S1_11203218 1 11207218 4.86884277724199e-07
S1_11233450 1 11237450 0.000173715137785928
S1_11233653 1 11237653 2.65132203322752e-05
S1_11256959 1 11260959 0.000355652591058244
S1_11413269 1 11417269 0.000867083607396122
S1_11439698 1 11443698 5.28570228056212e-05
S1_11441479 1 11445479 0.000233198117422262
S1_11441488 1 11445488 0.000233198117422262
S1_11441490 1 11445490 0.000233198117422262
S1_11520674 1 11524674 3.59838922300665e-05
S1_11577471 1 11581471 0.000182002329149712
S1_11577753 1 11581753 6.53106090271258e-05
S1_11577754 1 11581754 6.53106090271258e-05
S1_11647748 1 11651748 0.000758281899626427
S1_11664000 1 11668000 0.000777203522126735
S1_11693741 1 11697741 0.000599332231174735
S1_11750601 1 11754601 3.6550265065792e-08
S1_11843145 1 11847145 0.000335168255045409
S1_11858013 1 11862013 0.000574283073207218
S1_11889874 1 11893874 0.000170641449284544
S1_11889918 1 11893918 0.000173532800355234
S1_11890007 1 11894007 0.000146339180981669
S1_11968561 1 11972561 1.32417044914154e-05
S1_11969320 1 11973320 0.000174128564031337
S1_11983532 1 11987532 3.89740711481428e-05
S1_12046696 1 12050696 0.000374573941166802
S1_12080068 1 12084068 0.000147002286825594
S1_12080303 1 12084303 0.000319922354532895
S1_12110020 1 12114020 0.000303009901688141
S1_12110242 1 12114242 0.000952391447980741
S1_12110286 1 12114286 0.000857171232941094
S1_12115841 1 12119841 8.76220500428876e-05
S1_12134118 1 12138118 0.000246237680068277
S1_12157283 1 12161283 0.000133360630890407
S1_12158536 1 12162536 7.40109993164193e-05
S1_12159397 1 12163397 0.000196101801995526
S1_12161760 1 12165760 0.000824197165918246
S1_12223861 1 12227861 0.000896425104164499
S1_12234134 1 12238134 4.11128080152788e-06
S1_12624768 1 12628768 0.00016410204622209
S1_12805170 1 12809170 0.000988676072750312
S1_12951493 1 12955493 0.000602386895045943
S1_13021929 1 13025929 0.000803765531418506
S1_13021946 1 13025946 0.000803765531418506
S1_13021967 1 13025967 0.000803765531418506
S1_13174318 1 13178318 0.000908697957425131
S1_13174355 1 13178355 0.000908697957425131
S1_13287987 1 13291987 0.000219081615394982
S1_13300984 1 13304984 0.000660277581478261
S1_13342961 1 13346961 2.66946491067215e-07
S1_13378500 1 13382500 0.000637930036565523
S1_13394174 1 13398174 0.000639264886359103
S1_13689745 1 13693745 0.000267541874651529
S1_13724026 1 13728026 0.000116319898031595
S1_13846161 1 13850161 0.000247276674899785
S1_13846163 1 13850163 3.645789790391e-06
S1_13943816 1 13947816 0.000637535354531215
S1_13943836 1 13947836 0.000237873365796346
S1_13943849 1 13947849 0.000233915657767567
S1_13981720 1 13985720 0.000720297784931741
S1_14052753 1 14056753 5.20530471078584e-06
S1_14225770 1 14229770 0.000553652840733722
S1_14758751 1 14762751 5.27204567603835e-05
S1_14862919 1 14866919 0.0004168432696748
S1_14926910 1 14930910 0.000246350479819874
S1_14933283 1 14937283 0.000344058215818856
S1_15001864 1 15005864 0.000441524687590223
S1_15049505 1 15053505 0.000912150785857271
S1_15050026 1 15054026 0.000551694181754814
S1_15050065 1 15054065 0.000551694181754814
S1_15096821 1 15100821 0.000738866649250611
S1_15219315 1 15223315 0.000150914097970319
S1_15254457 1 15258457 0.000111808294554375
S1_15514230 1 15518230 0.000662584090532921
S1_15643505 1 15647505 0.000306778254793613
S1_15721597 1 15725597 0.000141079495907833
S1_15740812 1 15744812 0.000470494892049461
S1_15838058 1 15842058 4.19452479881561e-06
S1_15879362 1 15883362 0.000110655855320139
S1_15909282 1 15913282 0.000840217193927393
S1_15916236 1 15920236 0.000632265037571518
S1_15916820 1 15920820 0.000190707996760298
S1_15916851 1 15920851 0.000190707996760298
S1_15916858 1 15920858 0.000715129519349639
S1_15925755 1 15929755 0.000133820815260599
S1_16453761 1 16457761 0.000634137286799869
S1_16481874 1 16485874 0.00022135695535672
S1_16520099 1 16524099 5.97572499494317e-05
S1_16677068 1 16681068 0.000776697999944161
S1_16678801 1 16682801 6.4394492376178e-05
S1_16707992 1 16711992 0.000490470825853763
S1_16714920 1 16718920 0.000226169414586881
S1_16714948 1 16718948 1.55555606683043e-06
S1_16714985 1 16718985 9.2035172881812e-05
S1_16717281 1 16721281 0.000254377072275389
S1_16717286 1 16721286 0.000356984899400119
S1_16721683 1 16725683 0.000166630946808714
S1_16721689 1 16725689 0.00027913761242821
S1_16731510 1 16735510 0.000771320668911462
S1_16731733 1 16735733 3.36066590833512e-05
S1_16731767 1 16735767 0.000874963859686399
S1_16742597 1 16746597 7.46514534886888e-05
S1_16783737 1 16787737 0.000311772128265685
S1_17132932 1 17136932 0.000393750476464368
S1_17283250 1 17287250 9.26804010028624e-06
S1_17320252 1 17324252 0.000159260995074985
S1_17559800 1 17563800 8.75947178230116e-08
S1_17562380 1 17566380 1.27341600081362e-06
S1_17578099 1 17582099 0.00019477783918268
S1_17588006 1 17592006 1.24102655180593e-06
S1_17630973 1 17634973 6.03895981108841e-05
S1_17742859 1 17746859 0.00014387547497658
S1_17744606 1 17748606 0.000456487611688929
S1_17746142 1 17750142 6.708467537713e-05
S1_17751094 1 17755094 0.000111211304526017
S1_18016894 1 18020894 0.000336681306655027
S1_18018594 1 18022594 0.000794899011552643
S1_18019839 1 18023839 0.000781703127237006
S1_18025455 1 18029455 2.98765076919892e-05
S1_18040673 1 18044673 0.000168006230322031
S1_18124525 1 18128525 9.94123062916981e-06
S1_18253828 1 18257828 2.01111296267971e-05
S1_18283671 1 18287671 8.8929108059553e-08
S1_18327452 1 18331452 8.48888677709948e-05
S1_18354467 1 18358467 0.000291697007321746
S1_18380958 1 18384958 0.000733272772456395
S1_18960069 1 18964069 0.00034898464408855
S1_19146911 1 19150911 0.000939591575022695
S1_19148685 1 19152685 1.85094746819833e-05
S1_19498197 1 19502197 0.000234374445088467
S1_19531414 1 19535414 4.36683902770409e-06
S1_19580359 1 19584359 0.000906686361050631
S1_19716496 1 19720496 3.23300825325714e-06
S1_19755813 1 19759813 0.000642331721043725
S1_19782696 1 19786696 2.63309208408095e-05
S1_20102606 1 20106606 7.96655763939202e-06
S1_20326929 1 20330929 3.46402927635258e-05
S1_20344583 1 20348583 3.04904308632972e-05
S1_20471178 1 20475178 0.000711462942023691
S1_20669206 1 20673206 1.15401055406497e-05
S1_20782671 1 20786671 1.35182682919552e-06
S1_20782676 1 20786676 1.35182682919552e-06
S1_20782709 1 20786709 1.2777730692346e-05
S1_20782714 1 20786714 1.35182682919535e-06
S1_20996118 1 21000118 0.000550862670385834
S1_20996149 1 21000149 0.000550862670385834
S1_21188136 1 21192136 0.000232474056341074
S1_21188174 1 21192174 0.000495814205521428
S1_21193421 1 21197421 0.000333663919794829
S1_21193505 1 21197505 0.000119358764701342
S1_21194817 1 21198817 0.000327936656132887
S1_21197570 1 21201570 0.000548713786425491
S1_21198370 1 21202370 0.000600290738808772
S1_21201513 1 21205513 0.00048215291081759
S1_21201557 1 21205557 0.000473359944459503
S1_21202926 1 21206926 0.00083614845521031
S1_21203052 1 21207052 0.0003212458351851
S1_21248937 1 21252937 0.000164492880618725
S1_21249013 1 21253013 0.000102701854875057
S1_21251723 1 21255723 0.000412114936720501
S1_21252538 1 21256538 0.000589386925104758
S1_21252569 1 21256569 0.000468056583124603
S1_21252625 1 21256625 0.000985829733828151
S1_21252643 1 21256643 0.000985829733828151
S1_21252708 1 21256708 0.000237067923101255
S1_21252710 1 21256710 4.81042520031924e-05
S1_21252717 1 21256717 2.77202918014101e-05
S1_21255592 1 21259592 0.000473425236783341
S1_21262079 1 21266079 8.61591064432396e-05
S1_21262122 1 21266122 0.000194659958215386
S1_21262237 1 21266237 0.000807222570141107
S1_21262252 1 21266252 0.000807222570141107
S1_21263208 1 21267208 0.000113834085787284
S1_21305940 1 21309940 3.71967345608594e-05
S1_21305949 1 21309949 0.000297930122991903
S1_21306036 1 21310036 0.000481077226559583
S1_21306062 1 21310062 0.000162150740598143
S1_21306078 1 21310078 0.000501728178910675
S1_21323446 1 21327446 0.000207495970893571
S1_21380180 1 21384180 0.000882181655805644
S1_21499489 1 21503489 0.000224751686141846
S1_21509523 1 21513523 2.39893880313283e-05
S1_21517357 1 21521357 7.34077946081534e-05
S1_21538518 1 21542518 0.000491546878079015
S1_21547561 1 21551561 1.43876596031263e-07
S1_21547563 1 21551563 1.2215780875208e-07
S1_21547564 1 21551564 1.2215780875208e-07
S1_21547627 1 21551627 1.42930733183435e-05
S1_21559110 1 21563110 0.00052923110501104
S1_21563784 1 21567784 0.000805469660274631
S1_21563793 1 21567793 0.000805469660274631
S1_21563813 1 21567813 0.000805469660274631
S1_21563826 1 21567826 0.000805469660274631
S1_21564663 1 21568663 2.79428013387572e-05
S1_21564724 1 21568724 1.99663263576552e-05
S1_21573559 1 21577559 9.17656424445119e-05
S1_21618621 1 21622621 0.0005891980453509
S1_21637067 1 21641067 0.000743290873878282
S1_21637106 1 21641106 0.000418976589911429
S1_21637144 1 21641144 0.000317947454465713
S1_21657091 1 21661091 1.85109408247549e-05
S1_21662225 1 21666225 0.00049994681033283
S1_21666282 1 21670282 0.000889365339768701
S1_21676914 1 21680914 7.03462684190942e-05
S1_21676917 1 21680917 7.89424527494702e-05
S1_21710455 1 21714455 0.000301959100478825
S1_21710493 1 21714493 0.000685113623629667
S1_21736129 1 21740129 9.82655853937879e-06
S1_21752609 1 21756609 2.23345209336495e-08
S1_21752751 1 21756751 0.000637706629913653
S1_21780343 1 21784343 3.79775948094492e-06
S1_21780665 1 21784665 0.000526673100185821
S1_22596019 1 22600019 2.5275621240491e-05
S1_22596109 1 22600109 0.000798748934429704
S1_22883188 1 22887188 4.11470387934991e-05
S1_22909282 1 22913282 0.00026009388739094
S1_22978706 1 22982706 0.000171853168902116
S1_22979361 1 22983361 6.72896096475919e-06
S1_23539367 1 23543367 0.000222606792128164
S1_23659813 1 23663813 0.000362333165774568
S1_23707805 1 23711805 5.87385487893072e-06
S1_23805192 1 23809192 0.00017711545165798
S1_23906601 1 23910601 0.000933036215391841
S1_23957565 1 23961565 0.000147990784961202
S1_23963205 1 23967205 0.000368869972829209
S1_23963569 1 23967569 1.33271022536734e-06
S1_24052177 1 24056177 0.000213077245608121
S1_24056296 1 24060296 1.48042299902972e-07
S1_24189385 1 24193385 0.000442886950061018
S1_24253959 1 24257959 1.46198237612868e-06
S1_24268693 1 24272693 0.000546805257586663
S1_24576331 1 24580331 0.000902479655555084
S1_24585492 1 24589492 9.05337150211571e-08
S1_24585531 1 24589531 8.26119192601809e-09
S1_24585532 1 24589532 4.02928615768731e-08
S1_24585654 1 24589654 0.000810128195125856
S1_24601195 1 24605195 1.87004539611745e-06
S1_24763438 1 24767438 0.000400266217779486
S1_24774944 1 24778944 4.14545933069965e-08
S1_24851883 1 24855883 5.8764623598844e-06
S1_24886303 1 24890303 9.76688197835404e-05
S1_24942792 1 24946792 0.000268106518809341
S1_24969816 1 24973816 4.01805845936114e-05
S1_25028571 1 25032571 0.000654685680710963
S1_25050035 1 25054035 0.000508910089631449
S1_25054017 1 25058017 8.95924410259214e-10
S1_25055054 1 25059054 0.000155420939311959
S1_25113740 1 25117740 0.00058662394289911
S1_25152494 1 25156494 0.000470426683972302
S1_25170523 1 25174523 0.00011445245876809
S1_25176843 1 25180843 0.000512520928594168
S1_25187855 1 25191855 0.000161787702069384
S1_25209212 1 25213212 3.74746826387339e-05
S1_25223896 1 25227896 6.32978748010732e-05
S1_25227174 1 25231174 5.83214467859437e-07
S1_25262528 1 25266528 0.000395090594595193
S1_25387829 1 25391829 0.00061619225965432
S1_25406881 1 25410881 0.000684582029676933
S1_25406886 1 25410886 0.000684582029676933
S1_25406923 1 25410923 0.000684582029677036
S1_25469709 1 25473709 1.58636957430917e-08
S1_25581145 1 25585145 0.00012328857079367
S1_25581183 1 25585183 9.49172300964969e-05
S1_25582391 1 25586391 0.000173577431978024
S1_25606505 1 25610505 0.000202896926210199
S1_25660388 1 25664388 3.06925300680907e-06
S1_25824409 1 25828409 2.18267761275031e-07
S1_25828279 1 25832279 0.000184338993989908
S1_25828291 1 25832291 0.000152544584463444
S1_25828324 1 25832324 4.85108788802475e-05
S1_25848438 1 25852438 9.00496433085082e-06
S1_25930262 1 25934262 8.39776638002389e-05
S1_25938382 1 25942382 7.05462791169796e-05
S1_25948702 1 25952702 4.99412185727191e-05
S1_25965437 1 25969437 2.77276644308891e-07
S1_26030670 1 26034670 0.000187277028517471
S1_26037109 1 26041109 0.00029998356289605
S1_26060397 1 26064397 0.000186631488644918
S1_26096595 1 26100595 1.46838564307126e-05
S1_26178857 1 26182857 1.12070230504824e-05
S1_26201234 1 26205234 0.000279337826474879
S1_26265718 1 26269718 4.04599994819662e-05
S1_26306842 1 26310842 0.000870780413122189
S1_26389446 1 26393446 0.00093878985652442
S1_26390263 1 26394263 1.62590164189532e-06
S1_26820854 1 26824854 0.00076168261600608
S1_27019835 1 27023835 0.00012549529355483
S1_27083211 1 27087211 8.89726767473561e-06
S1_27088201 1 27092201 0.000404321077575318
S1_27121682 1 27125682 0.000101057302087237
S1_27216379 1 27220379 4.50315292449106e-06
S1_27337695 1 27341695 0.000278194594373357
S1_27365006 1 27369006 8.98201320216912e-05
S1_27402365 1 27406365 0.000758437532077479
S1_27413666 1 27417666 0.000971301939864304
S1_27427595 1 27431595 0.000257089760971464
S1_27539216 1 27543216 3.73747727235508e-05
S1_27581134 1 27585134 0.000258380103199182
S1_27677071 1 27681071 0.000101480203512592
S1_27778451 1 27782451 0.000590528174731868
S1_28100214 1 28104214 1.50364890667503e-05
S1_28186622 1 28190622 0.000146982405667016
S1_28232404 1 28236404 0.00033103227782291
S1_28333864 1 28337864 3.34645865035245e-05
S1_28437040 1 28441040 6.88003404478453e-05
S1_28493393 1 28497393 6.59591775132696e-05
S1_28528399 1 28532399 0.000164167015052349
S1_28528970 1 28532970 0.000641609700321112
S1_28533058 1 28537058 0.000431576767199301
S1_28779990 1 28783990 2.86014150495394e-05
S1_28979584 1 28983584 0.000487441883327934
S1_28981205 1 28985205 0.000414899725472439
S1_28981393 1 28985393 0.000420888701943468
S1_29055860 1 29059860 9.15191444707953e-06
S1_29111364 1 29115364 4.00699767908618e-06
S1_29255683 1 29259683 0.000328662057857295
S1_29391141 1 29395141 0.000158323551589289
S1_29419475 1 29423475 0.000622986830531935
S1_29461811 1 29465811 0.000513842531484075
S1_29616222 1 29620222 0.000742489041029518
S1_29694920 1 29698920 0.000132312667346282
S1_29777580 1 29781580 0.000593493634149655
S1_29864362 1 29868362 0.00025971987662477
S1_29883625 1 29887625 3.59382241661353e-07
S1_29924133 1 29928133 5.28834127476217e-05
S1_30023649 1 30027649 0.00022134092676007
S1_30065564 1 30069564 0.000182523658550263
S1_30069082 1 30073082 0.000820203310623973
S1_30346784 1 30350784 0.000212200985285373
S1_30503053 1 30507053 0.000373276735374712
S1_30573492 1 30577492 7.86389557883566e-06
S1_30657550 1 30661550 0.000346553929733962
S1_30836750 1 30840750 0.000605067701371476
S1_30873837 1 30877837 0.000993704199562659
S1_30873842 1 30877842 0.000993704199562659
S1_30930648 1 30934648 0.000127231213534603
S1_30932576 1 30936576 6.65522591834337e-05
S1_30941874 1 30945874 0.000926980179301532
S1_31115392 1 31119392 0.000108137884895753
S1_31292444 1 31296444 0.000175865055455246
S1_31389049 1 31393049 0.000207882373975004
S1_31584290 1 31588290 0.000217672683874235
S1_33648354 1 33652354 0.00018980321874105
S1_33724958 1 33728958 0.000615258415154712
S1_38637598 1 38641598 0.000597645458152345
S1_38767794 1 38771794 0.000760714198970258
S1_38907626 1 38911626 0.000500296462333871
S1_38936051 1 38940051 0.000760925524281557
S1_39206720 1 39210720 0.000647382639904895
S1_39391690 1 39395690 1.10957237852085e-07
S1_39515621 1 39519621 0.000694969703099913
S1_40305628 1 40309628 0.00095439168818215
S1_40383134 1 40387134 3.21287442351257e-05
S1_40553185 1 40557185 1.73204049776957e-05
S1_40889260 1 40893260 0.000305592470875893
S1_40957970 1 40961970 0.000167675533753386
S1_40991450 1 40995450 2.16502511863098e-05
S1_41056325 1 41060325 3.40760214973741e-05
S1_41955763 1 41959763 0.000445766541983679
S1_41955936 1 41959936 0.000628980309081761
S1_42002910 1 42006910 0.000442308114256185
S1_42188628 1 42192628 7.40563407627297e-05
S1_42330482 1 42334482 9.19241301198511e-05
S1_42381435 1 42385435 7.45252458040736e-05
S1_42395845 1 42399845 7.44171587187269e-06
S1_42395883 1 42399883 7.44171587187269e-06
S1_42399819 1 42403819 0.000744059286272864
S1_42455668 1 42459668 0.000738020481200848
S1_42455691 1 42459691 0.000904292366930338
S1_42891276 1 42895276 0.000848850792266441
S1_43015059 1 43019059 0.000725538341206769
S1_43015078 1 43019078 0.000725538341206642
S1_43357094 1 43361094 0.000385610218386931
S1_43421804 1 43425804 0.000430519443800985
S1_43433153 1 43437153 2.37867816113908e-06
S1_43500274 1 43504274 1.24717206407681e-06
S1_43500275 1 43504275 1.24717206407632e-06
S1_43510146 1 43514146 7.07044443953132e-05
S1_43542224 1 43546224 0.000215065639612995
S1_43858199 1 43862199 5.43823561713453e-09
S1_43859336 1 43863336 0.000580989813486446
S1_43882633 1 43886633 0.0001531745568557
S1_43988959 1 43992959 0.000142646242184212
S1_44102041 1 44106041 0.00074232477020822
S1_44178432 1 44182432 0.000921914445711308
S1_44182834 1 44186834 8.72737960724016e-06
S1_44199530 1 44203530 0.000689997672023421
S1_44199532 1 44203532 0.000689997672023421
S1_44206947 1 44210947 0.000584477755463023
S1_44251760 1 44255760 0.000778587924950178
S1_44251775 1 44255775 0.000330027083935747
S1_44411275 1 44415275 0.000395592065142313
S1_44411338 1 44415338 1.49167441750441e-05
S1_44454826 1 44458826 1.76476996527477e-05
S1_44465131 1 44469131 0.000150987711031457
S1_44558018 1 44562018 0.000152046353130674
S1_44561688 1 44565688 1.03342145301496e-05
S1_44726798 1 44730798 1.08516394637638e-05
S1_45119460 1 45123460 1.26268373005241e-05
S1_45119479 1 45123479 1.26268373005241e-05
S1_45144067 1 45148067 0.000333683489353266
S1_45217921 1 45221921 0.000237297104028975
S1_45227570 1 45231570 0.000382251896254946
S1_45447692 1 45451692 1.0678175814017e-06
S1_45500447 1 45504447 0.000371022911553758
S1_45549063 1 45553063 0.000633437493532414
S1_45590849 1 45594849 0.000330284764868568
S1_45685343 1 45689343 0.000252041250900138
S1_45686136 1 45690136 0.000482675337729484
S1_45690144 1 45694144 0.000431934130297093
S1_45690154 1 45694154 0.000431934130297093
S1_45698438 1 45702438 5.26844701162762e-05
S1_45700910 1 45704910 0.000906569763282909
S1_45708196 1 45712196 2.10915443935004e-05
S1_45723644 1 45727644 0.000109512991954677
S1_45728923 1 45732923 0.000476063134290172
S1_45756853 1 45760853 0.00010616588228376
S1_45762808 1 45766808 0.000611569323775633
S1_45876193 1 45880193 6.21758749429873e-05
S1_45956364 1 45960364 0.000142360056236071
S1_46070480 1 46074480 0.000758976626501609
S1_46272170 1 46276170 8.19814563616049e-05
S1_46429147 1 46433147 0.000412873717748161
S1_46499401 1 46503401 0.000558843536702925
S1_46529656 1 46533656 0.000108567190805767
S1_46634990 1 46638990 0.000594704495403729
S1_46761236 1 46765236 0.000781076282849349
S1_46761331 1 46765331 0.000123137260797391
S1_46778182 1 46782182 0.000920817229817688
S1_46788213 1 46792213 0.000253109344597633
S1_46865378 1 46869378 0.000352425689731516
S1_46865410 1 46869410 0.000352425689731575
S1_46865700 1 46869700 0.000314856667778347
S1_46865751 1 46869751 0.000314856667778369
S1_46965873 1 46969873 4.98742773533811e-05
S1_46978147 1 46982147 0.000180995091071853
S1_46978169 1 46982169 0.000180995091071859
S1_46998278 1 47002278 0.000651818780104618
S1_47063161 1 47067161 0.000395401928512993
S1_47123407 1 47127407 4.4651820636435e-05
S1_47156339 1 47160339 7.45107421446919e-05
S1_47184181 1 47188181 0.000822358575925011
S1_47241412 1 47245412 0.000159681012838126
S1_47377284 1 47381284 7.22734061508999e-05
S1_47401678 1 47405678 0.000789960377872307
S1_47404635 1 47408635 6.56762847551562e-08
S1_47440693 1 47444693 7.62892284655306e-06
S1_47447069 1 47451069 2.78975021670231e-05
S1_47480575 1 47484575 0.000168831207007978
S1_47480576 1 47484576 0.000185045344234404
S1_47524010 1 47528010 0.000183759842066459
S1_47567571 1 47571571 0.000178677160703129
S1_47634204 1 47638204 9.0240660436701e-07
S1_47661995 1 47665995 0.000930901916482323
S1_47662609 1 47666609 4.13010825559802e-06
S1_47717845 1 47721845 5.59857588422726e-05
S1_47718102 1 47722102 8.44839182455941e-07
S1_47731328 1 47735328 3.77232537417115e-06
S1_47819692 1 47823692 1.0369841483739e-06
S1_47829845 1 47833845 0.000138334890925751
S1_47833228 1 47837228 0.000114787075016912
S1_47940799 1 47944799 0.000573870264153451
S1_47940812 1 47944812 0.000573870264153451
S1_47941658 1 47945658 1.61917718451942e-05
S1_47941689 1 47945689 1.61917718451942e-05
S1_47941690 1 47945690 4.48855602574751e-05
S1_47987109 1 47991109 4.63832356965263e-06
S1_47987112 1 47991112 4.63832356965263e-06
S1_47987140 1 47991140 4.69809561628041e-05
S1_47989230 1 47993230 7.24586958322017e-06
S1_47989268 1 47993268 7.24586958322017e-06
S1_47989339 1 47993339 2.27180903113742e-05
S1_47989788 1 47993788 0.0005400251872711
S1_47990055 1 47994055 0.000420066885325948
S1_47990202 1 47994202 0.000502555449133109
S1_47990264 1 47994264 0.000657371587860224
S1_47990379 1 47994379 0.000791080759862255
S1_47993163 1 47997163 0.000530390829959303
S1_48012266 1 48016266 5.44598321115725e-05
S1_48043450 1 48047450 4.07186794619165e-05
S1_48045176 1 48049176 0.000446639004717166
S1_48065821 1 48069821 7.79679895290712e-08
S1_48065825 1 48069825 2.49148236812228e-09
S1_48065826 1 48069826 7.79679895290712e-08
S1_48084222 1 48088222 0.000275990191401334
S1_48084227 1 48088227 0.000275990191401293
S1_48088610 1 48092610 2.99993275478473e-05
S1_48168753 1 48172753 0.00027336596559523
S1_48231606 1 48235606 0.000212335518541964
S1_48231626 1 48235626 8.08667337276754e-07
S1_48252089 1 48256089 0.000325337482787712
S1_48276992 1 48280992 0.00037413242310383
S1_48308984 1 48312984 0.000107646141955218
S1_48416806 1 48420806 6.52348996099602e-05
S1_48416807 1 48420807 6.52348996099602e-05
S1_48464771 1 48468771 0.000206809329108522
S1_48465461 1 48469461 3.32993004088459e-05
S1_48468166 1 48472166 0.000105329434137067
S1_48511920 1 48515920 0.000654527363304017
S1_48512811 1 48516811 2.42865840494622e-07
S1_48512829 1 48516829 4.12462527343061e-05
S1_48512890 1 48516890 8.54134743010391e-06
S1_48512929 1 48516929 8.54134743010391e-06
S1_48513739 1 48517739 0.000985980321392678
S1_48530137 1 48534137 0.000467324163019953
S1_48540870 1 48544870 0.00011702285752716
S1_48547249 1 48551249 5.76059153571971e-05
S1_48622859 1 48626859 0.000190751125285117
S1_48757972 1 48761972 7.04620370369428e-05
S1_48759212 1 48763212 0.000906108444319002
S1_48780084 1 48784084 0.000903024209704054
S1_48785492 1 48789492 0.000286770180504358
S1_48998304 1 49002304 1.75843114736275e-06
S1_49174843 1 49178843 0.000671384730474046
S1_49175106 1 49179106 0.000115642142350505
S1_49196421 1 49200421 9.53415212540581e-05
S1_49206538 1 49210538 0.000280969731107767
S1_49211695 1 49215695 4.43101486596808e-06
S1_49431153 1 49435153 0.000394333047625167
S1_49431154 1 49435154 0.000394333047625125
S1_49431169 1 49435169 0.000394333047625167
S1_49431198 1 49435198 0.000394333047625167
S1_49432477 1 49436477 0.000436664919773763
S1_49640204 1 49644204 0.000927309386898928
S1_49640205 1 49644205 0.000927309386898928
S1_49642428 1 49646428 9.71752281109047e-05
S1_49657470 1 49661470 5.0365963659717e-06
S1_49710565 1 49714565 0.000434349772618994
S1_49710569 1 49714569 0.000434349772618994
S1_49710574 1 49714574 0.000434349772618994
S1_49710605 1 49714605 0.000434349772618994
S1_49712950 1 49716950 0.000418556033978875
S1_49712951 1 49716951 0.000450947703314177
S1_49712952 1 49716952 0.000450947703314214
S1_49712953 1 49716953 0.000450947703314177
S1_49712972 1 49716972 0.000450947703314177
S1_49714307 1 49718307 6.77819480109889e-05
S1_49714313 1 49718313 6.77819480109944e-05
S1_49760306 1 49764306 0.000632513351070004
S1_49797571 1 49801571 0.00050934014106618
S1_49879736 1 49883736 0.000741455361890655
S1_49879759 1 49883759 0.000741455361890655
S1_49879762 1 49883762 0.000741455361890763
S1_49894324 1 49898324 4.0065558515151e-05
S1_49987377 1 49991377 0.000182341828573063
S1_49987399 1 49991399 0.000182341828573063
S1_49995020 1 49999020 0.00049456014762636
S1_50012532 1 50016532 0.000347541508832224
S1_50012583 1 50016583 4.94036495455165e-05
S1_50068765 1 50072765 8.06406683440703e-06
S1_50074997 1 50078997 1.85694779666005e-06
S1_50105548 1 50109548 1.45455349846204e-05
S1_50176661 1 50180661 2.39472411934414e-06
S1_50176765 1 50180765 1.72409593727738e-07
S1_50184880 1 50188880 0.000249881578771547
S1_50225076 1 50229076 3.637052525459e-05
S1_50264750 1 50268750 5.75763532201169e-07
S1_50271398 1 50275398 0.00061938043740488
S1_50294812 1 50298812 4.66029779539817e-05
S1_50338536 1 50342536 6.60290109484899e-06
S1_50381601 1 50385601 4.88664495977669e-07
S1_50404236 1 50408236 9.73559823095764e-06
S1_50404288 1 50408288 1.18080122074682e-05
S1_50428291 1 50432291 7.82792946842665e-06
S1_50432173 1 50436173 0.000157191164047462
S1_50440035 1 50444035 0.000666333182880083
S1_50489951 1 50493951 0.000122503174927764
S1_50577872 1 50581872 9.26492544527732e-05
S1_50578648 1 50582648 0.000264750118152517
S1_50579803 1 50583803 0.000877419093777415
S1_50616454 1 50620454 0.000387140514899863
S1_50859499 1 50863499 0.000174351518009109
S1_50935719 1 50939719 0.000266674339774015
S1_51049748 1 51053748 0.000219997475902972
S1_51125856 1 51129856 3.3551661320114e-06
S1_51194557 1 51198557 3.00973155400816e-05
S1_51372153 1 51376153 0.000724766942794041
S1_51728453 1 51732453 0.000147461079734302
S1_51786579 1 51790579 8.48888169843909e-05
S1_52307469 1 52311469 0.000401174450457393
S1_52338219 1 52342219 0.000210049968435583
S1_52345538 1 52349538 0.000685992870958211
S1_52366331 1 52370331 0.000411060961764312
S1_52429473 1 52433473 0.000342895911160283
S1_52452151 1 52456151 6.61910393351252e-05
S1_52452197 1 52456197 6.61910393351569e-05
S1_52543379 1 52547379 0.000318915753426026
S1_52545767 1 52549767 0.00050482685280347
S1_52578293 1 52582293 2.06324271469459e-05
S1_52782641 1 52786641 0.000566244425310067
S1_52866587 1 52870587 4.5540849378376e-05
S1_52887098 1 52891098 5.24056549514402e-05
S1_52893002 1 52897002 4.10916458408665e-05
S1_53258032 1 53262032 2.18141702746537e-06
S1_53283100 1 53287100 0.0004521583241803
S1_53484060 1 53488060 0.000186422563730954
S1_53646757 1 53650757 2.61000834108881e-06
S1_53674328 1 53678328 0.000579257815242455
S1_53700141 1 53704141 2.24632915256199e-07
S1_53704300 1 53708300 1.78354481066318e-06
S1_53704323 1 53708323 1.78354481066318e-06
S1_53761537 1 53765537 0.000448917160132668
S1_53778381 1 53782381 0.000766941841458404
S1_53779200 1 53783200 0.000826156281655813
S1_53785453 1 53789453 1.43448131035081e-05
S1_53802994 1 53806994 0.000420690863423128
S1_53803728 1 53807728 0.000959553927636731
S1_53836231 1 53840231 0.000255255105053068
S1_53836459 1 53840459 0.000807763724293974
S1_53995862 1 53999862 0.000146940924635856
S1_54009001 1 54013001 0.000258987899012059
S1_54139122 1 54143122 0.000822027011988066
S1_54173091 1 54177091 0.000660247660000399
S1_54173142 1 54177142 0.000827537998537808
S1_54224309 1 54228309 0.000707736671246549
S1_54332179 1 54336179 1.33277752822168e-06
S1_54332188 1 54336188 1.33277752822297e-06
S1_54420695 1 54424695 0.000334709709581877
S1_54465210 1 54469210 0.00020857433549187
S1_54473530 1 54477530 0.00010167965662265
S1_54474086 1 54478086 0.000119772529562924
S1_54501699 1 54505699 0.000299892050013504
S1_54501898 1 54505898 2.97395893895332e-05
S1_54501899 1 54505899 0.000159667894255917
S1_54508404 1 54512404 0.000394817279997849
S1_54531724 1 54535724 7.75704714347791e-05
S1_54553989 1 54557989 0.000807233245903843
S1_54589610 1 54593610 0.00053532081498026
S1_54646354 1 54650354 0.00040075408113824
S1_54658052 1 54662052 0.000854876012618152
S1_54675565 1 54679565 0.000435656078405413
S1_54706048 1 54710048 0.000395916370183675
S1_54714302 1 54718302 0.00014079130872553
S1_54743129 1 54747129 4.54165123681206e-06
S1_54743809 1 54747809 0.00030991732241085
S1_54759785 1 54763785 0.000160504951601858
S1_54921604 1 54925604 5.5222983701524e-06
S1_54926543 1 54930543 0.000530093992606043
S1_54926564 1 54930564 0.000530093992606119
S1_54927323 1 54931323 0.000848855116234133
S1_54994991 1 54998991 0.000672447694501115
S1_55010718 1 55014718 0.000420761724826457
S1_55023669 1 55027669 8.00902642674137e-05
S1_55043555 1 55047555 0.000496622658524009
S1_55236146 1 55240146 0.000945572068390883
S1_55354881 1 55358881 0.000130026471594063
S1_55361750 1 55365750 0.000919844365671316
S1_55420266 1 55424266 0.00070905133405136
S1_55423730 1 55427730 0.000767415289975298
S1_55436663 1 55440663 8.84909410573188e-07
S1_55436672 1 55440672 8.84909410573188e-07
S1_55447153 1 55451153 0.000382683547207315
S1_55490174 1 55494174 0.000906969865433948
S1_55586146 1 55590146 0.000119969267683183
S1_55604607 1 55608607 0.000830190453981168
S1_55626303 1 55630303 9.78072496583906e-06
S1_55654175 1 55658175 0.000711348758905862
S1_55654230 1 55658230 0.000711348758905862
S1_55674517 1 55678517 0.000704695470597963
S1_55779035 1 55783035 0.000433685464345776
S1_55779037 1 55783037 0.000433685464345797
S1_55779039 1 55783039 0.000433685464345776
S1_55801122 1 55805122 1.56686340442653e-05
S1_55804231 1 55808231 0.000120705563604418
S1_55915295 1 55919295 0.000644952975258143
S1_56068645 1 56072645 5.29969852705767e-05
S1_56069182 1 56073182 0.000185218808382412
S1_56137098 1 56141098 0.000684463121452309
S1_56202552 1 56206552 0.000948556725733823
S1_56203243 1 56207243 3.50185756410785e-05
S1_56399661 1 56403661 0.000357303330949318
S1_56810801 1 56814801 1.12337314934272e-05
S1_56822421 1 56826421 1.75877348374983e-05
S1_56826182 1 56830182 0.000483209490239808
S1_56894660 1 56898660 0.000304064383243468
S1_57022274 1 57026274 2.22795004164517e-09
S1_57142028 1 57146028 0.000244367662393223
S1_57142040 1 57146040 0.000256021013469835
S1_57142070 1 57146070 0.000256021013469835
S1_57142186 1 57146186 0.000114579383589456
S1_57142189 1 57146189 0.000191671424832911
S1_57155421 1 57159421 2.81361452255843e-06
S1_57155771 1 57159771 3.61164753870859e-05
S1_57155772 1 57159772 3.92313906626306e-05
S1_57215760 1 57219760 0.000297407585095756
S1_57215794 1 57219794 8.62723282129888e-05
S1_57215805 1 57219805 8.62723282130116e-05
S1_57215807 1 57219807 8.62723282129888e-05
S1_57250680 1 57254680 0.000160846297283431
S1_57250748 1 57254748 8.87255094652628e-06
S1_57287950 1 57291950 0.000666304838569506
S1_57289937 1 57293937 3.22090657167409e-07
S1_57372694 1 57376694 3.7077517685673e-05
S1_57387501 1 57391501 0.000178954842948664
S1_57418370 1 57422370 0.000513938713896382
S1_57418398 1 57422398 0.000513938713896367
S1_57674529 1 57678529 1.34137455914774e-06
S1_57753253 1 57757253 0.000504899142473451
S1_58009447 1 58013447 8.49045475701682e-06
S1_58009449 1 58013449 8.49045475701682e-06
S1_58017236 1 58021236 0.000747480003824559
S1_58054257 1 58058257 0.000119653522084947
S1_58108856 1 58112856 0.000462927466789559
S1_58191812 1 58195812 0.000943370699514662
S1_58352002 1 58356002 0.00059087973983083
S1_58396984 1 58400984 0.000133173470847456
S1_58572429 1 58576429 3.38593773490001e-05
S1_58640762 1 58644762 0.000596562914873397
S1_58710710 1 58714710 0.00053661895825514
S1_58919891 1 58923891 6.10127665821116e-07
S1_58921282 1 58925282 0.000137670291807046
S1_58972030 1 58976030 0.000693722877099467
S1_59139495 1 59143495 0.000322138467651375
S1_59227451 1 59231451 6.43606754225461e-07
S1_59403949 1 59407949 0.000761780319109215
S1_59426165 1 59430165 0.000580123704430741
S1_59462285 1 59466285 6.5255474368717e-07
S1_59553412 1 59557412 9.57925947541648e-06
S1_59724902 1 59728902 0.000251364905456794
S1_59761602 1 59765602 5.81841720305587e-06
S1_59949015 1 59953015 0.000775540212652379
S1_59975414 1 59979414 0.000460646284778565
S1_60064105 1 60068105 0.000251886467983114
S1_60065581 1 60069581 0.000331147034818127
S1_60065913 1 60069913 0.000697925630994109
S1_60069790 1 60073790 0.000763144625960929
S1_60073124 1 60077124 3.01702710391386e-07
S1_60075373 1 60079373 0.000472594963455877
S1_60087070 1 60091070 2.88041479678722e-06
S1_60090547 1 60094547 3.79279821678772e-05
S1_60091967 1 60095967 0.000872154479699787
S1_60091978 1 60095978 0.000869117421028856
S1_60092975 1 60096975 0.000568538105648232
S1_60093193 1 60097193 2.44690418078718e-06
S1_60094346 1 60098346 0.000126107137562983
S1_60094348 1 60098348 0.000126107137562983
S1_60094350 1 60098350 0.000126107137562983
S1_60094352 1 60098352 0.000126107137562983
S1_60173111 1 60177111 0.00011428763973196
S1_60173124 1 60177124 0.00011428763973196
S1_60173143 1 60177143 0.00011428763973196
S1_60178175 1 60182175 0.000967045556922319
S1_60206601 1 60210601 0.00017161990864689
S1_60206759 1 60210759 0.000573745464622653
S1_60226933 1 60230933 0.000584745612554554
S1_60237455 1 60241455 1.4090952916236e-05
S1_60290089 1 60294089 0.000994681142697062
S1_60311233 1 60315233 0.000647987458725033
S1_60337048 1 60341048 0.00056084295378856
S1_60346050 1 60350050 1.51575053539132e-05
S1_60346147 1 60350147 0.000944113084139444
S1_60350303 1 60354303 0.000571604586909109
S1_60350309 1 60354309 0.000571604586909109
S1_60359732 1 60363732 3.50756387897367e-05
S1_60359738 1 60363738 0.00012586622365338
S1_60359739 1 60363739 3.50756387897367e-05
S1_60359798 1 60363798 0.000108629178759359
S1_60361314 1 60365314 4.15379098858044e-05
S1_60361317 1 60365317 4.15379098858044e-05
S1_60361855 1 60365855 0.000609780679659754
S1_60361865 1 60365865 0.00079074404601224
S1_60361877 1 60365877 0.000609780679659754
S1_60362008 1 60366008 1.2978524781533e-06
S1_60383299 1 60387299 5.24233463258222e-06
S1_60383344 1 60387344 0.000115327380738243
S1_60383916 1 60387916 0.000319982386771995
S1_60392183 1 60396183 0.000380713699094497
S1_60394369 1 60398369 6.29775065004847e-05
S1_60421128 1 60425128 1.37687305602456e-05
S1_60429519 1 60433519 0.000930691741244204
S1_60437462 1 60441462 0.000230429531429789
S1_60437483 1 60441483 0.000468557033181516
S1_60437485 1 60441485 5.96682716706863e-05
S1_60437486 1 60441486 0.000542957164045618
S1_60437596 1 60441596 0.000191257081805665
S1_60437611 1 60441611 0.000180501597048446
S1_60454973 1 60458973 5.74856810249891e-08
S1_60461028 1 60465028 0.000153712105535665
S1_60469222 1 60473222 2.65401189443187e-06
S1_60485434 1 60489434 0.000471921253438475
S1_60658855 1 60662855 0.000736353498021067
S1_60672560 1 60676560 7.08377584857006e-06
S1_60677313 1 60681313 0.000212306352338928
S1_60677477 1 60681477 4.73652054963462e-05
S1_60678074 1 60682074 0.000410179551586542
S1_60678123 1 60682123 0.000205460335172267
S1_60678126 1 60682126 0.000196591348307485
S1_60678192 1 60682192 3.63930397708371e-06
S1_60678219 1 60682219 0.000412307930912628
S1_60678237 1 60682237 3.44459580206649e-05
S1_60678241 1 60682241 0.000710703870314586
S1_60678242 1 60682242 0.000710703870314586
S1_60692681 1 60696681 1.83780038849025e-05
S1_60692843 1 60696843 2.48507178851966e-08
S1_60693178 1 60697178 6.65031200491406e-08
S1_60693843 1 60697843 3.32605025224188e-06
S1_60693885 1 60697885 9.2653445108629e-08
S1_60698363 1 60702363 9.9029085432137e-05
S1_60699317 1 60703317 0.000150842676127831
S1_60699318 1 60703318 0.000187722378634097
S1_60699319 1 60703319 0.000150842676127831
S1_60699320 1 60703320 0.000150842676127831
S1_60701110 1 60705110 3.67763271657709e-05
S1_60705614 1 60709614 2.34217852698587e-06
S1_60708489 1 60712489 2.21226598965753e-07
S1_60708758 1 60712758 2.67041450206098e-05
S1_60721293 1 60725293 0.000258625074152618
S1_60739335 1 60743335 0.00084423792588939
S1_60761388 1 60765388 2.66554961287074e-06
S1_60766212 1 60770212 2.10634570769693e-05
S1_60771299 1 60775299 0.000403164039438749
S1_60775266 1 60779266 5.28764075429377e-08
S1_60803848 1 60807848 0.000261476315436936
S1_60814917 1 60818917 0.000917032262418785
S1_60816249 1 60820249 1.42990676551532e-05
S1_60821399 1 60825399 0.000909997812884582
S1_60821784 1 60825784 0.000164235000918143
S1_60939995 1 60943995 0.00021973700672874
S1_60947652 1 60951652 0.00033848262047733
S1_61009752 1 61013752 2.94702120698458e-05
S1_61016226 1 61020226 0.000314900710212088
S1_61128198 1 61132198 7.46204703497663e-05
S1_61131360 1 61135360 4.99594413989163e-08
S1_61195867 1 61199867 0.000927114257067653
S1_61195869 1 61199869 4.49793912075574e-05
S1_61202754 1 61206754 0.000926462867029288
S1_61205614 1 61209614 0.000277282540896971
S1_61237287 1 61241287 3.46797294780826e-06
S1_61240380 1 61244380 0.000715390375321787
S1_61244719 1 61248719 0.000153225840646051
S1_61254548 1 61258548 1.95668181892468e-05
S1_61254593 1 61258593 1.18507829037358e-05
S1_61254681 1 61258681 0.000746170956625326
S1_61275639 1 61279639 1.1286576012297e-05
S1_61287424 1 61291424 0.000351180305854199
S1_61293408 1 61297408 0.000695137541025387
S1_61293454 1 61297454 3.44135526941978e-05
S1_61600421 1 61604421 0.000411235267956632
S1_61663117 1 61667117 0.00041978971343254
S1_61703872 1 61707872 0.000384979285272896
S1_61717652 1 61721652 0.000262455863849193
S1_61769706 1 61773706 5.31910356977861e-06
S1_61844109 1 61848109 0.000279007409631035
S1_61844137 1 61848137 0.000945642565432124
S1_61970812 1 61974812 0.000613134614852582
S1_61970813 1 61974813 0.000613134614852582
S1_61970814 1 61974814 0.000613134614852582
S1_62106273 1 62110273 0.000324194840830128
S1_62153846 1 62157846 7.18164708502811e-07
S1_62298694 1 62302694 7.22502559043018e-05
S1_62364162 1 62368162 0.000741391502454101
S1_62381029 1 62385029 2.51571322095464e-05
S1_62381077 1 62385077 2.11160288944853e-05
S1_62402982 1 62406982 0.000349879723706539
S1_62427351 1 62431351 2.31910124923241e-07
S1_62517792 1 62521792 1.62664940650281e-05
S1_62765708 1 62769708 0.000151771741826929
S1_62817788 1 62821788 0.000271380003393857
S1_63119139 1 63123139 0.000137147201283043
S1_63337642 1 63341642 6.01521848858434e-05
S1_63559851 1 63563851 6.5496452558188e-06
S1_63646019 1 63650019 0.000478016966451671
S1_63827661 1 63831661 0.00036762476996156
S1_63875720 1 63879720 7.7332769909771e-05
S1_63886579 1 63890579 0.000268822445146578
S1_63886620 1 63890620 0.00026882244514666
S1_63889518 1 63893518 0.000726903835973571
S1_63890579 1 63894579 0.000369263436676126
S1_63978101 1 63982101 0.000768375285176735
S1_63984218 1 63988218 8.83664115648368e-05
S1_64132595 1 64136595 0.000947136769798161
S1_64185564 1 64189564 2.33457029944406e-06
S1_64186252 1 64190252 0.000405050367753022
S1_64197907 1 64201907 0.000775428484960406
S1_64237202 1 64241202 0.000518695069463285
S1_64237206 1 64241206 0.000518695069463285
S1_64245875 1 64249875 0.000988110157761372
S1_64280000 1 64284000 0.000101394666669543
S1_64477738 1 64481738 2.32152919765268e-05
S1_64499108 1 64503108 0.000801445120692882
S1_64511371 1 64515371 0.000813147492898156
S1_64547929 1 64551929 2.45152435005834e-06
S1_64553732 1 64557732 5.59403126288458e-06
S1_64604262 1 64608262 0.000543657875129325
S1_64705886 1 64709886 0.000121919880489628
S1_64736121 1 64740121 0.000478621258613028
S1_64841934 1 64845934 7.43804791797897e-05
S1_64883851 1 64887851 0.000342637466312025
S1_64883916 1 64887916 0.000122649835639683
S1_64884068 1 64888068 0.000761137265525763
S1_64884291 1 64888291 0.000240909126769693
S1_64884299 1 64888299 0.000240909126769693
S1_64934287 1 64938287 0.000395129209480961
S1_65040630 1 65044630 9.27176994346335e-05
S1_65063697 1 65067697 2.51510603214349e-05
S1_65084814 1 65088814 5.81750292743095e-06
S1_65110874 1 65114874 0.000239075492378901
S1_65113183 1 65117183 6.99732340154331e-06
S1_65121242 1 65125242 1.85800990691431e-05
S1_65124815 1 65128815 0.000300619532803842
S1_65151041 1 65155041 0.000519881864487695
S1_65151694 1 65155694 0.0009077186669364
S1_65151724 1 65155724 0.0009077186669364
S1_65161278 1 65165278 0.000185437946701326
S1_65161919 1 65165919 0.00036790204331827
S1_65165335 1 65169335 0.000899565922469201
S1_65174933 1 65178933 0.000332764102330484
S1_65178259 1 65182259 0.00048134646263071
S1_65200363 1 65204363 4.66697047960054e-05
S1_65231436 1 65235436 4.32237351145363e-05
S1_65251930 1 65255930 4.48965413204745e-06
S1_65253103 1 65257103 0.000219290414330332
S1_65253289 1 65257289 1.00142153108961e-06
S1_65253576 1 65257576 0.000299378624402514
S1_65257300 1 65261300 0.000701649898437643
S1_65361850 1 65365850 1.58767107024948e-05
S1_65481140 1 65485140 0.000516603101769524
S1_65494703 1 65498703 0.000636614094943432
S1_65501646 1 65505646 0.000236484098052338
S1_65565763 1 65569763 1.31235676587206e-05
S1_65729079 1 65733079 0.000171271448085243
S1_65745818 1 65749818 0.000228454432293086
S1_65750785 1 65754785 5.97998444948353e-05
S1_65818790 1 65822790 0.00077315688185115
S1_65818823 1 65822823 0.000547091986638077
S1_65820359 1 65824359 0.000473153940388638
S1_65835946 1 65839946 4.76625367790726e-05
S1_66071118 1 66075118 0.000313846755964112
S1_66102805 1 66106805 0.000367521913376922
S1_66106381 1 66110381 6.56930048178795e-05
S1_66126130 1 66130130 2.39371561221189e-05
S1_66130482 1 66134482 1.9383427247962e-05
S1_66185997 1 66189997 9.80577184927963e-05
S1_66191667 1 66195667 0.000428077249285305
S1_66224339 1 66228339 0.000167372205768156
S1_66224609 1 66228609 0.000771306126932972
S1_66299088 1 66303088 0.000491823564896926
S1_66353382 1 66357382 0.000746450578416271
S1_66353653 1 66357653 0.000233073235789548
S1_66361542 1 66365542 0.000766300360627016
S1_66365240 1 66369240 0.000167427359832996
S1_66366908 1 66370908 0.000118386979862441
S1_66367609 1 66371609 1.46939389047521e-05
S1_66367660 1 66371660 1.46939389047521e-05
S1_66369487 1 66373487 0.000152567553484446
S1_66369504 1 66373504 0.000154227661361026
S1_66370477 1 66374477 5.13573578118711e-05
S1_66370488 1 66374488 5.13573578118711e-05
S1_66370594 1 66374594 2.32136449605796e-05
S1_66370633 1 66374633 2.32136449605796e-05
S1_66376316 1 66380316 1.39133884450086e-05
S1_66380397 1 66384397 6.78659503004228e-05
S1_66393479 1 66397479 8.35502659618283e-05
S1_66393511 1 66397511 8.35502659618283e-05
S1_66393521 1 66397521 0.000225920197921427
S1_66393522 1 66397522 8.55573518608698e-05
S1_66440651 1 66444651 0.000335603840619423
S1_66440666 1 66444666 0.000664415349290098
S1_66441152 1 66445152 0.000205294803000589
S1_66452961 1 66456961 0.000344846836765014
S1_66468725 1 66472725 0.000417780847148959
S1_66470448 1 66474448 0.000972616412770977
S1_66486278 1 66490278 0.000386054003077363
S1_66511556 1 66515556 0.000693244171984969
S1_66511846 1 66515846 0.00067452955919752
S1_66512207 1 66516207 0.000117561841575504
S1_66512210 1 66516210 0.000116114462337417
S1_66530199 1 66534199 0.000280689022234986
S1_66533635 1 66537635 0.000292131794010933
S1_66533659 1 66537659 3.40882312672527e-05
S1_66533668 1 66537668 3.40882312672527e-05
S1_66533753 1 66537753 1.1756284152576e-05
S1_66533928 1 66537928 2.89888244574984e-05
S1_66534065 1 66538065 3.22556302128447e-05
S1_66534144 1 66538144 9.78655868644211e-05
S1_66552317 1 66556317 9.3541175794142e-05
S1_66552321 1 66556321 0.000495098602900944
S1_66552434 1 66556434 0.000253848130337678
S1_66552446 1 66556446 0.000856015436272635
S1_66555691 1 66559691 0.000840228117459617
S1_66557160 1 66561160 0.000495364531511003
S1_66557189 1 66561189 6.0723059416102e-06
S1_66557209 1 66561209 4.67951859003013e-05
S1_66557231 1 66561231 3.61027534851481e-06
S1_66557276 1 66561276 0.000121979300385495
S1_66560714 1 66564714 1.74569340763571e-08
S1_66562065 1 66566065 3.12052617482148e-08
S1_66562138 1 66566138 2.76936132744325e-05
S1_66562389 1 66566389 8.8558479036951e-08
S1_66562410 1 66566410 8.8558479036951e-08
S1_66564988 1 66568988 0.000177439737533667
S1_66565101 1 66569101 2.75199379834237e-05
S1_66567038 1 66571038 4.27602983504728e-05
S1_66571723 1 66575723 0.000172331622949013
S1_66572672 1 66576672 1.63964454632318e-05
S1_66572680 1 66576680 5.10656293539275e-06
S1_66572689 1 66576689 6.32201264149371e-06
S1_66572778 1 66576778 1.43204666777357e-05
S1_66572809 1 66576809 1.388023803919e-07
S1_66572840 1 66576840 7.38554066355989e-07
S1_66572841 1 66576841 6.10496919598191e-07
S1_66573056 1 66577056 0.000772792407604244
S1_66573372 1 66577372 0.000106310731225182
S1_66573375 1 66577375 6.36577007246058e-06
S1_66573382 1 66577382 6.36577007246058e-06
S1_66575121 1 66579121 5.66306952784846e-06
S1_66575122 1 66579122 5.66306952784846e-06
S1_66575212 1 66579212 4.74684653214809e-06
S1_66575243 1 66579243 4.74684653214857e-06
S1_66577162 1 66581162 5.94453072812282e-06
S1_66577222 1 66581222 1.44302196262917e-06
S1_66577282 1 66581282 1.64305826364397e-05
S1_66578498 1 66582498 8.72151335451723e-06
S1_66578605 1 66582605 1.07327415580907e-07
S1_66578620 1 66582620 1.07327415580907e-07
S1_66585102 1 66589102 6.67878303314658e-06
S1_66624725 1 66628725 0.000223378975903202
S1_66624726 1 66628726 0.000960050735607067
S1_66626269 1 66630269 0.000337262418912049
S1_66626579 1 66630579 0.000576373014804951
S1_66627798 1 66631798 0.000541340287025356
S1_66633083 1 66637083 0.000517696660494929
S1_66633183 1 66637183 0.000126196055555614
S1_66633184 1 66637184 0.000126196055555614
S1_66638167 1 66642167 4.99963819812052e-05
S1_66638202 1 66642202 4.99963819812019e-05
S1_66657143 1 66661143 0.000261329896610371
S1_66666852 1 66670852 0.000447027029291888
S1_66666856 1 66670856 6.08256377989352e-05
S1_66680881 1 66684881 3.21914357666912e-06
S1_66748626 1 66752626 0.000186031510146352
S1_66748629 1 66752629 0.000317868952770796
S1_66756270 1 66760270 0.000109561081539817
S1_66807501 1 66811501 0.000395642020975156
S1_66949814 1 66953814 6.20595875952748e-06
S1_67012077 1 67016077 0.000100882492073409
S1_67050920 1 67054920 0.000877591491836904
S1_67050937 1 67054937 0.000877591491836904
S1_67095308 1 67099308 7.89162068797188e-05
S1_67241148 1 67245148 0.000931617859931905
S1_67351512 1 67355512 0.000691859317290334
S1_67400983 1 67404983 0.000722216240118773
S1_67406950 1 67410950 0.000803626586659886
S1_67454716 1 67458716 0.000124781502178531
S1_67465012 1 67469012 4.57970700221832e-05
S1_67472484 1 67476484 7.42410723029525e-09
S1_67472491 1 67476491 5.5690213085881e-08
S1_67510665 1 67514665 0.000874753848714838
S1_67636304 1 67640304 2.13665496792082e-05
S1_67679807 1 67683807 0.000157930377604172
S1_67680095 1 67684095 0.000456959581965784
S1_67687182 1 67691182 0.000581885567230473
S1_67719742 1 67723742 5.26484072730293e-07
S1_67723302 1 67727302 8.73879693983208e-06
S1_67781153 1 67785153 2.39270757452079e-07
S1_67838009 1 67842009 0.000459300947319709
S1_68022950 1 68026950 0.000134199880444769
S1_68063265 1 68067265 0.000699173425185641
S1_68081910 1 68085910 0.000889694977013596
S1_68082429 1 68086429 2.17249371470381e-06
S1_68321334 1 68325334 0.000515454771477481
S1_68322862 1 68326862 1.44680284472832e-05
S1_68322876 1 68326876 0.000399584434624857
S1_68328827 1 68332827 0.000143723847131083
S1_68334339 1 68338339 6.28523702314449e-09
S1_68334866 1 68338866 5.96161844399801e-05
S1_68343772 1 68347772 1.81008966765012e-05
S1_68343775 1 68347775 7.60565998593372e-05
S1_68343877 1 68347877 0.000528127009386114
S1_68346594 1 68350594 0.000206052810638353
S1_68360937 1 68364937 5.18118545931858e-06
S1_68511338 1 68515338 1.60303358216686e-05
S1_68681713 1 68685713 7.60180604221317e-06
S1_68717596 1 68721596 0.000348672574177898
S1_68724494 1 68728494 0.000117259689183346
S1_68740411 1 68744411 0.000963439732660405
S1_68838567 1 68842567 1.1357910299848e-05
S1_68905310 1 68909310 0.000878564566904348
S1_69240918 1 69244918 0.000964340696406545
S1_69337939 1 69341939 6.85063907620897e-05
S1_69427718 1 69431718 0.000371563264152845
S1_69557077 1 69561077 3.37479617191785e-05
S1_69570815 1 69574815 0.000754632076230121
S1_69640681 1 69644681 3.96953165356555e-05
S1_69748150 1 69752150 7.79634237001627e-05
S1_69834979 1 69838979 0.000435131560766294
S1_69910166 1 69914166 0.000646137947517546
S1_69917624 1 69921624 6.55112161888086e-06
S1_69928877 1 69932877 5.46572033053168e-05
S1_69928976 1 69932976 0.000101851732789699
S1_69929006 1 69933006 0.000100851135422341
S1_69930076 1 69934076 5.97252569566987e-05
S1_69933439 1 69937439 0.000390758806390601
S1_70012405 1 70016405 0.000909308793126344
S1_70017846 1 70021846 0.00010121395344264
S1_70018057 1 70022057 0.000230983465144655
S1_70031053 1 70035053 6.43892747280607e-05
S1_70037608 1 70041608 0.000236867034290322
S1_70066173 1 70070173 2.87389993287807e-06
S1_70073272 1 70077272 0.000162172056527765
S1_70081080 1 70085080 0.000327367985492146
S1_70135548 1 70139548 0.000664765885051731
S1_70167951 1 70171951 0.000128784735054796
S1_70199910 1 70203910 0.000165983717986104
S1_70244848 1 70248848 0.000263087931313889
S1_70259838 1 70263838 5.74304674210099e-05
S1_70260247 1 70264247 0.000622427151442963
S1_70334809 1 70338809 0.000289877932183645
S1_70358688 1 70362688 2.90176247693805e-05
S1_70360869 1 70364869 6.35453381517894e-05
S1_70360888 1 70364888 6.52025217332396e-07
S1_70361676 1 70365676 3.50480589022898e-06
S1_70373682 1 70377682 0.000535599920428311
S1_70373880 1 70377880 2.4605162758584e-06
S1_70373919 1 70377919 1.50017090236747e-06
S1_70379578 1 70383578 9.68049018503681e-05
S1_70454323 1 70458323 7.56695708605849e-12
S1_70512745 1 70516745 2.42604055046318e-06
S1_70512764 1 70516764 2.42604055046318e-06
S1_70578724 1 70582724 2.24894690700848e-06
S1_70594288 1 70598288 0.000290586656885415
S1_70598360 1 70602360 1.46900415985413e-07
S1_70598361 1 70602361 1.46900415985413e-07
S1_70598362 1 70602362 3.59622200620232e-07
S1_70608057 1 70612057 0.000161777695657907
S1_70646389 1 70650389 0.000269350172215909
S1_70672309 1 70676309 9.93225303903296e-06
S1_70739648 1 70743648 0.000667281771606484
S1_70739651 1 70743651 0.000667281771606484
S1_70745740 1 70749740 0.00013604638504167
S1_70745761 1 70749761 0.00013604638504167
S1_70747533 1 70751533 0.000439438994797866
S1_70751335 1 70755335 0.000949616129368373
S1_70753286 1 70757286 1.0058439567552e-05
S1_70753288 1 70757288 6.80044168288482e-05
S1_70753395 1 70757395 0.000156741713717493
S1_70777428 1 70781428 0.000962172004512874
S1_70915361 1 70919361 3.26493613174844e-05
S1_70988409 1 70992409 0.000645946148173375
S1_71009497 1 71013497 0.000365865806467196
S1_71129115 1 71133115 0.000900855158750653
S1_71170643 1 71174643 0.000993072304201355
S1_71190002 1 71194002 2.09596709063842e-06
S1_71191078 1 71195078 0.000739937556419373
S1_71206879 1 71210879 0.000314999476400069
S1_71209425 1 71213425 0.000142225124057215
S1_71209450 1 71213450 0.000101433010392682
S1_71209985 1 71213985 0.000164250494537815
S1_71210198 1 71214198 0.000324742421391476
S1_71210272 1 71214272 0.000623989347351269
S1_71210491 1 71214491 0.000532184514107827
S1_71290407 1 71294407 0.000313517660252301
S1_71292744 1 71296744 0.00012502805826831
S1_71302216 1 71306216 1.64751089924158e-06
S1_71338453 1 71342453 0.000407184486934741
S1_71412810 1 71416810 0.000664913059942963
S1_71414434 1 71418434 1.36723897096785e-05
S1_71427913 1 71431913 2.55823015199699e-05
S1_71427918 1 71431918 2.55823015199714e-05
S1_71427932 1 71431932 0.00022940822682158
S1_71427994 1 71431994 5.34585645596392e-05
S1_71428000 1 71432000 5.34585645596392e-05
S1_71428620 1 71432620 4.09748318179055e-05
S1_71428686 1 71432686 6.62867035118966e-05
S1_71428817 1 71432817 0.000152729140565286
S1_71428851 1 71432851 0.000169014731071686
S1_71451986 1 71455986 0.000485025290544521
S1_71468691 1 71472691 0.000302822441137033
S1_71475051 1 71479051 0.000195723635914015
S1_71475065 1 71479065 0.000195723635914015
S1_71475074 1 71479074 0.000195723635914015
S1_71520941 1 71524941 0.00039052400453754
S1_71540340 1 71544340 0.00044227294526868
S1_71546773 1 71550773 0.000225990944434398
S1_71607560 1 71611560 2.55989327466211e-05
S1_71615396 1 71619396 0.000460192894212632
S1_71615465 1 71619465 0.000116084975925397
S1_71617685 1 71621685 0.000101180792130784
S1_71618926 1 71622926 0.00034172258982284
S1_71624003 1 71628003 0.000443253991056227
S1_71626743 1 71630743 1.45944017116609e-06
S1_71626788 1 71630788 0.000242259822099123
S1_71627149 1 71631149 0.000294713318567342
S1_71627160 1 71631160 1.02255765443025e-06
S1_71631197 1 71635197 3.37436052499387e-05
S1_71640283 1 71644283 0.000120519465163499
S1_71640364 1 71644364 0.000663966775804679
S1_71642761 1 71646761 0.000267672085960644
S1_71652925 1 71656925 6.6197485035121e-05
S1_71653406 1 71657406 3.8851932776871e-05
S1_71654177 1 71658177 5.17624388411746e-05
S1_71655056 1 71659056 0.000957303955880024
S1_71658369 1 71662369 2.39386674776934e-05
S1_71663764 1 71667764 0.000342330491993593
S1_71664493 1 71668493 7.97288607363797e-05
S1_71665066 1 71669066 2.80211421389654e-05
S1_71665067 1 71669067 2.80211421389654e-05
S1_71668582 1 71672582 6.64831465559282e-05
S1_71686207 1 71690207 0.000157798542578539
S1_71692599 1 71696599 1.4566337624967e-05
S1_71700460 1 71704460 0.000473069565090329
S1_71725347 1 71729347 0.000415643116167022
S1_71733072 1 71737072 0.000507559476361372
S1_71733842 1 71737842 0.000302291130352324
S1_71736362 1 71740362 0.000688134528752604
S1_71749234 1 71753234 9.10225994405318e-05
S1_71750626 1 71754626 0.000119102479018721
S1_71777489 1 71781489 3.96840884224038e-06
S1_71781727 1 71785727 3.50835927631638e-05
S1_71783130 1 71787130 0.000926752105033263
S1_71783131 1 71787131 0.000926752105033263
S1_71804491 1 71808491 3.24088565592576e-05
S1_71805073 1 71809073 0.000306131677506282
S1_71811201 1 71815201 0.000388184192728823
S1_71843923 1 71847923 0.000279501486866341
S1_71843941 1 71847941 0.000279501486866341
S1_71874693 1 71878693 0.000894114291456894
S1_71874710 1 71878710 0.000894114291456894
S1_71874719 1 71878719 0.000894114291456894
S1_71887135 1 71891135 0.000213249291989482
S1_71927228 1 71931228 1.13945450247216e-06
S1_71952063 1 71956063 0.000122078718897146
S1_71952457 1 71956457 0.000139991898433847
S1_71967649 1 71971649 0.000311237689245167
S1_72015232 1 72019232 0.00088249779828215
S1_72079907 1 72083907 0.000986758735575328
S1_72090110 1 72094110 4.97659013299895e-05
S1_72090146 1 72094146 4.10595787893832e-05
S1_72206336 1 72210336 3.60857449703607e-05
S1_72206338 1 72210338 4.09246039436826e-05
S1_72206636 1 72210636 7.00851793575109e-05
S1_72210377 1 72214377 1.63448836751201e-06
S1_72216477 1 72220477 0.0001523037967535
S1_72217715 1 72221715 0.000808363859834446
S1_72217716 1 72221716 0.000808363859834446
S1_72217717 1 72221717 0.000808363859834446
S1_72217753 1 72221753 0.000808363859834446
S1_72230154 1 72234154 0.000413416393332226
S1_72233102 1 72237102 9.57336874361644e-05
S1_72239484 1 72243484 0.000333389439036621
S1_72239642 1 72243642 0.000140707501623903
S1_72239646 1 72243646 9.69107091060645e-05
S1_72239680 1 72243680 3.36480762923606e-05
S1_72290446 1 72294446 0.000743569529176052
S1_72334198 1 72338198 9.18056804321511e-05
S1_72334199 1 72338199 9.18056804321511e-05
S1_72334201 1 72338201 9.18056804321511e-05
S1_72334205 1 72338205 9.18056804321511e-05
S1_72353804 1 72357804 0.000240587335660089
S1_72353827 1 72357827 0.000239182274232164
S1_72411024 1 72415024 4.01990989109607e-05
S1_72426664 1 72430664 0.000395180805390131
S1_72434018 1 72438018 0.000220614032891723
S1_72434040 1 72438040 0.00082054493187177
S1_72503675 1 72507675 0.000974892783398813
S1_72503677 1 72507677 0.000974892783398813
S1_72557413 1 72561413 2.33567181486566e-06
S1_72572025 1 72576025 1.57836447582165e-05
S1_72611513 1 72615513 0.000915832848325099
S1_72611586 1 72615586 7.19243620869258e-09
S1_72689389 1 72693389 0.000191710369898396
S1_72692532 1 72696532 0.000682522254203328
S1_72754317 1 72758317 0.000905288058522141
S1_72808301 1 72812301 1.34494976823565e-06
S1_72867221 1 72871221 0.00010136316460289
S1_72956743 1 72960743 0.000376680050245609
S1_72968610 1 72972610 4.70848665186264e-05
S1_72979460 1 72983460 0.000116972297927774
S1_73002346 1 73006346 0.000512700170477968
S1_73009638 1 73013638 2.52334454014759e-05
S1_73012016 1 73016016 0.000930134827340264
S1_73025381 1 73029381 6.52544667676254e-13
S1_73047350 1 73051350 0.000131414818450637
S1_73240434 1 73244434 0.000555926288310992
S1_73275966 1 73279966 0.000157662250848497
S1_73432098 1 73436098 0.000472775229739438
S1_73436597 1 73440597 0.000447786613446352
S1_73436728 1 73440728 9.61023971637016e-05
S1_73436729 1 73440729 7.61129929626683e-05
S1_73436764 1 73440764 0.000144988937755427
S1_73439442 1 73443442 0.000905300463143083
S1_73441243 1 73445243 0.000614518221768806
S1_73506270 1 73510270 0.000606089530858038
S1_73506272 1 73510272 8.67340674961538e-05
S1_73637210 1 73641210 6.34869964525625e-05
S1_73637906 1 73641906 0.000165743237312489
S1_73640068 1 73644068 0.000502375111427827
S1_73801205 1 73805205 5.53925691802847e-05
