Marker Chr Pos p
S8_341552 8 345552 0.000110393543052976
S8_403517 8 407517 0.000872958163339071
S8_419387 8 423387 0.000711395760708268
S8_419403 8 423403 0.000711395760708268
S8_557004 8 561004 7.20586839376666e-05
S8_569520 8 573520 3.55869785806453e-06
S8_573298 8 577298 0.000687229038509585
S8_579855 8 583855 0.000713596275659412
S8_630439 8 634439 0.000915069579140289
S8_630736 8 634736 0.00056895707413326
S8_675443 8 679443 0.000810217185779382
S8_685789 8 689789 0.00078626348397433
S8_690094 8 694094 0.000801090874098888
S8_690459 8 694459 0.000720814330368544
S8_690475 8 694475 0.000720814330368544
S8_690540 8 694540 0.000767864382239629
S8_717926 8 721926 0.000189482754678494
S8_717927 8 721927 0.000205589128413162
S8_719948 8 723948 0.000904904661987538
S8_720025 8 724025 3.35495468101407e-06
S8_721355 8 725355 0.000529689868662422
S8_737296 8 741296 0.000974967201719315
S8_745998 8 749998 0.000674674956603981
S8_746214 8 750214 0.000339989872346422
S8_746716 8 750716 2.07732041988316e-06
S8_749368 8 753368 0.000857425120966656
S8_749372 8 753372 0.000857425120966656
S8_749542 8 753542 0.000592826856024641
S8_751251 8 755251 0.000907558719657225
S8_751358 8 755358 0.000729975183840838
S8_751718 8 755718 0.000890778244132438
S8_758067 8 762067 5.5447588359393e-05
S8_786426 8 790426 0.000534637980801403
S8_786427 8 790427 0.000534637980801254
S8_826255 8 830255 0.000637020481691353
S8_826305 8 830305 0.000683827549554678
S8_826308 8 830308 0.000683827549554751
S8_829600 8 833600 0.000540936679227511
S8_830953 8 834953 0.000933807693627063
S8_831192 8 835192 0.000883970616227729
S8_832077 8 836077 0.0004810516907629
S8_832437 8 836437 0.000791625311459015
S8_834244 8 838244 0.000803334029252856
S8_834270 8 838270 0.000803334029252986
S8_834715 8 838715 2.58745607346657e-05
S8_840442 8 844442 0.000317056163391103
S8_843682 8 847682 0.000822252635725015
S8_843687 8 847687 0.000822252635725387
S8_861762 8 865762 0.000636041458461033
S8_862142 8 866142 0.000333249308481081
S8_862148 8 866148 0.000333249308481081
S8_862413 8 866413 0.000887195292883098
S8_862429 8 866429 0.000887195292883098
S8_862430 8 866430 0.000887195292883098
S8_878214 8 882214 0.000575556507132108
S8_878340 8 882340 0.000650272968660281
S8_880439 8 884439 0.000659093641532259
S8_881797 8 885797 0.000881358044151304
S8_882034 8 886034 0.000528013307955593
S8_888873 8 892873 0.00038752476414095
S8_888874 8 892874 0.000387524764140901
S8_888877 8 892877 0.00038752476414095
S8_891325 8 895325 9.00004463021459e-05
S8_891326 8 895326 9.00004463021459e-05
S8_891327 8 895327 9.00004463021459e-05
S8_891328 8 895328 9.00004463021459e-05
S8_891338 8 895338 9.00004463021459e-05
S8_924962 8 928962 0.000456308935334768
S8_924968 8 928968 0.000456308935334768
S8_924969 8 928969 0.000421037263989243
S8_924970 8 928970 0.000456308935334768
S8_924973 8 928973 0.000456308935334768
S8_924974 8 928974 0.000456308935334768
S8_938056 8 942056 2.44469932660193e-05
S8_958850 8 962850 1.18244303710358e-05
S8_958873 8 962873 4.13851670597159e-06
S8_958885 8 962885 1.18244303710358e-05
S8_959979 8 963979 0.000140883461405122
S8_975419 8 979419 3.81435128232392e-05
S8_975649 8 979649 0.000319245094006067
S8_977405 8 981405 0.000100685906329968
S8_977605 8 981605 0.000445750613621896
S8_978425 8 982425 0.000483983575525018
S8_1093993 8 1097993 7.78293091891424e-05
S8_1095172 8 1099172 0.000623826354131693
S8_1146691 8 1150691 2.82890159886768e-07
S8_1151630 8 1155630 1.32490883643458e-07
S8_1160563 8 1164563 0.000660992342799616
S8_1160640 8 1164640 0.000466237080886591
S8_1171983 8 1175983 0.0003237408860121
S8_1181241 8 1185241 0.000877029518223863
S8_1215212 8 1219212 1.32121092800404e-07
S8_1215545 8 1219545 2.04969779212588e-08
S8_1292530 8 1296530 0.000493069845582436
S8_1362930 8 1366930 0.000177064599902813
S8_1377849 8 1381849 9.4102599187986e-05
S8_1377852 8 1381852 9.42634206216966e-05
S8_1377907 8 1381907 9.4102599187986e-05
S8_1393568 8 1397568 0.000102158992747346
S8_1393595 8 1397595 0.000237708095493105
S8_1398180 8 1402180 0.000284467223765142
S8_1398218 8 1402218 0.00020852165725432
S8_1401984 8 1405984 0.000454583014284783
S8_1402006 8 1406006 0.000457661021788836
S8_1402008 8 1406008 0.000311563491124093
S8_1402020 8 1406020 0.000454583014284783
S8_1408250 8 1412250 0.000146902951221885
S8_1529992 8 1533992 0.000445485287755277
S8_1610901 8 1614901 0.000183462261608385
S8_1618428 8 1622428 9.13579692850675e-05
S8_1629600 8 1633600 3.23570636914672e-06
S8_1636247 8 1640247 3.7015779813577e-05
S8_1642094 8 1646094 0.000650329159712494
S8_1642097 8 1646097 0.000650329159712494
S8_1688741 8 1692741 7.73996406217464e-05
S8_1690899 8 1694899 0.000137319741603343
S8_1694324 8 1698324 0.000605848464096757
S8_1768136 8 1772136 0.00070397807757929
S8_1855395 8 1859395 0.000868548995135142
S8_1866568 8 1870568 8.04670170291216e-05
S8_1968136 8 1972136 2.22104315506991e-05
S8_2012086 8 2016086 3.83621633360249e-07
S8_2070156 8 2074156 2.27234759266315e-07
S8_2070221 8 2074221 0.000128909883375168
S8_2070250 8 2074250 9.81761829736003e-05
S8_2070559 8 2074559 3.39383037657077e-09
S8_2101319 8 2105319 0.000889708727571513
S8_2101332 8 2105332 0.000889708727571513
S8_2102296 8 2106296 0.000766610367567283
S8_2117810 8 2121810 8.93315375248117e-06
S8_2117939 8 2121939 0.000430263004615008
S8_2142748 8 2146748 0.000799523707513553
S8_2144044 8 2148044 4.76395551139456e-07
S8_2144121 8 2148121 0.00049103619108744
S8_2148517 8 2152517 0.000106058396621129
S8_2176717 8 2180717 0.000868014331824711
S8_2181991 8 2185991 4.43701438465038e-09
S8_2209380 8 2213380 0.000368868563823974
S8_2209436 8 2213436 0.000368868563823891
S8_2261578 8 2265578 4.86763574369465e-05
S8_2269877 8 2273877 2.98876582841916e-06
S8_2287221 8 2291221 4.3598822229815e-05
S8_2317257 8 2321257 0.000480658714279977
S8_2326328 8 2330328 5.19595275681547e-05
S8_2341077 8 2345077 7.0966099599572e-07
S8_2341865 8 2345865 5.90853055336837e-05
S8_2351983 8 2355983 2.97513833168291e-05
S8_2367656 8 2371656 0.000515658015073855
S8_2378259 8 2382259 8.78624985788798e-05
S8_2416538 8 2420538 0.000664868782909471
S8_2416552 8 2420552 0.000440803847204839
S8_2416558 8 2420558 0.000664868782909471
S8_2416568 8 2420568 0.000664868782909471
S8_2438671 8 2442671 1.87549955646078e-06
S8_2438677 8 2442677 1.87549955645916e-06
S8_2451846 8 2455846 7.44232627210651e-05
S8_2475428 8 2479428 1.61202189756231e-05
S8_2485077 8 2489077 0.000423546884551409
S8_2508484 8 2512484 9.57929020308634e-06
S8_2558558 8 2562558 0.000624916123356589
S8_2606695 8 2610695 0.000953731812523369
S8_2611770 8 2615770 1.11921094142297e-07
S8_2627406 8 2631406 0.000713869474421396
S8_2627433 8 2631433 0.000713869474421396
S8_2627574 8 2631574 0.000928569787287036
S8_2831966 8 2835966 3.19851433917352e-06
S8_2848616 8 2852616 8.25834739070218e-06
S8_2855572 8 2859572 8.66737777943117e-05
S8_2857875 8 2861875 6.27747190908976e-07
S8_2857894 8 2861894 6.27747190908976e-07
S8_2888496 8 2892496 3.38099832222821e-06
S8_2949374 8 2953374 0.000332508603487759
S8_2949531 8 2953531 0.000726612303062615
S8_2949775 8 2953775 2.79631832771934e-07
S8_2949804 8 2953804 1.49835676433003e-07
S8_2949812 8 2953812 1.49835676432991e-07
S8_2998142 8 3002142 5.37442641755117e-07
S8_3108279 8 3112279 2.72802832925812e-06
S8_3109044 8 3113044 0.000346972965474203
S8_3109055 8 3113055 0.000279836732302726
S8_3182025 8 3186025 0.000143669940152469
S8_3263877 8 3267877 0.000779951289146603
S8_3273549 8 3277549 6.21003932535022e-05
S8_3274074 8 3278074 0.000346094323803916
S8_3283268 8 3287268 0.000935526241470595
S8_3292774 8 3296774 4.14556937388052e-06
S8_3304291 8 3308291 5.59467482193169e-07
S8_3344668 8 3348668 1.28670796361696e-05
S8_3381723 8 3385723 6.48754274697378e-06
S8_3381738 8 3385738 0.000169999016391073
S8_3455759 8 3459759 0.000146591856531154
S8_3456218 8 3460218 4.05718999676771e-06
S8_3527862 8 3531862 0.000638380111822883
S8_3557038 8 3561038 0.000280628848510904
S8_3641140 8 3645140 0.000539717584295093
S8_3643783 8 3647783 0.000279461389767043
S8_3655345 8 3659345 0.000623934088540841
S8_3709239 8 3713239 1.01386537652142e-05
S8_3849015 8 3853015 0.000947746950354656
S8_3858066 8 3862066 0.000576689154843898
S8_3858082 8 3862082 0.000672767039478265
S8_3867790 8 3871790 0.000489793590632227
S8_3894887 8 3898887 2.39673956382571e-06
S8_3910295 8 3914295 4.30933580529784e-07
S8_3934957 8 3938957 7.87211990942188e-05
S8_3934960 8 3938960 7.87211990942086e-05
S8_4069810 8 4073810 0.00071260381370312
S8_4069862 8 4073862 2.55344988436724e-07
S8_4070535 8 4074535 0.000442460637499664
S8_4070580 8 4074580 0.000442460637499664
S8_4146661 8 4150661 0.000283607484395593
S8_4149714 8 4153714 0.000120867600588463
S8_4152359 8 4156359 0.000101066234240052
S8_4163437 8 4167437 0.000514940528355107
S8_4210060 8 4214060 0.00025957214834392
S8_4210614 8 4214614 1.78178750255202e-05
S8_4235042 8 4239042 0.00091182160251844
S8_4235213 8 4239213 7.23618492607206e-05
S8_4235246 8 4239246 7.23618492607206e-05
S8_4235247 8 4239247 7.23618492607206e-05
S8_4235248 8 4239248 7.23618492607206e-05
S8_4261828 8 4265828 0.000129025276612326
S8_4308497 8 4312497 0.000436426294954423
S8_4372206 8 4376206 0.000506581639105074
S8_4372230 8 4376230 0.000506581639105074
S8_4428383 8 4432383 0.000732368811604146
S8_4471340 8 4475340 0.000338050183896713
S8_4471347 8 4475347 6.29852131494444e-06
S8_4471471 8 4475471 4.57563203896116e-07
S8_4471472 8 4475472 4.57563203896116e-07
S8_4679378 8 4683378 0.000448822236069353
S8_4819790 8 4823790 0.000921393399226293
S8_4820594 8 4824594 5.23655392625759e-05
S8_4820620 8 4824620 5.0268770427225e-05
S8_4820630 8 4824630 5.23655392625759e-05
S8_4890798 8 4894798 0.000871391465570439
S8_4890855 8 4894855 8.30867840219005e-05
S8_4920623 8 4924623 4.03111872142641e-05
S8_4920655 8 4924655 3.48629439001897e-05
S8_4946276 8 4950276 0.000809671306469407
S8_4946286 8 4950286 0.000809671306469407
S8_4946295 8 4950295 0.000809671306469407
S8_4953656 8 4957656 0.000245249696563091
S8_4956906 8 4960906 1.84114954345483e-05
S8_5028090 8 5032090 0.000173238822514795
S8_5034588 8 5038588 3.05491534123139e-07
S8_5043531 8 5047531 0.000720720323034784
S8_5081540 8 5085540 1.9833630656448e-05
S8_5082341 8 5086341 0.000915309977460362
S8_5086770 8 5090770 0.000145861782861047
S8_5086809 8 5090809 6.37851329097966e-05
S8_5087001 8 5091001 6.10323304948262e-05
S8_5096721 8 5100721 0.00089502835002475
S8_5101358 8 5105358 0.000731865784286807
S8_5101388 8 5105388 0.000731865784287012
S8_5106749 8 5110749 4.95275670973451e-06
S8_5120528 8 5124528 0.000413232515523751
S8_5123396 8 5127396 0.0003214088330819
S8_5123400 8 5127400 0.0003214088330819
S8_5165805 8 5169805 0.000344802275057651
S8_5181399 8 5185399 4.06296324966391e-05
S8_5182482 8 5186482 0.000105531781070052
S8_5285131 8 5289131 1.22845906813671e-06
S8_5285231 8 5289231 3.66676445009975e-06
S8_5301869 8 5305869 4.98649908848468e-05
S8_5329968 8 5333968 0.000689666187043654
S8_5330018 8 5334018 2.02408950463804e-06
S8_5330942 8 5334942 0.000549479505620994
S8_5518982 8 5522982 0.000209739520770492
S8_5620460 8 5624460 0.000737448257057966
S8_5633587 8 5637587 6.3274630328922e-05
S8_6026336 8 6030336 0.000337978696045968
S8_6324900 8 6328900 1.0385951740386e-05
S8_6358201 8 6362201 0.000783562881476614
S8_6492872 8 6496872 0.000331884079109076
S8_6513689 8 6517689 9.86187689723995e-05
S8_6517025 8 6521025 0.000609023365645418
S8_6531516 8 6535516 6.62547134312761e-08
S8_6641980 8 6645980 1.4108838120037e-05
S8_6642722 8 6646722 0.000396415658272775
S8_6644122 8 6648122 0.000226533870313575
S8_6644130 8 6648130 0.000226533870313525
S8_6682718 8 6686718 0.000334266213105257
S8_6713733 8 6717733 0.000724567337469794
S8_7047173 8 7051173 0.000439266442992493
S8_7131640 8 7135640 3.34587023991376e-05
S8_7279006 8 7283006 9.53578966064221e-06
S8_7416672 8 7420672 5.70621715526406e-08
S8_7594299 8 7598299 0.000278305685800373
S8_7594300 8 7598300 0.000278305685800373
S8_7594305 8 7598305 0.000110645335244268
S8_7594306 8 7598306 0.000110645335244268
S8_7608291 8 7612291 3.12526679554568e-07
S8_7791855 8 7795855 0.000122682536195857
S8_8065966 8 8069966 0.000525229777574802
S8_8777398 8 8781398 0.000906478550142521
S8_8841149 8 8845149 0.000236499095333566
S8_8896480 8 8900480 0.000175902400315248
S8_9211262 8 9215262 5.61809647033563e-05
S8_9214045 8 9218045 1.42068762046013e-05
S8_9476714 8 9480714 0.000299240660590806
S8_9481716 8 9485716 0.000789026277630762
S8_9486389 8 9490389 0.000712260784668324
S8_9569853 8 9573853 0.000220345389151633
S8_9570016 8 9574016 0.000951974639068413
S8_9711706 8 9715706 0.000881438739520546
S8_9722011 8 9726011 0.000376607994155515
S8_9723275 8 9727275 0.000680343990969676
S8_9726911 8 9730911 0.000964313454276534
S8_9726914 8 9730914 0.000972743595172207
S8_9728353 8 9732353 9.70503251666952e-07
S8_9728424 8 9732424 2.39844045170774e-06
S8_9760442 8 9764442 0.000355926641044303
S8_10008660 8 10012660 6.46338498917752e-07
S8_10008764 8 10012764 6.77129828135249e-07
S8_10069403 8 10073403 5.06474717276116e-06
S8_10098758 8 10102758 7.15429189080806e-06
S8_10104318 8 10108318 0.00048758936446459
S8_10119691 8 10123691 1.58123408315778e-06
S8_10162356 8 10166356 5.89838024811306e-05
S8_10162358 8 10166358 5.89838024811421e-05
S8_10169778 8 10173778 9.37605085722812e-05
S8_10170124 8 10174124 0.000563058267377506
S8_10180635 8 10184635 0.000617284087178083
S8_10181086 8 10185086 0.000104112974506459
S8_10224582 8 10228582 0.000186035063073328
S8_10224679 8 10228679 0.000249263976957609
S8_10294170 8 10298170 3.22505643447701e-05
S8_10398576 8 10402576 0.000370172028267031
S8_10410792 8 10414792 0.00010907637873859
S8_10634863 8 10638863 0.000590612769872876
S8_10678580 8 10682580 0.000356906982468881
S8_10760254 8 10764254 0.000849573023661322
S8_10760263 8 10764263 0.000889885795774838
S8_10940270 8 10944270 0.000129618871416354
S8_10940323 8 10944323 4.8164529635169e-05
S8_10967906 8 10971906 2.26831242404301e-05
S8_11006481 8 11010481 7.45676899817143e-05
S8_11007028 8 11011028 8.26420130401296e-05
S8_11021877 8 11025877 9.07245906647339e-07
S8_11024697 8 11028697 0.000544071208244891
S8_11103886 8 11107886 0.000362324512328167
S8_11241586 8 11245586 3.53819462377882e-05
S8_11307834 8 11311834 3.20300863815996e-09
S8_11340946 8 11344946 7.724926027447e-05
S8_11510951 8 11514951 3.92456169048274e-07
S8_11555355 8 11559355 0.00099867898679212
S8_11763688 8 11767688 0.000544826186989539
S8_12101438 8 12105438 6.51424657471386e-05
S8_12130709 8 12134709 0.000475163749395518
S8_12275946 8 12279946 0.000154274607544423
S8_12297657 8 12301657 0.000776526606632626
S8_12566138 8 12570138 0.000427681866894883
S8_12566140 8 12570140 0.000124584273892851
S8_12566157 8 12570157 0.000124584273892851
S8_12566178 8 12570178 0.000124584273892851
S8_12567206 8 12571206 2.50505257871852e-08
S8_12862727 8 12866727 3.63496582574654e-06
S8_12906228 8 12910228 0.000258525435328777
S8_13801475 8 13805475 0.000330499239753265
S8_14089198 8 14093198 0.000273559919568972
S8_14121697 8 14125697 0.000287857278089293
S8_14211569 8 14215569 0.000627192199849848
S8_14247496 8 14251496 0.000829605668766031
S8_14884639 8 14888639 0.000653721974131256
S8_15141525 8 15145525 0.000828943778023607
S8_15252801 8 15256801 0.000978644351240718
S8_15647769 8 15651769 0.00048050297791776
S8_15903881 8 15907881 1.16188935778129e-07
S8_16208158 8 16212158 0.000356305460054926
S8_17531766 8 17535766 0.000541149848120377
S8_17894560 8 17898560 0.000101225300766686
S8_18027701 8 18031701 0.000184205519544608
S8_18116872 8 18120872 1.6589361369831e-06
S8_21957802 8 21961802 1.25437958140326e-06
S8_21957803 8 21961803 4.76448235889593e-07
S8_22466046 8 22470046 2.04958867576258e-05
S8_24105241 8 24109241 0.000733769558480871
S8_24125684 8 24129684 0.00073341798216914
S8_24351170 8 24355170 0.00064250675541129
S8_24809720 8 24813720 0.000105900606348862
S8_27107837 8 27111837 1.52604518788845e-06
S8_30545473 8 30549473 0.000304727518819169
S8_31671844 8 31675844 0.000309819940485847
S8_32380624 8 32384624 9.57459001313711e-05
S8_33499277 8 33503277 0.000755672080721728
S8_36979502 8 36983502 0.000564588792772463
S8_37004688 8 37008688 0.000886988232214035
S8_37212320 8 37216320 0.000272688939552659
S8_37212331 8 37216331 2.09595271064268e-05
S8_37234603 8 37238603 0.000348200705543175
S8_37737645 8 37741645 0.000912362065737153
S8_37896443 8 37900443 0.000637337205177198
S8_38003904 8 38007904 0.000154914159653648
S8_38075358 8 38079358 0.000313150474238956
S8_38075359 8 38079359 0.000313150474238956
S8_38334346 8 38338346 2.36700226320709e-05
S8_38432664 8 38436664 2.39072593526349e-06
S8_39219560 8 39223560 0.000326621012697686
S8_39354379 8 39358379 0.000268025848376575
S8_40170371 8 40174371 0.000504552696567155
S8_40171538 8 40175538 0.000650089887986186
S8_40201362 8 40205362 2.45887783719675e-05
S8_40201371 8 40205371 2.9837817211173e-05
S8_40219339 8 40223339 8.06898617019232e-06
S8_40329386 8 40333386 1.59126149333977e-08
S8_40408022 8 40412022 0.000216123743368413
S8_40427159 8 40431159 0.000159910852715002
S8_40623353 8 40627353 1.05284471781715e-05
S8_40895646 8 40899646 2.14179095085472e-09
S8_41214715 8 41218715 0.000148342580413009
S8_41273083 8 41277083 1.38110505798015e-08
S8_41378057 8 41382057 0.000380413726929405
S8_41627431 8 41631431 0.000409609356682024
S8_41627440 8 41631440 0.000409609356681934
S8_41726146 8 41730146 7.9677000653221e-07
S8_41726148 8 41730148 7.9677000653221e-07
S8_41726149 8 41730149 7.9677000653221e-07
S8_41841554 8 41845554 0.000786996819591348
S8_41853558 8 41857558 0.00097534458471164
S8_41903396 8 41907396 0.000215891447219299
S8_41903672 8 41907672 0.00010009817661959
S8_41903703 8 41907703 0.000391121236109258
S8_41950345 8 41954345 0.000246179738487626
S8_41950360 8 41954360 0.000246179738487626
S8_41957259 8 41961259 0.000316385648881908
S8_42372065 8 42376065 0.00030109857191454
S8_42400827 8 42404827 3.12049598783755e-05
S8_42409979 8 42413979 0.000552066113448167
S8_42596756 8 42600756 1.14216921072164e-05
S8_42597303 8 42601303 0.000265907736919929
S8_42622978 8 42626978 0.000151867207843049
S8_42659581 8 42663581 0.000471614724796785
S8_42716431 8 42720431 7.69271586723422e-05
S8_42780766 8 42784766 1.27218323783033e-06
S8_42938209 8 42942209 0.000779242487802747
S8_42985111 8 42989111 0.000204772905732161
S8_42985112 8 42989112 0.000179648146909234
S8_42985115 8 42989115 0.000179648146909234
S8_42985810 8 42989810 0.00019377624639693
S8_43054813 8 43058813 0.000303677687674709
S8_43114473 8 43118473 0.000717595908194624
S8_43114553 8 43118553 0.000351143517377591
S8_43178435 8 43182435 0.000429012139165589
S8_43216003 8 43220003 0.000405938219644141
S8_43252281 8 43256281 0.000963073370568666
S8_43252531 8 43256531 0.000867075416449801
S8_43307237 8 43311237 0.000867459250923515
S8_43565598 8 43569598 0.000847520937633884
S8_43660606 8 43664606 3.37986691028458e-08
S8_43815445 8 43819445 0.00013280801987019
S8_43843782 8 43847782 0.000203683928781527
S8_43987829 8 43991829 0.000157868644962264
S8_43987855 8 43991855 3.02925735826152e-05
S8_43989701 8 43993701 2.94319405888057e-05
S8_44004999 8 44008999 0.000109797907165196
S8_44006432 8 44010432 0.000651191042298944
S8_44016098 8 44020098 0.000481874775877626
S8_44016141 8 44020141 0.000481874775877462
S8_44057796 8 44061796 0.000706459503868993
S8_44117838 8 44121838 0.000567468888140037
S8_44117862 8 44121862 0.000534204335293271
S8_44159674 8 44163674 0.000239032734693277
S8_44175593 8 44179593 0.000282137725233559
S8_44191681 8 44195681 0.000123400537231546
S8_44210888 8 44214888 1.61124999536941e-06
S8_44212001 8 44216001 9.02777521403738e-05
S8_44212032 8 44216032 8.41328330028325e-07
S8_44212093 8 44216093 9.80804522177777e-05
S8_44236603 8 44240603 0.00096626300636674
S8_44317555 8 44321555 0.000121336584400969
S8_44353831 8 44357831 0.000671776545879966
S8_44372591 8 44376591 0.000359961870956575
S8_44372595 8 44376595 0.000656635838146587
S8_44378971 8 44382971 0.000291326161938228
S8_44379266 8 44383266 0.000329632582174142
S8_44379269 8 44383269 0.000329632582174189
S8_44384377 8 44388377 0.000510580181164675
S8_44410560 8 44414560 9.70801523856672e-05
S8_44426475 8 44430475 0.000793222359838958
S8_44482626 8 44486626 6.98370548554716e-05
S8_44482633 8 44486633 0.000327902216354486
S8_44482795 8 44486795 1.16983029599193e-05
S8_44482953 8 44486953 0.000108448274182325
S8_44482974 8 44486974 0.000108448274182325
S8_44483032 8 44487032 0.000241352797511893
S8_44483187 8 44487187 3.48451936054769e-05
S8_44525958 8 44529958 0.000636391898639786
S8_44525982 8 44529982 0.000636391898639786
S8_44525983 8 44529983 9.40559229651668e-05
S8_44526027 8 44530027 0.000744255781984092
S8_44526482 8 44530482 1.09506492684814e-06
S8_44528500 8 44532500 0.000336241884004997
S8_44528554 8 44532554 0.000199990647729099
S8_44531245 8 44535245 3.8293558393432e-05
S8_44544686 8 44548686 0.000537584029523225
S8_44544701 8 44548701 1.39049681106114e-05
S8_44560234 8 44564234 0.000199903578531968
S8_44582139 8 44586139 0.000546992303076222
S8_44591491 8 44595491 0.000655811808194219
S8_45072911 8 45076911 0.000922300973358546
S8_45072912 8 45076912 0.000922300973358546
S8_45136946 8 45140946 5.04877702261297e-05
S8_45159684 8 45163684 9.27022750148686e-05
S8_45549192 8 45553192 0.000747120627355861
S8_45631117 8 45635117 0.000293346639293804
S8_45637596 8 45641596 0.000460178725525988
S8_45637777 8 45641777 0.000448189056018668
S8_45698279 8 45702279 0.000118852731964862
S8_45699942 8 45703942 1.23197266330569e-05
S8_45699977 8 45703977 1.23197266330569e-05
S8_45703363 8 45707363 0.000904740800997083
S8_45714589 8 45718589 1.10760680454144e-06
S8_45718618 8 45722618 2.57377785547469e-06
S8_45718760 8 45722760 6.47036320409078e-06
S8_45719105 8 45723105 0.000414960072060645
S8_45719110 8 45723110 0.000315436374014588
S8_45719118 8 45723118 0.000351761429725676
S8_45726712 8 45730712 0.000701108568633933
S8_45726910 8 45730910 0.000332058848628007
S8_45733238 8 45737238 0.000166105543134018
S8_45733254 8 45737254 0.000166105543134018
S8_45733286 8 45737286 0.000135853965053386
S8_45734364 8 45738364 0.000665949642157466
S8_45734379 8 45738379 0.000665949642157466
S8_45734509 8 45738509 0.000328337717287588
S8_45734625 8 45738625 1.68382675163868e-05
S8_45734641 8 45738641 1.68382675163868e-05
S8_45734649 8 45738649 1.68382675163868e-05
S8_45749363 8 45753363 0.000490703357937859
S8_45759031 8 45763031 0.000342578908803331
S8_45762791 8 45766791 0.000105487612293683
S8_45773268 8 45777268 0.000822310563749081
S8_45773271 8 45777271 0.000990225833596015
S8_45795130 8 45799130 3.64627485536618e-05
S8_45798970 8 45802970 6.72968592672641e-05
S8_45804121 8 45808121 0.000514342924034181
S8_45804146 8 45808146 0.000514342924034181
S8_45845433 8 45849433 0.000216321885782101
S8_45860527 8 45864527 0.000290977083889814
S8_45882008 8 45886008 3.90283520707403e-06
S8_45899404 8 45903404 0.00072253759940839
S8_45900410 8 45904410 3.55665661862175e-05
S8_45925698 8 45929698 8.46763017808048e-05
S8_45926527 8 45930527 0.000592593499888694
S8_45926691 8 45930691 4.2476038164416e-05
S8_45927356 8 45931356 0.000986266076956466
S8_45927402 8 45931402 0.000605958237676971
S8_45927414 8 45931414 0.000359923448986868
S8_45975491 8 45979491 0.000122606908428368
S8_45975500 8 45979500 0.000122606908428357
S8_45975530 8 45979530 0.000656637304558978
S8_45976530 8 45980530 0.000541417632026364
S8_45976564 8 45980564 8.21709729859602e-05
S8_46004655 8 46008655 3.91490628554485e-06
S8_46021714 8 46025714 0.000158354906961859
S8_46028319 8 46032319 7.33723255977864e-07
S8_46057780 8 46061780 3.59864837647476e-05
S8_46057782 8 46061782 4.80197500792734e-08
S8_46057786 8 46061786 0.000429063558940161
S8_46206558 8 46210558 0.000156915997828891
S8_46300591 8 46304591 0.000457462803538233
S8_46334857 8 46338857 0.000323479622194208
S8_46335921 8 46339921 0.000553732632361378
S8_46339262 8 46343262 5.01382813010091e-05
S8_46341661 8 46345661 0.000638788454773192
S8_46345707 8 46349707 0.000171653892438857
S8_46353676 8 46357676 5.25001269948025e-06
S8_46411736 8 46415736 0.000191391497808654
S8_46482976 8 46486976 3.4437577449658e-06
S8_46483658 8 46487658 3.52434397223505e-07
S8_46494272 8 46498272 9.0718532578326e-05
S8_46514107 8 46518107 0.000210859358249686
S8_46573608 8 46577608 1.06573724121508e-05
S8_46873379 8 46877379 0.000674612460034363
S8_47093322 8 47097322 5.65454809015333e-06
S8_47163882 8 47167882 1.20445960744875e-05
S8_47280133 8 47284133 0.000720113664852012
S8_47298066 8 47302066 0.000205966093577769
S8_47375291 8 47379291 8.61889048071289e-06
S8_47640232 8 47644232 0.000343571072868944
S8_47657618 8 47661618 7.87597468751292e-05
S8_47657619 8 47661619 0.000163569934292066
S8_47673673 8 47677673 5.64383293366772e-05
S8_47807564 8 47811564 0.000224149815148163
S8_47861320 8 47865320 0.000207989012571437
S8_47861321 8 47865321 0.000207989012571437
S8_47913992 8 47917992 0.000342516538527819
S8_47931450 8 47935450 6.5426063701948e-05
S8_47935436 8 47939436 0.000129255259352369
S8_48178806 8 48182806 0.00025950084477088
S8_48178811 8 48182811 0.00025950084477088
S8_48348125 8 48352125 0.00092941176470495
S8_48359292 8 48363292 0.000173607423079
S8_48364637 8 48368637 7.01915127299919e-05
S8_48376981 8 48380981 0.000875031885902352
S8_48387335 8 48391335 5.55822025173088e-08
S8_48387337 8 48391337 5.55822025173088e-08
S8_48387365 8 48391365 4.14265922798191e-05
S8_48420325 8 48424325 0.000176507960289431
S8_48427487 8 48431487 7.60641616689065e-05
S8_48468408 8 48472408 0.000160147325264213
S8_48487840 8 48491840 1.81012250392416e-06
S8_48487862 8 48491862 0.000162931729955051
S8_48487870 8 48491870 0.000162931729955051
S8_48493900 8 48497900 2.91711650415419e-08
S8_48493903 8 48497903 3.0910478261795e-05
S8_48493904 8 48497904 0.000194597854236246
S8_48497957 8 48501957 5.63685696044502e-05
S8_48529870 8 48533870 6.33241023353587e-05
S8_48529871 8 48533871 6.33241023353587e-05
S8_48555089 8 48559089 1.43750070881591e-05
S8_48555101 8 48559101 1.43750070881591e-05
S8_48555123 8 48559123 1.43750070881591e-05
S8_48556880 8 48560880 0.000144198028732281
S8_48562936 8 48566936 0.000385135277930946
S8_48563184 8 48567184 0.00075230010333902
S8_48563200 8 48567200 0.00075230010333902
S8_48563239 8 48567239 0.000620189250704328
S8_48563364 8 48567364 0.00061515002346865
S8_48563407 8 48567407 0.00061515002346865
S8_48565143 8 48569143 0.000275993600117957
S8_48569630 8 48573630 0.000175858251024853
S8_48571570 8 48575570 8.28490579135965e-05
S8_48583306 8 48587306 6.56768308299542e-05
S8_48583389 8 48587389 0.000115453982674064
S8_48596056 8 48600056 0.00042629977119887
S8_48612653 8 48616653 4.02487969209774e-05
S8_48613068 8 48617068 2.07280153225084e-05
S8_48615729 8 48619729 1.71849986313016e-06
S8_48617921 8 48621921 7.06015406758521e-06
S8_48618051 8 48622051 0.000158356931307662
S8_48618184 8 48622184 1.88293262603635e-07
S8_48618259 8 48622259 1.01107497966992e-05
S8_48618277 8 48622277 0.000105427156333385
S8_48618278 8 48622278 0.000105427156333385
S8_48618479 8 48622479 3.34821722760843e-05
S8_48618515 8 48622515 3.34821722760821e-05
S8_48620417 8 48624417 7.3041686700219e-06
S8_48620436 8 48624436 7.3041686700219e-06
S8_48631965 8 48635965 0.00074987030126104
S8_48634312 8 48638312 2.33050428860671e-05
S8_48639921 8 48643921 0.000524378103179694
S8_48669559 8 48673559 0.000186717838373067
S8_48683924 8 48687924 5.01257020200831e-08
S8_48744922 8 48748922 0.000556525610850143
S8_48750153 8 48754153 0.000983740209844824
S8_48761611 8 48765611 0.000158402417551793
S8_48761612 8 48765612 0.000158402417551793
S8_48761644 8 48765644 6.30181257049954e-05
S8_48761789 8 48765789 1.83262242830476e-05
S8_48788009 8 48792009 0.000246229183877857
S8_48795090 8 48799090 0.000879730603137259
S8_48831771 8 48835771 1.50601316274819e-05
S8_48831777 8 48835777 1.50601316274819e-05
S8_48878366 8 48882366 4.92935419442098e-07
S8_48902539 8 48906539 2.39054992870048e-05
S8_48902604 8 48906604 1.04067225618e-05
S8_48911356 8 48915356 1.21003530618671e-06
S8_48911478 8 48915478 5.68807111134795e-05
S8_48911526 8 48915526 5.68807111134795e-05
S8_48911534 8 48915534 5.68807111134795e-05
S8_48911808 8 48915808 6.1886232301808e-05
S8_48911819 8 48915819 7.53020945209857e-06
S8_48911861 8 48915861 2.06923477860172e-06
S8_48912359 8 48916359 8.29369480468068e-07
S8_48915863 8 48919863 7.8615274067243e-06
S8_48948210 8 48952210 9.9435916805284e-05
S8_48957491 8 48961491 0.000329023488184245
S8_48982487 8 48986487 1.25062560904529e-05
S8_48982514 8 48986514 0.000157478797390129
S8_48992570 8 48996570 6.88244953827272e-06
S8_48993876 8 48997876 0.000971928272448208
S8_48995476 8 48999476 0.000168203535181717
S8_49001190 8 49005190 1.69051953416634e-06
S8_49026477 8 49030477 4.78238908669949e-07
S8_49031183 8 49035183 0.000107594031682142
S8_49031397 8 49035397 0.000170791331721647
S8_49038070 8 49042070 0.00057276129126358
S8_49072852 8 49076852 0.000627352111668476
S8_49284505 8 49288505 3.27634806884632e-05
S8_49290981 8 49294981 0.00027650774734007
S8_49299569 8 49303569 0.00039360153175775
S8_49299572 8 49303572 0.000585686431246688
S8_49299574 8 49303574 0.00039360153175775
S8_49302806 8 49306806 0.000484253830488157
S8_49344230 8 49348230 0.0004685961635759
S8_49357793 8 49361793 1.62834573195958e-05
S8_49358112 8 49362112 1.42402726063529e-05
S8_49368320 8 49372320 0.000907230581211066
S8_49368332 8 49372332 0.000907230581211066
S8_49368337 8 49372337 0.000907230581211066
S8_49368338 8 49372338 0.000907230581211066
S8_49368343 8 49372343 0.000907230581211066
S8_49376577 8 49380577 0.000335209548332841
S8_49435921 8 49439921 3.00717911628891e-10
S8_49443963 8 49447963 1.85207327277144e-06
S8_49505361 8 49509361 0.000187546918907759
S8_49591217 8 49595217 0.00041615639278902
S8_49591732 8 49595732 0.000662701697766137
S8_49592004 8 49596004 8.24869857490741e-05
S8_49710223 8 49714223 0.000186383209698051
S8_49763851 8 49767851 8.46000237998325e-05
S8_49817974 8 49821974 0.00018432327706698
S8_49817985 8 49821985 0.00045346722308512
S8_49817995 8 49821995 0.00045346722308512
S8_49818056 8 49822056 6.27952052492818e-05
S8_49818072 8 49822072 6.27952052492818e-05
S8_50111797 8 50115797 6.9783472847704e-05
S8_50194835 8 50198835 1.62545329945135e-06
S8_50228705 8 50232705 4.8287742324253e-05
S8_50230651 8 50234651 3.88747492795371e-06
S8_50230690 8 50234690 3.8874749279535e-06
S8_50231330 8 50235330 7.48659964227269e-06
S8_50231623 8 50235623 0.000279146581032799
S8_50236857 8 50240857 0.000536096600339554
S8_50236859 8 50240859 0.000536096600339554
S8_50237157 8 50241157 0.000352628742854079
S8_50237175 8 50241175 5.14558584417518e-06
S8_50237187 8 50241187 1.23550126122604e-05
S8_50237283 8 50241283 1.93298998601074e-07
S8_50237337 8 50241337 2.90056524595766e-05
S8_50237504 8 50241504 0.000616344831541359
S8_50238463 8 50242463 1.58249321882448e-06
S8_50238560 8 50242560 0.000915278516178207
S8_50238580 8 50242580 0.000915278516178207
S8_50238634 8 50242634 0.000378238949694579
S8_50238794 8 50242794 0.000230797899572131
S8_50248949 8 50252949 3.34870361566945e-10
S8_50261433 8 50265433 0.000253177511058322
S8_50276532 8 50280532 0.000451479761142675
S8_50333849 8 50337849 4.25748349858233e-05
S8_50368093 8 50372093 0.0004741338733311
S8_50378604 8 50382604 5.64653514709556e-05
S8_50395367 8 50399367 0.00053057848846235
S8_50429544 8 50433544 2.68889703750546e-05
S8_50434770 8 50438770 1.97598945960391e-06
S8_50439457 8 50443457 0.000280003486167446
S8_50505164 8 50509164 0.000358822338579293
S8_50556879 8 50560879 0.00096625178589813
S8_50592676 8 50596676 1.17108425418754e-08
S8_50592677 8 50596677 1.17108425418754e-08
S8_50608600 8 50612600 0.000115523588620199
S8_50735457 8 50739457 0.000931207148520583
S8_50752507 8 50756507 0.00070567909177489
S8_50762892 8 50766892 0.000744458032882215
S8_50811128 8 50815128 0.000994712742887831
S8_50847846 8 50851846 0.000643914414004115
S8_50847847 8 50851847 0.000643914414004115
S8_50877761 8 50881761 3.69604382400638e-06
S8_50877771 8 50881771 3.69604382400683e-06
S8_50877817 8 50881817 5.60718038873248e-06
S8_50884720 8 50888720 0.00063306337676797
S8_50893587 8 50897587 6.15427141131443e-05
S8_50912073 8 50916073 0.000104657173824391
S8_50912088 8 50916088 0.000104657173824391
S8_50912269 8 50916269 9.95999498629234e-05
S8_50912391 8 50916391 0.000498845029165707
S8_50919359 8 50923359 0.000163823684830789
S8_50919486 8 50923486 0.000953161625974394
S8_50928188 8 50932188 0.00041811549741057
S8_50928308 8 50932308 0.000168480007360806
S8_50930690 8 50934690 0.000544209718197172
S8_50969231 8 50973231 4.48069260427263e-07
S8_51008218 8 51012218 7.52475433775729e-07
S8_51008223 8 51012223 0.000649399033700315
S8_51025327 8 51029327 0.000162057925329393
S8_51027191 8 51031191 0.000465089247893414
S8_51041108 8 51045108 0.000713074822229567
S8_51047794 8 51051794 0.000549233809466821
S8_51050551 8 51054551 0.000436242014548074
S8_51071918 8 51075918 0.000767012192133005
S8_51110477 8 51114477 0.000806446310315022
S8_51147653 8 51151653 4.10964096767224e-06
S8_51147654 8 51151654 7.33841365297578e-06
S8_51147696 8 51151696 4.12186512068856e-05
S8_51155894 8 51159894 0.000219526510419773
S8_51171677 8 51175677 3.43291774558519e-05
S8_51171683 8 51175683 3.40064095470549e-05
S8_51204830 8 51208830 2.69855349123073e-05
S8_51425275 8 51429275 0.00067304855459212
S8_51429775 8 51433775 0.00013505155152373
S8_51430179 8 51434179 9.85348019850105e-05
S8_51430202 8 51434202 9.85348019850105e-05
S8_51441063 8 51445063 0.000187389224799156
S8_51564946 8 51568946 2.93605478991215e-05
S8_51568726 8 51572726 0.00027099735747078
S8_51590846 8 51594846 0.000765641391784145
S8_51593373 8 51597373 0.000499742857380144
S8_51607039 8 51611039 0.000164715379189667
S8_51634477 8 51638477 0.000100452246236901
S8_51687575 8 51691575 0.000185316134449774
S8_51745244 8 51749244 0.000614119946284922
S8_51826519 8 51830519 0.000788380197729286
S8_51826531 8 51830531 0.000126333709565409
S8_51893832 8 51897832 0.000835458278786926
S8_51893848 8 51897848 0.000835458278786981
S8_51897310 8 51901310 0.000267645445131635
S8_51932451 8 51936451 0.000767175445150785
S8_51932483 8 51936483 0.000720270579938604
S8_51984794 8 51988794 8.37507349072833e-08
S8_52001580 8 52005580 0.000108663233961683
S8_52001582 8 52005582 0.000108663233961683
S8_52001583 8 52005583 0.000108663233961666
S8_52046214 8 52050214 0.00055683437658939
S8_52068743 8 52072743 0.0002404056458591
S8_52116757 8 52120757 0.000430879694781611
S8_52116788 8 52120788 0.000430879694781611
S8_52125021 8 52129021 2.5704276349547e-07
S8_52130494 8 52134494 7.29713991613658e-06
S8_52141723 8 52145723 0.000427587787489991
S8_52154145 8 52158145 0.000379364677668442
S8_52172595 8 52176595 0.000262818771979285
S8_52183122 8 52187122 0.000976401325364102
S8_52241344 8 52245344 0.000222547729470377
S8_52245548 8 52249548 0.000230524472779378
S8_52263713 8 52267713 7.85094799776851e-06
S8_52263737 8 52267737 7.85094799776851e-06
S8_52310798 8 52314798 0.000700371913155376
S8_52318931 8 52322931 0.000426729544613733
S8_52367695 8 52371695 0.000625431743197958
S8_52375054 8 52379054 2.94789413624608e-05
S8_52375210 8 52379210 6.2612544940198e-08
S8_52401036 8 52405036 0.000601165352136326
S8_52461409 8 52465409 0.00058081267118954
S8_52495205 8 52499205 5.34132546439702e-05
S8_52495367 8 52499367 0.000536146109618788
S8_52495369 8 52499369 0.000155632391771375
S8_52508600 8 52512600 1.8120666498924e-05
S8_52532599 8 52536599 2.25539079994601e-08
S8_52570463 8 52574463 1.04839199933817e-05
S8_52605497 8 52609497 2.02423800126958e-05
S8_52613614 8 52617614 0.000566531628337494
S8_52674066 8 52678066 0.000472774926423803
S8_52674069 8 52678069 0.000472774926423803
S8_52713661 8 52717661 0.000342040409508326
S8_52713667 8 52717667 1.77543919801377e-05
S8_52714502 8 52718502 0.00040144357522537
S8_52743354 8 52747354 0.000116501188095393
S8_52743364 8 52747364 0.000116501188095393
S8_52750288 8 52754288 1.43110333475532e-05
S8_52750297 8 52754297 1.43110333475532e-05
S8_52879835 8 52883835 0.000175634202441462
S8_52889527 8 52893527 5.86638460620051e-05
S8_52895584 8 52899584 0.000101159061650727
S8_52947850 8 52951850 0.000294655695894868
S8_53000919 8 53004919 0.000205578363678522
S8_53000938 8 53004938 0.000205578363678522
S8_53048269 8 53052269 0.000499928858921154
S8_53068604 8 53072604 0.000275228212395829
S8_53096499 8 53100499 2.41789772824753e-06
S8_53106594 8 53110594 0.000123638425581172
S8_53137155 8 53141155 0.00027899076778757
S8_53137172 8 53141172 0.000221526166304672
S8_53145012 8 53149012 0.000257890675826433
S8_53167193 8 53171193 0.000588281612314195
S8_53183250 8 53187250 6.54463241698349e-05
S8_53224666 8 53228666 0.000845547431066814
S8_53239393 8 53243393 0.000179665972653504
S8_53279312 8 53283312 0.000629538235474091
S8_53329525 8 53333525 0.00052374896259655
S8_53331290 8 53335290 0.000668028247330219
S8_53404413 8 53408413 1.17594855379667e-05
S8_53404416 8 53408416 1.17594855379699e-05
S8_53404418 8 53408418 1.17594855379699e-05
S8_53447299 8 53451299 0.000155245531213261
S8_53498808 8 53502808 0.000550146761545525
S8_53498811 8 53502811 0.000541019852830961
S8_53498814 8 53502814 0.000547208131626123
S8_53510868 8 53514868 0.000132046708693826
S8_53510880 8 53514880 3.29756782098843e-05
S8_53576787 8 53580787 0.000179755674344149
S8_53576798 8 53580798 0.000179755674344149
S8_53576806 8 53580806 0.000179755674344149
S8_53580062 8 53584062 5.39578483191765e-07
S8_53580088 8 53584088 4.19411348964235e-06
S8_53580152 8 53584152 3.76546676374573e-05
S8_53585982 8 53589982 4.91422600969164e-05
S8_53586305 8 53590305 1.84915843385738e-05
S8_53586644 8 53590644 9.2605531943184e-06
S8_53588783 8 53592783 0.000678693307940563
S8_53588812 8 53592812 0.000890237092945735
S8_53596793 8 53600793 0.000136390637925138
S8_53596794 8 53600794 0.000136390637925138
S8_53596798 8 53600798 0.000136441613248247
S8_53597039 8 53601039 0.000262304633584331
S8_53597042 8 53601042 0.000449565903296393
S8_53606201 8 53610201 0.000773440484068855
S8_53606202 8 53610202 0.000773440484068855
S8_53673128 8 53677128 0.000744249561006493
S8_53673237 8 53677237 1.40082006194882e-06
S8_53679763 8 53683763 6.75498275362469e-05
S8_53679808 8 53683808 6.75498275362469e-05
S8_53685717 8 53689717 1.30377507018269e-05
S8_53699494 8 53703494 1.24397414745809e-05
S8_53699511 8 53703511 1.76541560863826e-05
S8_53729278 8 53733278 3.46337447552414e-07
S8_53731482 8 53735482 0.000530700585265326
S8_53731646 8 53735646 3.05718694755254e-05
S8_53741547 8 53745547 0.000166577651653737
S8_53742734 8 53746734 1.37186526966429e-06
S8_53766643 8 53770643 5.32301842115546e-05
S8_53827472 8 53831472 0.000615201590508401
S8_53827835 8 53831835 0.000817868681500864
S8_53888925 8 53892925 4.58995335184935e-07
S8_53895117 8 53899117 2.8199718378729e-06
S8_53895141 8 53899141 2.81997183787216e-06
S8_53895286 8 53899286 1.87113395814057e-05
S8_53899552 8 53903552 1.4259772907334e-06
S8_53902117 8 53906117 5.87811782243775e-05
S8_53902605 8 53906605 1.3494987099548e-05
S8_53902626 8 53906626 1.3494987099548e-05
S8_53937708 8 53941708 0.000849259047134773
S8_53945551 8 53949551 1.40282290638827e-05
S8_53966293 8 53970293 7.89194168228512e-07
S8_54000311 8 54004311 0.000556033514108187
S8_54272063 8 54276063 4.48764737605904e-05
S8_54286027 8 54290027 0.00079762856067132
S8_54303406 8 54307406 0.000511837399057696
S8_54303658 8 54307658 2.70413017879678e-06
S8_54303662 8 54307662 3.65817302938748e-07
S8_54303697 8 54307697 1.3618515666304e-05
S8_54308321 8 54312321 4.94848885183071e-06
S8_54309846 8 54313846 0.000737544164976107
S8_54314053 8 54318053 0.000879950525104181
S8_54314061 8 54318061 0.000879950525104181
S8_54314063 8 54318063 0.000225513282970383
S8_54321891 8 54325891 0.00019936008808947
S8_54321991 8 54325991 0.000866771354587375
S8_54361196 8 54365196 4.32557749229867e-05
S8_54366025 8 54370025 0.000331547774425647
S8_54369412 8 54373412 0.000380275052138732
S8_54369647 8 54373647 0.000407214363065891
S8_54372194 8 54376194 0.000669177669230311
S8_54406321 8 54410321 0.000120291059501308
S8_54417665 8 54421665 7.42236572369442e-05
S8_54417673 8 54421673 7.42236572369442e-05
S8_54434015 8 54438015 1.46129319264853e-05
S8_54434695 8 54438695 0.000178964703931265
S8_54545754 8 54549754 0.000158603381022023
S8_54553055 8 54557055 0.000617911687762908
S8_54575038 8 54579038 0.000133100581509048
S8_54586457 8 54590457 6.51863042805478e-06
S8_54586462 8 54590462 6.99818167897835e-06
S8_54586724 8 54590724 0.000516360702754831
S8_54586746 8 54590746 0.000249358796292708
S8_54587136 8 54591136 0.000293870446598061
S8_54674226 8 54678226 0.000192468663308167
S8_54682259 8 54686259 6.57490222092066e-05
S8_54684507 8 54688507 0.000500568349430009
S8_54685111 8 54689111 0.000510297180845541
S8_54685126 8 54689126 0.000238382367187043
S8_54723959 8 54727959 0.000182039165299806
S8_54724132 8 54728132 0.000556076200246665
S8_54724165 8 54728165 0.000182795052299523
S8_54724185 8 54728185 0.000622681965424517
S8_54733642 8 54737642 0.000166263298540462
S8_54733643 8 54737643 0.000166263298540462
S8_54733896 8 54737896 0.000282067052670711
S8_54733926 8 54737926 0.000282067052670711
S8_54737112 8 54741112 2.71303509137802e-05
S8_54737115 8 54741115 2.71303509137802e-05
S8_54745443 8 54749443 0.000433143628893553
S8_54746766 8 54750766 5.37349000299789e-05
S8_54749188 8 54753188 1.10168012500634e-05
S8_54787286 8 54791286 0.000659185976323934
S8_54795074 8 54799074 0.000156189601525618
S8_54870784 8 54874784 0.000550820182678409
S8_54875349 8 54879349 9.6613281335279e-05
S8_54924270 8 54928270 5.41761409526637e-05
S8_54945615 8 54949615 1.15744967585208e-05
S8_54960457 8 54964457 0.000138894275507791
S8_54960510 8 54964510 5.84747412479288e-05
S8_54960511 8 54964511 5.84747412479288e-05
S8_54960557 8 54964557 6.32239112705024e-07
S8_54992251 8 54996251 0.000109006559888447
S8_55144647 8 55148647 0.000103702404051329
S8_55201106 8 55205106 3.3688709788005e-06
S8_55201108 8 55205108 3.3688709788005e-06
S8_55201109 8 55205109 3.3688709788005e-06
S8_55266522 8 55270522 0.000970562353705446
S8_55269426 8 55273426 0.000663689548818391
S8_55299940 8 55303940 4.50867678908554e-06
S8_55309094 8 55313094 0.000778135425822078
S8_55340599 8 55344599 0.000974222307802404
S8_55343236 8 55347236 0.000186268424442857
S8_55349806 8 55353806 7.60763012833646e-05
S8_55349980 8 55353980 0.00035687646739886
S8_55350337 8 55354337 1.22285074046414e-06
S8_55405598 8 55409598 1.68204984359371e-05
S8_55418169 8 55422169 3.27181044945925e-05
S8_55438771 8 55442771 3.63541056672401e-05
