Marker Chr Pos p
S3_113289 3 117289 1.76414681007252e-05
S3_165718 3 169718 0.000493621461904137
S3_204457 3 208457 0.000879889136363458
S3_216072 3 220072 0.00075641432570031
S3_309269 3 313269 2.71382222706202e-06
S3_365587 3 369587 0.000572800258599769
S3_549504 3 553504 0.000921632507980759
S3_943555 3 947555 0.000297919091549987
S3_1134525 3 1138525 7.3163927076462e-05
S3_1190454 3 1194454 6.96569379749602e-06
S3_1406545 3 1410545 3.6893730583454e-05
S3_1408015 3 1412015 7.17126603894771e-05
S3_1436383 3 1440383 0.000447528515976894
S3_1481064 3 1485064 0.000936068492301874
S3_1496547 3 1500547 0.000838000738228808
S3_1563199 3 1567199 0.000576257130794068
S3_1708551 3 1712551 1.23747013997756e-05
S3_1725331 3 1729331 6.77931962812537e-06
S3_1725372 3 1729372 0.000708878697899185
S3_1774534 3 1778534 1.57591542568587e-05
S3_1850197 3 1854197 5.27081980905558e-05
S3_1952478 3 1956478 3.3658500912189e-05
S3_1959878 3 1963878 0.000299293517831761
S3_1968230 3 1972230 0.0008253549941948
S3_2027217 3 2031217 0.000212401311532077
S3_2084379 3 2088379 0.000671873587016047
S3_2130018 3 2134018 0.000621642834503406
S3_2130212 3 2134212 0.000644426717729229
S3_2169974 3 2173974 2.11288307357228e-05
S3_2406354 3 2410354 0.000491589503014835
S3_2406356 3 2410356 0.000491589503014835
S3_2504480 3 2508480 0.000108076284136928
S3_2504526 3 2508526 0.000108076284136928
S3_2504935 3 2508935 8.55162058721138e-07
S3_2504936 3 2508936 8.55162058721138e-07
S3_2504937 3 2508937 8.55162058721138e-07
S3_2559326 3 2563326 0.000318793192221649
S3_2641571 3 2645571 0.000676995805917307
S3_2650900 3 2654900 0.000272661762083837
S3_2708678 3 2712678 0.000606365620771977
S3_2783965 3 2787965 8.09209142332474e-05
S3_2815078 3 2819078 0.000169311269683649
S3_2896975 3 2900975 0.000732950096542787
S3_2897194 3 2901194 0.000424924086677158
S3_2946531 3 2950531 0.000515179112839172
S3_2972112 3 2976112 0.00032228675429838
S3_3148427 3 3152427 3.06263040260943e-05
S3_3189020 3 3193020 0.000868589612949045
S3_3189023 3 3193023 0.000868589612949045
S3_3189037 3 3193037 0.000310834683759769
S3_3189049 3 3193049 0.000868589612949045
S3_3195914 3 3199914 1.22696858751825e-06
S3_3199599 3 3203599 0.000520430894293983
S3_3201555 3 3205555 0.000466317633992558
S3_3301545 3 3305545 0.000969348649476437
S3_3326270 3 3330270 6.62960013192918e-05
S3_3459275 3 3463275 0.000636533019849342
S3_3503852 3 3507852 2.58021727347543e-05
S3_3508940 3 3512940 0.000413560042563254
S3_3615035 3 3619035 0.000123555807650152
S3_3650312 3 3654312 6.05198264271761e-05
S3_3650359 3 3654359 5.11336039476041e-05
S3_3656739 3 3660739 0.000436440455678116
S3_3691551 3 3695551 0.000965906333905424
S3_3724401 3 3728401 5.98382745104348e-05
S3_3765224 3 3769224 0.000502651283768945
S3_3776653 3 3780653 3.87246718628807e-05
S3_3870549 3 3874549 0.000303454628440226
S3_3959387 3 3963387 0.00025587658439544
S3_4067169 3 4071169 0.000130140371872578
S3_4101148 3 4105148 0.000230116884244417
S3_4159255 3 4163255 1.50140480263668e-05
S3_4208051 3 4212051 5.00188880003328e-05
S3_4341899 3 4345899 0.000342418743482427
S3_4341977 3 4345977 2.32829765067331e-05
S3_4354628 3 4358628 2.35701778644674e-05
S3_4464405 3 4468405 0.000353208354565364
S3_4464408 3 4468408 0.000353208354565364
S3_4464410 3 4468410 0.000353208354565364
S3_4464411 3 4468411 0.000412951910439672
S3_4495996 3 4499996 0.000590504181640565
S3_4512240 3 4516240 2.7059302218149e-05
S3_4580152 3 4584152 0.000122860545032508
S3_4738895 3 4742895 8.79797463647465e-07
S3_4763319 3 4767319 1.17988707728618e-06
S3_4774547 3 4778547 0.000986318697692147
S3_4774548 3 4778548 0.000319572970700918
S3_4774559 3 4778559 0.000986318697692147
S3_4774574 3 4778574 0.000986318697692147
S3_4822982 3 4826982 3.15190725591587e-05
S3_4876637 3 4880637 3.08483918419829e-05
S3_5240046 3 5244046 6.35805669295235e-06
S3_5407705 3 5411705 3.70304536900573e-05
S3_5407706 3 5411706 1.329546009121e-06
S3_5640188 3 5644188 3.23337171815066e-05
S3_5660528 3 5664528 0.000446192845221485
S3_5807507 3 5811507 1.62449511324508e-06
S3_5846631 3 5850631 0.0004672240509008
S3_5878765 3 5882765 5.77980410635216e-06
S3_5891555 3 5895555 5.51756811922921e-05
S3_6012960 3 6016960 8.91132174069906e-06
S3_6018587 3 6022587 0.000787266526025275
S3_6049558 3 6053558 0.000158688222110398
S3_6109294 3 6113294 0.000372996667025933
S3_6109304 3 6113304 0.000372996667025933
S3_6152510 3 6156510 1.33438604491109e-05
S3_6254827 3 6258827 9.52159056721075e-06
S3_6263989 3 6267989 8.99511814164631e-05
S3_6387588 3 6391588 1.76560754256937e-05
S3_6426242 3 6430242 8.59272323056101e-05
S3_6429388 3 6433388 0.000902794852389134
S3_6539863 3 6543863 2.03219764086861e-07
S3_6550823 3 6554823 4.52142493381441e-06
S3_6550830 3 6554830 4.52142493381265e-06
S3_6587654 3 6591654 0.0003043495989166
S3_6663492 3 6667492 0.000221664950680783
S3_6716895 3 6720895 3.77705831796475e-07
S3_6738264 3 6742264 0.000243949463199115
S3_6768423 3 6772423 4.8059773261205e-05
S3_6833114 3 6837114 0.000830991931643519
S3_6833437 3 6837437 0.000899834423312978
S3_6836777 3 6840777 0.000960553640121975
S3_6842176 3 6846176 0.000626263548076829
S3_6871659 3 6875659 0.000236720569904803
S3_6872721 3 6876721 0.000267290088351246
S3_6873185 3 6877185 1.23728500669267e-05
S3_6915133 3 6919133 0.000275696906840062
S3_6935112 3 6939112 7.23044523449601e-06
S3_6949988 3 6953988 3.21109889049776e-06
S3_7035524 3 7039524 0.000882130054298086
S3_7206538 3 7210538 4.26423831498631e-05
S3_7254629 3 7258629 0.000218499315926892
S3_7258268 3 7262268 3.06812498389139e-05
S3_7264789 3 7268789 0.000186258304841102
S3_7267183 3 7271183 8.05924930082443e-05
S3_7276983 3 7280983 0.000324865362300142
S3_7399380 3 7403380 7.30928353300807e-06
S3_7443991 3 7447991 6.7793666252251e-06
S3_7490968 3 7494968 0.000135884148193718
S3_7519398 3 7523398 3.232956281329e-05
S3_7544463 3 7548463 0.000960677084056237
S3_7571052 3 7575052 9.59178187433883e-05
S3_7571105 3 7575105 9.59178187433883e-05
S3_7587473 3 7591473 4.35668311906185e-05
S3_7624563 3 7628563 3.57494294452694e-05
S3_7677877 3 7681877 1.3618830578782e-06
S3_7727537 3 7731537 0.000169942977515495
S3_7762451 3 7766451 0.000331387538049189
S3_7940912 3 7944912 0.000162096506067867
S3_7948452 3 7952452 5.71524829868184e-05
S3_7953509 3 7957509 0.000978279105530636
S3_7981096 3 7985096 1.44462992759547e-05
S3_8074774 3 8078774 0.000192914903479397
S3_8074775 3 8078775 0.000604951009468993
S3_8074776 3 8078776 9.88488122264304e-05
S3_8085752 3 8089752 1.14362422650233e-06
S3_8109925 3 8113925 0.000531547809029655
S3_8136959 3 8140959 3.29945000296413e-06
S3_8143551 3 8147551 0.000952311924300562
S3_8143565 3 8147565 0.00094440510269343
S3_8143618 3 8147618 0.000586916524936836
S3_8151283 3 8155283 0.000239808288757606
S3_8156294 3 8160294 0.000339490394699995
S3_8206849 3 8210849 9.40349843791764e-06
S3_8322185 3 8326185 0.000315237543068555
S3_8447350 3 8451350 5.00271114203418e-05
S3_8448961 3 8452961 7.05416437461116e-05
S3_8523839 3 8527839 0.000236349561391432
S3_8531590 3 8535590 0.000600384977396286
S3_8664408 3 8668408 0.000956240340893968
S3_8673591 3 8677591 0.000765472000345047
S3_8682515 3 8686515 5.26210799616045e-06
S3_8682520 3 8686520 5.26210799616105e-06
S3_8712304 3 8716304 0.000633560783821107
S3_8795743 3 8799743 0.000200039200551679
S3_8806168 3 8810168 0.000492196273026031
S3_8815752 3 8819752 1.15954429190292e-06
S3_8974950 3 8978950 0.00022521202834567
S3_9120817 3 9124817 0.000626993930442248
S3_9120818 3 9124818 0.00062699393044229
S3_9216043 3 9220043 6.49994945048804e-05
S3_9286224 3 9290224 1.16391007066237e-05
S3_9315248 3 9319248 0.000295703222046836
S3_9315283 3 9319283 0.000306588668807302
S3_9315472 3 9319472 0.000988004985347652
S3_9315575 3 9319575 0.000918365958478422
S3_9320965 3 9324965 5.31008598930395e-05
S3_9321237 3 9325237 0.00083967037528438
S3_9391675 3 9395675 0.000654503455615447
S3_9398147 3 9402147 2.01596712260281e-06
S3_9417429 3 9421429 0.000658633637914967
S3_9418258 3 9422258 0.00040312599572422
S3_9665522 3 9669522 0.000572302426825022
S3_9690616 3 9694616 2.45313862671388e-05
S3_9690643 3 9694643 2.45313862671388e-05
S3_9714159 3 9718159 0.000795879385084104
S3_9714164 3 9718164 0.000795879385084104
S3_9717925 3 9721925 0.000855038194011554
S3_9807766 3 9811766 0.000254940718652844
S3_9908799 3 9912799 0.000307495645634919
S3_9945857 3 9949857 0.000118557114409039
S3_9948595 3 9952595 0.000515997175392896
S3_9959496 3 9963496 7.53544742099832e-05
S3_10074799 3 10078799 3.74341458603172e-06
S3_10338277 3 10342277 0.000664821571825209
S3_10391685 3 10395685 5.98699536728997e-06
S3_10459356 3 10463356 6.15032805814736e-05
S3_10490067 3 10494067 0.000135427321901333
S3_10560971 3 10564971 0.000854185526905551
S3_10560983 3 10564983 0.000140926755345451
S3_10625927 3 10629927 2.28650976342377e-05
S3_10625934 3 10629934 1.39187194022799e-05
S3_11253041 3 11257041 2.87603012713359e-05
S3_11303144 3 11307144 9.63654692803786e-06
S3_11303221 3 11307221 1.37319019636333e-06
S3_11321778 3 11325778 0.000982717237746428
S3_11321785 3 11325785 3.14684088957345e-05
S3_11326668 3 11330668 0.00062379917166702
S3_11374191 3 11378191 0.000709964309328562
S3_11443536 3 11447536 8.09606445844763e-08
S3_11659453 3 11663453 0.000308040740423865
S3_11718021 3 11722021 0.00037244705345666
S3_11803689 3 11807689 5.56022630266416e-05
S3_11828941 3 11832941 0.000200288994079957
S3_11917319 3 11921319 8.40760756989509e-06
S3_11952031 3 11956031 1.18063812444146e-05
S3_12034131 3 12038131 0.000893274287358785
S3_12034133 3 12038133 0.000893274287358785
S3_12034135 3 12038135 0.000893274287358785
S3_12035848 3 12039848 0.000714465807173117
S3_12044307 3 12048307 6.2740622446024e-05
S3_12174785 3 12178785 0.000197637198992816
S3_12411552 3 12415552 0.000605110675395497
S3_12592185 3 12596185 1.11792429729077e-05
S3_12614718 3 12618718 4.21475427498986e-07
S3_12614720 3 12618720 4.21475427498846e-07
S3_12625432 3 12629432 6.86159115240016e-05
S3_12625433 3 12629433 6.86159115240016e-05
S3_12678035 3 12682035 0.000777181095179667
S3_12723155 3 12727155 4.20265613754609e-05
S3_12963954 3 12967954 0.00017401718295279
S3_13041994 3 13045994 2.80871939125609e-05
S3_13136540 3 13140540 0.000313029259991898
S3_13144357 3 13148357 0.00049144901485595
S3_13454165 3 13458165 7.34703652036236e-05
S3_13454512 3 13458512 0.000151097523317331
S3_13454516 3 13458516 0.000151097523317331
S3_13454517 3 13458517 0.000151097523317331
S3_13458692 3 13462692 3.95714066944704e-09
S3_13475127 3 13479127 0.000223328459519429
S3_13559879 3 13563879 0.00064122906424314
S3_13565544 3 13569544 3.57906463523909e-06
S3_13677916 3 13681916 0.000563831217831527
S3_13813120 3 13817120 0.000682431059051155
S3_13870904 3 13874904 0.000804714544552341
S3_13963976 3 13967976 7.78355999047568e-05
S3_13966045 3 13970045 0.000319848712409348
S3_13983991 3 13987991 1.5695304538612e-10
S3_14210421 3 14214421 0.000977387866037205
S3_14317489 3 14321489 0.00094679074800609
S3_14807793 3 14811793 0.000806562501261847
S3_14828737 3 14832737 9.18574464628648e-06
S3_15741919 3 15745919 0.000495658918595462
S3_15813991 3 15817991 8.21767922750427e-05
S3_15818154 3 15822154 0.000181488637513558
S3_15838169 3 15842169 0.000106615655584231
S3_15849474 3 15853474 4.9773558299384e-05
S3_15907644 3 15911644 0.000443442226668952
S3_15988668 3 15992668 9.42635568126242e-05
S3_15988689 3 15992689 2.57311021705466e-09
S3_16031221 3 16035221 5.58563701841679e-05
S3_16051567 3 16055567 0.000137991599644638
S3_16052826 3 16056826 2.82707287743963e-08
S3_16173315 3 16177315 0.00065827006181346
S3_16574731 3 16578731 0.000477805859322436
S3_16913421 3 16917421 9.44868653616107e-06
S3_17021175 3 17025175 6.41007289658565e-06
S3_17582617 3 17586617 0.000221473061399134
S3_18141851 3 18145851 0.000200354824782975
S3_18603973 3 18607973 8.1102308658954e-06
S3_18849791 3 18853791 3.27952335137013e-05
S3_19094343 3 19098343 7.62071489476981e-05
S3_19705171 3 19709171 5.14533603234096e-05
S3_20022065 3 20026065 0.000127664989935149
S3_20022696 3 20026696 2.60645626087966e-05
S3_20029029 3 20033029 0.000125465042570755
S3_20220555 3 20224555 5.82971257747101e-05
S3_20369514 3 20373514 1.1660617104851e-05
S3_20423656 3 20427656 0.000600518391270177
S3_20446582 3 20450582 0.000621604339613731
S3_20548266 3 20552266 4.65320520618793e-05
S3_20653616 3 20657616 5.88244917312247e-07
S3_20653622 3 20657622 5.88244917312247e-07
S3_21208580 3 21212580 0.000297349295756468
S3_22240892 3 22244892 0.000119944623603215
S3_22704703 3 22708703 0.000505047144039256
S3_25428683 3 25432683 0.000377095701310019
S3_26069321 3 26073321 0.000129229408742884
S3_29570880 3 29574880 0.000186552628571436
S3_30989754 3 30993754 8.71921750182029e-06
S3_31583043 3 31587043 0.000891593789946463
S3_33692045 3 33696045 2.08746060481068e-05
S3_35956540 3 35960540 0.000104418281284233
S3_36791445 3 36795445 0.000139988715467103
S3_37805206 3 37809206 1.03021807580776e-05
S3_37844144 3 37848144 0.000521381170693552
S3_39892900 3 39896900 0.000134199666526961
S3_40789126 3 40793126 0.000408726330067376
S3_40789133 3 40793133 0.000551825650727381
S3_42662738 3 42666738 3.32112788306811e-06
S3_43947884 3 43951884 0.000292184999741956
S3_44715937 3 44719937 0.000321261512544571
S3_45597540 3 45601540 4.65274412338558e-05
S3_45929086 3 45933086 6.79375932417754e-08
S3_46522574 3 46526574 5.37040218967633e-05
S3_46616984 3 46620984 2.58788237187534e-05
S3_46914421 3 46918421 5.83160679179061e-06
S3_47263712 3 47267712 8.29779484767508e-06
S3_47371562 3 47375562 0.000492660987608732
S3_47464396 3 47468396 2.4482438601282e-07
S3_48310503 3 48314503 1.40972659752264e-05
S3_48692239 3 48696239 7.65494684075908e-06
S3_48952530 3 48956530 7.34944172451635e-05
S3_49145380 3 49149380 0.00018772763784757
S3_49504080 3 49508080 0.000324007145156468
S3_49812183 3 49816183 5.31270949301624e-07
S3_50542894 3 50546894 0.000557986970147585
S3_50909366 3 50913366 0.000218253035574606
S3_51088258 3 51092258 2.14021476998815e-05
S3_51240150 3 51244150 0.000799980363501956
S3_51339950 3 51343950 6.38073060218078e-05
S3_51372119 3 51376119 0.000990644446144535
S3_51498001 3 51502001 3.08601108596333e-07
S3_51588023 3 51592023 0.000826192304692682
S3_51588030 3 51592030 7.37665283962642e-05
S3_51750310 3 51754310 0.00021044152376619
S3_51777083 3 51781083 0.000845492600370427
S3_51777086 3 51781086 0.000105961311997918
S3_51850124 3 51854124 0.000371850722726337
S3_51850144 3 51854144 0.000371850722726337
S3_51859276 3 51863276 0.000250719427389128
S3_51859277 3 51863277 0.00025116045413215
S3_51859279 3 51863279 0.00025116045413215
S3_51859282 3 51863282 0.000269152462164772
S3_51860325 3 51864325 5.67084630504184e-06
S3_51880807 3 51884807 1.92021579639477e-05
S3_51880841 3 51884841 1.92021579639477e-05
S3_51940347 3 51944347 1.35594229662918e-05
S3_51945054 3 51949054 0.000442012323555755
S3_51947203 3 51951203 0.000383387691264578
S3_52046203 3 52050203 3.74851182768786e-05
S3_52222187 3 52226187 0.000273015359973312
S3_52308992 3 52312992 0.000384019531264545
S3_52325979 3 52329979 4.37886452280289e-06
S3_52339450 3 52343450 6.05701448810682e-06
S3_52478147 3 52482147 6.52545753911465e-05
S3_52479511 3 52483511 4.21308665431812e-05
S3_52511741 3 52515741 0.000245194025048714
S3_52725868 3 52729868 0.000920258917364941
S3_52972960 3 52976960 0.000235053990844719
S3_53075429 3 53079429 0.000348445809136844
S3_53085365 3 53089365 0.000625732659983133
S3_53094032 3 53098032 0.000367040785747008
S3_53094265 3 53098265 0.000328548068036768
S3_53131643 3 53135643 0.000204269741139191
S3_53133974 3 53137974 0.000205960526466917
S3_53190188 3 53194188 0.00082231543554096
S3_53199642 3 53203642 0.000169920640594845
S3_53224779 3 53228779 0.000178230543064752
S3_53224784 3 53228784 0.000178230543064752
S3_53232250 3 53236250 2.88462095684089e-06
S3_53232976 3 53236976 0.000271380256390317
S3_53317651 3 53321651 0.000994440831537616
S3_53321293 3 53325293 0.000191067522534141
S3_53344578 3 53348578 1.83722920994279e-08
S3_53353492 3 53357492 0.000304547949088394
S3_53425735 3 53429735 0.000236892153638777
S3_53448054 3 53452054 1.47549806764635e-06
S3_53523044 3 53527044 1.2738176098771e-05
S3_53537352 3 53541352 0.000155043604275049
S3_53539351 3 53543351 0.000148794392565529
S3_53564197 3 53568197 0.000145215691847211
S3_53566553 3 53570553 0.000164247123355828
S3_53583974 3 53587974 1.2087502268165e-06
S3_53583980 3 53587980 1.2087502268165e-06
S3_53643856 3 53647856 0.00047240837695697
S3_53741371 3 53745371 0.000557946295712973
S3_53743234 3 53747234 0.000169413044533959
S3_53749181 3 53753181 0.000148295125042028
S3_53779368 3 53783368 0.000505139853683932
S3_53807866 3 53811866 0.000225530521607104
S3_53857602 3 53861602 0.000498248093124705
S3_53910915 3 53914915 0.000131616870073715
S3_53992923 3 53996923 0.000410267244254514
S3_53992930 3 53996930 0.000410267244254537
S3_53993031 3 53997031 0.00076293029111294
S3_54139491 3 54143491 1.73521936387194e-09
S3_54245329 3 54249329 0.000166924296612003
S3_54283633 3 54287633 0.000403684299390257
S3_54283654 3 54287654 0.000403684299390194
S3_54364062 3 54368062 5.80796647239485e-05
S3_54519960 3 54523960 0.000627728161591203
S3_54552237 3 54556237 0.000598626335821559
S3_54562605 3 54566605 0.000100606936863535
S3_54678428 3 54682428 0.000215839283428252
S3_54796280 3 54800280 4.39139767241922e-05
S3_54797481 3 54801481 0.000270313488123127
S3_54831259 3 54835259 1.55217019142255e-05
S3_54831280 3 54835280 1.55217019142255e-05
S3_54852429 3 54856429 9.2442891882096e-06
S3_55009592 3 55013592 0.000261150842305927
S3_55082428 3 55086428 9.9893378398414e-05
S3_55408941 3 55412941 0.000370574195569663
S3_55490422 3 55494422 5.59599041376833e-05
S3_55512072 3 55516072 0.000379620922244877
S3_55515323 3 55519323 0.000218010012078194
S3_55522770 3 55526770 0.000100897038568665
S3_55522801 3 55526801 0.000100897038568665
S3_55522805 3 55526805 0.00010089703856865
S3_55522807 3 55526807 0.00010089703856865
S3_55958968 3 55962968 5.65430778055822e-05
S3_56035630 3 56039630 2.72967441452639e-05
S3_56095424 3 56099424 2.30437179369135e-05
S3_56117458 3 56121458 0.000744510256265985
S3_56118233 3 56122233 0.000996361064140226
S3_56145765 3 56149765 0.000197516802811256
S3_56148847 3 56152847 2.38620643522363e-06
S3_56159538 3 56163538 0.00072236770563008
S3_56161123 3 56165123 1.55035197713512e-05
S3_56161126 3 56165126 5.38428314740553e-07
S3_56271126 3 56275126 0.000343804937583766
S3_56379331 3 56383331 0.000795869227357102
S3_56381143 3 56385143 6.23348093608278e-06
S3_56420734 3 56424734 1.02571376671201e-05
S3_56420919 3 56424919 0.0001352346359185
S3_56430799 3 56434799 0.000911357840266806
S3_56440655 3 56444655 0.000419748904887049
S3_56441049 3 56445049 0.000704018699902675
S3_56525761 3 56529761 0.000255386594303845
S3_56576355 3 56580355 0.000172385782117978
S3_56731861 3 56735861 1.67467728497231e-05
S3_56771747 3 56775747 0.000690840067725667
S3_56851481 3 56855481 0.000507517044508424
S3_56851542 3 56855542 0.000380793706549109
S3_56898369 3 56902369 6.45037802249141e-05
S3_56907562 3 56911562 3.20193118660738e-05
S3_56945083 3 56949083 0.000920937172771029
S3_56949012 3 56953012 0.000310381952985314
S3_56949286 3 56953286 0.000292322998702352
S3_56960703 3 56964703 2.55293066323087e-05
S3_56960921 3 56964921 9.1826573348282e-05
S3_57036978 3 57040978 2.19859536467257e-05
S3_57313508 3 57317508 1.24842271158578e-05
S3_57362391 3 57366391 8.30625928904227e-05
S3_57538925 3 57542925 5.77727242796822e-07
S3_57558662 3 57562662 0.000511198319064649
S3_57591615 3 57595615 3.01231195489312e-05
S3_57933721 3 57937721 1.59232754608776e-05
S3_57933723 3 57937723 3.59337242672174e-06
S3_57936969 3 57940969 0.000936894925402414
S3_58251340 3 58255340 0.00049008370071722
S3_58278334 3 58282334 0.000127137215041737
S3_58330092 3 58334092 7.80564709108245e-05
S3_58345890 3 58349890 1.17720386502551e-06
S3_58430745 3 58434745 0.000802904487661231
S3_58438152 3 58442152 9.24087514221439e-05
S3_58514829 3 58518829 0.000115758926978163
S3_58592362 3 58596362 0.000893902430317454
S3_58595616 3 58599616 3.27564704916311e-06
S3_58877960 3 58881960 0.000753144056096695
S3_59462876 3 59466876 0.000183997241333826
S3_59508462 3 59512462 0.000835742491442488
S3_59730142 3 59734142 8.7707065332512e-05
S3_59730153 3 59734153 8.7707065332512e-05
S3_59813568 3 59817568 6.2967784682351e-05
S3_59964503 3 59968503 2.07713375459712e-05
S3_60019635 3 60023635 0.000202240459839297
S3_60062759 3 60066759 0.000753749840763116
S3_60138158 3 60142158 2.48980510504943e-05
S3_60173564 3 60177564 1.16315708461697e-05
S3_60209506 3 60213506 0.000539480610199007
S3_60209507 3 60213507 0.000539480610199007
S3_60271355 3 60275355 0.000266875327274835
S3_60297378 3 60301378 4.39102973013159e-09
S3_60303394 3 60307394 0.000891814065569595
S3_60332887 3 60336887 0.000211279413085454
S3_60332889 3 60336889 0.000211279413085454
S3_60445378 3 60449378 0.000812789577602095
S3_60537782 3 60541782 0.000216095667576977
S3_60537785 3 60541785 0.000210275293352992
S3_60626970 3 60630970 2.30726781563484e-05
S3_60626991 3 60630991 2.30726781563484e-05
S3_60742218 3 60746218 3.22705816194991e-05
S3_60774947 3 60778947 1.9660906196172e-05
S3_60854745 3 60858745 0.000250963995534644
S3_60859348 3 60863348 3.41147322707276e-05
S3_60944094 3 60948094 0.000884493383169373
S3_61134232 3 61138232 4.36796035822566e-06
S3_61149422 3 61153422 2.25910202193462e-05
S3_61391694 3 61395694 4.39212601086727e-05
S3_61498915 3 61502915 0.000297719977764837
S3_61606804 3 61610804 0.00037478145559103
S3_61675796 3 61679796 0.000572485567034687
S3_61771594 3 61775594 0.000873339562025844
S3_61886181 3 61890181 4.01379711191382e-05
S3_62062150 3 62066150 5.19330796331354e-05
S3_62124397 3 62128397 0.000115307590809993
S3_62194267 3 62198267 3.50182791420971e-05
S3_62200699 3 62204699 1.32624164206219e-05
S3_62208454 3 62212454 1.95004198498768e-05
S3_62232619 3 62236619 0.000167430556481621
S3_62248239 3 62252239 0.000625239273983645
S3_62316691 3 62320691 1.54618990560932e-05
S3_62390624 3 62394624 0.000125999228033665
S3_62466715 3 62470715 5.6246257587018e-05
S3_62493602 3 62497602 0.000322402282336536
S3_62726003 3 62730003 5.593053866392e-09
S3_62751301 3 62755301 1.68158447158045e-05
S3_63004543 3 63008543 9.38880468569409e-05
S3_63010473 3 63014473 0.000171382196077179
S3_63010557 3 63014557 0.000500855148964448
S3_63099645 3 63103645 3.69097935102328e-05
S3_63134938 3 63138938 0.000890065784935452
S3_63134960 3 63138960 0.000890065784935452
S3_63134985 3 63138985 0.000890065784935452
S3_63163620 3 63167620 6.24498115090059e-05
S3_63236188 3 63240188 0.000590727583441887
S3_63294001 3 63298001 5.43261642195124e-05
S3_63439644 3 63443644 0.000210276476221184
S3_63466250 3 63470250 8.18758117457911e-06
S3_63466289 3 63470289 8.2739617168733e-06
S3_63522581 3 63526581 5.62999209930879e-05
S3_63553129 3 63557129 5.31586191251166e-05
S3_63584622 3 63588622 6.57695080049817e-05
S3_63611714 3 63615714 0.000969162127250003
S3_63618725 3 63622725 0.000183082742655894
S3_63619962 3 63623962 1.4870063697524e-06
S3_63620355 3 63624355 2.9799412025423e-07
S3_63627011 3 63631011 2.50967589662186e-06
S3_63633817 3 63637817 5.99278818491502e-05
S3_63653000 3 63657000 0.000205153030477431
S3_63660565 3 63664565 2.15352786009652e-05
S3_63671137 3 63675137 0.000428347150158451
S3_63780540 3 63784540 0.000828288650510783
S3_63928247 3 63932247 9.93510060069583e-06
S3_63940980 3 63944980 0.000126049757129168
S3_63941235 3 63945235 1.19265248382131e-06
S3_63948975 3 63952975 1.54629024224177e-07
S3_63996922 3 64000922 0.000198304660616156
S3_64034991 3 64038991 0.000484703293208107
S3_64103332 3 64107332 0.0001432003360324
S3_64133688 3 64137688 0.000334808534188527
S3_64173470 3 64177470 1.00293381005481e-06
S3_64173477 3 64177477 1.54768828266495e-06
S3_64248395 3 64252395 3.24908465148861e-05
S3_64356997 3 64360997 3.7770640978071e-05
S3_64422418 3 64426418 0.000528380363094042
S3_64423954 3 64427954 0.000789460598931333
S3_64537680 3 64541680 6.47082623631205e-06
S3_64661720 3 64665720 0.000602163090869444
S3_65029171 3 65033171 4.47473184404614e-06
S3_65109780 3 65113780 6.47036226996723e-06
S3_65322907 3 65326907 1.03937445352128e-05
S3_65327674 3 65331674 4.16403330457389e-07
S3_65345020 3 65349020 6.71457144732631e-06
S3_65463332 3 65467332 0.000762277932894739
S3_65620175 3 65624175 0.000273366967189731
S3_65627721 3 65631721 3.99084355828822e-05
S3_65690812 3 65694812 2.1999765670501e-05
S3_65690821 3 65694821 2.07166027541375e-05
S3_65773756 3 65777756 5.02562544299757e-05
S3_66074400 3 66078400 0.000253306594659369
S3_66145925 3 66149925 2.84997099436333e-05
S3_66195729 3 66199729 0.000814922734277866
S3_66233711 3 66237711 1.78031804271135e-05
S3_66309047 3 66313047 0.000526695307018753
S3_66398441 3 66402441 3.03992067321009e-05
S3_66488176 3 66492176 0.000786448301330608
S3_66488177 3 66492177 0.000786448301330608
S3_66505040 3 66509040 3.19756288607175e-05
S3_66709559 3 66713559 3.92064136443136e-05
S3_66709578 3 66713578 5.69117973684181e-05
S3_66737825 3 66741825 0.000714808186473603
S3_66934479 3 66938479 0.00030447118972865
S3_67112331 3 67116331 2.8164541791617e-05
S3_67115912 3 67119912 1.9700207412154e-05
S3_67207923 3 67211923 2.98954230958487e-05
S3_67249197 3 67253197 8.61314832606085e-05
S3_67255477 3 67259477 0.000799936586493676
S3_67255644 3 67259644 0.000878978166876465
S3_67265226 3 67269226 0.000241615608946146
S3_67284214 3 67288214 2.48990804465812e-05
S3_67372699 3 67376699 5.24323110915553e-06
S3_67402681 3 67406681 6.47472949307777e-05
S3_67485800 3 67489800 5.90224865315966e-05
S3_67539365 3 67543365 4.16485491921531e-05
S3_67539383 3 67543383 4.16485491921531e-05
S3_67549557 3 67553557 0.00072698303252041
S3_67556354 3 67560354 0.000194609536098045
S3_67566783 3 67570783 0.000132997193404669
S3_67575142 3 67579142 0.000146067731465819
S3_67661483 3 67665483 1.99376559709325e-07
S3_67661505 3 67665505 9.95359437862468e-07
S3_67724987 3 67728987 0.000870475223682052
S3_67798368 3 67802368 8.43653848643243e-06
S3_67821159 3 67825159 0.000531310253313223
S3_67846604 3 67850604 0.000255278080471624
S3_67914030 3 67918030 9.55842402210878e-06
S3_67917503 3 67921503 0.000322018374949216
S3_68026092 3 68030092 2.49980774707989e-05
S3_68035048 3 68039048 0.000487404192994071
S3_68074746 3 68078746 0.000163389777165148
S3_68199791 3 68203791 0.000642061956428116
S3_68199842 3 68203842 0.000437418733985014
S3_68200747 3 68204747 0.000345382471195401
S3_68216530 3 68220530 1.17479387353736e-05
S3_68243052 3 68247052 0.000346626831118598
S3_68270711 3 68274711 7.7903821297912e-05
S3_68279742 3 68283742 0.00098634941880109
S3_68283443 3 68287443 0.000385671741674369
S3_68385804 3 68389804 8.71105264139438e-05
S3_68395937 3 68399937 0.000487808988410054
S3_68399488 3 68403488 0.000379283223747065
S3_68408831 3 68412831 1.96626442466972e-05
S3_68409539 3 68413539 0.000253026313410879
S3_68409551 3 68413551 0.000253026313410879
S3_68427680 3 68431680 0.00022604500400247
S3_68432434 3 68436434 5.82419505865806e-05
S3_68656845 3 68660845 2.89700431368811e-05
S3_68769169 3 68773169 0.000475049045366812
S3_68769174 3 68773174 0.000475049045366709
S3_68783220 3 68787220 8.46219946495273e-06
S3_68821034 3 68825034 0.000510602170947735
S3_68893869 3 68897869 6.30901772043529e-06
S3_68894231 3 68898231 0.000358954800847616
S3_68897305 3 68901305 5.9889180003283e-05
S3_68929370 3 68933370 0.000245239958914934
S3_68933199 3 68937199 0.0009733154585161
S3_68944636 3 68948636 0.000468072283994915
S3_68944751 3 68948751 0.00066554665636992
S3_68944752 3 68948752 0.00066554665636992
S3_68944753 3 68948753 0.00066554665636992
S3_68944756 3 68948756 0.00066554665636992
S3_68960857 3 68964857 8.13664798374739e-06
S3_68984630 3 68988630 0.000381007197764042
S3_69021622 3 69025622 0.000616727365958846
S3_69026438 3 69030438 0.000207468504712767
S3_69058853 3 69062853 0.000622211218599226
S3_69090065 3 69094065 4.3566654652076e-05
S3_69090089 3 69094089 4.3566654652076e-05
S3_69113079 3 69117079 0.000266189289701413
S3_69129006 3 69133006 0.000237559578649207
S3_69132872 3 69136872 0.00070921333941003
S3_69167304 3 69171304 0.000261893693479146
S3_69191366 3 69195366 1.29597505854572e-07
S3_69558779 3 69562779 0.00030853537233018
S3_69617093 3 69621093 8.77648259847974e-06
S3_69720811 3 69724811 3.55690248551997e-05
S3_69805790 3 69809790 6.8323356609217e-05
S3_69806212 3 69810212 3.17247641880799e-05
S3_69917390 3 69921390 0.000503997471218717
S3_69942452 3 69946452 1.70826983017071e-05
S3_69948528 3 69952528 5.4412819578859e-05
S3_69948688 3 69952688 6.58963596553296e-06
S3_69954120 3 69958120 5.9615973817316e-05
S3_69961982 3 69965982 0.000681736996375918
S3_69977234 3 69981234 5.5790164248907e-06
S3_69994998 3 69998998 0.000536718064005037
S3_70090425 3 70094425 0.000139540300737868
S3_70102336 3 70106336 3.00907456839509e-05
S3_70138833 3 70142833 1.65021822933236e-05
S3_70160325 3 70164325 2.86156752970442e-05
S3_70160326 3 70164326 2.80803053559474e-05
S3_70160327 3 70164327 3.88127066605963e-05
S3_70160329 3 70164329 2.86156752970466e-05
S3_70512469 3 70516469 7.05636983091221e-05
S3_70612427 3 70616427 0.000704372969743573
S3_70745889 3 70749889 2.2871167392163e-05
S3_70788300 3 70792300 0.000817932034492033
S3_70982829 3 70986829 2.95343862745744e-05
S3_71057568 3 71061568 0.000991479406293884
S3_71117011 3 71121011 0.000916877954202686
S3_71165034 3 71169034 1.30230354989404e-06
S3_71198192 3 71202192 1.71120037583414e-05
S3_71202124 3 71206124 0.000385096619869356
S3_71269307 3 71273307 5.25111043055357e-06
S3_71283813 3 71287813 0.000368166754872379
S3_71302918 3 71306918 0.00052516272084551
S3_71303009 3 71307009 0.000537769733525877
S3_71333484 3 71337484 0.000814864309366894
S3_71335192 3 71339192 0.000540887606810852
S3_71335204 3 71339204 0.000619386432357457
S3_71335262 3 71339262 0.000742480165512681
S3_71335472 3 71339472 0.000713202725566408
S3_71335503 3 71339503 0.00012804317780638
S3_71335510 3 71339510 0.000237321968650901
S3_71335718 3 71339718 0.000783565208059944
S3_71335797 3 71339797 0.00056100078167605
S3_71375358 3 71379358 7.48552407587258e-05
S3_71407977 3 71411977 0.000389931353459674
S3_71533508 3 71537508 0.000694544719576547
S3_71635801 3 71639801 3.76618394973722e-06
S3_71870573 3 71874573 4.3480484010449e-06
S3_71879388 3 71883388 0.000167818362586371
S3_71899761 3 71903761 1.83567147914394e-05
S3_72171812 3 72175812 0.000872437011393663
S3_72227769 3 72231769 0.000378932278523356
S3_72264015 3 72268015 9.12465055335313e-06
S3_72326696 3 72330696 5.63886642645832e-07
S3_72377176 3 72381176 1.23662547867846e-05
S3_72455068 3 72459068 0.000499926428304408
S3_72455116 3 72459116 0.000499926428304408
S3_72467293 3 72471293 0.000514509340619445
S3_72521915 3 72525915 0.000174106577349121
S3_72590162 3 72594162 0.000147271791881772
S3_72615829 3 72619829 0.000559598268522067
S3_72615830 3 72619830 0.000559598268522067
S3_72615831 3 72619831 0.000559598268522067
S3_72615833 3 72619833 0.000559598268522067
S3_72616837 3 72620837 0.000274939544105021
S3_72617209 3 72621209 7.34757750607369e-05
S3_72617616 3 72621616 5.35175530898171e-05
S3_72617640 3 72621640 2.2283273373721e-05
S3_72625153 3 72629153 1.43311429615548e-05
S3_72911646 3 72915646 0.000277235731275306
S3_73056363 3 73060363 0.000222210544839872
S3_73056450 3 73060450 0.000340005444342188
S3_73223066 3 73227066 5.25462196758416e-05
S3_73387483 3 73391483 0.000478870611900767
S3_73473378 3 73477378 0.000958625268822113
S3_73496542 3 73500542 0.0007932280663759
S3_73507016 3 73511016 0.000734569416167276
S3_73537620 3 73541620 2.67559961197018e-05
S3_73662010 3 73666010 0.000298169749187654
S3_73667098 3 73671098 6.10853487326426e-05
S3_73707399 3 73711399 0.000133027251437684
S3_73926253 3 73930253 1.25749036124089e-05
S3_73957205 3 73961205 1.05530147596911e-05
S3_73984052 3 73988052 0.00030961324962249
S3_74413809 3 74417809 1.40832888375367e-06
