Marker Chr Pos p
S3_22450 3 26450 0.00024632743921461
S3_64898 3 68898 0.000146612762326016
S3_121655 3 125655 6.21571091176559e-05
S3_297726 3 301726 0.000929862782525575
S3_309269 3 313269 3.75988218476538e-11
S3_323129 3 327129 0.00063461344956804
S3_409379 3 413379 7.50934953951535e-08
S3_504045 3 508045 1.98799771215355e-06
S3_637613 3 641613 0.000415056335276175
S3_678952 3 682952 7.84138177520521e-06
S3_689416 3 693416 1.32767717070246e-05
S3_689463 3 693463 9.6993997464958e-05
S3_689473 3 693473 9.6993997464958e-05
S3_689510 3 693510 9.69939974649352e-05
S3_700436 3 704436 5.01455146650733e-05
S3_702549 3 706549 0.00014345036122453
S3_702550 3 706550 0.00014345036122453
S3_702551 3 706551 0.00014345036122453
S3_705688 3 709688 0.00016468965064968
S3_752916 3 756916 8.76794549720702e-05
S3_766444 3 770444 0.000610495714833818
S3_915075 3 919075 7.62398351553699e-06
S3_949678 3 953678 3.18050025743593e-05
S3_1068853 3 1072853 0.000371655066038624
S3_1174092 3 1178092 0.000214732825072849
S3_1194068 3 1198068 0.000915153510026683
S3_1200995 3 1204995 0.000416456277103941
S3_1214043 3 1218043 4.25467405765433e-05
S3_1221220 3 1225220 5.1847694035799e-05
S3_1223685 3 1227685 0.000335465086719313
S3_1223715 3 1227715 0.000335465086719313
S3_1223721 3 1227721 0.000335465086719313
S3_1246237 3 1250237 0.000943572801013718
S3_1331474 3 1335474 0.00037181444158679
S3_1335227 3 1339227 0.000276771952819168
S3_1371417 3 1375417 4.25941199755501e-05
S3_1406545 3 1410545 0.000247554923289909
S3_1421760 3 1425760 0.000524649297414782
S3_1424370 3 1428370 1.32295245493023e-05
S3_1424407 3 1428407 1.11943857904609e-05
S3_1424617 3 1428617 0.000981621208965202
S3_1481133 3 1485133 3.71634091621119e-05
S3_1629182 3 1633182 0.000898074620734378
S3_1754293 3 1758293 3.40285634467206e-06
S3_1759689 3 1763689 2.18008055075446e-05
S3_1776349 3 1780349 0.000413576988471682
S3_1821407 3 1825407 0.00026445020603917
S3_1833862 3 1837862 0.000134240366676092
S3_1862401 3 1866401 0.000406864061343553
S3_1862558 3 1866558 9.15825896009828e-05
S3_1903732 3 1907732 0.000533902866889968
S3_1968371 3 1972371 0.000865319494225391
S3_1974720 3 1978720 0.000475822955622421
S3_1977930 3 1981930 7.50708535895323e-05
S3_1991446 3 1995446 0.000181745391570686
S3_1996112 3 2000112 2.63396670636414e-05
S3_2069667 3 2073667 5.87881741519612e-05
S3_2069674 3 2073674 0.000153986490678351
S3_2079251 3 2083251 2.22147593020311e-06
S3_2087194 3 2091194 1.7004752950889e-07
S3_2087212 3 2091212 4.84114096133811e-05
S3_2108804 3 2112804 0.000548990473621602
S3_2114800 3 2118800 8.00800481776885e-05
S3_2129899 3 2133899 3.27441069189414e-05
S3_2129902 3 2133902 0.000940566649581962
S3_2130018 3 2134018 2.20075233795905e-07
S3_2130212 3 2134212 5.06808996970655e-05
S3_2140542 3 2144542 0.000859465681498984
S3_2144302 3 2148302 0.000237227262746049
S3_2148641 3 2152641 1.20868053918313e-05
S3_2149044 3 2153044 0.000134950042433605
S3_2149433 3 2153433 0.000897505822866781
S3_2170847 3 2174847 1.12319988949435e-05
S3_2170849 3 2174849 1.3537015194396e-05
S3_2195049 3 2199049 0.000132929591669778
S3_2289404 3 2293404 0.000104388879777536
S3_2377716 3 2381716 0.000245090249730561
S3_2477892 3 2481892 0.000340486243356178
S3_2477912 3 2481912 0.000561144059926836
S3_2735389 3 2739389 0.00071630041745144
S3_2766716 3 2770716 0.000509197267289298
S3_2784147 3 2788147 0.000491018949956527
S3_2934171 3 2938171 0.000606411076425958
S3_2948291 3 2952291 1.75577381267165e-05
S3_2949684 3 2953684 0.000925012229857393
S3_2949702 3 2953702 0.000197861793473073
S3_2960426 3 2964426 0.000127321610129826
S3_2986079 3 2990079 0.000402255324592657
S3_2991108 3 2995108 0.00096942630632823
S3_3000919 3 3004919 0.000761143475978779
S3_3023916 3 3027916 0.0002045358601706
S3_3034129 3 3038129 0.000393877082313054
S3_3079184 3 3083184 0.000759936783159698
S3_3087591 3 3091591 0.000647873100532739
S3_3151802 3 3155802 3.50398066045407e-06
S3_3182781 3 3186781 4.75957395680062e-05
S3_3206860 3 3210860 8.13559697707248e-05
S3_3206885 3 3210885 8.13559697707248e-05
S3_3207173 3 3211173 2.70419900320359e-06
S3_3207181 3 3211181 2.70419900320359e-06
S3_3207666 3 3211666 0.000619965034718211
S3_3220118 3 3224118 1.29008096094935e-05
S3_3220120 3 3224120 1.19570488931478e-05
S3_3220122 3 3224122 0.000118335220287795
S3_3691540 3 3695540 5.32867391606336e-05
S3_3817771 3 3821771 0.000634257978126172
S3_3817801 3 3821801 0.000440786933898008
S3_3912718 3 3916718 1.98374792977659e-05
S3_3916038 3 3920038 0.000609075875074831
S3_3928308 3 3932308 0.000683980247105322
S3_3928309 3 3932309 0.000683980247105648
S3_3928351 3 3932351 0.000683980247105648
S3_3928493 3 3932493 0.000386754786357705
S3_3928653 3 3932653 0.000472906612355937
S3_3943991 3 3947991 0.000651022288087485
S3_3944005 3 3948005 0.000593973365560576
S3_3952519 3 3956519 0.000147915783278131
S3_3952525 3 3956525 0.000150481721302288
S3_3955263 3 3959263 0.00016816466478719
S3_4079377 3 4083377 9.94686477795191e-05
S3_4173234 3 4177234 0.000519928520285709
S3_4214844 3 4218844 0.000210359058278435
S3_4275911 3 4279911 0.000192946047500431
S3_4275912 3 4279912 0.000192946047500431
S3_4282698 3 4286698 0.00014098376512482
S3_4391077 3 4395077 0.00016882368753704
S3_4453535 3 4457535 0.000967991959288509
S3_4549927 3 4553927 1.96321532548692e-09
S3_4550087 3 4554087 0.000345152411495873
S3_4550317 3 4554317 3.09570322932872e-05
S3_4550336 3 4554336 3.09570322932947e-05
S3_4554925 3 4558925 0.00012354169592034
S3_4554929 3 4558929 0.00012354169592034
S3_4554958 3 4558958 0.00012354169592034
S3_4554966 3 4558966 0.00012354169592034
S3_4556560 3 4560560 0.000732055026024392
S3_4557276 3 4561276 0.000696560491948332
S3_4587199 3 4591199 0.000763483087652973
S3_4614267 3 4618267 6.20873119973552e-05
S3_4656644 3 4660644 5.28820559265198e-05
S3_4763275 3 4767275 0.000380441337472474
S3_4764972 3 4768972 0.00028458807696451
S3_4774547 3 4778547 6.36607858171044e-06
S3_4774548 3 4778548 1.48103372758335e-06
S3_4774559 3 4778559 6.36607858171044e-06
S3_4774574 3 4778574 6.36607858171044e-06
S3_5044826 3 5048826 0.000108593080377941
S3_5160208 3 5164208 3.41688743594173e-05
S3_5162459 3 5166459 0.000792842905903738
S3_5378489 3 5382489 0.00088353115877036
S3_5482060 3 5486060 0.000887416396332519
S3_5498750 3 5502750 0.000964001630286994
S3_5527903 3 5531903 0.000601710620588845
S3_5607079 3 5611079 0.000441432456219865
S3_5607086 3 5611086 0.000711924473654092
S3_5702738 3 5706738 0.00087667938397345
S3_5775916 3 5779916 2.17368932512217e-05
S3_5822691 3 5826691 0.000623935260687769
S3_6113028 3 6117028 0.000681613152710027
S3_6189621 3 6193621 2.1205727730199e-06
S3_6202723 3 6206723 0.000132774399264378
S3_6326842 3 6330842 0.00041284723739447
S3_6329007 3 6333007 5.0230255820125e-05
S3_6329039 3 6333039 1.64973097964499e-05
S3_6332760 3 6336760 0.000211819349063102
S3_6344262 3 6348262 0.000214314167222538
S3_6355887 3 6359887 0.00014577246563384
S3_6356061 3 6360061 6.54764407855523e-05
S3_6630854 3 6634854 0.000968512041511891
S3_6655018 3 6659018 0.000503567916442185
S3_6680531 3 6684531 0.00038309043329014
S3_6705731 3 6709731 8.91239205734718e-09
S3_6716895 3 6720895 0.000288450348177292
S3_6721525 3 6725525 5.50891653070456e-10
S3_6723223 3 6727223 2.96150744575743e-06
S3_6748265 3 6752265 9.15859907123153e-08
S3_6760366 3 6764366 2.86464283004384e-08
S3_6768423 3 6772423 4.83682135371936e-07
S3_6829237 3 6833237 2.57988778006001e-05
S3_6833114 3 6837114 2.05668876795015e-06
S3_6836777 3 6840777 8.34187332935447e-10
S3_6897343 3 6901343 0.000204352569450513
S3_6929457 3 6933457 0.000327373767327611
S3_6929481 3 6933481 0.000327373767327611
S3_6969103 3 6973103 0.000521378344818117
S3_7131825 3 7135825 0.00098215772862113
S3_7168700 3 7172700 0.000273557608186783
S3_7195151 3 7199151 0.000997765443171112
S3_7206896 3 7210896 1.05048585822684e-06
S3_7216488 3 7220488 0.000421220421023943
S3_7230275 3 7234275 5.63588474367381e-05
S3_7230278 3 7234278 5.63588474367471e-05
S3_7230280 3 7234280 5.63588474367381e-05
S3_7230281 3 7234281 5.63588474367471e-05
S3_7231367 3 7235367 1.95849928950701e-07
S3_7235447 3 7239447 2.21118226653591e-06
S3_7235568 3 7239568 1.33418917722344e-05
S3_7240337 3 7244337 9.6141074577602e-06
S3_7258190 3 7262190 1.37696922216777e-08
S3_7258195 3 7262195 2.96411276872794e-09
S3_7258212 3 7262212 1.33064257092824e-06
S3_7264789 3 7268789 0.000253080253314884
S3_7270990 3 7274990 6.62864513382381e-09
S3_7304823 3 7308823 4.75570153803711e-10
S3_7304845 3 7308845 4.75570153803711e-10
S3_7306886 3 7310886 0.000688118618671665
S3_7357076 3 7361076 7.88858814736121e-06
S3_7374399 3 7378399 0.000104863775099946
S3_7397685 3 7401685 3.93426825397724e-07
S3_7418643 3 7422643 0.000587070145182128
S3_7420564 3 7424564 8.70064691896738e-08
S3_7420584 3 7424584 5.01667503333458e-06
S3_7420616 3 7424616 3.76817493698255e-07
S3_7422398 3 7426398 0.000546218974015891
S3_7428979 3 7432979 0.000326120278100592
S3_7428980 3 7432980 0.000326120278100592
S3_7428982 3 7432982 0.000726453112312254
S3_7428984 3 7432984 0.000726453112312254
S3_7443255 3 7447255 0.000309581940273292
S3_7458342 3 7462342 0.000289201490305969
S3_7490968 3 7494968 0.000135759915837677
S3_7491265 3 7495265 5.31251929629898e-05
S3_7499213 3 7503213 0.000394136222561378
S3_7499215 3 7503215 0.00098808790701272
S3_7529225 3 7533225 0.000603116046846094
S3_7570849 3 7574849 0.000343662094184877
S3_7571316 3 7575316 0.000671416213265568
S3_7572623 3 7576623 7.35426105468556e-07
S3_7584459 3 7588459 0.000921775653020777
S3_7602727 3 7606727 0.000663383617889227
S3_7708155 3 7712155 3.35555264735991e-07
S3_7708168 3 7712168 3.35555264735991e-07
S3_7775524 3 7779524 9.3480322130744e-05
S3_7924891 3 7928891 0.000792720136852304
S3_7999098 3 8003098 0.000195892566816728
S3_8074776 3 8078776 0.000873257960803068
S3_8136715 3 8140715 1.46750722425259e-05
S3_8147290 3 8151290 0.000108953041027774
S3_8165113 3 8169113 0.000109601548606927
S3_8214275 3 8218275 0.000132679508935352
S3_8263715 3 8267715 0.000150758444981778
S3_8316144 3 8320144 4.97536439944941e-06
S3_8349110 3 8353110 7.66045761968929e-06
S3_8436981 3 8440981 4.09192724491129e-06
S3_8441301 3 8445301 1.07184783057111e-09
S3_8446712 3 8450712 0.000699433200456809
S3_8455936 3 8459936 2.67881671706404e-06
S3_8577212 3 8581212 0.000355935314586043
S3_8635964 3 8639964 6.9420787879371e-05
S3_8635981 3 8639981 6.9420787879371e-05
S3_8636010 3 8640010 0.00084875606765287
S3_8636052 3 8640052 0.000622899006683901
S3_8636075 3 8640075 0.000622899006683901
S3_8639223 3 8643223 0.000596925375107603
S3_8639272 3 8643272 0.00052113222794179
S3_8639906 3 8643906 0.000765006069632233
S3_8650067 3 8654067 0.000223706564073463
S3_8650111 3 8654111 0.000972608154617923
S3_8653881 3 8657881 0.000267396713732201
S3_8664408 3 8668408 0.000113791986563493
S3_8669588 3 8673588 0.000483924141066131
S3_8688325 3 8692325 0.000171118865991044
S3_8702759 3 8706759 0.000411988819302327
S3_8750578 3 8754578 0.000188021790768033
S3_8803990 3 8807990 0.00080999256165961
S3_8804006 3 8808006 0.00080999256165961
S3_8890715 3 8894715 0.000223059348660538
S3_8976434 3 8980434 0.000595318872839158
S3_8976895 3 8980895 0.000954552328946848
S3_8985061 3 8989061 0.000237997706298812
S3_8985807 3 8989807 0.000645427033421027
S3_8985821 3 8989821 0.000645427033421027
S3_8990838 3 8994838 0.000628612530266508
S3_8990879 3 8994879 0.000628612530266508
S3_8997007 3 9001007 0.000705950160940964
S3_9024407 3 9028407 0.00066228743535109
S3_9024666 3 9028666 0.000447024139723755
S3_9024671 3 9028671 0.000447024139723755
S3_9024675 3 9028675 0.000447024139723755
S3_9047965 3 9051965 0.000114496560818511
S3_9116267 3 9120267 1.6894418737096e-07
S3_9116268 3 9120268 1.68944187370934e-07
S3_9116999 3 9120999 0.000953710653017741
S3_9117023 3 9121023 0.000754822867829261
S3_9119710 3 9123710 4.13173767290711e-07
S3_9119740 3 9123740 4.13173767290711e-07
S3_9119746 3 9123746 4.13173767290711e-07
S3_9119843 3 9123843 6.20071918239425e-06
S3_9120289 3 9124289 0.000992866126870977
S3_9120817 3 9124817 4.34816808126573e-06
S3_9120818 3 9124818 4.34816808126573e-06
S3_9122961 3 9126961 0.000592121536984071
S3_9123311 3 9127311 3.74571273322634e-06
S3_9288823 3 9292823 0.000589712950794165
S3_9292355 3 9296355 0.000710332639676518
S3_9315264 3 9319264 0.00082220559201943
S3_9315785 3 9319785 6.38928567413899e-05
S3_9338050 3 9342050 0.000885908400824835
S3_9348793 3 9352793 4.92377174252709e-05
S3_9404153 3 9408153 4.43004969361513e-09
S3_9417429 3 9421429 2.54400540346436e-06
S3_9418546 3 9422546 0.000136840625102634
S3_9606335 3 9610335 0.000288111814023205
S3_9606657 3 9610657 0.000234530953276691
S3_9616146 3 9620146 0.000306017468821866
S3_9627255 3 9631255 3.01448894542691e-05
S3_9661820 3 9665820 0.000898723517863837
S3_9679127 3 9683127 6.95727280801248e-06
S3_9679475 3 9683475 1.06175959804186e-06
S3_9679494 3 9683494 1.06175959804186e-06
S3_9682480 3 9686480 0.000292307798197375
S3_9682505 3 9686505 0.000292307798197375
S3_9682529 3 9686529 0.000292307798197375
S3_9688967 3 9692967 8.1912779375221e-05
S3_9690616 3 9694616 1.32023088190013e-07
S3_9690643 3 9694643 1.32023088190024e-07
S3_9690646 3 9694646 2.91070596887642e-07
S3_9690794 3 9694794 2.14133442349518e-06
S3_9691170 3 9695170 8.81365631518708e-05
S3_9697052 3 9701052 0.000103597583227163
S3_9711806 3 9715806 0.000194411432851608
S3_9714159 3 9718159 6.85275310839889e-07
S3_9714164 3 9718164 6.85275310839889e-07
S3_9714171 3 9718171 1.70163982093313e-06
S3_9717822 3 9721822 2.77243717587236e-06
S3_9717925 3 9721925 9.88318922103195e-06
S3_9717926 3 9721926 5.36991870557747e-05
S3_9730204 3 9734204 7.45048472081547e-06
S3_9753663 3 9757663 0.000268325445413291
S3_9753902 3 9757902 3.0080202655722e-05
S3_9790488 3 9794488 5.13425559130334e-05
S3_9807766 3 9811766 1.95597523242604e-07
S3_9858014 3 9862014 1.0404469012884e-05
S3_9872485 3 9876485 0.00016191402978261
S3_9911168 3 9915168 1.65417936479017e-05
S3_9919581 3 9923581 0.000516802885751383
S3_9958532 3 9962532 7.50821909585622e-06
S3_10034537 3 10038537 0.000269699675346272
S3_10100153 3 10104153 2.43805955698062e-05
S3_10238627 3 10242627 2.69546527033411e-05
S3_10282951 3 10286951 6.98409231992721e-05
S3_10553375 3 10557375 0.000159779166379031
S3_10560784 3 10564784 0.000734022323764387
S3_10561278 3 10565278 0.000174675932712601
S3_10611214 3 10615214 0.000262013795051275
S3_10611380 3 10615380 7.26010824595625e-05
S3_10946798 3 10950798 0.000466019746439472
S3_11253041 3 11257041 0.000836512050574694
S3_11356017 3 11360017 0.00059285878143003
S3_11370822 3 11374822 8.50226174162651e-05
S3_11379434 3 11383434 0.000422390636531964
S3_11443536 3 11447536 0.000543314654211579
S3_11655840 3 11659840 0.000865471777379655
S3_11669363 3 11673363 0.000368601721447623
S3_11670190 3 11674190 0.000996362613521322
S3_11710248 3 11714248 7.99101286777338e-05
S3_11863474 3 11867474 0.000259647395610685
S3_11909431 3 11913431 1.92447934071313e-05
S3_11952031 3 11956031 0.000804189994889621
S3_11960911 3 11964911 0.000698623339290142
S3_12231335 3 12235335 0.00078392046014399
S3_12241493 3 12245493 0.000288310822097263
S3_12362535 3 12366535 0.000296291287993819
S3_12497537 3 12501537 0.000838376298889334
S3_12532635 3 12536635 0.000753757393818192
S3_12532664 3 12536664 0.000131766273748808
S3_12592185 3 12596185 2.99632817670796e-05
S3_12612505 3 12616505 0.000207043809239793
S3_12612508 3 12616508 0.000207043809239783
S3_12681790 3 12685790 0.000123955575373889
S3_12916894 3 12920894 1.68806390324886e-05
S3_12923009 3 12927009 0.000827147337792735
S3_12953920 3 12957920 6.79363407119954e-05
S3_13089030 3 13093030 0.000191600644951616
S3_13099528 3 13103528 3.48579329442563e-05
S3_13168505 3 13172505 0.000970071562050323
S3_13229977 3 13233977 4.72583143748736e-06
S3_13245832 3 13249832 0.000170898970980849
S3_13342977 3 13346977 0.000102611160676559
S3_13422997 3 13426997 0.000150000619677082
S3_13454512 3 13458512 8.59382363965148e-05
S3_13454516 3 13458516 8.59382363965148e-05
S3_13454517 3 13458517 8.59382363965148e-05
S3_13458692 3 13462692 5.7428653896278e-05
S3_13556980 3 13560980 0.000247197316039476
S3_13565544 3 13569544 1.17387230001152e-08
S3_13571275 3 13575275 7.88224917547521e-05
S3_13606257 3 13610257 0.000174792321042184
S3_13606258 3 13610258 0.000174792321042184
S3_13606259 3 13610259 0.000174792321042184
S3_13606260 3 13610260 0.000174792321042184
S3_13606261 3 13610261 0.000174792321042184
S3_13606262 3 13610262 0.000174792321042184
S3_13606263 3 13610263 0.000174792321042184
S3_13606264 3 13610264 0.000174792321042184
S3_13606265 3 13610265 0.000174792321042184
S3_13871093 3 13875093 5.17877719857081e-06
S3_13941723 3 13945723 5.75689311539192e-05
S3_13944592 3 13948592 3.09392173206527e-05
S3_13966045 3 13970045 1.09716053391998e-05
S3_13983991 3 13987991 1.77215137724996e-05
S3_14101266 3 14105266 5.17806760206167e-05
S3_14110819 3 14114819 9.02626807111242e-05
S3_14110824 3 14114824 9.02626807111242e-05
S3_14198546 3 14202546 0.000923036504970375
S3_14210421 3 14214421 1.73840713954042e-05
S3_14227259 3 14231259 0.000197312785709615
S3_14317489 3 14321489 6.9850381981289e-06
S3_14362989 3 14366989 0.000212703950310233
S3_14377491 3 14381491 0.000987171193949427
S3_14393740 3 14397740 0.000393201914774234
S3_14435997 3 14439997 0.000236221101758175
S3_14480467 3 14484467 0.000565504614241733
S3_14708928 3 14712928 0.000542246093757048
S3_14717771 3 14721771 0.000713284959983771
S3_14802895 3 14806895 0.000811320099274962
S3_14896193 3 14900193 5.66655457472455e-05
S3_14944200 3 14948200 0.000715638833117576
S3_14990569 3 14994569 0.00060769396691345
S3_15350252 3 15354252 0.000916003909900764
S3_15441785 3 15445785 1.21690871310621e-05
S3_15781291 3 15785291 3.55826006294977e-06
S3_15912400 3 15916400 4.87452238305162e-05
S3_15929746 3 15933746 9.41455470687959e-05
S3_16173253 3 16177253 0.00029774560988523
S3_16173269 3 16177269 0.000266085138439412
S3_16173315 3 16177315 0.0005713080493975
S3_16281283 3 16285283 0.000582923961252874
S3_17039686 3 17043686 0.000915901414483471
S3_17039746 3 17043746 0.000165806849938694
S3_17553417 3 17557417 0.000523312411057505
S3_17982963 3 17986963 0.000903979455186071
S3_17992930 3 17996930 0.000974989283553103
S3_18112547 3 18116547 3.68940134607812e-06
S3_18603919 3 18607919 0.000450563259847722
S3_18604005 3 18608005 0.00047941272308256
S3_18778338 3 18782338 0.000476506202481275
S3_18788412 3 18792412 0.000155900214851884
S3_19460464 3 19464464 0.000682994237181054
S3_19462985 3 19466985 7.05216802085788e-07
S3_19488965 3 19492965 0.000344769883166116
S3_19490945 3 19494945 0.000137040131245287
S3_19541419 3 19545419 0.00017625609694279
S3_19620710 3 19624710 0.000682948670700442
S3_19629155 3 19633155 2.85112147993386e-06
S3_19629159 3 19633159 2.85112147993386e-06
S3_19656835 3 19660835 2.19151346767768e-05
S3_20021007 3 20025007 0.000161533182476559
S3_20021069 3 20025069 2.40561291195327e-05
S3_20021548 3 20025548 0.000121688040600888
S3_20021837 3 20025837 8.33939824315086e-07
S3_20021867 3 20025867 0.000452034669071308
S3_20022097 3 20026097 0.00021428937726378
S3_20022707 3 20026707 0.000570114677397747
S3_20038798 3 20042798 1.30750303469391e-05
S3_20038831 3 20042831 0.000233447383904634
S3_20098324 3 20102324 0.000763954916005769
S3_20285676 3 20289676 0.000749597142548234
S3_20563681 3 20567681 9.44240497850166e-05
S3_20563712 3 20567712 9.44240497850166e-05
S3_20563734 3 20567734 0.000201063122758683
S3_20579007 3 20583007 5.39130704548711e-05
S3_20606849 3 20610849 0.000921672171362868
S3_21118764 3 21122764 0.000522141080379789
S3_23295770 3 23299770 1.63442846538284e-05
S3_24573644 3 24577644 0.000113068668923708
S3_24573649 3 24577649 0.000113068668923844
S3_26115210 3 26119210 0.000178320082555138
S3_26166501 3 26170501 9.97549313424929e-05
S3_27022848 3 27026848 6.20507606471637e-05
S3_27633391 3 27637391 0.000982855247087591
S3_27633403 3 27637403 0.000982855247087591
S3_28490247 3 28494247 0.000436354120528258
S3_31284464 3 31288464 0.000749555104640113
S3_31583043 3 31587043 7.39490103333382e-05
S3_33139431 3 33143431 4.84296598969774e-05
S3_34092062 3 34096062 4.44995793538695e-05
S3_34842440 3 34846440 0.000115743312102501
S3_37227184 3 37231184 0.000251747426548459
S3_38260137 3 38264137 4.86579391764408e-05
S3_38260244 3 38264244 8.67173725553329e-06
S3_38391570 3 38395570 0.000109377004616595
S3_39166842 3 39170842 0.000633138894792622
S3_39346452 3 39350452 0.000279492326463107
S3_41400921 3 41404921 7.41158976376392e-05
S3_41418042 3 41422042 6.45580830263278e-05
S3_41789552 3 41793552 6.40288028573042e-05
S3_41794231 3 41798231 0.000302166031683531
S3_42098252 3 42102252 0.00087261392147316
S3_42098283 3 42102283 0.000872613921472557
S3_42230033 3 42234033 7.83762423832574e-05
S3_42253006 3 42257006 0.000402881245326587
S3_42827638 3 42831638 0.00050475574318639
S3_42905229 3 42909229 0.000932347972071683
S3_43185043 3 43189043 1.59150115515655e-05
S3_43474961 3 43478961 0.000751764726843779
S3_44007223 3 44011223 0.00089806099586333
S3_44105056 3 44109056 0.000490949806065404
S3_44182310 3 44186310 7.65169953849061e-05
S3_45040462 3 45044462 0.000926344964291798
S3_45523543 3 45527543 0.000699132511267481
S3_45561864 3 45565864 0.000352314437212885
S3_45652235 3 45656235 0.000182388459373993
S3_46345690 3 46349690 0.000481289702459379
S3_47954398 3 47958398 0.000944108760913251
S3_47966468 3 47970468 0.000237497652158014
S3_47970771 3 47974771 0.000142522622697023
S3_48046867 3 48050867 0.000502981598222292
S3_48046919 3 48050919 0.000502981598222292
S3_48057706 3 48061706 0.00031654327876683
S3_48057931 3 48061931 0.000718306394669011
S3_48057958 3 48061958 0.000746876085010136
S3_48207809 3 48211809 0.000639982138859893
S3_48348961 3 48352961 0.000249497830019089
S3_48348962 3 48352962 0.000249497830019089
S3_48348998 3 48352998 0.000849076562183285
S3_48349095 3 48353095 0.000350141511699805
S3_48349096 3 48353096 0.000350141511699805
S3_48349110 3 48353110 0.000635059898460903
S3_48573203 3 48577203 0.000437073584470894
S3_48647387 3 48651387 8.0200638996452e-05
S3_48706624 3 48710624 5.49059957677395e-05
S3_48707210 3 48711210 0.000933837406234695
S3_48739040 3 48743040 0.000332472245899078
S3_48848241 3 48852241 2.5421683039897e-05
S3_48953633 3 48957633 1.53454015310077e-06
S3_49016320 3 49020320 0.000522012078925498
S3_49016322 3 49020322 0.000522012078925498
S3_49145526 3 49149526 5.0282701209837e-06
S3_49150228 3 49154228 7.64431803598889e-05
S3_49155424 3 49159424 0.000107715198357835
S3_49204839 3 49208839 8.86518059110051e-05
S3_49232686 3 49236686 0.000685081338968695
S3_49272379 3 49276379 0.000431652510089466
S3_49279865 3 49283865 1.51083186215501e-05
S3_49310907 3 49314907 3.16968771720951e-06
S3_49337696 3 49341696 0.000837039970206103
S3_49503997 3 49507997 1.0380507340658e-05
S3_49510509 3 49514509 0.00076082373266717
S3_49588239 3 49592239 0.000857903342370805
S3_49619417 3 49623417 0.000421716552512717
S3_49701572 3 49705572 0.00031797794932684
S3_49812183 3 49816183 5.16975145468984e-05
S3_49886422 3 49890422 0.000260673363455229
S3_49919843 3 49923843 2.70749086797719e-05
S3_49964445 3 49968445 0.000774477152498481
S3_49965565 3 49969565 0.000271517270852017
S3_50109240 3 50113240 4.74916434800073e-08
S3_50302689 3 50306689 0.000326097573512574
S3_50340522 3 50344522 0.000464312007773296
S3_50401525 3 50405525 1.37870270292141e-06
S3_50445662 3 50449662 7.34314848573885e-06
S3_50563131 3 50567131 0.000373456061340564
S3_50563133 3 50567133 6.1073405076058e-05
S3_50611307 3 50615307 0.000731251556557665
S3_51075932 3 51079932 0.000140983236653866
S3_51075933 3 51079933 0.000140983236653866
S3_51091732 3 51095732 6.54088815949702e-06
S3_51145140 3 51149140 0.000198663789005859
S3_51475715 3 51479715 0.000808403449551837
S3_51500169 3 51504169 0.000966075281548406
S3_51503345 3 51507345 0.000820721609841375
S3_51701701 3 51705701 0.000440745632563242
S3_51709364 3 51713364 2.4330438270756e-05
S3_51718065 3 51722065 0.000104600752298637
S3_51719176 3 51723176 0.000924468588331054
S3_51761231 3 51765231 0.000416515099212032
S3_51803308 3 51807308 4.58179330889219e-05
S3_51803313 3 51807313 4.58179330889377e-05
S3_51850147 3 51854147 5.65369273655934e-05
S3_51856176 3 51860176 3.11247406774763e-06
S3_51880445 3 51884445 0.000418602461125038
S3_51880448 3 51884448 0.000418602461125038
S3_51880452 3 51884452 0.000418602461125038
S3_51941065 3 51945065 2.69841301544726e-07
S3_51945054 3 51949054 0.000242067271917196
S3_51953756 3 51957756 0.000740003852088323
S3_52170758 3 52174758 6.44730330254877e-08
S3_52173067 3 52177067 2.00352657289806e-05
S3_52208902 3 52212902 0.000838106160443367
S3_52441169 3 52445169 0.000343975115180003
S3_52464874 3 52468874 1.14809929872636e-06
S3_52464878 3 52468878 1.14809929872593e-06
S3_52485807 3 52489807 0.000414818641922547
S3_52591435 3 52595435 0.000210530253662508
S3_52668450 3 52672450 0.000538845555044686
S3_52672389 3 52676389 0.000134436248803972
S3_52826980 3 52830980 1.1951584317067e-06
S3_52875253 3 52879253 1.26080742581704e-05
S3_53085252 3 53089252 0.000612217432202345
S3_53132108 3 53136108 0.000278123864612057
S3_53159891 3 53163891 0.000227168175286682
S3_53234549 3 53238549 1.27722016201523e-05
S3_53234550 3 53238550 1.27722016201523e-05
S3_53311787 3 53315787 0.000670345505833128
S3_53325702 3 53329702 0.000545475468531861
S3_53353492 3 53357492 3.88997461179377e-05
S3_53359615 3 53363615 0.000484633753704194
S3_53386962 3 53390962 0.000739961350884359
S3_53387910 3 53391910 1.74784369970284e-05
S3_53448054 3 53452054 0.000576692300081698
S3_53496603 3 53500603 0.000262707436604695
S3_53609707 3 53613707 0.000294248301860765
S3_53659912 3 53663912 0.000166864486194689
S3_53709605 3 53713605 0.000241164165751728
S3_53749466 3 53753466 0.000737422322013834
S3_53799960 3 53803960 0.000801573558643327
S3_54118216 3 54122216 0.000465144610676534
S3_54120008 3 54124008 0.0001656296347381
S3_54201144 3 54205144 0.00097094863781381
S3_54245329 3 54249329 4.49983752500734e-05
S3_54245539 3 54249539 0.000104404658350249
S3_54366739 3 54370739 0.000322541382097965
S3_54370908 3 54374908 9.12085093806411e-05
S3_54382615 3 54386615 0.000149913540184196
S3_54387693 3 54391693 0.000173574925112857
S3_54466474 3 54470474 0.000558873115238026
S3_54519938 3 54523938 6.51672764641925e-06
S3_54519941 3 54523941 6.51672764641925e-06
S3_54690687 3 54694687 0.000524417715515428
S3_54740059 3 54744059 0.0002883218289703
S3_54783509 3 54787509 0.000551881889548366
S3_54794662 3 54798662 0.000328018137880563
S3_54831154 3 54835154 1.85954045359198e-06
S3_54842880 3 54846880 9.51574168198782e-05
S3_54842890 3 54846890 4.71621740434963e-05
S3_54850040 3 54854040 0.000353817762609728
S3_54852301 3 54856301 0.000133345391297833
S3_54901319 3 54905319 0.000803529325807037
S3_54913033 3 54917033 2.1027738470795e-05
S3_54935461 3 54939461 3.16502874794363e-05
S3_54939635 3 54943635 0.000146245246727827
S3_54996654 3 55000654 1.66581282016397e-05
S3_55009592 3 55013592 0.000101679565620311
S3_55021595 3 55025595 0.000177497010158579
S3_55108116 3 55112116 0.000571026274731852
S3_55175742 3 55179742 0.000122821529713368
S3_55208841 3 55212841 0.000117561460886558
S3_55271274 3 55275274 0.000725075407582029
S3_55313121 3 55317121 3.1554847876519e-05
S3_55338949 3 55342949 0.00097104761991208
S3_55435619 3 55439619 0.000922548029952151
S3_55499810 3 55503810 0.000162209046202671
S3_55587442 3 55591442 4.07327460660066e-06
S3_55804749 3 55808749 0.000517705154599405
S3_56035630 3 56039630 0.000798185722893677
S3_56038846 3 56042846 0.000776692369856586
S3_56097481 3 56101481 1.29912180330861e-05
S3_56113779 3 56117779 0.00026441579214116
S3_56118278 3 56122278 3.69473313871557e-05
S3_56118287 3 56122287 3.69473313871557e-05
S3_56190899 3 56194899 2.49791629829961e-07
S3_56277919 3 56281919 7.62410688807851e-05
S3_56277942 3 56281942 7.62410688808015e-05
S3_56380524 3 56384524 0.000983499987468685
S3_56417502 3 56421502 8.90332978700709e-05
S3_56441049 3 56445049 0.000179626663673068
S3_56464625 3 56468625 0.000960412893569214
S3_56631693 3 56635693 0.000521802277911986
S3_56631702 3 56635702 0.000521802277911986
S3_56655343 3 56659343 0.000224076810377996
S3_56655474 3 56659474 0.000188045087502934
S3_56655498 3 56659498 0.000188045087502934
S3_56704304 3 56708304 0.00087367201846395
S3_56851542 3 56855542 0.000714577764114208
S3_56859026 3 56863026 0.000563596762521076
S3_56907577 3 56911577 0.000303546730873272
S3_56922321 3 56926321 0.000534938405280136
S3_56922431 3 56926431 7.58087549375009e-05
S3_56922484 3 56926484 7.58087549374773e-05
S3_56945083 3 56949083 0.000653321708889886
S3_56968234 3 56972234 0.000580736084079729
S3_56968235 3 56972235 0.000580736084079729
S3_57013835 3 57017835 2.34240735684486e-05
S3_57017364 3 57021364 0.000551243317012612
S3_57021614 3 57025614 0.000361632273057212
S3_57031404 3 57035404 6.44244895533188e-05
S3_57031407 3 57035407 6.44244895533392e-05
S3_57037092 3 57041092 2.51049844493898e-05
S3_57096052 3 57100052 7.84792766610529e-06
S3_57096116 3 57100116 8.88472026699935e-05
S3_57096117 3 57100117 2.83787260836072e-05
S3_57100870 3 57104870 4.96394034717644e-05
S3_57102166 3 57106166 3.11010185427474e-05
S3_57102437 3 57106437 0.000253134916294253
S3_57102616 3 57106616 9.02143575065196e-06
S3_57102647 3 57106647 9.02143575065196e-06
S3_57131583 3 57135583 0.00051881514302982
S3_57152920 3 57156920 1.04190234241142e-05
S3_57167518 3 57171518 4.7949335047693e-05
S3_57205751 3 57209751 0.000287844404565331
S3_57219458 3 57223458 8.91728606043214e-05
S3_57222222 3 57226222 0.000826773477696304
S3_57229341 3 57233341 6.94398064909422e-05
S3_57235840 3 57239840 7.66087890447961e-05
S3_57236163 3 57240163 4.05326805554691e-05
S3_57281975 3 57285975 9.47117145929122e-05
S3_57282013 3 57286013 1.13224793910758e-05
S3_57284817 3 57288817 0.000461155536074838
S3_57297696 3 57301696 0.000760571314534614
S3_57297697 3 57301697 0.000707725005952957
S3_57310437 3 57314437 0.00067680174989466
S3_57399210 3 57403210 0.000407862359410554
S3_57437244 3 57441244 0.000308479752594797
S3_57509838 3 57513838 0.000895643238176844
S3_57556092 3 57560092 0.000388578533344409
S3_57636882 3 57640882 6.81077415320825e-08
S3_57658682 3 57662682 6.91585568358617e-07
S3_57753833 3 57757833 0.000238570735473107
S3_57753854 3 57757854 0.000229585158951138
S3_57753860 3 57757860 0.000229585158951138
S3_57753862 3 57757862 0.000229585158951138
S3_57759816 3 57763816 0.000103485815004241
S3_57860954 3 57864954 0.000790840434259005
S3_57869088 3 57873088 0.000108908496611537
S3_57869089 3 57873089 6.41933544346883e-05
S3_57869095 3 57873095 0.0003361845200239
S3_57869106 3 57873106 8.89729962499674e-05
S3_57879634 3 57883634 0.000958810983249217
S3_57879767 3 57883767 0.00086390201203845
S3_57903390 3 57907390 9.80478727381075e-06
S3_57903417 3 57907417 0.000285914315933147
S3_57920315 3 57924315 0.000564184896220868
S3_57932242 3 57936242 2.9133720924353e-09
S3_57934480 3 57938480 0.000128282734162021
S3_57967983 3 57971983 0.000581527707233301
S3_58313463 3 58317463 5.31559067564212e-05
S3_58430910 3 58434910 0.000182003481919686
S3_58430936 3 58434936 0.000182003481919686
S3_58436313 3 58440313 0.000282746998975513
S3_58443712 3 58447712 0.000922388715508058
S3_58443718 3 58447718 0.000922388715508058
S3_58443736 3 58447736 0.000922388715508058
S3_58677566 3 58681566 0.00047469564494233
S3_58688324 3 58692324 0.000225889724171692
S3_58920175 3 58924175 0.000276167951830346
S3_58920177 3 58924177 4.50819276826582e-05
S3_58969587 3 58973587 0.000983596706521229
S3_59110134 3 59114134 0.000473766936507961
S3_59186727 3 59190727 5.36432567466269e-05
S3_59403094 3 59407094 0.000693799981802654
S3_59403095 3 59407095 0.000693799981802654
S3_59634129 3 59638129 0.000270944856816459
S3_59791572 3 59795572 1.69175372720508e-05
S3_59798115 3 59802115 0.000648714240088081
S3_59828045 3 59832045 0.000299528091878723
S3_59868540 3 59872540 0.000154580775274861
S3_59885895 3 59889895 8.85997160169055e-07
S3_59953709 3 59957709 0.000176798403959067
S3_59965036 3 59969036 0.000508768908151666
S3_59995577 3 59999577 6.98632111792465e-05
S3_59999536 3 60003536 5.35740412745838e-05
S3_59999556 3 60003556 5.35740412745838e-05
S3_60063919 3 60067919 0.000167582636511924
S3_60063920 3 60067920 0.000167582636511924
S3_60063921 3 60067921 0.000167582636511924
S3_60063922 3 60067922 0.000167582636511924
S3_60093419 3 60097419 2.93485052185543e-05
S3_60107638 3 60111638 0.000243241378795909
S3_60108033 3 60112033 0.000259992411516002
S3_60108077 3 60112077 0.000259992411516002
S3_60108078 3 60112078 0.000259992411516002
S3_60150896 3 60154896 1.07276446748295e-06
S3_60150898 3 60154898 5.05129647743205e-07
S3_60164199 3 60168199 0.000335841289232003
S3_60511546 3 60515546 0.000600700715860694
S3_60537782 3 60541782 0.000206809810633669
S3_60537785 3 60541785 0.000198550499914735
S3_60589002 3 60593002 0.00055446446620225
S3_60589007 3 60593007 0.000554464466202329
S3_60652356 3 60656356 0.000533117434214423
S3_60664405 3 60668405 0.000431477523076893
S3_60664415 3 60668415 0.000684586050739544
S3_60664449 3 60668449 0.000670393774188512
S3_60677992 3 60681992 0.0001870578877764
S3_60678812 3 60682812 0.000421702401988302
S3_60678818 3 60682818 0.000227687841518559
S3_60678839 3 60682839 0.000120097895468491
S3_60679501 3 60683501 0.000107817642899557
S3_60679503 3 60683503 0.000107817642899557
S3_60695217 3 60699217 0.000213456751160177
S3_60695218 3 60699218 0.000139069805743073
S3_60695219 3 60699219 0.000281434142554198
S3_60695220 3 60699220 0.000297322271817086
S3_60820988 3 60824988 0.000526059406967947
S3_60922223 3 60926223 0.000593078222331708
S3_60922229 3 60926229 0.000593078222331708
S3_60922260 3 60926260 0.000593078222331708
S3_61135973 3 61139973 0.000376902005970968
S3_61135977 3 61139977 0.000376902005970968
S3_61136005 3 61140005 0.000376902005970968
S3_61136205 3 61140205 0.000450401683967642
S3_61136235 3 61140235 0.000450401683967685
S3_61206313 3 61210313 4.12885715315615e-05
S3_61604522 3 61608522 6.65081316987646e-06
S3_61770587 3 61774587 1.70721800118092e-05
S3_61771745 3 61775745 1.3425462026581e-05
S3_61776052 3 61780052 0.000167500013267934
S3_61777460 3 61781460 0.000154761950072799
S3_61778971 3 61782971 0.000175955948405833
S3_61787215 3 61791215 0.000149049563882197
S3_61795896 3 61799896 2.4109951088099e-05
S3_61805555 3 61809555 1.3297506499269e-05
S3_61805556 3 61809556 1.32975064992719e-05
S3_61805666 3 61809666 0.000470278206313452
S3_61807963 3 61811963 4.34167525348628e-05
S3_61882230 3 61886230 2.38600791461378e-07
S3_61882353 3 61886353 1.62267499748012e-06
S3_61941341 3 61945341 2.02239689809218e-08
S3_61941535 3 61945535 5.39945244225766e-05
S3_61956367 3 61960367 0.00042703161611741
S3_62013244 3 62017244 2.88740350766876e-06
S3_62026846 3 62030846 0.000174454128949065
S3_62077834 3 62081834 0.00086264353268332
S3_62127027 3 62131027 0.000277272341796094
S3_62128673 3 62132673 1.05732042084545e-07
S3_62271128 3 62275128 0.000802054545915254
S3_62324305 3 62328305 0.000191905107293546
S3_62473893 3 62477893 7.78551945226784e-05
S3_62663903 3 62667903 0.000882920284790679
S3_62692200 3 62696200 2.89025197377984e-05
S3_62792855 3 62796855 7.46403679984855e-05
S3_63451726 3 63455726 0.000140382193780973
S3_63452044 3 63456044 0.000144332324552852
S3_63455375 3 63459375 0.000373115463618582
S3_63455944 3 63459944 1.82965599834157e-07
S3_63458364 3 63462364 7.86486518113192e-05
S3_63468494 3 63472494 0.000224319624389592
S3_63468716 3 63472716 0.000132108060631096
S3_63468736 3 63472736 0.000132108060631096
S3_63477727 3 63481727 0.000306862288678065
S3_63482552 3 63486552 0.000134310785695509
S3_63487966 3 63491966 0.000922286630074619
S3_63498962 3 63502962 0.000663171010611111
S3_63569807 3 63573807 0.000154957598808915
S3_63576578 3 63580578 0.000213480225833614
S3_63576579 3 63580579 0.000213480225833614
S3_63596557 3 63600557 0.000550629403685665
S3_63598534 3 63602534 6.58295772646221e-05
S3_63600723 3 63604723 6.76342671613189e-06
S3_63611714 3 63615714 8.3126313486623e-10
S3_63618466 3 63622466 8.26881056213612e-06
S3_63618472 3 63622472 8.26881056213612e-06
S3_63618497 3 63622497 6.3617044170747e-10
S3_63619962 3 63623962 0.000103681117811472
S3_63620626 3 63624626 7.74041104020929e-06
S3_63624632 3 63628632 1.51485898616249e-06
S3_63624943 3 63628943 4.30776877797072e-07
S3_63631702 3 63635702 5.31650933998033e-06
S3_63633817 3 63637817 2.53901020200148e-05
S3_63639249 3 63643249 0.000997497681065776
S3_63653000 3 63657000 2.78281278880931e-07
S3_63660565 3 63664565 1.79370822013301e-06
S3_63661803 3 63665803 8.97357222873981e-07
S3_63671137 3 63675137 0.00018814241447106
S3_63674311 3 63678311 3.5477650089058e-08
S3_63679542 3 63683542 0.000221308778974358
S3_63680796 3 63684796 2.95599309949177e-06
S3_63732043 3 63736043 5.1306138763105e-05
S3_63732825 3 63736825 0.000299824444720886
S3_63790450 3 63794450 3.58145231147376e-06
S3_63809327 3 63813327 1.28639795403783e-05
S3_63824842 3 63828842 0.000340283091066825
S3_64103332 3 64107332 0.000789057418862982
S3_64207399 3 64211399 0.000305030789333978
S3_64239050 3 64243050 3.61081878644518e-05
S3_64243056 3 64247056 2.31691992393954e-07
S3_64243200 3 64247200 4.37429050084583e-07
S3_64243203 3 64247203 4.37429050084511e-07
S3_64417296 3 64421296 5.88270679880297e-09
S3_64637711 3 64641711 1.13077608331551e-05
S3_64751123 3 64755123 5.96352938715332e-06
S3_64769947 3 64773947 3.24534160991622e-07
S3_64784990 3 64788990 0.000125193882544895
S3_64790982 3 64794982 9.69974691038915e-05
S3_64810601 3 64814601 0.000375047440330962
S3_64811041 3 64815041 1.40101190464388e-05
S3_64875386 3 64879386 5.68416797025432e-06
S3_64979930 3 64983930 1.97710677409054e-06
S3_65109618 3 65113618 0.000164947013545699
S3_65109981 3 65113981 0.000442848966799327
S3_65115010 3 65119010 0.000575258679600855
S3_65123224 3 65127224 0.000163008196328686
S3_65123252 3 65127252 0.000109958029602167
S3_65123292 3 65127292 0.000109958029602177
S3_65123303 3 65127303 0.000109958029602167
S3_65322907 3 65326907 2.64351950450971e-10
S3_65326826 3 65330826 0.000269661168109409
S3_65327674 3 65331674 3.45253790295916e-10
S3_65366693 3 65370693 0.00098351497653724
S3_65584360 3 65588360 0.000112592983399777
S3_65773756 3 65777756 3.91517451387639e-05
S3_65775145 3 65779145 0.000515961586269022
S3_65909672 3 65913672 0.000509175626635353
S3_65945557 3 65949557 5.45596779531917e-05
S3_66025041 3 66029041 3.82687381332739e-05
S3_66045612 3 66049612 0.000296601785278756
S3_66132801 3 66136801 5.93658068815512e-05
S3_66152605 3 66156605 8.22645353282125e-07
S3_66152647 3 66156647 8.22645353282125e-07
S3_66185637 3 66189637 0.000488105058258138
S3_66187893 3 66191893 0.000144442635158548
S3_66195879 3 66199879 1.03529320457498e-07
S3_66308361 3 66312361 0.000776687279183971
S3_66334251 3 66338251 1.23459794243206e-05
S3_66410681 3 66414681 4.98387095612496e-05
S3_66414896 3 66418896 0.000278302515153144
S3_66545980 3 66549980 7.9726177877297e-06
S3_66678295 3 66682295 1.68933419576833e-05
S3_66715011 3 66719011 0.000898805861093303
S3_66720623 3 66724623 2.53902291866974e-05
S3_66827715 3 66831715 0.000227173170763245
S3_67093308 3 67097308 3.71257469888006e-05
S3_67190270 3 67194270 0.000141446174231563
S3_67426101 3 67430101 6.49701352932964e-05
S3_67445480 3 67449480 5.44055204405924e-05
S3_67541415 3 67545415 3.37536051626475e-05
S3_67546367 3 67550367 0.000420697995006161
S3_67640831 3 67644831 0.000310066412403463
S3_67661483 3 67665483 0.000556872835511164
S3_67754213 3 67758213 4.0419506357118e-05
S3_67754236 3 67758236 4.04195063571685e-05
S3_67845531 3 67849531 0.000990485313614828
S3_67854104 3 67858104 7.02360366396869e-05
S3_67908372 3 67912372 2.6924607330926e-05
S3_67917503 3 67921503 0.000395973924819322
S3_68008316 3 68012316 0.000552170284712033
S3_68061307 3 68065307 0.000106166855282374
S3_68061367 3 68065367 0.000922898138350367
S3_68097907 3 68101907 0.000288203962388081
S3_68099770 3 68103770 0.000347304350539111
S3_68208389 3 68212389 0.000217691486080461
S3_68214447 3 68218447 0.000134538588490794
S3_68220361 3 68224361 0.000207669132380801
S3_68223947 3 68227947 0.000299442251183444
S3_68227165 3 68231165 0.000282447422425492
S3_68227211 3 68231211 0.000270650850127664
S3_68227212 3 68231212 0.000486346428956138
S3_68249970 3 68253970 0.00018078381219584
S3_68270711 3 68274711 0.000911255044064386
S3_68274930 3 68278930 0.00054941991581346
S3_68284411 3 68288411 0.000730732030546383
S3_68294751 3 68298751 0.000153042317989698
S3_68372589 3 68376589 1.81905379110569e-05
S3_68373058 3 68377058 0.00081893030950387
S3_68373100 3 68377100 9.81033712701414e-05
S3_68373111 3 68377111 0.000118150726721358
S3_68385518 3 68389518 0.00039389477959421
S3_68415038 3 68419038 0.000935450287593173
S3_68415210 3 68419210 0.000520452758528879
S3_68415234 3 68419234 0.000520452758528943
S3_68420922 3 68424922 0.000966823537266993
S3_68420965 3 68424965 0.000966823537266831
S3_68421716 3 68425716 0.000212889046381478
S3_68421738 3 68425738 0.000212889046381478
S3_68421757 3 68425757 0.000212889046381478
S3_68421901 3 68425901 0.000373895621610395
S3_68425462 3 68429462 0.000494744836795476
S3_68484461 3 68488461 0.000348127599044897
S3_68504306 3 68508306 1.12548066256899e-05
S3_68873744 3 68877744 0.000634744905361145
S3_68883001 3 68887001 0.000441734761339185
S3_68883338 3 68887338 0.000133697951020637
S3_68921132 3 68925132 5.11902079677376e-05
S3_69024246 3 69028246 5.35002604960318e-05
S3_69024271 3 69028271 5.16423482493591e-05
S3_69079230 3 69083230 0.000805775964395625
S3_69105075 3 69109075 0.00060502041127268
S3_69124032 3 69128032 0.000165575438756373
S3_69139159 3 69143159 0.000282478372264039
S3_69139914 3 69143914 0.000579937142617199
S3_69141509 3 69145509 3.72058960054312e-06
S3_69167363 3 69171363 0.000748129131390215
S3_69172704 3 69176704 0.000253737199428945
S3_69216527 3 69220527 8.82999417018766e-06
S3_69216543 3 69220543 6.62949637059172e-05
S3_69236498 3 69240498 4.76055143172796e-05
S3_69257872 3 69261872 2.198694857712e-05
S3_69305711 3 69309711 5.05069310900295e-05
S3_69473801 3 69477801 0.000806659774432364
S3_69473813 3 69477813 0.000746963612938586
S3_69486260 3 69490260 8.65418386357171e-05
S3_69517578 3 69521578 0.000481081771732186
S3_69585684 3 69589684 0.000152894691045497
S3_69614654 3 69618654 0.000766364874918099
S3_69651676 3 69655676 0.000261125261665515
S3_69705535 3 69709535 0.000771770074176445
S3_69724453 3 69728453 0.000230730311312865
S3_69724477 3 69728477 0.000230730311312865
S3_69739935 3 69743935 2.87974588753407e-07
S3_69739936 3 69743936 2.92431004709491e-07
S3_69739939 3 69743939 2.87974588753444e-07
S3_69739940 3 69743940 6.20427168261032e-06
S3_69748999 3 69752999 5.70275040141326e-05
S3_69777236 3 69781236 0.000356148035733167
S3_69881383 3 69885383 0.000272967627349865
S3_70000428 3 70004428 8.21952915679553e-05
S3_70000654 3 70004654 4.28237826405838e-07
S3_70000659 3 70004659 4.28237826405772e-07
S3_70000729 3 70004729 0.00033202683547039
S3_70005467 3 70009467 7.4825630614337e-06
S3_70235656 3 70239656 0.000931216672000647
S3_70294308 3 70298308 2.00883596951632e-05
S3_70294311 3 70298311 2.00883596951632e-05
S3_70294312 3 70298312 2.00883596951632e-05
S3_70316864 3 70320864 0.000692884176537771
S3_70326764 3 70330764 0.000112452200367092
S3_70406641 3 70410641 0.000237986926914555
S3_70427398 3 70431398 0.000950009818558051
S3_70492815 3 70496815 0.000565572015341888
S3_70532689 3 70536689 3.87941824466936e-07
S3_70533474 3 70537474 0.000186592584537821
S3_70538596 3 70542596 0.00038186054874657
S3_70545695 3 70549695 1.11079216625995e-05
S3_70553561 3 70557561 4.54555074072231e-05
S3_70567759 3 70571759 0.000659289075504843
S3_70577062 3 70581062 0.00035761479854966
S3_70598124 3 70602124 1.56740832068815e-05
S3_70606472 3 70610472 0.000871032094203196
S3_70607660 3 70611660 0.000871916472399885
S3_70612486 3 70616486 0.000166479030879238
S3_70612997 3 70616997 5.57121794682747e-05
S3_70620838 3 70624838 0.000741206508736903
S3_70764824 3 70768824 6.06085822781005e-05
S3_70804354 3 70808354 0.000354692982747219
S3_70816664 3 70820664 0.00043582954428137
S3_70821366 3 70825366 0.000162203998071253
S3_70831285 3 70835285 0.000283026391542397
S3_70833644 3 70837644 1.29251148702868e-05
S3_70836454 3 70840454 0.000289201459241804
S3_70854212 3 70858212 0.000511357831285855
S3_70864392 3 70868392 0.000497015822652816
S3_70946643 3 70950643 3.08979057934952e-05
S3_70980639 3 70984639 4.05647868334587e-07
S3_70983229 3 70987229 0.00012419634321014
S3_71004153 3 71008153 0.00023382807325406
S3_71004162 3 71008162 0.000556462046513158
S3_71098484 3 71102484 4.7963706748746e-05
S3_71117016 3 71121016 2.80045564422659e-05
S3_71146279 3 71150279 6.24906333996322e-05
S3_71167232 3 71171232 4.93143303366826e-06
S3_71178411 3 71182411 0.000180537155787657
S3_71226650 3 71230650 2.91745328088668e-05
S3_71320964 3 71324964 7.13873663726093e-05
S3_71326258 3 71330258 0.000170645053949444
S3_71341781 3 71345781 2.31676872819296e-05
S3_71350684 3 71354684 0.00045616603377942
S3_71799890 3 71803890 3.44083497930354e-05
S3_71922098 3 71926098 0.00057902801273846
S3_71949128 3 71953128 0.000109588915171533
S3_71950984 3 71954984 6.35011904556014e-05
S3_71952788 3 71956788 0.000740665462437433
S3_71956780 3 71960780 0.000235829987393109
S3_72010567 3 72014567 0.000581703591780296
S3_72053757 3 72057757 1.31508327302728e-06
S3_72060404 3 72064404 0.000209695369357253
S3_72060434 3 72064434 0.000793061433498543
S3_72144480 3 72148480 0.000453309877845466
S3_72197718 3 72201718 0.000823361189211362
S3_72237142 3 72241142 1.69311016095176e-07
S3_72437247 3 72441247 0.000163752230410381
S3_72449096 3 72453096 0.000163811714312005
S3_72458124 3 72462124 0.000386615926719995
S3_72458130 3 72462130 0.000284840464947688
S3_72458148 3 72462148 0.000517786289545321
S3_72560228 3 72564228 0.000780534207893857
S3_72560232 3 72564232 0.000780534207893857
S3_72560746 3 72564746 0.000997404911214958
S3_72573357 3 72577357 1.41921008662604e-05
S3_72590136 3 72594136 8.61856500069253e-05
S3_72590220 3 72594220 0.000846516353361914
S3_72590221 3 72594221 2.88272260382512e-05
S3_72609234 3 72613234 0.000782260920792124
S3_72731276 3 72735276 0.000595717733308695
S3_72741842 3 72745842 0.000571251389500601
S3_72846544 3 72850544 0.000164176293584064
S3_72878866 3 72882866 0.000312121764254878
S3_73184239 3 73188239 0.000290915273619012
S3_73190067 3 73194067 2.78028458183233e-05
S3_73300757 3 73304757 0.000295912967754245
S3_73395955 3 73399955 0.00014668411798597
S3_73473327 3 73477327 0.000518914616683385
S3_73661211 3 73665211 0.000303765563922264
S3_74088841 3 74092841 3.48806600668674e-05
S3_74104664 3 74108664 0.000920219532690558
S3_74112214 3 74116214 0.000221381441750733
S3_74122101 3 74126101 0.000221126844751147
S3_74127943 3 74131943 0.000744233523012889
