Marker Chr Pos p
S7_78638 7 82638 0.000540043268638547
S7_131155 7 135155 0.000563759901454649
S7_131162 7 135162 0.000429930867847241
S7_147083 7 151083 0.000957124123527696
S7_156693 7 160693 0.000357833791444031
S7_170403 7 174403 1.21328434576578e-06
S7_324142 7 328142 8.47517449178137e-09
S7_346286 7 350286 1.0127261779425e-07
S7_402992 7 406992 0.000243109524999893
S7_403342 7 407342 0.000263955225196058
S7_408137 7 412137 0.00040759556326452
S7_408199 7 412199 7.2498744181812e-05
S7_408448 7 412448 1.99319011340486e-05
S7_408517 7 412517 0.000404878501974325
S7_408518 7 412518 0.000404878501974299
S7_408519 7 412519 0.000632618534766474
S7_408520 7 412520 0.000404878501974325
S7_408521 7 412521 0.000404878501974299
S7_408522 7 412522 0.000690871055970441
S7_413066 7 417066 3.04158153466395e-06
S7_415016 7 419016 0.00011011985396495
S7_443853 7 447853 8.25653050740728e-06
S7_504988 7 508988 0.000112795900213217
S7_504989 7 508989 0.000112795900213201
S7_504990 7 508990 0.000112795900213217
S7_504991 7 508991 0.000112795900213201
S7_504993 7 508993 0.000112795900213217
S7_535428 7 539428 0.000177914702456721
S7_535468 7 539468 3.24597307288889e-05
S7_535469 7 539469 2.18225901017409e-05
S7_542811 7 546811 1.11506525167127e-06
S7_543027 7 547027 4.78408513677588e-08
S7_543424 7 547424 7.64345103836609e-05
S7_543437 7 547437 0.000541160464014172
S7_578924 7 582924 4.53870826969619e-10
S7_581076 7 585076 7.78156952970436e-05
S7_619623 7 623623 1.76911254958139e-07
S7_643867 7 647867 1.88995723629537e-05
S7_681479 7 685479 1.98821562379281e-05
S7_720399 7 724399 0.000155636973317296
S7_808204 7 812204 0.000245770646632627
S7_886224 7 890224 0.000471306981891453
S7_889223 7 893223 0.000117917394220317
S7_889400 7 893400 0.000238265403103388
S7_1035839 7 1039839 0.000762362064333133
S7_1053393 7 1057393 0.000264404117294322
S7_1063810 7 1067810 0.000685322191558462
S7_1063826 7 1067826 0.000685322191558342
S7_1110235 7 1114235 0.000308715129096338
S7_1150444 7 1154444 0.000974948025559291
S7_1157291 7 1161291 0.00023563249990722
S7_1161551 7 1165551 6.82861930136815e-05
S7_1186078 7 1190078 9.39698878984644e-05
S7_1187935 7 1191935 0.000275032268013923
S7_1193877 7 1197877 0.000974591314411257
S7_1259489 7 1263489 0.000858372729191087
S7_1259504 7 1263504 0.000858372729191087
S7_1259525 7 1263525 0.000858372729191087
S7_1259560 7 1263560 0.000172427768469267
S7_1262412 7 1266412 1.82844799414084e-05
S7_1266698 7 1270698 3.66389662834981e-06
S7_1313806 7 1317806 0.000233354848243426
S7_1315399 7 1319399 6.32775076488042e-05
S7_1315405 7 1319405 6.32775076488042e-05
S7_1331935 7 1335935 0.000367450943838623
S7_1414212 7 1418212 0.00021114015584216
S7_1463134 7 1467134 0.000156583849709271
S7_1599340 7 1603340 0.000224261022865749
S7_1625544 7 1629544 0.000106664865323494
S7_1776386 7 1780386 0.000388511053914776
S7_1776428 7 1780428 0.000388511053914776
S7_1780917 7 1784917 0.000260992276980583
S7_1790668 7 1794668 1.4955791562803e-08
S7_1790706 7 1794706 1.4955791562803e-08
S7_1802953 7 1806953 5.53678087119058e-05
S7_1806419 7 1810419 0.000182129609740073
S7_1966913 7 1970913 0.000489402545006316
S7_1993995 7 1997995 1.04893389929879e-07
S7_1994665 7 1998665 0.000738766552185115
S7_2062017 7 2066017 7.38894060783826e-05
S7_2064452 7 2068452 9.52879181650245e-05
S7_2064691 7 2068691 0.000836039095011435
S7_2064728 7 2068728 2.15234517289129e-05
S7_2064944 7 2068944 0.000275026394125044
S7_2064949 7 2068949 0.000275026394125044
S7_2064975 7 2068975 0.000339934820432043
S7_2064977 7 2068977 0.000275026394125044
S7_2069584 7 2073584 0.000406658910685853
S7_2070291 7 2074291 0.00016823373766928
S7_2074433 7 2078433 0.000388869214394346
S7_2074907 7 2078907 0.000459302649231295
S7_2075514 7 2079514 0.000111674629085874
S7_2081120 7 2085120 0.000721913505953678
S7_2083560 7 2087560 0.000113461422970479
S7_2085518 7 2089518 0.000185689389883967
S7_2089460 7 2093460 1.72024965170988e-06
S7_2105902 7 2109902 7.2754042881269e-07
S7_2108138 7 2112138 0.000126857740066905
S7_2121946 7 2125946 5.63368672868201e-05
S7_2122313 7 2126313 8.3849496183472e-07
S7_2123088 7 2127088 0.000353241111821717
S7_2125400 7 2129400 6.25137709069501e-08
S7_2126393 7 2130393 1.63465794463655e-05
S7_2190047 7 2194047 7.74118387855761e-05
S7_2204998 7 2208998 0.00059250509867914
S7_2421203 7 2425203 0.000145285735348733
S7_2448813 7 2452813 5.25607302489821e-06
S7_2585420 7 2589420 0.00067044833933178
S7_2634748 7 2638748 5.65380006422318e-05
S7_2722019 7 2726019 0.000611566780621722
S7_2825511 7 2829511 0.00021046465098582
S7_2872933 7 2876933 0.000195201121486048
S7_3044460 7 3048460 0.000847992241010648
S7_3044472 7 3048472 0.000158377222218057
S7_3044473 7 3048473 0.000158377222218057
S7_3045134 7 3049134 1.0442897980571e-05
S7_3055489 7 3059489 0.000926987541044766
S7_3136225 7 3140225 0.000304167572375094
S7_3285384 7 3289384 0.00020104805216372
S7_3290358 7 3294358 6.12992871879533e-05
S7_3610974 7 3614974 1.27151593002358e-05
S7_3678477 7 3682477 3.22685743616873e-05
S7_3735294 7 3739294 8.00458245088579e-05
S7_3747799 7 3751799 0.000252303099190132
S7_3766343 7 3770343 0.000353477738985815
S7_3831414 7 3835414 0.000146152524911399
S7_3831447 7 3835447 0.000285858083244508
S7_3832126 7 3836126 0.000776832366428172
S7_3856223 7 3860223 8.13143691112929e-07
S7_3856227 7 3860227 8.3208495194233e-07
S7_3858212 7 3862212 0.000744674550574204
S7_3896292 7 3900292 2.09684686338269e-05
S7_3937870 7 3941870 0.000524232384578894
S7_3937997 7 3941997 0.00037059397289425
S7_3938012 7 3942012 0.000266460579743156
S7_4068561 7 4072561 0.000197102514913756
S7_4077879 7 4081879 4.95356517204112e-06
S7_4138770 7 4142770 0.000416097746662772
S7_4138881 7 4142881 2.56206235728681e-05
S7_4138886 7 4142886 5.706909011694e-07
S7_4138887 7 4142887 6.24075189666189e-07
S7_4141730 7 4145730 0.000251951264145745
S7_4142240 7 4146240 0.00079008295137859
S7_4149087 7 4153087 0.000516793820133694
S7_4188329 7 4192329 0.00039059613715493
S7_4206236 7 4210236 4.2055012131117e-05
S7_4218004 7 4222004 0.000442734265864088
S7_4242568 7 4246568 0.000529655121201375
S7_4242578 7 4246578 0.000529655121201375
S7_4267882 7 4271882 5.5848740295145e-05
S7_4332050 7 4336050 7.12611472451506e-05
S7_4346488 7 4350488 0.000342468104251334
S7_4354878 7 4358878 0.000255653229849958
S7_4461010 7 4465010 0.000991718632295513
S7_4462982 7 4466982 9.51493427418523e-05
S7_4463080 7 4467080 0.000253400119637868
S7_4466434 7 4470434 9.12130713754939e-06
S7_4480812 7 4484812 0.000735267394875879
S7_4533696 7 4537696 1.20614006665904e-05
S7_4594285 7 4598285 6.98553611748653e-05
S7_4594291 7 4598291 0.000158617280760136
S7_4687901 7 4691901 0.000538544379407929
S7_4811507 7 4815507 0.000609758916699483
S7_4825677 7 4829677 2.40163383864058e-05
S7_4858795 7 4862795 0.000833231575101894
S7_4858828 7 4862828 0.000199009385013855
S7_4858829 7 4862829 0.000193553428210757
S7_4879761 7 4883761 2.72307542175471e-08
S7_4921006 7 4925006 0.000240618313240994
S7_4921025 7 4925025 0.000178686962285679
S7_4921056 7 4925056 0.000240618313240994
S7_4921135 7 4925135 2.66791080633301e-05
S7_4975996 7 4979996 6.12624986125374e-05
S7_4979737 7 4983737 7.84085279128484e-05
S7_4998987 7 5002987 0.000265126146501339
S7_4999002 7 5003002 0.000851487686600183
S7_5064338 7 5068338 0.000150112246256583
S7_5129659 7 5133659 2.57163533045108e-05
S7_5129669 7 5133669 0.00030841534998981
S7_5140348 7 5144348 0.000650962746506633
S7_5140358 7 5144358 0.000651980583776952
S7_5155562 7 5159562 0.000155859863188585
S7_5164362 7 5168362 0.000630743114043448
S7_5173525 7 5177525 0.000742771963300941
S7_5173526 7 5177526 0.000991161359628411
S7_5173610 7 5177610 0.000104518665802953
S7_5176250 7 5180250 7.10691084545053e-05
S7_5195801 7 5199801 0.000884394403098192
S7_5208166 7 5212166 0.000236309396477498
S7_5208292 7 5212292 0.000289839843475006
S7_5209783 7 5213783 3.16552126015659e-06
S7_5219776 7 5223776 0.000334971658882389
S7_5219977 7 5223977 8.19151639088813e-08
S7_5251351 7 5255351 1.73299274548075e-05
S7_5256930 7 5260930 4.18931151534284e-06
S7_5292148 7 5296148 0.000527910837464178
S7_5329650 7 5333650 2.23076174918392e-06
S7_5337005 7 5341005 8.70737920592816e-05
S7_5401424 7 5405424 8.39466274683966e-07
S7_5401724 7 5405724 1.74920773074104e-05
S7_5415137 7 5419137 2.00133721056744e-07
S7_5415575 7 5419575 3.35080439050645e-06
S7_5418403 7 5422403 5.46986188354863e-06
S7_5418413 7 5422413 1.78426933795808e-07
S7_5418991 7 5422991 2.61182402393533e-05
S7_5425871 7 5429871 3.0218406203234e-05
S7_5484227 7 5488227 4.45846655280394e-06
S7_5486959 7 5490959 4.89446720179131e-05
S7_5498494 7 5502494 1.19037326627345e-05
S7_5500537 7 5504537 6.18065457670957e-08
S7_5502476 7 5506476 6.85725954948948e-05
S7_5507256 7 5511256 8.32062319451145e-06
S7_5511411 7 5515411 2.63075631854142e-07
S7_5538446 7 5542446 3.37489931351294e-05
S7_5544202 7 5548202 1.57283498932723e-08
S7_5547030 7 5551030 2.0640718929849e-05
S7_5547168 7 5551168 0.000277490269857166
S7_5548039 7 5552039 1.27318316407104e-05
S7_5612326 7 5616326 1.19880586523842e-05
S7_5612327 7 5616327 7.80612278312591e-06
S7_5612335 7 5616335 1.73512627805061e-05
S7_5623954 7 5627954 0.000191337343632918
S7_5624129 7 5628129 0.00010175365672372
S7_5625592 7 5629592 0.000767571913444554
S7_5625722 7 5629722 7.05493671794617e-06
S7_5641127 7 5645127 2.26248329285937e-05
S7_5657083 7 5661083 1.09745305472908e-05
S7_5659570 7 5663570 0.000112980490370173
S7_5659781 7 5663781 1.03294445971326e-05
S7_5665597 7 5669597 0.000228745678075857
S7_5669151 7 5673151 1.24900092975077e-08
S7_5777179 7 5781179 5.08459974245256e-05
S7_5777225 7 5781225 3.3953980688104e-05
S7_5812417 7 5816417 0.000730476918730635
S7_5812447 7 5816447 8.18254872559669e-06
S7_5812460 7 5816460 0.000767574254806005
S7_5821805 7 5825805 1.39129316057071e-06
S7_5827005 7 5831005 0.000646680355308119
S7_5870150 7 5874150 1.05886510386149e-06
S7_5910791 7 5914791 5.15520887075339e-05
S7_5923737 7 5927737 8.90758222774112e-05
S7_5929622 7 5933622 0.000525439335240399
S7_5952111 7 5956111 0.000843327255855382
S7_5986674 7 5990674 9.2660623962646e-05
S7_5986676 7 5990676 5.29854860466445e-05
S7_5986678 7 5990678 5.30862206307695e-05
S7_5986679 7 5990679 0.000128078961238486
S7_5986680 7 5990680 5.29854860466445e-05
S7_5986682 7 5990682 5.29854860466445e-05
S7_5986685 7 5990685 5.29928528835705e-05
S7_5986688 7 5990688 5.89530596128019e-05
S7_5986690 7 5990690 5.29854860466445e-05
S7_5986691 7 5990691 5.29854860466445e-05
S7_5986697 7 5990697 5.29854860466445e-05
S7_5986699 7 5990699 5.29854860466445e-05
S7_5986724 7 5990724 5.29854860466445e-05
S7_5990112 7 5994112 2.70331178868422e-06
S7_5990125 7 5994125 0.000225029616780936
S7_5990126 7 5994126 0.000225029616780936
S7_5990141 7 5994141 0.000244493445269527
S7_6033569 7 6037569 0.000454084336388574
S7_6304737 7 6308737 0.000790238328334835
S7_6316828 7 6320828 0.000587470785423167
S7_6428554 7 6432554 0.000179782368521084
S7_6428709 7 6432709 0.000337170076945818
S7_6437502 7 6441502 0.000358889228645203
S7_6535935 7 6539935 0.00058261786965962
S7_6535991 7 6539991 0.00058261786965962
S7_6535992 7 6539992 0.00058261786965962
S7_6535994 7 6539994 0.00058261786965962
S7_6562659 7 6566659 0.000805904037040685
S7_6624622 7 6628622 9.57366468076586e-06
S7_6691919 7 6695919 0.000761518547868513
S7_6765114 7 6769114 8.57280944294373e-07
S7_6786036 7 6790036 6.6361651748319e-07
S7_6786482 7 6790482 0.000539345181784406
S7_6852909 7 6856909 0.000939679855779643
S7_6961043 7 6965043 7.30274459949273e-09
S7_7022206 7 7026206 0.000353576525489682
S7_7022216 7 7026216 0.000757484890458049
S7_7022221 7 7026221 0.000343662713640104
S7_7032401 7 7036401 0.000165355586472378
S7_7056273 7 7060273 0.000851378080406909
S7_7082506 7 7086506 0.000184232560061629
S7_7084024 7 7088024 0.000576378060814059
S7_7097195 7 7101195 0.000470943780727243
S7_7103682 7 7107682 7.46586013599451e-06
S7_7108792 7 7112792 3.79034772427299e-07
S7_7132630 7 7136630 5.60040523604216e-05
S7_7143992 7 7147992 2.33678467523836e-05
S7_7362769 7 7366769 2.75391817486197e-07
S7_7460130 7 7464130 0.000798037820411566
S7_7474511 7 7478511 6.93484785653063e-05
S7_7492558 7 7496558 1.08895504188017e-06
S7_7543887 7 7547887 2.14809984849182e-07
S7_7547584 7 7551584 5.9599116627161e-06
S7_7547665 7 7551665 0.000742411664939106
S7_7580095 7 7584095 8.3867990029188e-05
S7_7596375 7 7600375 0.000492183593306847
S7_7596446 7 7600446 2.28723617931806e-05
S7_7601154 7 7605154 0.000100503216636255
S7_7743894 7 7747894 0.000953926377793701
S7_7743994 7 7747994 2.72241472094236e-07
S7_7889447 7 7893447 0.000385711026712161
S7_8023547 7 8027547 0.00030894958677738
S7_8025735 7 8029735 7.83393205682583e-06
S7_8025744 7 8029744 7.83393205682583e-06
S7_8025763 7 8029763 7.8339320568246e-06
S7_8025805 7 8029805 0.000307561369676372
S7_8099162 7 8103162 1.47809288088771e-06
S7_8182760 7 8186760 5.07972355727031e-05
S7_8197746 7 8201746 2.34102520771127e-07
S7_8357429 7 8361429 1.53805554615129e-06
S7_8415273 7 8419273 1.10527494651199e-06
S7_8439847 7 8443847 7.39242000068862e-05
S7_8473348 7 8477348 3.79481181695518e-05
S7_8473439 7 8477439 4.8576735741298e-05
S7_8473440 7 8477440 7.45378295471919e-05
S7_8477149 7 8481149 4.2923654295273e-07
S7_8477154 7 8481154 4.2923654295273e-07
S7_8559152 7 8563152 0.000206303748952597
S7_8609631 7 8613631 9.42845704995539e-05
S7_8951200 7 8955200 9.89548044079583e-06
S7_8998379 7 9002379 0.000999118105563242
S7_8998398 7 9002398 0.000999118105563242
S7_9030750 7 9034750 0.000247171229210008
S7_9030964 7 9034964 0.000337207180944708
S7_9032356 7 9036356 2.63154337288987e-06
S7_9033755 7 9037755 0.000495206834949792
S7_9047377 7 9051377 0.000148078943708829
S7_9077516 7 9081516 0.00017213810506266
S7_9086446 7 9090446 4.3759063688439e-05
S7_9086665 7 9090665 9.13406432636118e-06
S7_9125980 7 9129980 0.00047984741986342
S7_9158984 7 9162984 7.30923754657965e-05
S7_9189085 7 9193085 0.000189500047428281
S7_9189089 7 9193089 0.000189500047428281
S7_9229624 7 9233624 0.000139901559714276
S7_9316678 7 9320678 3.32538873957375e-06
S7_9316679 7 9320679 4.59258212671918e-06
S7_9316682 7 9320682 5.66359439063666e-06
S7_9333772 7 9337772 0.000915760172854587
S7_9339438 7 9343438 0.000140894971260576
S7_9441860 7 9445860 0.000958140704009468
S7_9605145 7 9609145 1.39399592035243e-06
S7_9868953 7 9872953 0.000374977414388296
S7_10127146 7 10131146 0.000151468950212106
S7_10174011 7 10178011 2.14078567881352e-05
S7_10191803 7 10195803 0.000318065854955797
S7_10191853 7 10195853 0.000318065854955874
S7_10205688 7 10209688 2.91709755841227e-05
S7_10205702 7 10209702 2.91709755841182e-05
S7_10254852 7 10258852 2.67784778692698e-05
S7_10258892 7 10262892 8.26554269982051e-05
S7_10803421 7 10807421 0.000216691542444904
S7_10807221 7 10811221 0.000623607555158901
S7_10840232 7 10844232 0.000168364492998091
S7_10849587 7 10853587 2.99202290654926e-06
S7_10860313 7 10864313 6.41324729658841e-05
S7_10868281 7 10872281 0.000207023206792842
S7_10869990 7 10873990 6.43896512566542e-06
S7_10880243 7 10884243 5.74037444213326e-06
S7_10928131 7 10932131 0.000705866765225936
S7_11083881 7 11087881 0.000529176577489224
S7_11083885 7 11087885 0.00052917657748932
S7_11083908 7 11087908 7.77059557921306e-05
S7_11127971 7 11131971 0.000538342584294402
S7_11973640 7 11977640 7.22931609802036e-10
S7_12014020 7 12018020 0.000406210687841812
S7_12014038 7 12018038 0.000406210687841812
S7_12048272 7 12052272 0.000193416430761017
S7_12050281 7 12054281 0.000193728520581018
S7_12142235 7 12146235 1.74660257484333e-05
S7_12216001 7 12220001 0.000488197070002128
S7_12217108 7 12221108 2.08655591174772e-05
S7_12218864 7 12222864 8.96629033817887e-06
S7_12245022 7 12249022 5.60155485727543e-05
S7_12254991 7 12258991 1.31203798843522e-07
S7_12265528 7 12269528 7.81242548158037e-05
S7_12301925 7 12305925 2.1073312369077e-08
S7_12330630 7 12334630 3.26144089041941e-06
S7_12371311 7 12375311 0.000161108152695806
S7_12373156 7 12377156 1.07475796040105e-11
S7_12373160 7 12377160 4.33716211419487e-07
S7_12427673 7 12431673 1.42242771910961e-06
S7_12537590 7 12541590 1.27005414606458e-05
S7_12575231 7 12579231 0.000184024739745143
S7_12575723 7 12579723 1.19535900252633e-05
S7_12575725 7 12579725 8.83019937166396e-06
S7_12575726 7 12579726 8.83019937166396e-06
S7_12575728 7 12579728 6.79613780164961e-06
S7_12575730 7 12579730 2.48637498707279e-05
S7_12588805 7 12592805 1.89338124986428e-05
S7_12662054 7 12666054 0.000673305530916324
S7_12710880 7 12714880 1.00984188971745e-09
S7_12711316 7 12715316 0.000264277413640877
S7_12711375 7 12715375 0.000402481772809547
S7_12712563 7 12716563 3.82427955251994e-05
S7_12729810 7 12733810 8.85076535946113e-07
S7_12739562 7 12743562 0.000213791488886309
S7_12792966 7 12796966 0.000307688523187043
S7_12817933 7 12821933 9.10294056515496e-07
S7_12836658 7 12840658 9.0670275322764e-05
S7_12836774 7 12840774 6.96486101873314e-06
S7_12836787 7 12840787 0.000708103667691512
S7_12865678 7 12869678 1.92246814673691e-05
S7_12925035 7 12929035 1.3649630346695e-06
S7_12925056 7 12929056 0.000146539422746785
S7_12957969 7 12961969 4.40329199699736e-06
S7_13046343 7 13050343 4.97264340390499e-08
S7_13072450 7 13076450 0.000147946446547621
S7_13084879 7 13088879 0.000226638529822041
S7_13086524 7 13090524 7.75794666295174e-08
S7_13086535 7 13090535 1.72257755437078e-07
S7_13086538 7 13090538 5.88934819998446e-08
S7_13101568 7 13105568 0.000206887655182503
S7_13113362 7 13117362 4.83351735564618e-05
S7_13131976 7 13135976 3.96825911102531e-05
S7_13138861 7 13142861 8.56491023258035e-09
S7_13140982 7 13144982 1.60462954355864e-06
S7_13166030 7 13170030 0.000173768965154532
S7_13197247 7 13201247 0.000195792936025529
S7_13249341 7 13253341 1.67640287996807e-05
S7_13249729 7 13253729 0.00062836143871583
S7_13249835 7 13253835 5.1103904295786e-05
S7_13280262 7 13284262 8.66000689649209e-05
S7_13368872 7 13372872 0.000172779842306037
S7_13377673 7 13381673 4.39307876064147e-05
S7_13379961 7 13383961 0.000783777488723623
S7_13388830 7 13392830 0.000989134542226802
S7_13458991 7 13462991 0.000464608764285192
S7_13630171 7 13634171 0.000895460955015284
S7_13630179 7 13634179 0.000895460955015284
S7_13630188 7 13634188 0.000895460955015284
S7_13709254 7 13713254 0.000194695372528491
S7_13794318 7 13798318 0.000811036620743695
S7_13794676 7 13798676 8.70742921367422e-06
S7_13867010 7 13871010 0.000210572334214304
S7_14105791 7 14109791 0.000516142124915818
S7_14126036 7 14130036 0.000305082139363565
S7_14143241 7 14147241 1.46730245993868e-05
S7_14143330 7 14147330 6.17583972489497e-05
S7_14146046 7 14150046 0.000156290726714478
S7_14182603 7 14186603 0.000869465247266398
S7_14184108 7 14188108 4.28911692184408e-05
S7_14207813 7 14211813 0.000257570791562283
S7_14212057 7 14216057 2.84886418082149e-06
S7_14212261 7 14216261 9.36157019365996e-05
S7_14221192 7 14225192 8.43128611343213e-05
S7_14257455 7 14261455 0.000586351758264565
S7_14259778 7 14263778 9.83175580225295e-05
S7_14290997 7 14294997 0.000126178023117451
S7_14382489 7 14386489 0.000142521795469762
S7_14385062 7 14389062 3.40404291084723e-05
S7_14386842 7 14390842 5.61430776858825e-05
S7_14387156 7 14391156 0.000744129269450217
S7_14545616 7 14549616 0.000580656951230737
S7_14824332 7 14828332 0.00011912018564389
S7_14917641 7 14921641 0.000540134764415121
S7_15872161 7 15876161 0.000146970550942471
S7_16155236 7 16159236 5.63095611086261e-05
S7_16614259 7 16618259 0.000699964046069948
S7_16803825 7 16807825 0.000788205581809401
S7_17133213 7 17137213 0.000163133124373091
S7_18172219 7 18176219 0.000582961744394515
S7_18389437 7 18393437 2.1462786101235e-05
S7_22356903 7 22360903 0.000829079066268263
S7_22356904 7 22360904 0.00076703882505657
S7_22604907 7 22608907 0.000480512796504131
S7_23375340 7 23379340 3.34677391133285e-06
S7_26973960 7 26977960 0.000171069209073092
S7_37745552 7 37749552 0.000926804490448451
S7_37745890 7 37749890 5.87127892218198e-05
S7_39350329 7 39354329 0.000373329322251993
S7_41747887 7 41751887 0.000969587376755953
S7_42478297 7 42482297 6.4552512996376e-05
S7_46683898 7 46687898 8.98345490966313e-05
S7_50935457 7 50939457 0.000220726309167831
S7_50935471 7 50939471 0.000288263289671757
S7_51076766 7 51080766 0.000312197416449882
S7_51517580 7 51521580 4.42568696422365e-05
S7_51568566 7 51572566 1.67294809051182e-12
S7_51568578 7 51572578 0.000102016322189459
S7_51598671 7 51602671 5.25491419576e-05
S7_51661960 7 51665960 0.000190361243701184
S7_51816535 7 51820535 2.65781372070022e-06
S7_51931613 7 51935613 0.000450080024480775
S7_51931665 7 51935665 3.23263602652948e-05
S7_52146530 7 52150530 4.70191130514994e-05
S7_52157702 7 52161702 0.00035626107346091
S7_52267920 7 52271920 0.000688415987586484
S7_52320440 7 52324440 0.000164724762448632
S7_52343088 7 52347088 5.86076522148063e-05
S7_52364086 7 52368086 0.000961454801377892
S7_52466443 7 52470443 2.3156040474314e-05
S7_52473684 7 52477684 0.000168715185503228
S7_52482795 7 52486795 0.000436524339349723
S7_52584929 7 52588929 5.1812374743829e-05
S7_52611693 7 52615693 5.45799149265824e-09
S7_52865139 7 52869139 8.20237745160047e-05
S7_52962527 7 52966527 7.46424665096402e-05
S7_53069190 7 53073190 0.000335680962477365
S7_53106976 7 53110976 0.000283888873635468
S7_53167706 7 53171706 3.07651094493429e-05
S7_53207671 7 53211671 2.71780043075611e-05
S7_53207673 7 53211673 2.71780043075611e-05
S7_53208423 7 53212423 7.69670240513362e-07
S7_53284086 7 53288086 0.000103678502025729
S7_53284093 7 53288093 0.000620352904949745
S7_53284097 7 53288097 1.06916310041922e-05
S7_53331497 7 53335497 2.69957302751217e-08
S7_53441582 7 53445582 1.2305135296487e-08
S7_53456441 7 53460441 0.000470282953732135
S7_53460919 7 53464919 0.000199208737126265
S7_53464976 7 53468976 2.02735824557684e-05
S7_53495874 7 53499874 4.9411097933784e-08
S7_53501090 7 53505090 0.000160748994432594
S7_53608429 7 53612429 3.14299530381735e-05
S7_53619254 7 53623254 0.000643984022419245
S7_53963070 7 53967070 0.000131783115810306
S7_54095647 7 54099647 4.18629693218708e-06
S7_54152725 7 54156725 2.43297735806718e-05
S7_54152726 7 54156726 2.43297735806718e-05
S7_54173142 7 54177142 7.0959212264372e-05
S7_54180392 7 54184392 2.22169494506186e-06
S7_54263714 7 54267714 5.55234840291327e-05
S7_54322446 7 54326446 8.70161220778498e-05
S7_54333754 7 54337754 4.62440713669787e-05
S7_54519718 7 54523718 1.85388321827865e-05
S7_55228995 7 55232995 8.59831312669239e-05
S7_55237792 7 55241792 0.000492720575480737
S7_55237829 7 55241829 0.000833882325969935
S7_55254180 7 55258180 0.000128318916701708
S7_55256002 7 55260002 0.000995083057713643
S7_55269489 7 55273489 0.000391135196831795
S7_55309374 7 55313374 3.6289904761094e-06
S7_55309403 7 55313403 0.000441721030825561
S7_55320633 7 55324633 0.000243901688888769
S7_55320689 7 55324689 0.000245314373126313
S7_55325780 7 55329780 0.000481066914507157
S7_55325781 7 55329781 0.000483783179629196
S7_55332296 7 55336296 8.06940550581688e-06
S7_55332336 7 55336336 8.06940550581688e-06
S7_55332352 7 55336352 8.06940550581688e-06
S7_55367841 7 55371841 0.000885451565649392
S7_55371288 7 55375288 0.000337841639176567
S7_55384786 7 55388786 0.000432969733801207
S7_55409232 7 55413232 0.000825500281087777
S7_55409235 7 55413235 0.000825500281087777
S7_55409335 7 55413335 1.67262139774044e-06
S7_55409350 7 55413350 0.000575396212306947
S7_55525154 7 55529154 0.000712575238767085
S7_55525281 7 55529281 7.91042336369998e-05
S7_55666307 7 55670307 0.000428520991307714
S7_55700965 7 55704965 2.93581818102605e-08
S7_55941519 7 55945519 0.000545939261771955
S7_56061853 7 56065853 0.000464437137871816
S7_56061866 7 56065866 0.000455478762762392
S7_56061867 7 56065867 0.000455478762762392
S7_56061868 7 56065868 0.000455478762762392
S7_56061873 7 56065873 0.000455478762762392
S7_56108434 7 56112434 0.000299851233561743
S7_56166640 7 56170640 0.000129373790973243
S7_56196770 7 56200770 2.3295967922758e-05
S7_56196783 7 56200783 2.3295967922758e-05
S7_56211509 7 56215509 2.86705584917485e-05
S7_56211510 7 56215510 2.8670558491741e-05
S7_56211663 7 56215663 0.000123007681389921
S7_56211686 7 56215686 0.000362302651743015
S7_56271180 7 56275180 9.78237113091871e-06
S7_56287056 7 56291056 6.70756836965268e-05
S7_56327856 7 56331856 0.000520684035469716
S7_56363165 7 56367165 0.000605058190910879
S7_56372218 7 56376218 0.000179295450526296
S7_56522717 7 56526717 0.000860953149309891
S7_56626747 7 56630747 6.57338205566365e-05
S7_56693973 7 56697973 0.000880571650195822
S7_56752834 7 56756834 0.000439388340535887
S7_56772167 7 56776167 8.15928766393157e-06
S7_56772185 7 56776185 0.000245905036062477
S7_56997133 7 57001133 0.000596757801934305
S7_56997134 7 57001134 1.84596196335012e-05
S7_57049130 7 57053130 1.59232650238365e-05
S7_57133220 7 57137220 0.000884257970741641
S7_57137822 7 57141822 2.39901544748237e-06
S7_57210669 7 57214669 0.000360808211200367
S7_57261198 7 57265198 9.89449934226692e-06
S7_57425226 7 57429226 0.000257721302482979
S7_57438271 7 57442271 0.000318136499872142
S7_57512354 7 57516354 6.19270301397036e-05
S7_57989098 7 57993098 0.000776959497211073
S7_58170873 7 58174873 0.000674695929400081
S7_58592023 7 58596023 5.41106095184627e-06
S7_58592718 7 58596718 0.000505285976342574
S7_58744297 7 58748297 2.32227542151655e-06
S7_59915849 7 59919849 0.000200127363256409
S7_59915883 7 59919883 5.37281849458441e-05
S7_59924812 7 59928812 0.000890867619184085
S7_60030864 7 60034864 0.000537922998212405
S7_60353908 7 60357908 1.11787527844554e-08
S7_60409925 7 60413925 0.000972571327937461
S7_60418596 7 60422596 0.000134939737079127
S7_60469609 7 60473609 7.34392127718391e-05
S7_60841681 7 60845681 0.000107382765909983
S7_60893512 7 60897512 0.000108941218057469
S7_61083264 7 61087264 0.000222137432818164
S7_61120034 7 61124034 0.000625595556577526
S7_61285102 7 61289102 0.00064059052793237
S7_61285142 7 61289142 0.000917862727136315
S7_61296525 7 61300525 0.000857524267590771
S7_61309167 7 61313167 4.38767647480131e-05
S7_61314628 7 61318628 0.000660125597331076
S7_61459653 7 61463653 0.000371415402373542
S7_61466434 7 61470434 0.000442783246978562
S7_61482983 7 61486983 0.000200803788350622
S7_61506052 7 61510052 0.000688634728052515
S7_61561241 7 61565241 0.000971832055043626
S7_61562036 7 61566036 0.000132419715301252
S7_61568603 7 61572603 0.000137857579397642
S7_61568648 7 61572648 0.000137857579397642
S7_61652494 7 61656494 3.65642562835671e-05
S7_61667247 7 61671247 6.88085641980248e-05
S7_61841187 7 61845187 1.36649502245587e-05
S7_61907063 7 61911063 0.000595899233587491
S7_61907064 7 61911064 0.000595899233587405
S7_61907066 7 61911066 0.000595899233587405
S7_61907067 7 61911067 0.000595899233587491
S7_61937926 7 61941926 5.41065413255147e-05
S7_61988122 7 61992122 0.0009457103904159
S7_61995295 7 61999295 2.42472855190689e-07
S7_61996889 7 62000889 0.000156539259890771
S7_62025920 7 62029920 6.18084328757413e-05
S7_62070075 7 62074075 3.14578510693644e-07
S7_62085929 7 62089929 2.31147081675198e-05
S7_62176886 7 62180886 0.00096814459334218
S7_62176888 7 62180888 0.00096814459334218
S7_62176889 7 62180889 0.000968144593342076
S7_62176891 7 62180891 0.000968144593342076
S7_62176892 7 62180892 0.000968144593342076
S7_62177061 7 62181061 4.10057293528483e-06
S7_62177250 7 62181250 0.000132472788125294
S7_62330873 7 62334873 0.000794268035839343
S7_62348379 7 62352379 0.000575124506644249
S7_62560882 7 62564882 0.000741165770359772
S7_62838381 7 62842381 0.000439498277736642
S7_62846580 7 62850580 3.38917577134428e-06
S7_62877607 7 62881607 0.000572376767347803
S7_62886353 7 62890353 0.000523159665670401
S7_62886368 7 62890368 0.000502347878894625
S7_62886384 7 62890384 0.000523159665670401
S7_62892159 7 62896159 3.00842220575041e-06
S7_62892160 7 62896160 3.00842220575041e-06
S7_62984825 7 62988825 0.000350594397835508
S7_62984838 7 62988838 0.000350594397835508
S7_62984849 7 62988849 0.000350594397835608
S7_62984885 7 62988885 0.000803227369281651
S7_62984916 7 62988916 0.000803227369281837
S7_63163876 7 63167876 1.14691746273855e-05
S7_63174866 7 63178866 0.0008502518590131
S7_63183744 7 63187744 0.000327758839838986
S7_63352069 7 63356069 4.98989292767689e-06
S7_63665522 7 63669522 0.000998943129535481
S7_63907142 7 63911142 0.000274116573965009
S7_63910582 7 63914582 0.000570374756934077
S7_64115375 7 64119375 7.26685416599412e-05
S7_64164958 7 64168958 0.000791033452467277
S7_64164991 7 64168991 0.000791033452467277
S7_64197370 7 64201370 6.65418241559951e-05
