Marker Chr Pos p
S8_142703 8 146703 0.000695954281443188
S8_511888 8 515888 2.85600900461945e-07
S8_630026 8 634026 0.000114567675533831
S8_630076 8 634076 0.00018738562198965
S8_706148 8 710148 7.46153674573815e-07
S8_809303 8 813303 0.000942388669715527
S8_958008 8 962008 9.05083401839795e-05
S8_958009 8 962009 0.000158197688995226
S8_958010 8 962010 0.000158197688995226
S8_1181253 8 1185253 0.000117140045861737
S8_1307907 8 1311907 3.2113562269987e-10
S8_1309679 8 1313679 7.58895086680704e-05
S8_1436728 8 1440728 0.000698359189885469
S8_1604006 8 1608006 3.76282449672694e-08
S8_1604031 8 1608031 3.76282449672694e-08
S8_1604050 8 1608050 3.76282449673002e-08
S8_1678077 8 1682077 0.000260241040737604
S8_1682266 8 1686266 3.3599730104096e-07
S8_1682274 8 1686274 3.3599730104096e-07
S8_1698062 8 1702062 8.56563808769911e-06
S8_1719615 8 1723615 0.000192438809289963
S8_1721001 8 1725001 2.82704917098773e-06
S8_1800989 8 1804989 1.0023961458963e-05
S8_1814110 8 1818110 0.000600987437502268
S8_1814124 8 1818124 0.000600987437502268
S8_1826465 8 1830465 3.00442891869987e-08
S8_1826474 8 1830474 3.00442891869987e-08
S8_1826476 8 1830476 3.00442891869987e-08
S8_1826507 8 1830507 2.24901269616506e-07
S8_1856094 8 1860094 2.76252863427215e-07
S8_1857077 8 1861077 0.000486633106961611
S8_1869332 8 1873332 0.000771716470567376
S8_1884007 8 1888007 0.000130358733430377
S8_2013490 8 2017490 0.00036061183476646
S8_2047887 8 2051887 1.13969634808788e-09
S8_2083193 8 2087193 5.67972156187179e-05
S8_2083199 8 2087199 0.000210760255846222
S8_2083224 8 2087224 0.000210760255846222
S8_2083227 8 2087227 0.000210760255846222
S8_2115437 8 2119437 8.30818423356653e-05
S8_2124293 8 2128293 2.53508616756976e-05
S8_2124369 8 2128369 0.000612431062738656
S8_2143716 8 2147716 7.36873684551628e-05
S8_2148179 8 2152179 0.000431129838608461
S8_2175699 8 2179699 0.000243002831059587
S8_2260250 8 2264250 2.97096939434437e-10
S8_2260650 8 2264650 2.92665342171793e-07
S8_2261372 8 2265372 3.82348465714074e-09
S8_2285276 8 2289276 1.4462175236125e-06
S8_2285278 8 2289278 1.4462175236125e-06
S8_2287188 8 2291188 3.0104805565498e-09
S8_2345956 8 2349956 0.000792447805196679
S8_2360713 8 2364713 9.17643440037025e-08
S8_2361178 8 2365178 0.000875702573691868
S8_2373110 8 2377110 4.4557649997457e-06
S8_2373113 8 2377113 4.1729687183671e-06
S8_2373138 8 2377138 4.17296871836877e-06
S8_2373213 8 2377213 2.60219973706241e-11
S8_2401276 8 2405276 3.4515501524848e-09
S8_2401378 8 2405378 6.0194457574384e-07
S8_2416807 8 2420807 1.36167119181529e-06
S8_2439965 8 2443965 8.30268197341966e-09
S8_2440173 8 2444173 6.79460944449610e-12
S8_2440185 8 2444185 1.24989955308192e-09
S8_2450358 8 2454358 4.85353984096948e-14
S8_2451789 8 2455789 0.000517218299352974
S8_2455925 8 2459925 2.25087746866119e-07
S8_2455938 8 2459938 2.23526061501099e-11
S8_2455969 8 2459969 5.01450628388933e-11
S8_2455978 8 2459978 5.65713721657497e-11
S8_2467523 8 2471523 3.43139001361223e-08
S8_2467530 8 2471530 2.56142046224228e-07
S8_2482893 8 2486893 2.46741001272342e-11
S8_2483291 8 2487291 4.70758908967746e-11
S8_2484367 8 2488367 1.2465935427332e-06
S8_2485071 8 2489071 1.78822230963267e-11
S8_2490087 8 2494087 3.55694188543778e-05
S8_2507375 8 2511375 0.000909985354658329
S8_2508156 8 2512156 2.14986318351767e-17
S8_2508186 8 2512186 1.3152411170475e-09
S8_2508280 8 2512280 2.7552157401138e-05
S8_2508364 8 2512364 2.95147109333001e-07
S8_2508392 8 2512392 6.15617281944735e-08
S8_2508518 8 2512518 0.000502028165636593
S8_2508554 8 2512554 0.000522480649573059
S8_2508591 8 2512591 9.77073823676977e-08
S8_2508614 8 2512614 9.77073823676977e-08
S8_2512896 8 2516896 3.02806993791821e-10
S8_2512924 8 2516924 0.000645696212299554
S8_2512956 8 2516956 9.07629714682511e-05
S8_2513136 8 2517136 4.37398559850555e-11
S8_2528768 8 2532768 6.91636479428631e-15
S8_2528799 8 2532799 7.74293642519969e-15
S8_2580225 8 2584225 5.03362447869164e-05
S8_2742536 8 2746536 0.000786966824039096
S8_2985604 8 2989604 2.7517014920864e-06
S8_3176432 8 3180432 0.000970538751435627
S8_3226851 8 3230851 0.000879224232017723
S8_3250970 8 3254970 7.20300298050017e-05
S8_3343184 8 3347184 3.52073802230891e-08
S8_3536082 8 3540082 1.40202187923071e-07
S8_3536114 8 3540114 0.000225096177438593
S8_3558112 8 3562112 0.000991768556312948
S8_3655345 8 3659345 0.00027215247387639
S8_3655349 8 3659349 0.000268628509415957
S8_3681688 8 3685688 0.000305330044150751
S8_3712126 8 3716126 8.07539109513168e-05
S8_3839455 8 3843455 0.000217799196224737
S8_3890119 8 3894119 0.000734627389051814
S8_3919323 8 3923323 0.000114812140101119
S8_3919324 8 3923324 0.000114812140101119
S8_3919325 8 3923325 0.000737995787561076
S8_3920755 8 3924755 1.07788496861884e-05
S8_3920756 8 3924756 1.07788496861884e-05
S8_3920757 8 3924757 1.07788496861884e-05
S8_3920758 8 3924758 1.07788496861884e-05
S8_3949481 8 3953481 3.03005465954746e-08
S8_4064129 8 4068129 0.000107730166357669
S8_4149813 8 4153813 1.04104051739206e-05
S8_4235042 8 4239042 4.66583877410941e-06
S8_4304235 8 4308235 4.10193949400041e-05
S8_4387154 8 4391154 0.000777754005956286
S8_4389415 8 4393415 0.000325551399367314
S8_4389454 8 4393454 0.00012275031393777
S8_4389459 8 4393459 0.00012275031393777
S8_4445167 8 4449167 0.000152942983958534
S8_4485626 8 4489626 0.000157294334497337
S8_4616287 8 4620287 3.87128073819799e-05
S8_4697902 8 4701902 0.000471208799755282
S8_4751781 8 4755781 1.77967314551025e-08
S8_4769352 8 4773352 1.95924948120626e-08
S8_5181354 8 5185354 3.3488361296455e-05
S8_5190534 8 5194534 1.09403490337834e-07
S8_5287306 8 5291306 0.000752230762865096
S8_5519221 8 5523221 0.000114963905712624
S8_6056844 8 6060844 0.000300912750181341
S8_6244670 8 6248670 0.000254252733068059
S8_6453987 8 6457987 0.00021786790935504
S8_6531695 8 6535695 2.6639407624488e-07
S8_7046954 8 7050954 6.58918831096139e-07
S8_7402959 8 7406959 0.000702433058470864
S8_7528254 8 7532254 4.41176648926144e-08
S8_7748591 8 7752591 0.000159139388330881
S8_7821554 8 7825554 8.53942904209412e-11
S8_7943011 8 7947011 1.91390695417145e-10
S8_7971114 8 7975114 0.000187730375482349
S8_8000418 8 8004418 0.000907616069979704
S8_8158435 8 8162435 0.000916466592403763
S8_8729182 8 8733182 0.000196109360375338
S8_9181338 8 9185338 0.000210278146866916
S8_9181354 8 9185354 0.000216179219700144
S8_9726950 8 9730950 2.28221924703512e-08
S8_10119673 8 10123673 3.60941426360062e-06
S8_10156641 8 10160641 0.000349212432786362
S8_11313639 8 11317639 2.13451554303162e-05
S8_11510974 8 11514974 4.32377376069435e-05
S8_12337030 8 12341030 0.000711940897749037
S8_12933662 8 12937662 0.000663622215501662
S8_14195817 8 14199817 0.000862836982467816
S8_14211637 8 14215637 3.24837087228553e-06
S8_14534378 8 14538378 2.77158966862047e-08
S8_15415666 8 15419666 9.99059199452772e-05
S8_15904479 8 15908479 0.000554479401894253
S8_15904831 8 15908831 0.000301509175673217
S8_15995124 8 15999124 0.00041297628261343
S8_16036051 8 16040051 0.000400752948129368
S8_16159475 8 16163475 3.5290254573403e-08
S8_16189886 8 16193886 7.27140252645881e-05
S8_16333048 8 16337048 0.000432608869199099
S8_16388733 8 16392733 0.000628845915194945
S8_16437735 8 16441735 0.000135483431173848
S8_16464544 8 16468544 0.000161238420944951
S8_16502607 8 16506607 0.000192523049029476
S8_16619197 8 16623197 0.000141775597362713
S8_16764831 8 16768831 1.9249569469586e-06
S8_16950010 8 16954010 0.00082562896416543
S8_16997873 8 17001873 2.1942740246314e-05
S8_17160185 8 17164185 0.000197302715841587
S8_17484035 8 17488035 0.000231370310529618
S8_17696441 8 17700441 0.000155338447913088
S8_17988627 8 17992627 0.000108927510556734
S8_18027608 8 18031608 0.000868099400161053
S8_18038666 8 18042666 0.000815563128583306
S8_18068469 8 18072469 0.000513473563559307
S8_18117021 8 18121021 0.000467105139831054
S8_18133766 8 18137766 1.20262146918616e-05
S8_18227647 8 18231647 0.000413068976247807
S8_18732789 8 18736789 5.02470349068163e-05
S8_19028884 8 19032884 0.000123766628990431
S8_24059505 8 24063505 0.00033666391424234
S8_24089486 8 24093486 0.000146586497652275
S8_24143688 8 24147688 0.000165403977503771
S8_24776369 8 24780369 3.22917176819489e-06
S8_25142770 8 25146770 1.71404383144824e-08
S8_29410621 8 29414621 3.34748558219842e-06
S8_29556551 8 29560551 2.33391377968266e-06
S8_30080051 8 30084051 0.000365334504341423
S8_30080069 8 30084069 0.00036533450434138
S8_30080105 8 30084105 0.000365334504341423
S8_30496919 8 30500919 2.50653508279374e-05
S8_30544247 8 30548247 0.000775967783434821
S8_30555659 8 30559659 8.12798631382228e-07
S8_31451978 8 31455978 0.000997465465741854
S8_32198804 8 32202804 4.7040607044522e-06
S8_32825800 8 32829800 1.14333878584965e-08
S8_33198573 8 33202573 1.46151177261092e-06
S8_33231813 8 33235813 0.000446870487124916
S8_33463176 8 33467176 0.000682034559495737
S8_33518497 8 33522497 0.000751061221877193
S8_33518536 8 33522536 0.000777975101270105
S8_33996447 8 34000447 0.000400963171453827
S8_34203978 8 34207978 0.000712453069984716
S8_35109219 8 35113219 0.000177173443989037
S8_35255426 8 35259426 2.99085852747827e-07
S8_35903186 8 35907186 0.000716975060777612
S8_36112710 8 36116710 0.00080032417875096
S8_36112815 8 36116815 0.000891220972437667
S8_36256451 8 36260451 0.000824713124859884
S8_36415995 8 36419995 0.000836880777698628
S8_36643766 8 36647766 5.81722434847986e-12
S8_36846016 8 36850016 0.000105355041819827
S8_36846105 8 36850105 9.55273256212831e-05
S8_36866708 8 36870708 0.000233035641916304
S8_36968669 8 36972669 8.78469845926141e-05
S8_36978083 8 36982083 8.64980750264459e-05
S8_36979457 8 36983457 3.0415259623148e-05
S8_36979530 8 36983530 0.000223411760310319
S8_37056423 8 37060423 0.000140295512994487
S8_37057815 8 37061815 7.57229595776222e-05
S8_37058020 8 37062020 0.000619549433035224
S8_37103177 8 37107177 4.90631703006718e-05
S8_37147785 8 37151785 0.000414742902109112
S8_37198269 8 37202269 0.000151713019163615
S8_37227524 8 37231524 8.82006473817408e-06
S8_37261490 8 37265490 5.69258322532126e-05
S8_37261606 8 37265606 0.000649928784097459
S8_37318712 8 37322712 0.000191599014139744
S8_37378742 8 37382742 0.000182945206943257
S8_37381147 8 37385147 7.11077443342448e-06
S8_37413574 8 37417574 0.000355938025413363
S8_37488763 8 37492763 0.000300366675567459
S8_37735289 8 37739289 9.14877540427468e-05
S8_37798786 8 37802786 5.87709061511655e-05
S8_38020855 8 38024855 0.000979118141059033
S8_38433769 8 38437769 3.13015219319545e-06
S8_38527634 8 38531634 0.000196313162602947
S8_38533601 8 38537601 2.81080845054747e-05
S8_38533616 8 38537616 2.81080845054785e-05
S8_38558134 8 38562134 0.000276875207576642
S8_38558139 8 38562139 0.000244988173960354
S8_38559035 8 38563035 0.000101463038231579
S8_38559057 8 38563057 0.000101463038231579
S8_38559940 8 38563940 0.000937436885472118
S8_38560328 8 38564328 0.000495105195306246
S8_38713947 8 38717947 0.000784017023623557
S8_38724449 8 38728449 6.2312172437726e-05
S8_39111345 8 39115345 2.7266201467339e-07
S8_39111354 8 39115354 3.84623095377156e-08
S8_39111357 8 39115357 2.7266201467339e-07
S8_41318031 8 41322031 1.16559007126325e-06
S8_42295726 8 42299726 0.000265840813552799
S8_42310090 8 42314090 5.51771017693537e-05
S8_42310111 8 42314111 5.51771017693537e-05
S8_42310112 8 42314112 5.51771017693178e-05
S8_42354333 8 42358333 0.000663355555906953
S8_42372182 8 42376182 1.82503549247702e-06
S8_42534266 8 42538266 0.000172122364652746
S8_42535293 8 42539293 0.000192372256080174
S8_42536805 8 42540805 0.000560138357682868
S8_42553593 8 42557593 0.000374822740135532
S8_42554392 8 42558392 7.19602664427162e-05
S8_42602810 8 42606810 4.19172985591632e-05
S8_42622872 8 42626872 0.000871118164585454
S8_42695655 8 42699655 0.000142002774957297
S8_42774340 8 42778340 0.000537867312069459
S8_42774401 8 42778401 6.02667475817687e-06
S8_42793950 8 42797950 0.000646784727235142
S8_43047688 8 43051688 3.89793448138999e-05
S8_43256788 8 43260788 4.91793131203923e-06
S8_43369910 8 43373910 0.000378460192624903
S8_43429581 8 43433581 7.86362434167941e-06
S8_43532980 8 43536980 2.79764991801739e-08
S8_43555108 8 43559108 1.29436891576657e-07
S8_43699956 8 43703956 2.05916506247419e-08
S8_43914122 8 43918122 3.84713221908605e-05
S8_44316973 8 44320973 0.000310362733717425
S8_44353931 8 44357931 8.95114152673126e-05
S8_44357887 8 44361887 0.000910073768340208
S8_44357912 8 44361912 0.00091007376834026
S8_44357933 8 44361933 0.000927741016083515
S8_44423648 8 44427648 5.2696732694941e-05
S8_44560158 8 44564158 0.000774147869277398
S8_44582139 8 44586139 1.25682642656814e-07
S8_44582539 8 44586539 0.000451853246948578
S8_44828684 8 44832684 0.000135775254880746
S8_44828693 8 44832693 0.000135775254880746
S8_44828697 8 44832697 0.000135775254880746
S8_44828707 8 44832707 0.000135775254880746
S8_44871654 8 44875654 0.000775683516768103
S8_45198748 8 45202748 1.54071516476909e-05
S8_45198892 8 45202892 3.94574570091255e-05
S8_45213180 8 45217180 2.7380492408275e-06
S8_45321570 8 45325570 8.02413422103618e-08
S8_45372477 8 45376477 1.22762646516198e-07
S8_45533574 8 45537574 1.07608229737396e-05
S8_45533625 8 45537625 1.07608229737396e-05
S8_45549263 8 45553263 4.66130996462283e-05
S8_45549269 8 45553269 7.83460928967213e-05
S8_45616670 8 45620670 8.34299162732212e-05
S8_45616740 8 45620740 0.00043100448143974
S8_45728246 8 45732246 2.41590118568455e-05
S8_45795378 8 45799378 9.63248659934842e-05
S8_45851740 8 45855740 0.000456287224694869
S8_46277898 8 46281898 9.14533198327969e-05
S8_46295174 8 46299174 0.000180635527732793
S8_46399023 8 46403023 5.43821687414492e-05
S8_46420478 8 46424478 5.78555687253723e-09
S8_46542798 8 46546798 0.000892876479794754
S8_46572988 8 46576988 3.8401753460121e-05
S8_46756569 8 46760569 0.000126769552161462
S8_46842012 8 46846012 0.000504478605619697
S8_46850752 8 46854752 8.49017528031448e-08
S8_46871553 8 46875553 1.46164315447394e-05
S8_46873483 8 46877483 0.000297896341293199
S8_46887888 8 46891888 1.70195926813695e-06
S8_46888542 8 46892542 0.000498875363907083
S8_46891144 8 46895144 4.20537437233727e-06
S8_46972877 8 46976877 0.000232507098606116
S8_46976923 8 46980923 4.29227754419003e-05
S8_46997924 8 47001924 1.3221282865915e-06
S8_47176806 8 47180806 0.000165702190460678
S8_47286291 8 47290291 0.000366428787694134
S8_47422458 8 47426458 1.94655876713563e-05
S8_47434228 8 47438228 0.00024842298912724
S8_47452835 8 47456835 0.000853179624818399
S8_47459881 8 47463881 8.88964895179422e-07
S8_47461115 8 47465115 0.000884647634481669
S8_47461134 8 47465134 0.00067584023475475
S8_47479897 8 47483897 3.99507375433448e-05
S8_47493104 8 47497104 0.000588638534275996
S8_47502805 8 47506805 0.0008802998807953
S8_47503192 8 47507192 5.60343106059367e-10
S8_47506614 8 47510614 0.00021509348526764
S8_47595647 8 47599647 3.67053741102995e-05
S8_47636904 8 47640904 0.000107427876724938
S8_47655647 8 47659647 0.000688845231760405
S8_47665131 8 47669131 0.000229598192737201
S8_47833130 8 47837130 0.000482473953497304
S8_47837856 8 47841856 0.000564951576936726
S8_47935490 8 47939490 1.90196450056457e-05
S8_47937499 8 47941499 5.46205013603808e-05
S8_47974457 8 47978457 0.000282971242253107
S8_48140962 8 48144962 0.000162493806714303
S8_48397476 8 48401476 0.000302472749698314
S8_48448759 8 48452759 0.000518302141858591
S8_48448786 8 48452786 0.000518302141858667
S8_48448795 8 48452795 0.000518302141858591
S8_48487151 8 48491151 1.4689422133278e-07
S8_48548428 8 48552428 1.57555720084569e-07
S8_48618616 8 48622616 2.46349501058709e-11
S8_48791404 8 48795404 0.000716044770240614
S8_48791616 8 48795616 0.000421096036614169
S8_49283509 8 49287509 3.4449870286951e-08
S8_49357712 8 49361712 9.78168724390698e-08
S8_49710223 8 49714223 0.000969637898345501
S8_49730100 8 49734100 2.38461158551346e-07
S8_49730108 8 49734108 5.04287728762148e-05
S8_49763889 8 49767889 0.000164070862260589
S8_49792750 8 49796750 0.000114599671003637
S8_49792771 8 49796771 7.62216863003815e-05
S8_49792804 8 49796804 0.00087034468845345
S8_49835789 8 49839789 1.6543754180953e-07
S8_49841426 8 49845426 5.01814023637503e-05
S8_49883402 8 49887402 1.59542000278205e-08
S8_50092389 8 50096389 0.000113822426112597
S8_50194835 8 50198835 4.60521773825132e-09
S8_50425886 8 50429886 9.88763892101781e-05
S8_50425892 8 50429892 9.88763892101781e-05
S8_50425907 8 50429907 1.48887674942368e-06
S8_50752701 8 50756701 2.58511443259371e-05
S8_50752704 8 50756704 2.58511443259371e-05
S8_50752707 8 50756707 2.58511443259371e-05
S8_50752710 8 50756710 2.58511443259371e-05
S8_50757645 8 50761645 4.02440602272923e-06
S8_50796527 8 50800527 0.000585560115286931
S8_51018272 8 51022272 0.000722580209486056
S8_51046611 8 51050611 0.000547569297385442
S8_51293297 8 51297297 6.50733804586506e-05
S8_51557221 8 51561221 0.000794532309231795
S8_51593632 8 51597632 6.40053146143245e-05
S8_51593657 8 51597657 6.40053146143245e-05
S8_51597690 8 51601690 0.000117204346048215
S8_51729922 8 51733922 0.000973113090578493
S8_51746688 8 51750688 0.00014556590628195
S8_51806246 8 51810246 5.451331755097e-06
S8_51826631 8 51830631 0.000774148467752176
S8_52046154 8 52050154 4.39855862754517e-08
S8_52116784 8 52120784 0.000422508088267997
S8_52438749 8 52442749 6.27429251439014e-05
S8_52460490 8 52464490 0.000444783792825067
S8_52473139 8 52477139 0.000198757569147253
S8_52508593 8 52512593 0.000138099964433642
S8_52523713 8 52527713 0.000601545488541575
S8_52772344 8 52776344 2.29718771541046e-07
S8_52772628 8 52776628 0.000465893710965993
S8_52772659 8 52776659 0.000465893710965993
S8_52773196 8 52777196 0.000746031718986183
S8_52913874 8 52917874 0.000724963047510879
S8_52957804 8 52961804 0.000955108198763044
S8_53104276 8 53108276 0.000653422787991881
S8_53140350 8 53144350 0.0006604883330107
S8_53144892 8 53148892 0.000563611907050641
S8_53166892 8 53170892 5.30581028065393e-05
S8_53236585 8 53240585 2.62119192529181e-07
S8_53237379 8 53241379 0.00060695045382979
S8_53404531 8 53408531 1.97511930178087e-07
S8_53404582 8 53408582 3.68116531276246e-07
S8_53500316 8 53504316 0.00088906584288271
S8_53621095 8 53625095 0.00066601723500256
S8_53644980 8 53648980 0.000137822471531778
S8_53741491 8 53745491 0.00056981137074805
S8_53944840 8 53948840 0.000383539412368906
S8_53944842 8 53948842 0.000383539412368906
S8_53963282 8 53967282 0.000116301304149849
S8_53975324 8 53979324 5.03253577490117e-06
S8_54000192 8 54004192 1.02931961026822e-07
S8_54000327 8 54004327 3.80356243801022e-07
S8_54000408 8 54004408 4.52863011875278e-05
S8_54009418 8 54013418 0.000369344607135202
S8_54028438 8 54032438 0.00011762986807943
S8_54034838 8 54038838 5.55864135564798e-05
S8_54068430 8 54072430 0.000224880137190784
S8_54122819 8 54126819 1.50482871836224e-07
S8_54547157 8 54551157 0.000814806198337338
S8_54553072 8 54557072 3.45571850547307e-08
S8_54719892 8 54723892 2.32136170312387e-06
S8_54763702 8 54767702 0.00044799458341847
S8_54945660 8 54949660 4.94273590364877e-05
S8_54945677 8 54949677 0.000332442560562906
S8_54966337 8 54970337 5.40253758489419e-07
S8_54967609 8 54971609 0.000427618489768672
S8_54969500 8 54973500 0.000127961192421069
S8_54969508 8 54973508 0.000127961192421069
S8_55007466 8 55011466 0.000219953555981868
S8_55038706 8 55042706 0.000509758569999357
S8_55038719 8 55042719 0.000509758569999357
S8_55038721 8 55042721 0.000509758569999357
S8_55079563 8 55083563 1.06097788867679e-08
S8_55150375 8 55154375 1.69482718284337e-09
S8_55155363 8 55159363 0.000169136623540034
S8_55438771 8 55442771 3.17107379116711e-06
