Marker Chr Pos p
S2_148046 2 152046 0.000554066617785385
S2_166035 2 170035 0.000188340972356033
S2_320194 2 324194 4.12772903223691e-06
S2_371587 2 375587 8.68920206021415e-05
S2_371589 2 375589 8.68920206021415e-05
S2_371593 2 375593 0.000404966696884149
S2_371601 2 375601 8.6892020602135e-05
S2_396172 2 400172 0.000167944783954305
S2_396295 2 400295 4.85405078078045e-06
S2_457074 2 461074 3.34485838783422e-08
S2_457075 2 461075 3.59361442792975e-08
S2_460843 2 464843 5.62566847362626e-05
S2_499329 2 503329 3.17643908916336e-07
S2_499351 2 503351 3.17643908916336e-07
S2_558790 2 562790 8.19244738865632e-08
S2_580921 2 584921 0.000512789176080295
S2_580922 2 584922 0.000512789176080295
S2_580927 2 584927 0.000512789176080295
S2_633550 2 637550 0.000143450223509421
S2_651707 2 655707 0.000455265584463898
S2_651786 2 655786 0.000964558113545557
S2_683785 2 687785 0.000171609602855274
S2_687146 2 691146 5.61334682813838e-05
S2_730312 2 734312 7.19690142792314e-05
S2_745033 2 749033 5.55492428247652e-06
S2_788682 2 792682 0.000208188253033524
S2_790560 2 794560 3.34096293350475e-06
S2_791611 2 795611 7.73207185385571e-10
S2_793965 2 797965 0.000647761475448695
S2_819887 2 823887 0.000539257435023514
S2_824245 2 828245 0.000161496997014395
S2_1011365 2 1015365 0.000218443595188581
S2_1014210 2 1018210 0.000347856823445308
S2_1014224 2 1018224 0.00027547733468095
S2_1033692 2 1037692 6.08229155939646e-07
S2_1173592 2 1177592 0.000750226120766594
S2_1173659 2 1177659 4.24406226002542e-05
S2_1179220 2 1183220 0.000342384177898696
S2_1425119 2 1429119 0.000344962147185197
S2_1485195 2 1489195 1.23814838389038e-05
S2_1497042 2 1501042 4.75904683911338e-06
S2_1564136 2 1568136 6.46538433304719e-05
S2_1741397 2 1745397 0.000444243417715701
S2_1741398 2 1745398 0.000581287892597337
S2_1741441 2 1745441 0.000228031154477901
S2_1745784 2 1749784 2.68239260762078e-11
S2_1754529 2 1758529 0.000510821910027747
S2_1755272 2 1759272 0.000658920259159362
S2_1756830 2 1760830 2.62767435270194e-07
S2_1756838 2 1760838 2.62767435270058e-07
S2_1756852 2 1760852 0.000875382753222305
S2_1812524 2 1816524 4.21015769496669e-08
S2_1946276 2 1950276 1.01159035007313e-06
S2_1984409 2 1988409 5.3305715150309e-05
S2_2054466 2 2058466 1.3316232478238e-05
S2_2054469 2 2058469 1.3316232478238e-05
S2_2131880 2 2135880 0.000305007916568181
S2_2191829 2 2195829 1.02947750319528e-05
S2_2195314 2 2199314 8.15226104863012e-06
S2_2209233 2 2213233 0.000148345636085495
S2_2216532 2 2220532 8.24762605551687e-06
S2_2292957 2 2296957 0.000638457642074316
S2_2323996 2 2327996 3.42921954840488e-05
S2_2329799 2 2333799 0.000181341311986619
S2_2333642 2 2337642 0.000304678616309645
S2_2358053 2 2362053 0.00021515875719206
S2_2364777 2 2368777 1.26257991529057e-07
S2_2459942 2 2463942 4.71374042694916e-06
S2_2471761 2 2475761 5.79169840055438e-05
S2_2518584 2 2522584 4.56233963209722e-05
S2_2525772 2 2529772 6.25450558938533e-06
S2_2569147 2 2573147 1.00118587573619e-05
S2_2580247 2 2584247 0.000390882636747299
S2_2624764 2 2628764 0.00016070618693706
S2_2637434 2 2641434 3.61716521645545e-06
S2_2647689 2 2651689 2.1864490851038e-08
S2_2713169 2 2717169 2.08626128976684e-09
S2_2717149 2 2721149 0.000233964137405288
S2_2721096 2 2725096 5.54473996452803e-08
S2_2721500 2 2725500 5.97846509619453e-05
S2_2721502 2 2725502 7.46208700987476e-05
S2_2764081 2 2768081 2.61975279319985e-10
S2_2770551 2 2774551 1.64975188384675e-06
S2_2773025 2 2777025 1.27529876089649e-11
S2_2829830 2 2833830 0.000130023652029954
S2_2839918 2 2843918 0.00013131680861852
S2_2839919 2 2843919 0.00013131680861852
S2_2873603 2 2877603 0.000335887790543276
S2_3082595 2 3086595 0.000554299723833297
S2_3282177 2 3286177 8.72054208850416e-05
S2_3282181 2 3286181 8.72054208850416e-05
S2_3282208 2 3286208 8.72054208850416e-05
S2_3716114 2 3720114 8.92975423392307e-10
S2_3876866 2 3880866 0.000131798181735854
S2_3876937 2 3880937 7.66908819034861e-08
S2_3897540 2 3901540 0.000284851053400044
S2_3897543 2 3901543 7.68439563722757e-05
S2_3898566 2 3902566 1.56061035815084e-08
S2_3918566 2 3922566 1.99900965238609e-10
S2_3918569 2 3922569 1.99900965238659e-10
S2_3933678 2 3937678 4.58767841571814e-07
S2_3933808 2 3937808 8.05095842784512e-07
S2_3933817 2 3937817 8.05095842784615e-07
S2_3934048 2 3938048 4.57800020983693e-05
S2_3934604 2 3938604 0.000453982261545956
S2_3935077 2 3939077 1.55948647051146e-10
S2_4018560 2 4022560 0.000449003070911369
S2_4099056 2 4103056 4.75880582490673e-05
S2_4099061 2 4103061 4.75880582490673e-05
S2_4127213 2 4131213 0.000228717089256735
S2_4145088 2 4149088 0.000677210786619008
S2_4164884 2 4168884 6.50578527549656e-05
S2_4168116 2 4172116 0.000593816507140503
S2_4168120 2 4172120 0.000593816507140503
S2_4168166 2 4172166 0.000527356447841367
S2_4219125 2 4223125 0.000932305164880243
S2_4291788 2 4295788 3.01458442033619e-06
S2_4295485 2 4299485 1.09841318876916e-08
S2_4311970 2 4315970 0.000506320068654848
S2_4327962 2 4331962 0.000157921568298785
S2_4341179 2 4345179 0.000587387194416088
S2_4347774 2 4351774 8.90853451441307e-05
S2_4347791 2 4351791 8.90853451441307e-05
S2_4347808 2 4351808 8.90853451441307e-05
S2_4356245 2 4360245 0.000514715977384457
S2_4377992 2 4381992 1.20692567225194e-08
S2_4699277 2 4703277 0.000351797803388338
S2_4747166 2 4751166 7.78455283011255e-06
S2_4747180 2 4751180 9.60844310961092e-06
S2_4765090 2 4769090 0.000735757820453836
S2_4834006 2 4838006 5.12373277937422e-06
S2_4882538 2 4886538 0.000529353857445245
S2_5007708 2 5011708 3.03943200875755e-07
S2_5067310 2 5071310 5.17805898334364e-08
S2_5436707 2 5440707 2.03895825488155e-10
S2_5653147 2 5657147 5.00235497978393e-05
S2_5682393 2 5686393 8.68686297106894e-05
S2_6033007 2 6037007 8.57245141014052e-05
S2_6052170 2 6056170 0.00062084561604378
S2_6474886 2 6478886 0.000623108190799902
S2_6484982 2 6488982 0.000339619434604027
S2_6606393 2 6610393 0.00014213343706117
S2_6677920 2 6681920 3.38958311214863e-08
S2_6699747 2 6703747 2.50716289779365e-05
S2_6699766 2 6703766 2.50716289779365e-05
S2_6707205 2 6711205 0.000512408310718685
S2_6802697 2 6806697 0.000227875161570986
S2_6802698 2 6806698 0.000227875161570986
S2_6802699 2 6806699 0.000227875161570986
S2_6802700 2 6806700 0.000227875161570957
S2_6845797 2 6849797 0.000495791817229265
S2_6869763 2 6873763 0.000408758882138314
S2_6873069 2 6877069 5.36729621805582e-06
S2_6897114 2 6901114 0.000283601602054385
S2_6902881 2 6906881 0.000909189811322259
S2_6903054 2 6907054 3.17344935296804e-05
S2_6903079 2 6907079 3.17344935296804e-05
S2_6903081 2 6907081 3.17344935296804e-05
S2_6921407 2 6925407 1.46632598697848e-05
S2_6921451 2 6925451 1.46632598697848e-05
S2_6934449 2 6938449 6.29002848518562e-08
S2_6997723 2 7001723 0.000403073678398447
S2_7009509 2 7013509 1.0899759161626e-06
S2_7014252 2 7018252 0.000141541243669494
S2_7014253 2 7018253 0.000141541243669494
S2_7014670 2 7018670 6.59835906372529e-05
S2_7024942 2 7028942 6.74217638445282e-08
S2_7024948 2 7028948 6.74217638445282e-08
S2_7025084 2 7029084 1.75753176081694e-06
S2_7025158 2 7029158 0.000102458826358403
S2_7025271 2 7029271 2.5984368155964e-05
S2_7025308 2 7029308 1.16805944510622e-05
S2_7026598 2 7030598 0.00046191153799082
S2_7026614 2 7030614 0.00045690509650013
S2_7026635 2 7030635 0.00045690509650013
S2_7033093 2 7037093 3.88548525433664e-05
S2_7041038 2 7045038 3.80815784705088e-06
S2_7053570 2 7057570 5.93423135105002e-05
S2_7091372 2 7095372 7.44352060413037e-05
S2_7141972 2 7145972 3.54187820650274e-06
S2_7143630 2 7147630 0.000324163294470597
S2_7266758 2 7270758 2.25975049739478e-05
S2_7365717 2 7369717 0.000274386479093117
S2_7424162 2 7428162 1.73675109576932e-06
S2_7428177 2 7432177 0.000615338855370714
S2_7441472 2 7445472 0.000228269793010363
S2_7641264 2 7645264 4.04176554398491e-05
S2_7701502 2 7705502 0.000780725526323882
S2_7797184 2 7801184 4.6098407412773e-05
S2_7900215 2 7904215 5.38569846332788e-06
S2_8141259 2 8145259 0.000924282000171274
S2_8157028 2 8161028 0.000703522797529919
S2_8157043 2 8161043 0.000703522797529919
S2_8157067 2 8161067 0.000703522797529919
S2_8162999 2 8166999 0.000161359200001423
S2_8233009 2 8237009 8.16764229733862e-05
S2_8369820 2 8373820 1.18355991107519e-05
S2_8371538 2 8375538 0.000953220108719759
S2_8371813 2 8375813 0.000794549221468718
S2_8428085 2 8432085 5.12416489522712e-05
S2_8428441 2 8432441 0.000985599246982676
S2_8478789 2 8482789 3.40382661775636e-05
S2_8478848 2 8482848 0.000226234682059602
S2_8487662 2 8491662 0.000175858433572925
S2_8492786 2 8496786 0.000151392701282748
S2_8492860 2 8496860 2.52107992881438e-05
S2_8570578 2 8574578 0.000183398635303331
S2_8602042 2 8606042 5.37218379445627e-08
S2_8626542 2 8630542 3.71736110813919e-06
S2_8633133 2 8637133 0.000137425611228513
S2_8676869 2 8680869 0.000260466820528902
S2_8681537 2 8685537 1.42552626783122e-05
S2_8699995 2 8703995 3.34808247196311e-05
S2_8701282 2 8705282 0.000422087204797854
S2_8727077 2 8731077 4.56613252503836e-05
S2_8743583 2 8747583 8.21924249714924e-05
S2_8752362 2 8756362 0.000755703984016025
S2_8827323 2 8831323 4.96559252471141e-05
S2_8840451 2 8844451 1.6917994102054e-05
S2_8842818 2 8846818 0.000994677421304602
S2_8852743 2 8856743 6.55444541601814e-05
S2_8852800 2 8856800 8.44431536318628e-06
S2_8852887 2 8856887 8.2706995619476e-06
S2_8875124 2 8879124 0.000113616788389918
S2_8914399 2 8918399 2.40178705533243e-06
S2_8914875 2 8918875 7.86869507163862e-05
S2_8916086 2 8920086 4.2583319015742e-05
S2_8916191 2 8920191 5.41230063281144e-09
S2_8916278 2 8920278 6.48229947997826e-08
S2_8917139 2 8921139 0.000313276309593476
S2_8921817 2 8925817 0.00030598679408257
S2_8921824 2 8925824 0.00050336975175328
S2_8921861 2 8925861 0.000532659729760547
S2_8932979 2 8936979 1.85697409704685e-05
S2_8934705 2 8938705 0.000327074050505417
S2_8957456 2 8961456 0.00043245278837942
S2_9000983 2 9004983 2.26396001358037e-12
S2_9042638 2 9046638 6.31910081037929e-05
S2_9096028 2 9100028 0.000794767238728752
S2_9107327 2 9111327 3.92657635686383e-05
S2_9188781 2 9192781 3.35225107072063e-05
S2_9242042 2 9246042 2.37943433957552e-08
S2_9492626 2 9496626 0.000232598182155506
S2_9492673 2 9496673 0.000488770344189604
S2_9803441 2 9807441 1.64247617582277e-06
S2_9805506 2 9809506 0.000843656389503682
S2_9830544 2 9834544 2.29971995919794e-05
S2_10004185 2 10008185 1.12405180320778e-08
S2_10019862 2 10023862 2.35899373615956e-05
S2_10031892 2 10035892 4.85485433673398e-07
S2_10112972 2 10116972 1.30585658301031e-05
S2_10187276 2 10191276 0.000267978168435898
S2_10191297 2 10195297 0.000558386570693002
S2_10243906 2 10247906 0.00047664516356788
S2_10244013 2 10248013 0.000567437738422122
S2_10249925 2 10253925 3.72216830591981e-05
S2_10273255 2 10277255 1.32198800732123e-09
S2_10586311 2 10590311 0.000927382589163962
S2_10690448 2 10694448 0.000646159599728716
S2_10839116 2 10843116 9.73920179714907e-05
S2_10914554 2 10918554 8.49692225822729e-08
S2_10932097 2 10936097 0.00064482559990568
S2_10932101 2 10936101 0.00064482559990568
S2_10932102 2 10936102 0.000483575206427114
S2_11039890 2 11043890 1.08164776115284e-05
S2_11604042 2 11608042 0.000409978952585332
S2_11625108 2 11629108 0.000157211452401384
S2_11625117 2 11629117 0.000157211452401384
S2_11705429 2 11709429 9.56501989126409e-08
S2_11705432 2 11709432 9.56501989126409e-08
S2_11843796 2 11847796 5.74732111263331e-07
S2_11843828 2 11847828 3.47188584830146e-07
S2_11910652 2 11914652 1.77400160597523e-07
S2_12058164 2 12062164 0.000917222117629259
S2_12306786 2 12310786 0.000804605363469766
S2_12410451 2 12414451 4.97809501116765e-06
S2_12727363 2 12731363 0.000267371314662225
S2_12727368 2 12731368 5.30403408427822e-05
S2_12740597 2 12744597 0.000701504632514579
S2_12785402 2 12789402 1.68099280815365e-05
S2_12942227 2 12946227 9.64480534594373e-06
S2_12967560 2 12971560 8.03374007740391e-05
S2_12983574 2 12987574 0.000857193999756067
S2_13222717 2 13226717 1.96735691985149e-05
S2_13224333 2 13228333 0.000754502567564724
S2_13296008 2 13300008 0.000680168039336657
S2_13309354 2 13313354 1.75290295266272e-05
S2_13427062 2 13431062 0.000109509485821995
S2_13427074 2 13431074 0.000109509485821995
S2_13495561 2 13499561 0.000955432086603178
S2_13517792 2 13521792 2.39736701316103e-05
S2_13589342 2 13593342 2.24034433056828e-06
S2_13618156 2 13622156 5.5714407910786e-08
S2_13761027 2 13765027 2.49970057373587e-08
S2_13983041 2 13987041 8.44196007865891e-08
S2_14694908 2 14698908 3.05908590716835e-06
S2_14853542 2 14857542 0.000177750734943842
S2_14853543 2 14857543 0.000145960387620231
S2_14975305 2 14979305 0.000872389926841304
S2_15096385 2 15100385 4.68653055620698e-06
S2_15683653 2 15687653 0.000790699589215317
S2_15949784 2 15953784 4.28514499706473e-08
S2_16142271 2 16146271 3.76209972143053e-08
S2_16481455 2 16485455 1.07293656367324e-05
S2_16956335 2 16960335 2.5639521733944e-05
S2_17017346 2 17021346 0.000156607844471322
S2_17017347 2 17021347 0.00067124077966115
S2_17057385 2 17061385 6.45017407696479e-05
S2_17114697 2 17118697 4.76800561784788e-05
S2_17115681 2 17119681 1.24848440773982e-06
S2_17214098 2 17218098 9.31408360100514e-05
S2_17217957 2 17221957 2.63980920828851e-05
S2_17283393 2 17287393 0.00023881114397728
S2_17365908 2 17369908 2.05421236865263e-05
S2_17388923 2 17392923 0.00071507591231776
S2_17395601 2 17399601 0.00011784373717101
S2_17440410 2 17444410 0.000855655723034456
S2_17646075 2 17650075 0.00039529976879854
S2_17646357 2 17650357 0.000277753672601896
S2_17657072 2 17661072 1.17965556791935e-05
S2_17662795 2 17666795 0.000397274661182379
S2_17760505 2 17764505 0.00071692364041526
S2_17813903 2 17817903 3.62429293834458e-05
S2_18007500 2 18011500 0.000179446222682803
S2_18023225 2 18027225 0.000142339857606945
S2_18052460 2 18056460 0.00023548748855614
S2_18105634 2 18109634 1.53533781578623e-05
S2_18122275 2 18126275 2.05607452150427e-05
S2_18173546 2 18177546 0.000376568764029542
S2_18183963 2 18187963 0.000511690148187206
S2_18183978 2 18187978 9.75322168963536e-06
S2_18192987 2 18196987 0.000295204968429749
S2_18194343 2 18198343 0.0003346454848521
S2_18195640 2 18199640 1.26088752622073e-05
S2_18195641 2 18199641 1.26088752622073e-05
S2_18195642 2 18199642 6.68353734943578e-05
S2_18196852 2 18200852 2.00287916175661e-05
S2_18212738 2 18216738 0.000361444469428567
S2_18212739 2 18216739 0.000361444469428567
S2_18213869 2 18217869 1.70827427752975e-08
S2_18253882 2 18257882 7.56305109753458e-05
S2_18329577 2 18333577 1.68580305140966e-08
S2_18332419 2 18336419 2.06075674813803e-05
S2_18413477 2 18417477 2.94567206303378e-06
S2_18515355 2 18519355 3.86364744667461e-05
S2_18587666 2 18591666 0.000138669662128558
S2_18784979 2 18788979 0.000604979275410278
S2_18831193 2 18835193 0.000445762217664111
S2_19173950 2 19177950 7.94610231669533e-05
S2_19576038 2 19580038 7.45389189916632e-11
S2_19670228 2 19674228 0.000707157327735051
S2_19758171 2 19762171 4.47807640859197e-07
S2_19797303 2 19801303 0.00084717335140163
S2_19877748 2 19881748 1.89834924068895e-09
S2_20583237 2 20587237 0.000451218914432225
S2_20595741 2 20599741 0.000750049219539539
S2_20710475 2 20714475 3.27362868408393e-05
S2_21128316 2 21132316 1.19581117414815e-08
S2_21532119 2 21536119 2.41789416530122e-07
S2_21769693 2 21773693 0.000184028908234406
S2_21799559 2 21803559 0.000346900819649243
S2_22141262 2 22145262 9.80053563172741e-05
S2_22141309 2 22145309 1.639183246491e-07
S2_22552139 2 22556139 0.000503477797559489
S2_22552171 2 22556171 0.000503477797559489
S2_22656332 2 22660332 0.000855156799328282
S2_22785671 2 22789671 0.000683201715692663
S2_23128769 2 23132769 0.000107200158863525
S2_23128786 2 23132786 0.000107200158863525
S2_23151012 2 23155012 0.000217021475056854
S2_23363011 2 23367011 9.16958804398377e-08
S2_23505269 2 23509269 1.26163080556089e-08
S2_23952100 2 23956100 0.000272465427805966
S2_24725904 2 24729904 1.63649051125425e-05
S2_26351044 2 26355044 1.06232923528298e-06
S2_27064684 2 27068684 5.75986963481423e-06
S2_27200959 2 27204959 5.12215222086917e-08
S2_27950326 2 27954326 8.7079306479859e-05
S2_28679872 2 28683872 0.000115388570629528
S2_28680023 2 28684023 1.26226887344641e-10
S2_29919145 2 29923145 5.41571619883071e-17
S2_30293644 2 30297644 0.000176958186816908
S2_30580076 2 30584076 0.000547342907632144
S2_31910675 2 31914675 0.000267596874629053
S2_32210957 2 32214957 2.07552673128133e-05
S2_32914841 2 32918841 0.000826910653714247
S2_32983174 2 32987174 2.14899191129239e-08
S2_33123480 2 33127480 7.82877159170611e-06
S2_37089568 2 37093568 4.48877937887582e-05
S2_37089576 2 37093576 4.48877937887447e-05
S2_37329234 2 37333234 5.54514475792882e-06
S2_37582065 2 37586065 0.000572659816456462
S2_38869041 2 38873041 6.62814528839786e-07
S2_40855824 2 40859824 5.07939632188226e-06
S2_42454155 2 42458155 0.000134811280156509
S2_44082465 2 44086465 2.48993351181481e-08
S2_44129026 2 44133026 2.04969010320861e-05
S2_44438226 2 44442226 0.000527992119390604
S2_45085508 2 45089508 0.000132877136058561
S2_45425509 2 45429509 0.000118933076610388
S2_45873489 2 45877489 2.02560684251747e-06
S2_47370525 2 47374525 2.39707789980572e-07
S2_47476875 2 47480875 1.30747746812226e-05
S2_47635270 2 47639270 1.39297162282136e-06
S2_47635322 2 47639322 0.00018786457986563
S2_47635323 2 47639323 4.46183704745979e-05
S2_47635325 2 47639325 1.65138823868567e-07
S2_47635327 2 47639327 0.000350013571024759
S2_47691411 2 47695411 0.000737468452917767
S2_47997063 2 48001063 0.000573876382553797
S2_48169620 2 48173620 0.000642289250879763
S2_48643639 2 48647639 4.32356834429134e-05
S2_49171755 2 49175755 0.000241274223041714
S2_49641659 2 49645659 0.000854449388636767
S2_50276438 2 50280438 1.9470699869056e-05
S2_50362216 2 50366216 5.01711054727566e-06
S2_50733059 2 50737059 6.76850946868415e-05
S2_51127481 2 51131481 3.27086098089004e-07
S2_51211533 2 51215533 1.28102585592273e-05
S2_51246026 2 51250026 9.64526450571047e-05
S2_51713849 2 51717849 4.15506278761318e-05
S2_51769969 2 51773969 0.000957489029188031
S2_51770156 2 51774156 5.83032701646844e-06
S2_51974386 2 51978386 2.27252133114768e-06
S2_52126260 2 52130260 5.3482786171789e-07
S2_52210236 2 52214236 0.000457134643201677
S2_52721935 2 52725935 4.5760180083904e-07
S2_52721941 2 52725941 0.000681352092090783
S2_52721983 2 52725983 1.02496539879187e-07
S2_52722027 2 52726027 1.02496539879187e-07
S2_52727586 2 52731586 6.96031968450689e-05
S2_52728864 2 52732864 4.77317460090298e-05
S2_52932940 2 52936940 5.52922874842045e-09
S2_53155015 2 53159015 0.000238280319263083
S2_53473029 2 53477029 0.000316047031203981
S2_53541115 2 53545115 6.69696878417562e-05
S2_53793438 2 53797438 8.28626681719663e-07
S2_53793463 2 53797463 8.28626681719663e-07
S2_53816363 2 53820363 1.83049825851241e-11
S2_53852995 2 53856995 0.000624822580379659
S2_53913105 2 53917105 0.000386759399013643
S2_53919623 2 53923623 0.000842015611061841
S2_53919667 2 53923667 0.000842015611061686
S2_53920955 2 53924955 8.10958478333585e-05
S2_53962901 2 53966901 1.93830162508717e-06
S2_53992059 2 53996059 7.58841451429293e-05
S2_54082601 2 54086601 2.88653251274044e-06
S2_54110401 2 54114401 0.000287816895557732
S2_54112648 2 54116648 6.60054826065313e-05
S2_54125536 2 54129536 3.20736427990668e-05
S2_54281948 2 54285948 0.000174788749620668
S2_54431449 2 54435449 0.000145814938083774
S2_54594100 2 54598100 3.72325494333612e-08
S2_54693725 2 54697725 4.62354596719163e-07
S2_55424360 2 55428360 2.12497874718237e-05
S2_55539965 2 55543965 0.000796961422784055
S2_55676008 2 55680008 0.000636835342786353
S2_55676045 2 55680045 7.60478804231440e-10
S2_55792841 2 55796841 1.74216490443247e-05
S2_55958468 2 55962468 0.000211005792207875
S2_55959917 2 55963917 8.63752719780385e-05
S2_56369533 2 56373533 0.000878159275979574
S2_56369559 2 56373559 4.26516634649505e-05
S2_56369569 2 56373569 4.26516634649505e-05
S2_56369583 2 56373583 4.12257512612303e-05
S2_56537453 2 56541453 7.4756336328172e-06
S2_56591830 2 56595830 3.08105370790378e-07
S2_56671283 2 56675283 1.93914443802187e-06
S2_56789916 2 56793916 3.09112352830071e-10
S2_56858071 2 56862071 0.000484278073340851
S2_56918664 2 56922664 0.000292621921999791
S2_56923915 2 56927915 0.000135800288527749
S2_56925797 2 56929797 5.99950752693419e-05
S2_56925939 2 56929939 1.79849080901042e-05
S2_56963268 2 56967268 0.000512316701595431
S2_56963277 2 56967277 7.91338977680355e-09
S2_56963287 2 56967287 0.000512316701595431
S2_56964767 2 56968767 0.000219611902863156
S2_57082120 2 57086120 0.000162319613537191
S2_57142833 2 57146833 2.40229829140855e-05
S2_57252745 2 57256745 0.000650426646061162
S2_57443160 2 57447160 2.61623806677565e-06
S2_57496193 2 57500193 0.000174059286330638
S2_57518554 2 57522554 1.09554489267971e-08
S2_57798842 2 57802842 0.000521355141693651
S2_57803723 2 57807723 4.81236134132408e-07
S2_57804698 2 57808698 1.15301581776985e-05
S2_57848371 2 57852371 0.000765722137053991
S2_57848439 2 57852439 0.000650344738782526
S2_58005790 2 58009790 9.16580820890485e-09
S2_58130654 2 58134654 0.000318165643525994
S2_58196192 2 58200192 0.00087314114261659
S2_58209858 2 58213858 0.000284746529490315
S2_58210214 2 58214214 0.000370983695508437
S2_58210215 2 58214215 0.000370983695508437
S2_58210216 2 58214216 0.000370983695508437
S2_58410349 2 58414349 0.000746586838830102
S2_58429762 2 58433762 0.000944303547313116
S2_58509155 2 58513155 7.90693170282744e-05
S2_58658297 2 58662297 6.87916795187837e-05
S2_58665201 2 58669201 0.000530051428456809
S2_58678392 2 58682392 6.02712187311406e-06
S2_58678395 2 58682395 6.02712187311406e-06
S2_58688592 2 58692592 9.22220284879792e-05
S2_58846287 2 58850287 2.87838088622804e-05
S2_58855213 2 58859213 0.000904803951906681
S2_58867983 2 58871983 0.000563744836455162
S2_58917783 2 58921783 1.04577076087794e-05
S2_58920467 2 58924467 0.000596163441245073
S2_58997925 2 59001925 0.000242712202948965
S2_59084278 2 59088278 0.000750271691371354
S2_59134841 2 59138841 1.9434831425993e-08
S2_59135058 2 59139058 2.01264134476569e-05
S2_59135095 2 59139095 0.00058928469788615
S2_59158546 2 59162546 3.40423166807137e-07
S2_59178458 2 59182458 1.25467482089642e-05
S2_59179861 2 59183861 0.00068945885949656
S2_59189720 2 59193720 0.000447406506951345
S2_59202805 2 59206805 0.000498711857708847
S2_59240834 2 59244834 2.28481910925202e-05
S2_59243957 2 59247957 0.000142264022693914
S2_59252655 2 59256655 3.26253364874734e-05
S2_59259583 2 59263583 0.000815489389087497
S2_59405571 2 59409571 0.00035241073538014
S2_59619523 2 59623523 1.79179282301328e-05
S2_59700938 2 59704938 0.000360388743417964
S2_59700965 2 59704965 0.000360388743417964
S2_59709007 2 59713007 9.11586381195714e-10
S2_59734236 2 59738236 0.000202440294789535
S2_59734479 2 59738479 1.05370444030843e-05
S2_59739259 2 59743259 6.28724498557975e-05
S2_59806538 2 59810538 0.000592520636400851
S2_59877933 2 59881933 1.10411805734826e-09
S2_60032850 2 60036850 0.000313134584752909
S2_60105659 2 60109659 8.87019965980339e-09
S2_60116885 2 60120885 0.000795249527505967
S2_60116889 2 60120889 0.000795249527505967
S2_60138373 2 60142373 0.000192468475456671
S2_60162350 2 60166350 0.000671178845241648
S2_60162364 2 60166364 0.000671178845241648
S2_60228069 2 60232069 5.58180568904789e-05
S2_60255783 2 60259783 6.11395685584264e-05
S2_60289071 2 60293071 0.000629290527620934
S2_60294384 2 60298384 9.16082636905342e-08
S2_60296711 2 60300711 1.89785039499439e-05
S2_60296713 2 60300713 1.76434957236273e-05
S2_60321067 2 60325067 5.01926672561651e-05
S2_60429854 2 60433854 8.93684388192168e-05
S2_60450334 2 60454334 2.29608633452096e-05
S2_60452559 2 60456559 0.000850430745033226
S2_60457893 2 60461893 4.52642613570111e-07
S2_60457921 2 60461921 4.52642613570164e-07
S2_60464996 2 60468996 5.22054217537905e-05
S2_60589438 2 60593438 9.79800216509116e-08
S2_60645524 2 60649524 0.000513981104107356
S2_60678149 2 60682149 0.000632143225927695
S2_60759109 2 60763109 1.5123481228443e-05
S2_60986817 2 60990817 0.000257949943431959
S2_60986820 2 60990820 0.000257949943431997
S2_61042441 2 61046441 0.000131565806742167
S2_61066150 2 61070150 2.93293749638058e-05
S2_61073386 2 61077386 3.81728087538381e-06
S2_61086948 2 61090948 4.52349419235975e-10
S2_61097455 2 61101455 0.000207901227251647
S2_61099072 2 61103072 0.000253929247033463
S2_61104358 2 61108358 0.000117882334976926
S2_61104498 2 61108498 4.75348753718532e-06
S2_61104504 2 61108504 1.08050773953629e-09
S2_61274968 2 61278968 1.74319870186384e-07
S2_61368377 2 61372377 2.11482574524288e-05
S2_61413245 2 61417245 1.71664030091168e-07
S2_61422743 2 61426743 1.10350038332232e-07
S2_61428463 2 61432463 1.56118532360964e-06
S2_61444341 2 61448341 8.14103416384828e-06
S2_61462503 2 61466503 3.45868554855308e-05
S2_61466251 2 61470251 4.06041972213293e-05
S2_61468795 2 61472795 0.000242811034279686
S2_61536363 2 61540363 0.000396141817244787
S2_61539608 2 61543608 0.00097316032489718
S2_61543248 2 61547248 0.000286736049538947
S2_61613442 2 61617442 0.000444930298491402
S2_61613456 2 61617456 0.000444930298491402
S2_61620029 2 61624029 0.000367467813149695
S2_61757320 2 61761320 0.000148129552759092
S2_61762786 2 61766786 0.000550885864832175
S2_61765512 2 61769512 3.97052423841524e-06
S2_61828141 2 61832141 6.32612732235739e-06
S2_61853132 2 61857132 7.01494205193933e-08
S2_61933915 2 61937915 1.91336631921622e-08
S2_62063896 2 62067896 0.000216803431897587
S2_62124082 2 62128082 2.65828819789644e-07
S2_62204304 2 62208304 5.37716558831183e-06
S2_62418297 2 62422297 1.15631132943122e-05
S2_62482269 2 62486269 3.74585656091796e-08
S2_62629627 2 62633627 6.27825843132153e-05
S2_62713658 2 62717658 0.00034636153904247
S2_62773915 2 62777915 0.000488309339419464
S2_62952294 2 62956294 4.99500139569588e-06
S2_62952295 2 62956295 4.99500139569474e-06
S2_62952297 2 62956297 4.99500139569474e-06
S2_62952298 2 62956298 4.99500139569588e-06
S2_62952299 2 62956299 4.99500139569588e-06
S2_62955077 2 62959077 2.95966392584377e-09
S2_62985364 2 62989364 0.000739139116988974
S2_63085074 2 63089074 1.9985359968038e-07
S2_63113804 2 63117804 6.68272065397885e-06
S2_63113944 2 63117944 0.000109123488161278
S2_63126907 2 63130907 0.000556130434763367
S2_63141813 2 63145813 3.60029176290582e-05
S2_63141816 2 63145816 1.45798959963982e-06
S2_63141837 2 63145837 0.000101149472944654
S2_63164565 2 63168565 0.000834387968005792
S2_63164612 2 63168612 1.35398191544961e-06
S2_63180128 2 63184128 0.000328065001908772
S2_63181979 2 63185979 0.000902301316643482
S2_63203315 2 63207315 8.85150292343067e-05
S2_63221286 2 63225286 8.85690239141858e-05
S2_63323966 2 63327966 8.57761771789428e-06
S2_63424102 2 63428102 5.75534389695517e-05
S2_63434951 2 63438951 0.000281135063681777
S2_63535469 2 63539469 1.50460232680188e-07
S2_63535883 2 63539883 5.00016107554938e-09
S2_63537604 2 63541604 1.32342786881408e-07
S2_63540305 2 63544305 8.52034916083131e-10
S2_63550095 2 63554095 2.6256119621134e-08
S2_63550120 2 63554120 2.62561196211321e-08
S2_63550121 2 63554121 2.62561196211321e-08
S2_63550122 2 63554122 2.62561196211321e-08
S2_63550254 2 63554254 2.79439425218203e-10
S2_63550296 2 63554296 9.89061159536481e-08
S2_63550308 2 63554308 2.5015337603904e-08
S2_63550326 2 63554326 1.19417729485674e-05
S2_63552929 2 63556929 0.000207089901374324
S2_63553663 2 63557663 2.02544070448967e-06
S2_63553713 2 63557713 2.31035014675453e-07
S2_63556151 2 63560151 8.00668413290504e-10
S2_63561912 2 63565912 3.36797205863204e-09
S2_63570630 2 63574630 1.32041806569482e-06
S2_63589002 2 63593002 5.24359875700646e-06
S2_63600200 2 63604200 0.000706876490706281
S2_63640723 2 63644723 1.45534772527885e-05
S2_63675855 2 63679855 0.000655824822364023
S2_63707722 2 63711722 7.57925791669086e-07
S2_63793162 2 63797162 0.00058090955050674
S2_63793269 2 63797269 0.000993420293857444
S2_63797199 2 63801199 0.000251869486336628
S2_63797204 2 63801204 0.000251869486336628
S2_63954654 2 63958654 0.00095514488993883
S2_63959560 2 63963560 0.000671960319659842
S2_63971836 2 63975836 5.87007210139845e-05
S2_63987612 2 63991612 3.62231971799962e-06
S2_63994207 2 63998207 0.000119884290318951
S2_64148576 2 64152576 4.79033474494659e-05
S2_64156924 2 64160924 1.11198381678599e-05
S2_64167214 2 64171214 1.47734920060149e-05
S2_64206431 2 64210431 3.05669045017361e-09
S2_64237911 2 64241911 0.000672334102401852
S2_64237914 2 64241914 0.000672334102401852
S2_64238051 2 64242051 0.00031997370522637
S2_64290151 2 64294151 0.00058908261768331
S2_64316264 2 64320264 0.000752167721333072
S2_64318495 2 64322495 5.62800913946153e-05
S2_64318497 2 64322497 4.75627350064003e-09
S2_64520862 2 64524862 0.000332366949908223
S2_64520928 2 64524928 0.000525331589386314
S2_64554727 2 64558727 2.15599156695844e-10
S2_64749582 2 64753582 0.000308110601493991
S2_64758391 2 64762391 3.46194974962622e-05
S2_64758432 2 64762432 1.37155795767557e-05
S2_64758440 2 64762440 3.46194974962622e-05
S2_64944413 2 64948413 2.7769863519362e-08
S2_65130320 2 65134320 0.00072553936876968
S2_65130322 2 65134322 2.91584326937011e-05
S2_65149470 2 65153470 4.01059082675363e-07
S2_65154861 2 65158861 0.000449734149701887
S2_65172783 2 65176783 0.000190944180084886
S2_65176896 2 65180896 0.000258955471100121
S2_65176904 2 65180904 0.000258955471100121
S2_65286666 2 65290666 0.000951914602195974
S2_65331206 2 65335206 0.00033237254194973
S2_65402446 2 65406446 0.000637968523882471
S2_65402447 2 65406447 0.000637968523882332
S2_65442266 2 65446266 0.0005316591759694
S2_65467599 2 65471599 0.000720142644181609
S2_65512341 2 65516341 6.10433038111727e-07
S2_65531773 2 65535773 0.000652370640298174
S2_65531812 2 65535812 0.000652370640298174
S2_65532338 2 65536338 0.000293913992116935
S2_65547950 2 65551950 7.3860908370425e-05
S2_65547958 2 65551958 8.17881321567463e-05
S2_65550443 2 65554443 0.000410500052174046
S2_65643319 2 65647319 0.000499736634243102
S2_65647360 2 65651360 0.000702656577448111
S2_65694131 2 65698131 0.000151363463694167
S2_65711424 2 65715424 0.000117321644405766
S2_65711526 2 65715526 0.00042297624889701
S2_65735026 2 65739026 4.67767142025561e-09
S2_65735254 2 65739254 1.8216975400704e-05
S2_65735291 2 65739291 1.8216975400704e-05
S2_65801280 2 65805280 0.00037952165921702
S2_65804242 2 65808242 0.000336369782992005
S2_65825613 2 65829613 0.000141306964451876
S2_65833165 2 65837165 0.000453623060327399
S2_65849815 2 65853815 1.70696512426959e-05
S2_65849816 2 65853816 1.04532354587863e-05
S2_65860560 2 65864560 0.000318046118643206
S2_65860561 2 65864561 0.000499899450891733
S2_65866015 2 65870015 0.000912589708454666
S2_65875313 2 65879313 0.000451820461029588
S2_65880646 2 65884646 0.00086749020472519
S2_65891949 2 65895949 5.35340007227779e-05
S2_65926031 2 65930031 0.000127861186916799
S2_65931585 2 65935585 1.55594272225222e-08
S2_66083265 2 66087265 0.000239878762235251
S2_66135529 2 66139529 0.00040381591126638
S2_66138015 2 66142015 0.000106666263641524
S2_66172080 2 66176080 0.000105466151107777
S2_66177625 2 66181625 3.1873692904827e-06
S2_66184018 2 66188018 0.000277926924592085
S2_66247298 2 66251298 0.000362051145521475
S2_66254576 2 66258576 0.000750166949409245
S2_66255998 2 66259998 1.19125121917664e-05
S2_66282703 2 66286703 0.00078035742880597
S2_66326930 2 66330930 1.30939578175772e-08
S2_66567410 2 66571410 5.46052742327945e-06
S2_66619259 2 66623259 0.000335087878645088
S2_66634178 2 66638178 0.000497513163241453
S2_66680986 2 66684986 6.36449350117189e-05
S2_66685975 2 66689975 0.000333672204624251
S2_67008246 2 67012246 6.88817100574752e-08
S2_67162058 2 67166058 5.24642634084552e-05
S2_67312485 2 67316485 0.000477399070440368
S2_67318145 2 67322145 6.43232801231973e-05
S2_67336468 2 67340468 0.000873870375870444
S2_67337455 2 67341455 0.000532436576802995
S2_67507890 2 67511890 0.000922063263417468
S2_67720799 2 67724799 0.000638868348858883
S2_67732529 2 67736529 0.000561619083305385
S2_67766075 2 67770075 5.02922344072744e-07
S2_67807097 2 67811097 0.000571238992129522
S2_67810089 2 67814089 6.75019190623434e-05
S2_67860402 2 67864402 0.000962049981808197
S2_67903180 2 67907180 0.000552471271290547
S2_67919539 2 67923539 0.000617925599197567
S2_67980056 2 67984056 2.28465359863718e-10
S2_67998293 2 68002293 1.45957377592444e-08
S2_68010379 2 68014379 1.04057970389924e-07
S2_68059702 2 68063702 9.05238612256379e-06
S2_68110517 2 68114517 0.0003455424888868
S2_68110519 2 68114519 0.0003455424888868
S2_68120365 2 68124365 8.05862375709389e-05
S2_68151207 2 68155207 1.26803971716969e-05
S2_68157264 2 68161264 2.93961568869642e-08
S2_68157271 2 68161271 2.93961568869642e-08
S2_68157296 2 68161296 2.93961568869642e-08
S2_68158566 2 68162566 9.17312806772283e-08
S2_68158732 2 68162732 6.24989275255538e-09
S2_68210140 2 68214140 0.000840969030757918
S2_68354333 2 68358333 0.000178187236121867
S2_68354669 2 68358669 0.000254653397836926
S2_68355792 2 68359792 0.000623841526516407
S2_68356560 2 68360560 8.0603455535315e-06
S2_68370991 2 68374991 0.000240014945973283
S2_68371146 2 68375146 0.000180346966406737
S2_68371518 2 68375518 0.000284849523880925
S2_68428926 2 68432926 0.000455595454873322
S2_68430431 2 68434431 1.08632467863642e-08
S2_68469359 2 68473359 0.000300543225853544
S2_68470064 2 68474064 0.000278172306121393
S2_68482975 2 68486975 1.53408154940054e-05
S2_68485014 2 68489014 4.06271899771251e-05
S2_68526984 2 68530984 7.01866299363561e-05
S2_68597598 2 68601598 0.000494302239564789
S2_68597779 2 68601779 0.000151423160124798
S2_68660421 2 68664421 9.50831087259334e-05
S2_68660433 2 68664433 1.61295292380482e-05
S2_68662805 2 68666805 3.27789145920795e-06
S2_68662859 2 68666859 2.30002521565343e-06
S2_68666304 2 68670304 4.38073766770658e-05
S2_68671546 2 68675546 0.000227300528297613
S2_69116232 2 69120232 0.000979956368384389
S2_69130149 2 69134149 2.76919182246732e-08
S2_69166286 2 69170286 0.000592038379689919
S2_69170281 2 69174281 1.19169659071467e-05
S2_69170285 2 69174285 0.000213539570020391
S2_69206325 2 69210325 8.89143457331596e-08
S2_69234132 2 69238132 8.54300753856218e-05
S2_69234138 2 69238138 8.54300753856218e-05
S2_69247235 2 69251235 0.000954125231019455
S2_69317608 2 69321608 0.0001567877151109
S2_69387178 2 69391178 0.00024162595026503
S2_69469796 2 69473796 2.0368538465302e-06
S2_69469797 2 69473797 2.0368538465302e-06
S2_69469799 2 69473799 2.0368538465302e-06
S2_69476239 2 69480239 6.46702483990015e-05
S2_69535511 2 69539511 0.000414868512590899
S2_69590572 2 69594572 0.000122523110591443
S2_69604328 2 69608328 0.000599267275527685
S2_69608652 2 69612652 1.76828063278238e-05
S2_69608653 2 69612653 1.76828063278238e-05
S2_69615185 2 69619185 9.39018841236339e-07
S2_69638335 2 69642335 0.000630800927550417
S2_69642015 2 69646015 1.16119178145493e-12
S2_69646928 2 69650928 0.00011061204882277
S2_69696395 2 69700395 2.76091750231009e-08
S2_69702096 2 69706096 0.000692857100452103
S2_69714301 2 69718301 6.48985712628077e-05
S2_69738488 2 69742488 0.000117160929936136
S2_69738491 2 69742491 4.31126213377421e-05
S2_69739310 2 69743310 1.73073953884194e-07
S2_69739311 2 69743311 1.69867258272432e-05
S2_69739504 2 69743504 1.77610729515728e-05
S2_69747380 2 69751380 0.000878043339919975
S2_69753581 2 69757581 0.000389939571307476
S2_69753974 2 69757974 0.000706647901298557
S2_69789400 2 69793400 5.34418952818901e-05
S2_69820221 2 69824221 0.000314962636144749
S2_69820498 2 69824498 3.94992215137211e-05
S2_69820499 2 69824499 0.00020776149011037
S2_69825026 2 69829026 0.000470784369953308
S2_69835443 2 69839443 8.79511671604608e-05
S2_69838625 2 69842625 3.4782870147746e-05
S2_69838703 2 69842703 2.17815246704854e-05
S2_69840478 2 69844478 0.000626247383022784
S2_69860353 2 69864353 8.95126491793689e-07
S2_69889548 2 69893548 2.5541733854545e-08
S2_69891135 2 69895135 1.00536397236102e-07
S2_69897201 2 69901201 0.000197351624131666
S2_69918115 2 69922115 0.000705879764884159
S2_69921295 2 69925295 0.000764642029541822
S2_69921302 2 69925302 0.000764642029541822
S2_69921973 2 69925973 0.000436267042073549
S2_69926511 2 69930511 0.000387032994855509
S2_69927486 2 69931486 0.000973568355323608
S2_69938401 2 69942401 8.19556203803542e-06
S2_69941457 2 69945457 3.25767482711859e-11
S2_69941459 2 69945459 8.29950003612151e-09
S2_69941461 2 69945461 1.60286703813857e-08
S2_69942185 2 69946185 7.09099693730188e-05
S2_70010801 2 70014801 4.8671531863386e-07
S2_70020675 2 70024675 0.000413213417462234
S2_70049906 2 70053906 1.82748928720182e-07
S2_70055782 2 70059782 2.23235654977834e-09
S2_70055930 2 70059930 0.000707507259367869
S2_70056063 2 70060063 0.00054218680614844
S2_70056165 2 70060165 1.0769082952729e-05
S2_70058927 2 70062927 0.000881066577633586
S2_70061991 2 70065991 0.000110459028720591
S2_70093876 2 70097876 0.000241647473431073
S2_70093877 2 70097877 0.000155288076156728
S2_70278485 2 70282485 5.74066603731452e-05
S2_70278488 2 70282488 0.000339328903605823
S2_70318782 2 70322782 0.000679951232310519
S2_70328614 2 70332614 0.000684639671177198
S2_70361676 2 70365676 0.00045928336278596
S2_70361677 2 70365677 0.000432455396363486
S2_70361679 2 70365679 0.000432455396363525
S2_70386781 2 70390781 2.87111748067057e-05
S2_70460890 2 70464890 2.66163159322519e-05
S2_70460892 2 70464892 0.000109412224542434
S2_70517105 2 70521105 0.000995394574022209
S2_70517110 2 70521110 0.000833999426039196
S2_70534151 2 70538151 0.000701379901865243
S2_70534160 2 70538160 0.000701379901865243
S2_70554742 2 70558742 3.97568175560529e-07
S2_70625214 2 70629214 0.000149279028053294
S2_70733506 2 70737506 7.40628326835313e-06
S2_70749288 2 70753288 5.43734305268839e-07
S2_70751343 2 70755343 3.45505066730432e-05
S2_70763777 2 70767777 2.05690552760306e-06
S2_70771328 2 70775328 9.92061989683202e-11
S2_70797718 2 70801718 4.49843902979629e-05
S2_70813777 2 70817777 1.8324980549803e-06
S2_70854210 2 70858210 2.2285738125243e-05
S2_70854720 2 70858720 0.000201712643886967
S2_70875075 2 70879075 5.42481862001412e-05
S2_70980080 2 70984080 0.000287224584175165
S2_71181503 2 71185503 0.000151180496695874
S2_71461823 2 71465823 9.33263014896312e-05
S2_71463984 2 71467984 9.01947152940296e-05
S2_71464052 2 71468052 3.74622851351452e-05
S2_71467860 2 71471860 8.20472598141675e-05
S2_71602001 2 71606001 0.000161628252256079
S2_71611701 2 71615701 0.000332673132334466
S2_71633397 2 71637397 0.00082242159632272
S2_71640328 2 71644328 6.46384177119628e-12
S2_71670187 2 71674187 9.91515822131176e-05
S2_71749938 2 71753938 2.23160917985516e-09
S2_71756315 2 71760315 9.86707353120309e-07
S2_71773135 2 71777135 7.73726377962814e-10
S2_71824351 2 71828351 5.20846452737898e-05
S2_71827091 2 71831091 1.44857542541144e-06
S2_71827770 2 71831770 4.88896132376823e-06
S2_71827771 2 71831771 4.45639681402631e-06
S2_71827772 2 71831772 6.62423792853458e-07
S2_71827778 2 71831778 2.35058172562287e-06
S2_71828446 2 71832446 2.89185255498539e-05
S2_71828542 2 71832542 1.68273048112555e-06
S2_71830698 2 71834698 3.30112336450548e-05
S2_71830787 2 71834787 6.62082488261897e-05
S2_71831912 2 71835912 1.41584786770448e-05
S2_71832203 2 71836203 1.21636069245707e-05
S2_71843690 2 71847690 5.75231968028085e-09
S2_71851544 2 71855544 5.39758233943619e-08
S2_71890367 2 71894367 0.000234195010433553
S2_71900313 2 71904313 9.28276814671684e-09
S2_71945061 2 71949061 3.41587781579786e-16
S2_71994538 2 71998538 0.000177147090208471
S2_72041656 2 72045656 0.000533149923275971
S2_72211458 2 72215458 2.7200217945544e-05
S2_72214081 2 72218081 2.78582177302869e-06
S2_72264059 2 72268059 0.000427894671694513
S2_72269025 2 72273025 0.000390301483266689
S2_72303126 2 72307126 9.61023217908186e-10
S2_72303953 2 72307953 0.000195484478318039
S2_72303954 2 72307954 0.000195484478318039
S2_72303957 2 72307957 0.000195484478318039
S2_72303958 2 72307958 0.000195484478318039
S2_72332806 2 72336806 3.16943581086578e-07
S2_72333502 2 72337502 0.000553228118771606
S2_72333657 2 72337657 0.000970714913183411
S2_72338045 2 72342045 6.57805577225174e-05
S2_72338338 2 72342338 1.14908442311275e-09
S2_72365363 2 72369363 6.82124284083291e-13
S2_72366049 2 72370049 2.09974361778929e-06
S2_72367494 2 72371494 9.59623665493049e-05
S2_72372172 2 72376172 1.63891252398241e-07
S2_72378974 2 72382974 2.80299347622329e-09
S2_72398622 2 72402622 7.6559981225223e-09
S2_72406663 2 72410663 1.52706104511333e-05
S2_72406669 2 72410669 1.52706104511333e-05
S2_72413642 2 72417642 0.000128498533196809
S2_72426197 2 72430197 7.28914408491028e-05
S2_72426198 2 72430198 6.68024508277934e-05
S2_72449422 2 72453422 1.82120217191667e-06
S2_72449423 2 72453423 1.82120217191667e-06
S2_72449424 2 72453424 1.82120217191667e-06
S2_72449427 2 72453427 1.75510835770488e-06
S2_72520197 2 72524197 4.64869988666169e-05
S2_72533443 2 72537443 1.0167240816147e-05
S2_72608708 2 72612708 2.40171561374016e-05
S2_72668782 2 72672782 0.000820954166617296
S2_72670979 2 72674979 0.000902300628157738
S2_72696973 2 72700973 3.27700666140054e-05
S2_72714509 2 72718509 0.000222029679115552
S2_72727617 2 72731617 1.93942802960838e-08
S2_72728215 2 72732215 1.22207483964504e-08
S2_72822018 2 72826018 0.000453849305209736
S2_72823278 2 72827278 0.000249262757397331
S2_72825960 2 72829960 2.30910693632969e-06
S2_72831927 2 72835927 0.00098355153311326
S2_72848996 2 72852996 2.8668833738772e-07
S2_72865545 2 72869545 5.00378615971722e-05
S2_72876438 2 72880438 1.21138760931762e-08
S2_72892325 2 72896325 0.00011366500119745
S2_72902562 2 72906562 4.16338104143423e-07
S2_72902646 2 72906646 1.72249372797903e-06
S2_72936501 2 72940501 4.54884194996066e-12
S2_72980801 2 72984801 2.08321646885463e-07
S2_72980815 2 72984815 2.08321646885448e-07
S2_72992743 2 72996743 0.000146485477891478
S2_72993178 2 72997178 0.000947096171705893
S2_73045295 2 73049295 4.60760952817193e-10
S2_73054226 2 73058226 3.43521608764695e-18
S2_73063069 2 73067069 0.000855312343504638
S2_73306235 2 73310235 0.000232605149953484
S2_73306944 2 73310944 5.91865619302786e-14
S2_73322129 2 73326129 0.00013074080693287
S2_73322132 2 73326132 0.00013074080693287
S2_73384917 2 73388917 0.000428468551424881
S2_73396412 2 73400412 2.62448996929393e-06
S2_73421768 2 73425768 0.00036701019285826
S2_73421781 2 73425781 0.00036701019285826
S2_73440627 2 73444627 0.000520172889782318
S2_73446967 2 73450967 7.57552738513643e-05
S2_73477083 2 73481083 1.21027584950515e-05
S2_73481947 2 73485947 4.58123349214077e-06
S2_73481955 2 73485955 4.58123349214077e-06
S2_73481971 2 73485971 4.58123349214308e-06
S2_73481973 2 73485973 4.58123349214077e-06
S2_73491485 2 73495485 0.000127239849859418
S2_73491507 2 73495507 0.000127239849859443
S2_73494034 2 73498034 6.37594661125089e-06
S2_73494052 2 73498052 6.37594661125089e-06
S2_73495622 2 73499622 5.24088642029743e-05
S2_73497363 2 73501363 0.000456189820623695
S2_73497448 2 73501448 0.000686867183451843
S2_73497487 2 73501487 0.000686867183451843
S2_73504622 2 73508622 6.34690682937087e-05
S2_73509559 2 73513559 7.79195781273216e-07
S2_73509595 2 73513595 7.79195781273216e-07
S2_73509601 2 73513601 7.79195781273216e-07
S2_73513103 2 73517103 9.99914715590086e-07
S2_73513115 2 73517115 0.000239326618606119
S2_73513494 2 73517494 0.00011715860165134
S2_73513520 2 73517520 6.0364971779148e-06
S2_73516459 2 73520459 2.67844001138765e-05
S2_73518989 2 73522989 0.000299005068960064
S2_73519067 2 73523067 0.000984712720374339
S2_73519340 2 73523340 0.000131218647019477
S2_73519499 2 73523499 0.000939220743671784
S2_73521702 2 73525702 1.83021176430724e-05
S2_73536069 2 73540069 0.000225685990365192
S2_73583161 2 73587161 0.00084302989040334
S2_73583184 2 73587184 0.0008430298904035
S2_73654857 2 73658857 8.73624668794362e-05
S2_73693968 2 73697968 6.93512874390134e-06
S2_73693980 2 73697980 6.93512874390134e-06
S2_73694319 2 73698319 3.23572663257824e-09
S2_73717437 2 73721437 8.49995572656079e-05
S2_73726139 2 73730139 0.000312016568629592
S2_73762082 2 73766082 0.000584091580017432
S2_73798289 2 73802289 6.63813666234959e-06
S2_73798290 2 73802290 2.06127901769139e-06
S2_73798291 2 73802291 2.06127901769139e-06
S2_73843812 2 73847812 0.000422897036343724
S2_73843826 2 73847826 0.000430969258935118
S2_73843831 2 73847831 0.000430969258935118
S2_73843840 2 73847840 0.000430969258935118
S2_73865904 2 73869904 8.34774767785201e-05
S2_73893272 2 73897272 0.000304018002698217
S2_73963338 2 73967338 3.72931454978228e-05
S2_73964645 2 73968645 3.19637207698423e-05
S2_73964881 2 73968881 1.90546648588064e-05
S2_73964904 2 73968904 7.26463619472403e-06
S2_74042878 2 74046878 4.79671284106667e-05
S2_74063940 2 74067940 0.000168619835564437
S2_74070424 2 74074424 0.000571757869316323
S2_74070425 2 74074425 0.000571757869316323
S2_74112562 2 74116562 7.63037145763658e-05
S2_74214276 2 74218276 8.98654808154015e-05
S2_74214280 2 74218280 8.98654808153946e-05
S2_74214404 2 74218404 4.16006910200359e-05
S2_74231571 2 74235571 0.000111197838752418
S2_74231603 2 74235603 0.000124340622926367
S2_74232539 2 74236539 0.00026314745207302
S2_74248924 2 74252924 2.02685111025684e-05
S2_74268207 2 74272207 0.000182038705447234
S2_74274674 2 74278674 0.000187789045553616
S2_74277560 2 74281560 0.000509015409002908
S2_74277562 2 74281562 0.000509015409002908
S2_74277563 2 74281563 0.000509015409002908
S2_74277564 2 74281564 0.000509015409002908
S2_74277566 2 74281566 0.000509015409002908
S2_74278475 2 74282475 0.000651569831856111
S2_74280413 2 74284413 3.172566924574e-05
S2_74280699 2 74284699 0.000616378677640128
S2_74317588 2 74321588 0.000664654747110429
S2_74328278 2 74332278 3.54736305180087e-05
S2_74415360 2 74419360 2.63359259747161e-07
S2_74418849 2 74422849 1.00184852764195e-05
S2_74419857 2 74423857 3.27532624355732e-09
S2_74521987 2 74525987 0.00059631242066051
S2_74621434 2 74625434 0.000169823820217334
S2_74652240 2 74656240 0.000671509234384448
S2_74665160 2 74669160 1.79900203077059e-07
S2_74680612 2 74684612 0.000335615768910665
S2_74716293 2 74720293 2.70222533867141e-07
S2_74850063 2 74854063 4.58587111305144e-05
S2_75030916 2 75034916 0.000349060580684879
S2_75030925 2 75034925 0.000143444836366081
S2_75040273 2 75044273 0.000228813423221402
S2_75162895 2 75166895 0.000375493317147918
S2_75211840 2 75215840 7.84691698794785e-05
S2_75223475 2 75227475 0.00049419756485936
S2_75240270 2 75244270 0.000706233096471148
S2_75243352 2 75247352 4.15535053244616e-08
S2_75251216 2 75255216 0.000736834188971307
S2_75263447 2 75267447 0.00047171116506116
S2_75290095 2 75294095 5.18651856656349e-05
S2_75352379 2 75356379 0.000929067883897485
S2_75353297 2 75357297 0.000869220647898136
S2_75357329 2 75361329 0.000360375677648103
S2_75357333 2 75361333 0.000109553209625997
S2_75383805 2 75387805 4.28608532713209e-05
S2_75462962 2 75466962 5.31499049201696e-05
S2_75501354 2 75505354 4.82314558939362e-05
S2_75516607 2 75520607 0.000142636550161559
S2_75663869 2 75667869 9.00803352724648e-05
S2_75677553 2 75681553 8.02702017750622e-06
S2_75847407 2 75851407 7.07796563780372e-06
S2_75855174 2 75859174 1.6998795112673e-07
S2_75859642 2 75863642 2.04259431429711e-05
S2_75873562 2 75877562 0.000544894057135327
S2_75892745 2 75896745 0.000863759713529998
S2_75913661 2 75917661 0.000398000147819744
S2_75994736 2 75998736 0.000406042995925537
S2_76089595 2 76093595 0.00047634883633807
S2_76089610 2 76093610 0.000459977607254504
S2_76211088 2 76215088 4.54585546909812e-09
S2_76219929 2 76223929 0.000144023164697675
S2_76224810 2 76228810 3.18561382508924e-05
S2_76230679 2 76234679 0.000259743467050898
S2_76380415 2 76384415 6.11507263453355e-05
S2_76543786 2 76547786 1.39644665563615e-08
S2_76607244 2 76611244 3.65789868077782e-07
S2_76637849 2 76641849 2.05543989540516e-05
S2_76637871 2 76641871 2.08741223668882e-05
S2_76661941 2 76665941 0.000116649229419467
S2_76671118 2 76675118 4.82043212807605e-05
S2_76715881 2 76719881 0.000427815980717275
S2_76881030 2 76885030 0.000137977289214835
S2_76886584 2 76890584 0.0006016007906264
S2_76894646 2 76898646 0.000142690533433649
S2_76926641 2 76930641 0.000487934800301449
S2_76939105 2 76943105 6.13288167431048e-05
S2_76939471 2 76943471 8.71528870450289e-05
S2_77032253 2 77036253 5.42753231502478e-05
S2_77164229 2 77168229 4.4746222306743e-08
S2_77164237 2 77168237 6.98705108821306e-06
S2_77164238 2 77168238 9.16539458905275e-06
S2_77203536 2 77207536 0.000591604963299616
S2_77203537 2 77207537 0.000591604963299616
S2_77203538 2 77207538 0.000661917870665812
S2_77203539 2 77207539 0.000591604963299616
S2_77203563 2 77207563 0.000131040909933566
S2_77276945 2 77280945 1.11669587992478e-05
S2_77323904 2 77327904 0.000699379988783927
S2_77364472 2 77368472 0.000919553470984731
S2_77550385 2 77554385 0.000199866766338551
S2_77763709 2 77767709 0.000132287955075779
S2_77845189 2 77849189 4.08985658932936e-05
S2_77853528 2 77857528 1.85959847056368e-06
S2_77870375 2 77874375 3.60310607475613e-07
S2_77900717 2 77904717 0.000115798900032763
S2_77920942 2 77924942 0.000559265091264163
