Marker Chr Pos p
S5_202058 5 206058 2.35484418546993e-08
S5_523229 5 527229 0.000644829278889958
S5_623980 5 627980 1.44203747284072e-05
S5_990450 5 994450 2.82220056718658e-06
S5_1102495 5 1106495 0.000880770651361523
S5_1185238 5 1189238 1.49711008563762e-07
S5_1225835 5 1229835 0.000381446726478342
S5_1516250 5 1520250 0.000428369575142684
S5_1649193 5 1653193 0.000157896231985727
S5_1734000 5 1738000 0.000123458130332128
S5_1734035 5 1738035 1.50422490131343e-05
S5_1734080 5 1738080 1.50422490131343e-05
S5_1734124 5 1738124 7.6708971137378e-05
S5_2043968 5 2047968 1.02847737925238e-05
S5_2160501 5 2164501 6.4451455643253e-06
S5_2181377 5 2185377 0.000299279452802732
S5_2513658 5 2517658 1.43807905427182e-11
S5_2513964 5 2517964 4.84331579920652e-06
S5_2515991 5 2519991 5.01633569472317e-06
S5_2752057 5 2756057 0.000324361286528767
S5_2823906 5 2827906 0.000375274231711561
S5_2938145 5 2942145 1.44475528203932e-09
S5_3020090 5 3024090 7.89655031066606e-08
S5_3020113 5 3024113 7.89655031066471e-08
S5_3045829 5 3049829 0.000406133945018801
S5_3227430 5 3231430 5.14604777598357e-05
S5_3231880 5 3235880 9.36079712205366e-06
S5_3320927 5 3324927 0.000947330285499777
S5_3329173 5 3333173 0.000617018492312469
S5_3355802 5 3359802 1.35476062405711e-05
S5_3406451 5 3410451 0.000368012189930554
S5_3697430 5 3701430 1.91258004149839e-05
S5_3941917 5 3945917 0.000285932807946792
S5_3948189 5 3952189 9.90897858073506e-06
S5_4131378 5 4135378 0.000264450298660192
S5_4167768 5 4171768 0.000215774039733294
S5_4240601 5 4244601 1.04980150328387e-07
S5_4259617 5 4263617 9.66401593962259e-08
S5_4259998 5 4263998 5.31716832403902e-07
S5_4501821 5 4505821 2.46284458270272e-05
S5_4511317 5 4515317 0.000449964228616864
S5_4534865 5 4538865 6.73910508830864e-05
S5_4900347 5 4904347 0.000633872240150862
S5_4911153 5 4915153 2.61225390887268e-06
S5_4913543 5 4917543 0.000978769199103835
S5_4922268 5 4926268 0.000146983618140257
S5_4922316 5 4926316 1.70147676357654e-05
S5_4937377 5 4941377 0.000687670549999712
S5_4955749 5 4959749 1.78828533403124e-05
S5_4961978 5 4965978 0.000103591118980066
S5_4975685 5 4979685 0.000365110885733658
S5_5008297 5 5012297 0.000255550607372231
S5_5028587 5 5032587 0.000303446294894907
S5_5225173 5 5229173 1.16437879571452e-05
S5_5260897 5 5264897 5.64484396396424e-05
S5_5342457 5 5346457 4.98265049118128e-05
S5_5514885 5 5518885 5.26208607789818e-09
S5_5557019 5 5561019 2.45780508061661e-05
S5_5711693 5 5715693 0.000968677627569995
S5_5961651 5 5965651 2.73310100305703e-06
S5_6023781 5 6027781 0.000237898821236367
S5_6099199 5 6103199 0.000296704388797119
S5_6185959 5 6189959 7.70544833615881e-08
S5_6185965 5 6189965 7.70544833615881e-08
S5_6185998 5 6189998 6.93450331608629e-08
S5_6186002 5 6190002 7.77864644516975e-08
S5_6529024 5 6533024 0.000844245020939156
S5_6603944 5 6607944 2.49968244152262e-05
S5_6961274 5 6965274 2.95116427155122e-05
S5_7194283 5 7198283 0.000421901189127789
S5_7194284 5 7198284 0.000189465046009257
S5_7287418 5 7291418 0.00066360370302609
S5_7458469 5 7462469 0.000341067569755527
S5_7526534 5 7530534 0.000362666248210859
S5_7526537 5 7530537 0.000362666248210859
S5_7526560 5 7530560 0.000362666248210859
S5_7819246 5 7823246 3.20595831587716e-05
S5_7831491 5 7835491 1.78777997799009e-05
S5_7831533 5 7835533 0.000384242783296134
S5_7885330 5 7889330 1.82172168250094e-07
S5_8000679 5 8004679 1.46029764902489e-07
S5_8016271 5 8020271 6.13778801287667e-06
S5_8028018 5 8032018 0.000508150495283478
S5_8058107 5 8062107 0.000512415609919887
S5_8087952 5 8091952 0.00055407318542378
S5_8253831 5 8257831 2.44726943864669e-05
S5_8375052 5 8379052 9.29233080532204e-05
S5_8829605 5 8833605 4.74587281754669e-05
S5_8835254 5 8839254 0.000804064964882354
S5_8856356 5 8860356 7.06175042957356e-05
S5_8888456 5 8892456 7.79078894129884e-09
S5_8888457 5 8892457 4.93108157140616e-08
S5_8896659 5 8900659 0.00046685244494331
S5_8909834 5 8913834 0.000165189484973539
S5_8913937 5 8917937 3.49470769765957e-05
S5_8917052 5 8921052 0.00011829721699147
S5_8948688 5 8952688 0.000302291626479734
S5_8948700 5 8952700 0.000302291626479734
S5_8958313 5 8962313 0.000113010724988566
S5_8991978 5 8995978 5.62139994017091e-06
S5_8992589 5 8996589 3.06631246840619e-05
S5_9002948 5 9006948 1.22371116114204e-07
S5_9048023 5 9052023 0.000745279714002637
S5_9067214 5 9071214 6.88307795175233e-06
S5_9067513 5 9071513 0.000623632623704103
S5_9067607 5 9071607 1.36928850189201e-05
S5_9181887 5 9185887 1.13854018751861e-08
S5_9189290 5 9193290 1.26649777702357e-05
S5_9192923 5 9196923 3.23853430385206e-06
S5_9307319 5 9311319 1.11225757798417e-05
S5_9348524 5 9352524 3.09817823306804e-05
S5_9348638 5 9352638 1.33342779079997e-06
S5_9348644 5 9352644 1.57853029234658e-06
S5_9348721 5 9352721 0.000324817933405856
S5_9350934 5 9354934 4.80304985593956e-05
S5_9350936 5 9354936 4.80304985593956e-05
S5_9351266 5 9355266 2.52104260840347e-05
S5_9364392 5 9368392 0.000964718970971827
S5_9530517 5 9534517 2.98062548535664e-08
S5_9535232 5 9539232 2.28801105252061e-07
S5_9550991 5 9554991 0.000397375360363329
S5_9554219 5 9558219 9.90813422101334e-05
S5_9554545 5 9558545 0.000664314507186622
S5_10150877 5 10154877 7.49841991487052e-06
S5_10150909 5 10154909 1.16601660583588e-07
S5_10572220 5 10576220 5.15087719823584e-08
S5_10642428 5 10646428 0.000635832817906962
S5_10678991 5 10682991 3.20667956201693e-05
S5_10679131 5 10683131 1.40937204759631e-05
S5_10777105 5 10781105 0.000828899739370971
S5_10929717 5 10933717 0.000652905186638172
S5_11010480 5 11014480 8.95296587697488e-05
S5_11013564 5 11017564 0.000832042575592962
S5_11075260 5 11079260 7.97374361988524e-12
S5_11100013 5 11104013 0.000475532661180608
S5_11100037 5 11104037 0.000475532661180608
S5_11161489 5 11165489 2.97873785017896e-08
S5_11189530 5 11193530 0.000594218204218088
S5_11479964 5 11483964 6.3671412487888e-06
S5_11479972 5 11483972 6.36714124878982e-06
S5_11482186 5 11486186 4.71795514488505e-05
S5_11482206 5 11486206 4.71795514488505e-05
S5_11504819 5 11508819 3.47879446225561e-07
S5_11584565 5 11588565 0.000543189914574464
S5_11863149 5 11867149 3.78557278673875e-11
S5_11932941 5 11936941 0.000123153455296381
S5_11932945 5 11936945 1.10501118810022e-07
S5_11937188 5 11941188 5.59810065181139e-08
S5_12075652 5 12079652 2.48889832885461e-07
S5_12446453 5 12450453 1.35696631217416e-05
S5_12494559 5 12498559 4.98942335445115e-09
S5_12504449 5 12508449 0.000160335947166115
S5_12504450 5 12508450 0.000160335947166115
S5_12504454 5 12508454 0.000160335947166115
S5_12617942 5 12621942 1.45859729925527e-08
S5_12627871 5 12631871 0.000378916433790507
S5_12628398 5 12632398 0.000134524168920682
S5_12751267 5 12755267 0.000512299521518177
S5_12940928 5 12944928 1.70927092193127e-06
S5_13160696 5 13164696 0.000282911901611401
S5_13523862 5 13527862 4.63199221189116e-08
S5_13532030 5 13536030 0.00065822351953923
S5_13532050 5 13536050 0.000666817778583924
S5_13535635 5 13539635 0.000714363593428266
S5_13836369 5 13840369 0.000172348611127469
S5_13939703 5 13943703 0.000891457518910181
S5_13965129 5 13969129 0.000572179727698698
S5_14295263 5 14299263 0.000327716195866217
S5_14361548 5 14365548 0.000474388018466993
S5_14361561 5 14365561 0.000474388018466844
S5_14361572 5 14365572 0.000464521152531493
S5_14393453 5 14397453 8.90163626738111e-05
S5_14393475 5 14397475 8.90163626738042e-05
S5_14423743 5 14427743 0.000238293574442794
S5_14423924 5 14427924 0.000105849094291227
S5_14429079 5 14433079 0.00014615875564316
S5_14429104 5 14433104 0.00014615875564316
S5_14430203 5 14434203 0.000360303491582226
S5_14435931 5 14439931 0.000212927511462102
S5_14485361 5 14489361 0.000676630198427285
S5_14517951 5 14521951 0.00046471880602174
S5_14538075 5 14542075 0.000465647420400869
S5_14663744 5 14667744 0.000165936553201671
S5_14663770 5 14667770 0.000165936553201701
S5_14870011 5 14874011 6.37358019680903e-05
S5_14870039 5 14874039 6.37358019680903e-05
S5_14938464 5 14942464 0.000481885763812104
S5_14995570 5 14999570 0.000963345854816769
S5_15056377 5 15060377 4.68196756556834e-07
S5_15092897 5 15096897 0.000275833747449715
S5_15307050 5 15311050 2.18166926619261e-06
S5_15793445 5 15797445 0.000355393434568925
S5_15793862 5 15797862 0.000405286794036182
S5_15797744 5 15801744 0.000287897523014201
S5_15798158 5 15802158 0.000202520823615796
S5_15895456 5 15899456 8.67936585304803e-05
S5_16241272 5 16245272 1.39830153677948e-08
S5_16245560 5 16249560 6.43078939933747e-05
S5_16288752 5 16292752 0.000542816816527378
S5_16554990 5 16558990 0.000813963562279866
S5_16860050 5 16864050 1.23299187655827e-05
S5_16860051 5 16864051 1.23299187655827e-05
S5_17036851 5 17040851 4.45203954447266e-05
S5_17300503 5 17304503 3.21512996592507e-08
S5_17357278 5 17361278 0.000159450757254189
S5_17357307 5 17361307 0.000159450757254174
S5_17521856 5 17525856 1.93858490866649e-08
S5_17662055 5 17666055 0.000281547645343266
S5_17795928 5 17799928 3.45626109331659e-06
S5_17811539 5 17815539 6.96291316246901e-09
S5_18181878 5 18185878 0.000200377325079883
S5_18368586 5 18372586 1.48246975177336e-08
S5_18446812 5 18450812 1.82188704400699e-09
S5_18446946 5 18450946 0.00050012443197511
S5_18577600 5 18581600 2.30544477193226e-08
S5_18659461 5 18663461 0.000263736612789171
S5_18692075 5 18696075 3.50038736432599e-05
S5_18760330 5 18764330 0.000361229370791372
S5_18773201 5 18777201 0.000648371349585228
S5_19066499 5 19070499 0.000404721106443832
S5_19070970 5 19074970 0.000379641515311763
S5_19070975 5 19074975 0.000379641515311763
S5_19079747 5 19083747 0.000531299076696192
S5_19204685 5 19208685 4.22230597186614e-05
S5_19207312 5 19211312 0.000515768085797682
S5_19565240 5 19569240 0.000361603397120407
S5_19926169 5 19930169 0.000646599685213274
S5_20001677 5 20005677 0.000384293444627428
S5_20048138 5 20052138 0.000104515254866283
S5_20090898 5 20094898 0.000316534344690489
S5_20213084 5 20217084 0.000134642654942972
S5_20322083 5 20326083 0.000242953277228573
S5_20438998 5 20442998 4.2428858970302e-05
S5_20555735 5 20559735 0.000260031999899278
S5_20555763 5 20559763 2.6602693338176e-05
S5_20605485 5 20609485 0.000511029851810137
S5_20769062 5 20773062 0.000160286012584246
S5_20883116 5 20887116 0.000486260567848603
S5_20891376 5 20895376 0.000153287612994534
S5_20939222 5 20943222 0.000760609339600794
S5_20939223 5 20943223 0.000760609339600794
S5_20972280 5 20976280 0.000289062431003527
S5_21045410 5 21049410 1.78338244753758e-05
S5_21132392 5 21136392 7.54997645433828e-05
S5_21283067 5 21287067 0.000576765950444756
S5_21502653 5 21506653 1.5697937917064e-05
S5_21656565 5 21660565 0.000106767213971014
S5_22070475 5 22074475 0.000150398221108335
S5_22089227 5 22093227 0.000640733840598872
S5_22335184 5 22339184 2.91851335820817e-05
S5_22430605 5 22434605 0.000300726706653859
S5_22482671 5 22486671 0.000923616522622025
S5_22502047 5 22506047 6.23734491066688e-05
S5_22809233 5 22813233 0.000169396825859121
S5_22929405 5 22933405 0.000130325562106801
S5_23012601 5 23016601 1.66869513344093e-06
S5_23048451 5 23052451 0.000142932347982807
S5_23056582 5 23060582 0.000110515079495253
S5_23057106 5 23061106 5.63813898263374e-07
S5_23135264 5 23139264 9.60504642752564e-05
S5_23213712 5 23217712 0.000223644618258824
S5_23305884 5 23309884 2.08096272274451e-05
S5_23514462 5 23518462 0.00055978990685814
S5_23680966 5 23684966 0.000714824919379194
S5_24081746 5 24085746 0.000115008457487624
S5_24129903 5 24133903 0.000117019121733766
S5_24195217 5 24199217 3.7305761194831e-05
S5_24235905 5 24239905 0.000285459604961337
S5_24241035 5 24245035 8.36946757711389e-05
S5_24247479 5 24251479 0.000367099195444883
S5_24247522 5 24251522 0.000299917298564508
S5_24362146 5 24366146 0.000126725411719689
S5_24519394 5 24523394 0.000278696444606266
S5_24703104 5 24707104 2.2029622748179e-05
S5_24749980 5 24753980 9.41650512699342e-05
S5_24761264 5 24765264 7.76711442288705e-05
S5_24979201 5 24983201 0.000127738919603987
S5_25114448 5 25118448 8.68956603163325e-05
S5_25191999 5 25195999 0.00085288857303061
S5_25474714 5 25478714 5.02434143547175e-05
S5_25706600 5 25710600 0.000103734438091836
S5_25890796 5 25894796 2.40663178979898e-07
S5_26012990 5 26016990 0.000264397672737829
S5_26075105 5 26079105 9.82785794371717e-05
S5_26127728 5 26131728 2.20681114445993e-05
S5_26145346 5 26149346 0.000207098818926553
S5_26196351 5 26200351 0.000574656731684189
S5_26558500 5 26562500 0.000122783400786933
S5_26607255 5 26611255 0.000679285378907556
S5_26658739 5 26662739 0.000120536080411786
S5_26755022 5 26759022 4.95248847067903e-05
S5_26873248 5 26877248 0.000107961793035581
S5_26956725 5 26960725 0.000218466620041741
S5_27074020 5 27078020 0.000135129731785096
S5_27098455 5 27102455 8.9876791247631e-05
S5_27174245 5 27178245 0.000164398275070757
S5_27187759 5 27191759 1.0412666922711e-06
S5_27258995 5 27262995 0.0001583430329435
S5_27315986 5 27319986 0.000136229237685623
S5_27344202 5 27348202 2.23251261947031e-05
S5_27507642 5 27511642 0.000259559504135705
S5_27551744 5 27555744 2.31248332531087e-05
S5_27588578 5 27592578 9.61741516789787e-05
S5_27758660 5 27762660 0.000341247747122364
S5_27845578 5 27849578 2.37616081265282e-05
S5_27927688 5 27931688 1.17816696069548e-05
S5_27932217 5 27936217 0.000248457161952641
S5_27958385 5 27962385 0.000138088802684783
S5_28123787 5 28127787 1.12133991300476e-05
S5_28131552 5 28135552 0.000144419871639378
S5_28166620 5 28170620 0.00013209475369162
S5_28267790 5 28271790 0.000168514774769144
S5_28275593 5 28279593 2.46727614317693e-05
S5_28285337 5 28289337 4.76912677500225e-05
S5_28322971 5 28326971 0.000404514784132982
S5_28394083 5 28398083 2.41411275964236e-05
S5_28436464 5 28440464 0.000526344621621806
S5_28502975 5 28506975 0.000326361177479928
S5_28515918 5 28519918 2.76081192065354e-06
S5_28515927 5 28519927 9.41757849852057e-07
S5_28548383 5 28552383 9.11688026397412e-05
S5_28548411 5 28552411 3.15154845764417e-05
S5_28589893 5 28593893 1.92298507191916e-05
S5_28591917 5 28595917 1.29047744928989e-05
S5_28608197 5 28612197 1.17435557661237e-06
S5_28621627 5 28625627 1.18634905724731e-05
S5_28621649 5 28625649 6.42592744815228e-05
S5_28658340 5 28662340 5.03510771642893e-05
S5_28658996 5 28662996 5.21653507659743e-05
S5_28659007 5 28663007 5.21653507659743e-05
S5_28727680 5 28731680 9.26574141587719e-05
S5_28736038 5 28740038 0.000181881743476794
S5_28786515 5 28790515 0.000179531189066023
S5_28796257 5 28800257 0.000143470303064938
S5_28803887 5 28807887 0.000171456921277643
S5_28850208 5 28854208 8.09920461024465e-06
S5_28907516 5 28911516 0.000616894490910364
S5_28937339 5 28941339 0.000170021702151768
S5_28937387 5 28941387 9.65522608078001e-05
S5_29028561 5 29032561 0.000170833112266568
S5_29063727 5 29067727 0.000964476406682677
S5_29064107 5 29068107 9.82244176653275e-05
S5_29119807 5 29123807 0.000180590088656843
S5_29144450 5 29148450 0.000173124056656245
S5_29153778 5 29157778 7.93922506458513e-05
S5_29180483 5 29184483 0.000129692278583786
S5_29203631 5 29207631 3.26995889611949e-05
S5_29215488 5 29219488 0.000142033955641961
S5_29283315 5 29287315 0.00017323690817421
S5_29294523 5 29298523 4.22159474731232e-05
S5_29297596 5 29301596 0.000110523200355418
S5_29315590 5 29319590 9.92398788908799e-05
S5_29381483 5 29385483 0.000227246365557607
S5_29383172 5 29387172 0.000122444863025286
S5_29429119 5 29433119 5.42230222197603e-05
S5_29603843 5 29607843 0.000176783247779573
S5_29633888 5 29637888 8.28379074404033e-05
S5_29650237 5 29654237 4.42484527408322e-05
S5_29864395 5 29868395 0.000266545004002987
S5_29927353 5 29931353 0.000404633404744683
S5_29984764 5 29988764 0.000189473159687488
S5_30030330 5 30034330 0.000188794441243274
S5_30152344 5 30156344 4.50332795442305e-05
S5_30172987 5 30176987 6.10307460586342e-05
S5_30412967 5 30416967 4.75518504709958e-05
S5_30472892 5 30476892 0.000169502383482301
S5_30554446 5 30558446 0.000273012891276295
S5_30595053 5 30599053 0.000143902887342444
S5_30638030 5 30642030 0.000131117460048261
S5_30684360 5 30688360 8.25907325761726e-05
S5_30791552 5 30795552 9.36975040443877e-05
S5_30791601 5 30795601 5.3567185970252e-05
S5_30809523 5 30813523 3.5012315751332e-05
S5_30835918 5 30839918 0.00090357191824233
S5_30880286 5 30884286 0.000575321917733576
S5_30881759 5 30885759 0.000113757615177229
S5_30931937 5 30935937 8.96737612739452e-07
S5_30931995 5 30935995 0.000431706298129424
S5_31017657 5 31021657 0.000121028511604963
S5_31035072 5 31039072 0.000279838882187289
S5_31096320 5 31100320 0.000151579421950821
S5_31115951 5 31119951 9.97504899237147e-06
S5_31119816 5 31123816 0.000119503754760364
S5_31277021 5 31281021 0.000136049137013963
S5_31333063 5 31337063 0.000621796099949069
S5_31427456 5 31431456 9.54714341741542e-05
S5_31441444 5 31445444 0.000268542467513735
S5_31458053 5 31462053 7.96782527466714e-05
S5_31460155 5 31464155 6.50131117690143e-05
S5_31603818 5 31607818 8.56048291707335e-05
S5_31714272 5 31718272 0.000272479687291655
S5_31875849 5 31879849 0.000133193290441721
S5_31877783 5 31881783 0.000583338480432802
S5_31914066 5 31918066 5.74236229865825e-05
S5_31947859 5 31951859 0.000614776087235866
S5_31981134 5 31985134 7.0513323042493e-05
S5_32029740 5 32033740 0.000651684584832515
S5_32157722 5 32161722 5.96132908730904e-05
S5_32158276 5 32162276 0.000110286727127135
S5_32175962 5 32179962 0.00016960224553385
S5_32176007 5 32180007 8.21888619197601e-10
S5_32227273 5 32231273 5.81607049608046e-05
S5_32349216 5 32353216 0.000311042628396757
S5_32486995 5 32490995 0.00032412125155567
S5_32487007 5 32491007 0.00032412125155567
S5_32491247 5 32495247 5.73272317190578e-05
S5_32812870 5 32816870 0.00028436104185668
S5_32816461 5 32820461 0.000104357316078786
S5_32816479 5 32820479 0.000104357316078804
S5_32843563 5 32847563 2.74778937260317e-07
S5_32971795 5 32975795 7.15824882462934e-05
S5_32993931 5 32997931 0.000208062605907906
S5_33088897 5 33092897 0.000639038453226805
S5_33163500 5 33167500 8.72502350242942e-05
S5_33243079 5 33247079 0.000257196248399488
S5_33265811 5 33269811 0.000200904043677912
S5_33393443 5 33397443 8.82500347675971e-05
S5_33740436 5 33744436 1.19280074410989e-05
S5_33750946 5 33754946 0.000603167799434663
S5_33848975 5 33852975 0.000936693070647519
S5_33860109 5 33864109 6.14007321379746e-05
S5_33867766 5 33871766 0.000521909226469893
S5_33873266 5 33877266 0.00063862230648238
S5_33953129 5 33957129 0.000472143214523343
S5_33973217 5 33977217 0.000204120186239857
S5_33993474 5 33997474 0.000507176149663008
S5_34064812 5 34068812 0.000391341228874099
S5_34064842 5 34068842 3.43313639668902e-05
S5_34126346 5 34130346 0.000229914562440722
S5_34206579 5 34210579 9.42797596955116e-05
S5_34337285 5 34341285 0.000200675835411837
S5_34705792 5 34709792 0.000280231635629016
S5_34829355 5 34833355 0.000208417803353734
S5_35214639 5 35218639 9.30060179283152e-05
S5_35250895 5 35254895 4.55527605651651e-05
S5_35491439 5 35495439 5.42727201806576e-05
S5_35569750 5 35573750 0.000351320955944539
S5_35765218 5 35769218 9.35010987188913e-05
S5_35799904 5 35803904 0.00055705779993145
S5_35878526 5 35882526 8.16374176986381e-05
S5_36199643 5 36203643 3.94046434777515e-05
S5_36435582 5 36439582 9.81558347635101e-05
S5_36586861 5 36590861 1.67351372070256e-06
S5_36609666 5 36613666 0.00020211825331378
S5_37279169 5 37283169 7.57971163996061e-06
S5_37359612 5 37363612 5.54422829106962e-05
S5_37685059 5 37689059 5.91419248991688e-05
S5_38360730 5 38364730 3.02429747418607e-05
S5_38403207 5 38407207 0.000144042536511093
S5_38459647 5 38463647 0.000257427923191761
S5_40960328 5 40964328 0.000139909961660137
S5_40977405 5 40981405 5.75512853043975e-07
S5_41050725 5 41054725 0.000582016781126364
S5_41050730 5 41054730 0.000582016781126364
S5_41050757 5 41054757 0.000582016781126364
S5_41128542 5 41132542 0.000507184121942821
S5_41340366 5 41344366 0.000206403706970753
S5_41340399 5 41344399 0.000206403706970735
S5_41534778 5 41538778 0.000784134251311748
S5_41972923 5 41976923 0.000818039203651416
S5_42239883 5 42243883 0.000680195939272433
S5_42323785 5 42327785 0.000283368296307512
S5_42438471 5 42442471 0.000279541455792104
S5_42508198 5 42512198 1.46604884392507e-07
S5_42631304 5 42635304 4.28881373167845e-09
S5_42715483 5 42719483 1.363876607652e-05
S5_43017801 5 43021801 8.86289435775676e-05
S5_43088588 5 43092588 0.000227761798393167
S5_43126984 5 43130984 0.000662110066298965
S5_43474171 5 43478171 0.000234284395035003
S5_43881471 5 43885471 0.000742915838661143
S5_43929924 5 43933924 4.17566596944836e-08
S5_44325886 5 44329886 1.67173758659188e-05
S5_44362164 5 44366164 6.13055035028469e-05
S5_44372402 5 44376402 0.000263124111856381
S5_44380575 5 44384575 0.000137887934129225
S5_44395261 5 44399261 4.16089556798354e-06
S5_44397786 5 44401786 0.000212791882867188
S5_44400749 5 44404749 1.46033529973994e-05
S5_44433860 5 44437860 5.08185863767798e-10
S5_44539350 5 44543350 6.99135354834955e-08
S5_44579749 5 44583749 5.05334272534664e-05
S5_44603768 5 44607768 0.000738624986328151
S5_44605871 5 44609871 2.20271467396896e-05
S5_44605872 5 44609872 0.000269357611888439
S5_44611163 5 44615163 5.86421523604627e-06
S5_44746689 5 44750689 0.000161788458007672
S5_44831488 5 44835488 0.000439265587762393
S5_44846614 5 44850614 0.000966035231929584
S5_44846627 5 44850627 0.000966035231929584
S5_44886268 5 44890268 0.000353903605578003
S5_45208318 5 45212318 4.7212295430762e-06
S5_45229169 5 45233169 6.31532023655156e-06
S5_45237419 5 45241419 1.6892518174233e-07
S5_45238055 5 45242055 2.37204030539297e-07
S5_45533094 5 45537094 8.46233159182978e-11
S5_45533115 5 45537115 5.6885146438832e-09
S5_45562226 5 45566226 8.02384227970294e-07
S5_45578176 5 45582176 1.1118324870012e-05
S5_45595751 5 45599751 0.000100048918434259
S5_45673069 5 45677069 3.29259631504793e-07
S5_45674292 5 45678292 5.41211400753663e-07
S5_45676198 5 45680198 1.69185781719985e-07
S5_45701012 5 45705012 4.94943521840328e-07
S5_46114457 5 46118457 6.55402428640989e-09
S5_46218793 5 46222793 0.000108496139486054
S5_46252607 5 46256607 0.000132070299242265
S5_46254652 5 46258652 6.61196383662629e-05
S5_46254653 5 46258653 6.61196383662629e-05
S5_46352286 5 46356286 1.67506899656748e-05
S5_46483847 5 46487847 1.49200726907941e-08
S5_46498344 5 46502344 7.88543362310176e-06
S5_46662300 5 46666300 1.19484182032084e-07
S5_47273476 5 47277476 8.53518887446787e-05
S5_47423888 5 47427888 0.000621748008116436
S5_47423926 5 47427926 0.000621748008116488
S5_47423940 5 47427940 0.000645613577811849
S5_47533081 5 47537081 0.00014612354945152
S5_47575003 5 47579003 1.29152821339981e-07
S5_47608739 5 47612739 7.57477679923025e-06
S5_47613623 5 47617623 0.000484854425513498
S5_47714653 5 47718653 0.000138798284797221
S5_47821015 5 47825015 1.72329360848491e-06
S5_47832653 5 47836653 2.77655110042673e-06
S5_47874685 5 47878685 2.57650021534591e-05
S5_47876487 5 47880487 1.68405610568972e-06
S5_47876511 5 47880511 1.68405610569e-06
S5_47877149 5 47881149 8.66831096726244e-06
S5_47914054 5 47918054 2.87436372694698e-07
S5_47950551 5 47954551 0.00013037150468109
S5_48081001 5 48085001 1.78917021592098e-13
S5_48178409 5 48182409 4.02922614839257e-12
S5_48266996 5 48270996 1.52685201166979e-05
S5_48446689 5 48450689 6.9860172973667e-05
S5_48484094 5 48488094 2.20943022101374e-14
S5_48526592 5 48530592 1.1353133528605e-08
S5_48536361 5 48540361 9.15370112676753e-05
S5_48603947 5 48607947 4.45487142496483e-08
S5_48688926 5 48692926 0.000929989769211502
S5_48690666 5 48694666 2.04235775808896e-05
S5_48701559 5 48705559 0.000704599624709073
S5_48784390 5 48788390 4.29444811010511e-06
S5_48786082 5 48790082 7.62999480772584e-05
S5_48907824 5 48911824 1.82581649672318e-05
S5_48934342 5 48938342 0.000259583645601204
S5_48965529 5 48969529 0.000347300190988216
S5_49062159 5 49066159 9.39042520091222e-09
S5_49062160 5 49066160 9.390425200918e-09
S5_49062162 5 49066162 9.39042520091222e-09
S5_49062167 5 49066167 9.390425200918e-09
S5_49147178 5 49151178 0.00035741249946545
S5_49315205 5 49319205 0.000440033993918909
S5_49315214 5 49319214 0.000253603103615846
S5_49345336 5 49349336 0.000686572121196265
S5_49345337 5 49349337 0.000686572121196265
S5_49407698 5 49411698 0.000120637968542206
S5_49473155 5 49477155 0.000328603962525446
S5_49482254 5 49486254 2.96131217722306e-07
S5_49924365 5 49928365 4.82776200202732e-06
S5_50013171 5 50017171 0.000206034547443552
S5_50145158 5 50149158 4.92441575067828e-06
S5_50745286 5 50749286 0.000961982412666691
S5_50927001 5 50931001 0.000115607036785133
S5_51142234 5 51146234 0.00065121560302506
S5_51161438 5 51165438 0.000458198985606124
S5_51161567 5 51165567 2.89649571163913e-08
S5_51266686 5 51270686 5.00511597669735e-08
S5_51455635 5 51459635 7.04742314056636e-06
S5_51455636 5 51459636 8.87099008554871e-06
S5_51548877 5 51552877 0.000216204956053369
S5_51555725 5 51559725 5.17690158187961e-07
S5_51575775 5 51579775 0.000257832700075351
S5_51575776 5 51579776 0.000257832700075253
S5_51575779 5 51579779 0.000268850751277527
S5_51658886 5 51662886 4.58237846349383e-08
S5_51766939 5 51770939 0.000371719871324876
S5_51775917 5 51779917 4.33650413759824e-06
S5_51778744 5 51782744 0.000547920870130984
S5_51794332 5 51798332 0.000151920858754084
S5_51809682 5 51813682 2.59482280552352e-05
S5_51845012 5 51849012 1.8717388780338e-05
S5_51845051 5 51849051 1.8717388780338e-05
S5_51891463 5 51895463 0.000195945997425587
S5_51891507 5 51895507 0.000195945997425587
S5_51908753 5 51912753 6.91429566631922e-05
S5_52088953 5 52092953 0.000313074489690878
S5_52099395 5 52103395 0.000303082750503857
S5_52320118 5 52324118 0.000187617098475952
S5_52327053 5 52331053 5.43218521881448e-05
S5_52328692 5 52332692 0.000707338561794419
S5_52352433 5 52356433 2.36568064526067e-06
S5_52365962 5 52369962 0.000557883193462686
S5_52418313 5 52422313 2.32270021833941e-10
S5_52418329 5 52422329 2.32270021833971e-10
S5_52432730 5 52436730 0.00077714955404999
S5_52458427 5 52462427 5.51984558857832e-05
S5_52459248 5 52463248 0.000306794989253459
S5_52587145 5 52591145 0.000808523160941286
S5_52642970 5 52646970 1.6375832652564e-05
S5_52815485 5 52819485 0.000409222291371273
S5_52827008 5 52831008 0.000660481831158113
S5_52840285 5 52844285 0.00097128512181461
S5_53072397 5 53076397 2.8305551109008e-07
S5_53145369 5 53149369 0.000358031809626132
S5_53212424 5 53216424 0.000524217435058604
S5_53231148 5 53235148 6.76980609826204e-05
S5_53276291 5 53280291 0.000549834528910761
S5_53276450 5 53280450 0.000890653633332704
S5_53297859 5 53301859 0.000802604833242801
S5_53353549 5 53357549 6.10499364730307e-08
S5_53728030 5 53732030 0.00046816228475249
S5_53853732 5 53857732 0.0001559013988931
S5_53905975 5 53909975 2.61251992116183e-07
S5_54060960 5 54064960 0.000202893992797615
S5_54082282 5 54086282 0.00035136608060143
S5_54520330 5 54524330 1.48902576654668e-08
S5_54525718 5 54529718 2.41979683647379e-06
S5_54525719 5 54529719 2.12256671089869e-09
S5_54525722 5 54529722 2.41979683647446e-06
S5_54527225 5 54531225 2.98037309623593e-17
S5_54578919 5 54582919 1.05990614334498e-12
S5_54625239 5 54629239 0.000360161471986035
S5_54668749 5 54672749 3.30549597802989e-05
S5_54777542 5 54781542 1.54650092845882e-07
S5_55127389 5 55131389 0.000221216128459507
S5_55137169 5 55141169 3.04256929564923e-05
S5_55148697 5 55152697 8.06703432353924e-08
S5_55170820 5 55174820 9.27018661256602e-07
S5_55172322 5 55176322 0.000440292957719392
S5_55225553 5 55229553 4.1751147352887e-08
S5_55264119 5 55268119 0.000292333102412739
S5_55693955 5 55697955 1.29900114989257e-05
S5_55706211 5 55710211 0.00021112965910746
S5_55780221 5 55784221 0.000725182577579149
S5_55802685 5 55806685 1.01011818872638e-05
S5_55803006 5 55807006 0.00019549250447021
S5_55908188 5 55912188 0.000595969580445319
S5_55917219 5 55921219 0.000357895596880778
S5_56005404 5 56009404 0.000332322791482355
S5_56030058 5 56034058 3.44069180032993e-05
S5_56046702 5 56050702 3.80874533029575e-05
S5_56068041 5 56072041 7.98055908375288e-05
S5_56084824 5 56088824 3.33941221521897e-05
S5_56088860 5 56092860 0.000174986076994572
S5_56176084 5 56180084 0.000421762991920551
S5_56251554 5 56255554 3.84780088388139e-07
S5_57064241 5 57068241 0.000738296608120838
S5_57450040 5 57454040 1.02440385810104e-07
S5_57481350 5 57485350 9.3298868427575e-05
S5_57481388 5 57485388 9.30500795462149e-05
S5_57522339 5 57526339 9.14259526488651e-05
S5_57588929 5 57592929 0.000129282029108467
S5_57760050 5 57764050 0.000161780492748177
S5_57781451 5 57785451 0.000196453986222015
S5_57889906 5 57893906 0.000546711873596343
S5_57921470 5 57925470 9.33503258630697e-06
S5_57952266 5 57956266 2.14793680508492e-05
S5_57957210 5 57961210 2.40271447961655e-05
S5_57959267 5 57963267 1.17858455261781e-08
S5_57959268 5 57963268 1.17858455261781e-08
S5_57972784 5 57976784 6.98541278443233e-06
S5_58043250 5 58047250 0.000232212449420575
S5_58048832 5 58052832 0.000533222432963352
S5_58086524 5 58090524 0.000457349062905706
S5_58212295 5 58216295 0.000235369837287033
S5_58273293 5 58277293 4.16048750781025e-05
S5_58603360 5 58607360 3.57593600666424e-17
S5_58663277 5 58667277 0.000560148494338894
S5_58675883 5 58679883 3.49727568637264e-06
S5_58745966 5 58749966 2.4188428153616e-06
S5_58872794 5 58876794 0.000169076438920281
S5_58937550 5 58941550 3.68912363528767e-05
S5_59009667 5 59013667 0.000673536917580177
S5_59009670 5 59013670 0.000673536917580177
S5_59033102 5 59037102 0.000130935443611418
S5_59062211 5 59066211 4.42891443347004e-08
S5_59087478 5 59091478 3.40621142659944e-08
S5_59087491 5 59091491 3.40621142659944e-08
S5_59087500 5 59091500 3.40621142659944e-08
S5_59099882 5 59103882 1.56971186598874e-05
S5_59099901 5 59103901 1.56971186598839e-05
S5_59162702 5 59166702 6.33939842509444e-13
S5_59170620 5 59174620 0.000628559194961404
S5_59251353 5 59255353 0.000429059056153226
S5_59259735 5 59263735 0.000306974082361217
S5_59259737 5 59263737 0.000306974082361217
S5_59263175 5 59267175 8.28039723677574e-10
S5_59342267 5 59346267 9.28029822605564e-08
S5_59365172 5 59369172 5.75809925629305e-05
S5_59365660 5 59369660 0.000797429401060815
S5_59367133 5 59371133 1.94279537417464e-06
S5_59367136 5 59371136 1.05903850456006e-05
S5_59367161 5 59371161 1.94279537417464e-06
S5_59373188 5 59377188 0.000184257368846154
S5_59373212 5 59377212 0.000184257368846154
S5_59373290 5 59377290 0.000713309883117614
S5_59373969 5 59377969 0.000593237866414507
S5_59373977 5 59377977 0.000588356744256002
S5_59376321 5 59380321 0.000533783762203167
S5_59440507 5 59444507 0.000102399998077154
S5_59623583 5 59627583 0.000692436774442851
S5_59625022 5 59629022 4.02169515354097e-09
S5_59625023 5 59629023 4.02169515354067e-09
S5_59625025 5 59629025 4.02169515354067e-09
S5_59625026 5 59629026 4.02169515354097e-09
S5_59625027 5 59629027 4.02169515354067e-09
S5_59625028 5 59629028 4.02169515354067e-09
S5_59639847 5 59643847 1.41714241421332e-05
S5_59639863 5 59643863 1.4878380499915e-05
S5_59656950 5 59660950 5.93571071854527e-05
S5_59656960 5 59660960 5.93571071854636e-05
S5_59716792 5 59720792 1.65957364286259e-07
S5_59790078 5 59794078 1.6809908542309e-11
S5_59804112 5 59808112 2.15275782947574e-05
S5_59835065 5 59839065 0.000340635121538959
S5_59835133 5 59839133 1.09002992737344e-09
S5_59885165 5 59889165 0.000525657063725054
S5_59890611 5 59894611 0.000408351369454378
S5_59891745 5 59895745 0.000725468939587008
S5_59898493 5 59902493 0.000120731804983707
S5_59926945 5 59930945 1.68929751727494e-05
S5_59927032 5 59931032 0.000795301181926478
S5_59979690 5 59983690 2.47163035887395e-07
S5_59998629 5 60002629 0.000742333428405198
S5_60038831 5 60042831 0.000414230098483686
S5_60090828 5 60094828 2.03922384506867e-06
S5_60090837 5 60094837 2.03922384506867e-06
S5_60093675 5 60097675 1.30997975744892e-05
S5_60100898 5 60104898 5.40007245166144e-05
S5_60101058 5 60105058 0.000371934148863757
S5_60115851 5 60119851 0.000587593061737112
S5_60116154 5 60120154 6.86679776299849e-06
S5_60159006 5 60163006 0.000821590899798614
S5_60160587 5 60164587 0.0006001917956328
S5_60168483 5 60172483 4.03084406220589e-06
S5_60168552 5 60172552 8.6372532794356e-05
S5_60168972 5 60172972 1.0081052298506e-05
S5_60169233 5 60173233 0.000336114326756383
S5_60169353 5 60173353 5.8040287124489e-06
S5_60269523 5 60273523 1.9950253599261e-05
S5_60346862 5 60350862 7.60682121865491e-07
S5_60347134 5 60351134 3.73989574451707e-06
S5_60350162 5 60354162 0.000970967056248178
S5_60363363 5 60367363 8.01512027537692e-10
S5_60375197 5 60379197 1.58722476809461e-05
S5_60375237 5 60379237 1.58722476809461e-05
S5_60375238 5 60379238 3.02995268385222e-05
S5_60385172 5 60389172 1.4522150220614e-05
S5_60389632 5 60393632 0.000599841044915278
S5_60406203 5 60410203 1.49543107538258e-06
S5_60408087 5 60412087 7.3856533991583e-08
S5_60422759 5 60426759 2.9637843818658e-05
S5_60513601 5 60517601 8.56727961664363e-05
S5_60535995 5 60539995 0.000417920994798795
S5_60765943 5 60769943 7.77454195702047e-05
S5_60772908 5 60776908 5.129127905028e-05
S5_60774106 5 60778106 0.000285934008843497
S5_60778356 5 60782356 0.000372487526386036
S5_60808477 5 60812477 0.000140758622928065
S5_60813005 5 60817005 0.000388552843386826
S5_60921346 5 60925346 8.48226369120477e-05
S5_60921376 5 60925376 8.48226369120477e-05
S5_60921412 5 60925412 7.1155563909495e-05
S5_61047278 5 61051278 3.38279251078801e-05
S5_61048858 5 61052858 0.000378652911163326
S5_61099925 5 61103925 1.07081595521461e-06
S5_61099926 5 61103926 1.07081595521461e-06
S5_61109768 5 61113768 3.61971958023776e-05
S5_61109775 5 61113775 3.6197195802376e-05
S5_61109799 5 61113799 5.73124424689645e-05
S5_61153159 5 61157159 0.000710119711598524
S5_61156902 5 61160902 6.52012620896049e-05
S5_61173564 5 61177564 1.24800718587675e-06
S5_61174440 5 61178440 8.52580430572038e-13
S5_61181215 5 61185215 8.46620604174231e-05
S5_61181241 5 61185241 0.000127862530219125
S5_61181242 5 61185242 0.000121662290508964
S5_61181243 5 61185243 0.000121662290508964
S5_61181313 5 61185313 3.42664413951879e-05
S5_61187605 5 61191605 8.58971254236017e-09
S5_61207419 5 61211419 8.65247148054302e-05
S5_61207550 5 61211550 0.000159223024488878
S5_61212245 5 61216245 2.58085104452826e-05
S5_61212379 5 61216379 2.42386522959862e-06
S5_61212384 5 61216384 2.42386522959821e-06
S5_61226644 5 61230644 1.65974810273863e-05
S5_61226699 5 61230699 1.64483676008531e-05
S5_61229104 5 61233104 0.000405669681596704
S5_61229111 5 61233111 0.000405669681596704
S5_61229154 5 61233154 0.000405669681596836
S5_61229155 5 61233155 0.000405669681596704
S5_61229267 5 61233267 0.000167729176352682
S5_61231444 5 61235444 5.21626332381862e-05
S5_61231886 5 61235886 1.26782229850661e-07
S5_61232992 5 61236992 4.15880072920668e-12
S5_61277960 5 61281960 0.000357628739822768
S5_61278069 5 61282069 0.000442613305347701
S5_61278258 5 61282258 5.21033059536588e-12
S5_61278319 5 61282319 1.13244776975971e-09
S5_61282569 5 61286569 0.000369382352245717
S5_61287432 5 61291432 0.000863499363243247
S5_62025836 5 62029836 6.24318148094409e-05
S5_62266076 5 62270076 1.36747937498729e-05
S5_62281866 5 62285866 0.000502763247508453
S5_62286607 5 62290607 0.000978015697801869
S5_62293364 5 62297364 0.00080791071326392
S5_62294790 5 62298790 0.000165057258591484
