Marker Chr Pos p
S2_469654 2 473654 0.00024243265892536
S2_673802 2 677802 2.87359277459301e-07
S2_823440 2 827440 0.000292919774548962
S2_968417 2 972417 0.000126724965879891
S2_1004267 2 1008267 7.8965245854901e-10
S2_1158710 2 1162710 1.64930981343723e-10
S2_1158716 2 1162716 1.64930981343741e-10
S2_1173592 2 1177592 0.00034559139226192
S2_1173659 2 1177659 0.000277789549432276
S2_1179220 2 1183220 0.000134697972034039
S2_1251825 2 1255825 2.36683763026606e-05
S2_1252016 2 1256016 4.39952104309287e-07
S2_1291250 2 1295250 0.000137163697090922
S2_1293985 2 1297985 2.30168673053804e-05
S2_1524693 2 1528693 3.25828050723652e-07
S2_1529042 2 1533042 0.000211818870884225
S2_1605951 2 1609951 0.000495928097204369
S2_1727510 2 1731510 0.000152121009710196
S2_1727910 2 1731910 0.000353493037652292
S2_1749237 2 1753237 0.000113751717736598
S2_1756900 2 1760900 0.00093147201364775
S2_1834233 2 1838233 0.000302752342713694
S2_1909690 2 1913690 0.000413362379706311
S2_1928791 2 1932791 0.000281794918431608
S2_1945890 2 1949890 4.01752538845201e-05
S2_1945896 2 1949896 4.01752538845201e-05
S2_2106349 2 2110349 1.55766383213475e-06
S2_2211960 2 2215960 9.523206726405e-09
S2_2211966 2 2215966 3.91496081250931e-07
S2_2211989 2 2215989 3.91496081250913e-07
S2_2211990 2 2215990 3.91496081250931e-07
S2_2284736 2 2288736 2.27226978913196e-12
S2_2304012 2 2308012 3.1808129290428e-14
S2_2573021 2 2577021 0.000308742647532021
S2_2601425 2 2605425 8.29916959200015e-05
S2_2689045 2 2693045 2.32194533584396e-09
S2_2715486 2 2719486 8.52253334188578e-11
S2_2845575 2 2849575 1.32118585343806e-10
S2_2896834 2 2900834 6.52642174109494e-07
S2_2978452 2 2982452 5.51997612014353e-05
S2_3370370 2 3374370 0.000419482020562424
S2_3399655 2 3403655 0.000499853643192207
S2_3399661 2 3403661 0.000499853643192207
S2_3652809 2 3656809 1.99024399770987e-05
S2_3715333 2 3719333 2.57448537291253e-06
S2_3906017 2 3910017 4.50093040045166e-06
S2_3975476 2 3979476 0.000440421723698452
S2_4019314 2 4023314 0.000172971872503296
S2_4145083 2 4149083 0.000532403569923825
S2_4287900 2 4291900 0.000115039088743436
S2_4309244 2 4313244 1.60879960827189e-10
S2_4376875 2 4380875 0.000130707180827948
S2_4384637 2 4388637 0.000417638905013808
S2_4390566 2 4394566 2.5462622462546e-11
S2_4393667 2 4397667 1.95736634785347e-05
S2_4410851 2 4414851 1.29959914635956e-11
S2_4410864 2 4414864 1.29959914635956e-11
S2_4458217 2 4462217 7.53471469418287e-05
S2_4471717 2 4475717 6.94621067298185e-11
S2_4574971 2 4578971 0.000812854038688693
S2_4602194 2 4606194 0.000580945437862209
S2_4762344 2 4766344 1.04811112725429e-10
S2_4765090 2 4769090 4.2684821421866e-09
S2_4981657 2 4985657 4.23686298613236e-10
S2_5067263 2 5071263 0.000322060545061949
S2_5087707 2 5091707 0.000291520940954857
S2_5120903 2 5124903 7.25518214709803e-06
S2_5120910 2 5124910 7.25518214710001e-06
S2_5323192 2 5327192 9.7461510898145e-14
S2_5325339 2 5329339 1.55673262255465e-12
S2_5496061 2 5500061 0.00011928905446435
S2_5663750 2 5667750 0.000957688271964128
S2_5663773 2 5667773 0.000957688271964128
S2_5961276 2 5965276 1.15316546626468e-06
S2_6145331 2 6149331 0.000265256386207796
S2_6261014 2 6265014 0.000113526138234481
S2_6515449 2 6519449 2.31666408648139e-09
S2_6773572 2 6777572 0.000592099912764812
S2_6809070 2 6813070 1.14149436782497e-05
S2_6820413 2 6824413 9.86466415670129e-05
S2_6859542 2 6863542 0.000305810956105943
S2_6897177 2 6901177 2.48169477633392e-05
S2_6902823 2 6906823 0.000175083136725291
S2_6924662 2 6928662 0.000864359234164771
S2_6930892 2 6934892 0.000332241591235119
S2_6943786 2 6947786 0.000686161137877014
S2_7014252 2 7018252 3.71519605178729e-07
S2_7014253 2 7018253 3.71519605178729e-07
S2_7024942 2 7028942 0.000958982839243756
S2_7024948 2 7028948 0.000958982839243756
S2_7025084 2 7029084 0.000510642778946242
S2_7025158 2 7029158 0.000107964708245715
S2_7025271 2 7029271 0.000401228826853062
S2_7025308 2 7029308 0.000401228826853076
S2_7049630 2 7053630 0.000204895685976489
S2_7050600 2 7054600 5.18194502894697e-05
S2_7050601 2 7054601 5.18194502894697e-05
S2_7050602 2 7054602 0.000266132857625786
S2_7053575 2 7057575 0.000843052983913858
S2_7053591 2 7057591 0.00075290109791391
S2_7053603 2 7057603 0.000752901097913943
S2_7064499 2 7068499 1.78233616434612e-06
S2_7064520 2 7068520 1.78233616434624e-06
S2_7143630 2 7147630 2.94657800231729e-07
S2_7169647 2 7173647 2.23901847528868e-06
S2_7382819 2 7386819 3.12499550522319e-10
S2_7392442 2 7396442 0.000800362616595802
S2_7605158 2 7609158 9.24734298283306e-05
S2_7701502 2 7705502 0.00025489996848347
S2_7762125 2 7766125 5.65649022825684e-06
S2_7763639 2 7767639 0.00015252555963795
S2_7766280 2 7770280 2.84074079235123e-05
S2_7766289 2 7770289 2.84074079235123e-05
S2_7857131 2 7861131 5.86869620775498e-09
S2_7918589 2 7922589 5.90665523816743e-07
S2_7938227 2 7942227 0.000158976126688058
S2_7938237 2 7942237 0.000158976126688058
S2_7999697 2 8003697 1.76441504637217e-07
S2_8118010 2 8122010 0.000220204455928261
S2_8181903 2 8185903 3.31296314616529e-17
S2_8181906 2 8185906 3.57545666898634e-05
S2_8233027 2 8237027 3.21242242239894e-07
S2_8369826 2 8373826 4.93090699682587e-11
S2_8422343 2 8426343 2.09767206503456e-05
S2_8428088 2 8432088 0.000658911216902549
S2_8428432 2 8432432 4.7924629154616e-06
S2_8436978 2 8440978 9.69574011273935e-07
S2_8455442 2 8459442 1.95802957383374e-06
S2_8473243 2 8477243 0.000384064683232261
S2_8478579 2 8482579 0.000327221428213627
S2_8479257 2 8483257 0.000677142307018557
S2_8523467 2 8527467 0.000137487810758128
S2_8586345 2 8590345 1.30982689885238e-14
S2_8628449 2 8632449 4.02865291897854e-06
S2_8633133 2 8637133 2.13683182080956e-09
S2_8677001 2 8681001 5.24341563547772e-06
S2_8677930 2 8681930 0.000277834474114413
S2_8678168 2 8682168 3.29423059546803e-12
S2_8694024 2 8698024 2.55101452838622e-05
S2_8694025 2 8698025 2.55101452838622e-05
S2_8694032 2 8698032 2.55101452838622e-05
S2_8694038 2 8698038 2.55101452838622e-05
S2_8695490 2 8699490 0.0008577074475615
S2_8915835 2 8919835 2.14458312328053e-05
S2_8916086 2 8920086 0.000562665442462336
S2_8916191 2 8920191 3.91658738548629e-05
S2_8916278 2 8920278 0.000225458240788661
S2_8934730 2 8938730 0.000574062168320113
S2_8937980 2 8941980 9.6107083309339e-05
S2_8957465 2 8961465 0.000127671315893366
S2_8975333 2 8979333 0.00081660106439476
S2_9042091 2 9046091 2.57402324316167e-06
S2_9111449 2 9115449 0.000390774076267145
S2_9179213 2 9183213 1.3656757978657e-14
S2_9247521 2 9251521 0.000864890456695802
S2_9286146 2 9290146 0.00010079988330481
S2_9474555 2 9478555 0.000907648481358388
S2_9517843 2 9521843 0.000450659715388811
S2_9528933 2 9532933 0.000504757092707033
S2_9668423 2 9672423 0.00060322695057093
S2_9668428 2 9672428 0.00060322695057093
S2_10052496 2 10056496 0.000398312430397498
S2_10103318 2 10107318 7.9614049173614e-06
S2_10379798 2 10383798 0.000758294057816541
S2_10449805 2 10453805 9.49831702004745e-08
S2_10535516 2 10539516 1.97160754633984e-22
S2_10541798 2 10545798 1.16566576718506e-08
S2_10542041 2 10546041 1.88197525025309e-09
S2_10697293 2 10701293 5.41688204366543e-20
S2_10933670 2 10937670 0.000134120570556834
S2_11118921 2 11122921 0.000443803300998068
S2_11142980 2 11146980 8.11551390196451e-06
S2_11153017 2 11157017 3.68996735831755e-05
S2_11289425 2 11293425 0.000978777361737924
S2_11625108 2 11629108 0.000234177997695803
S2_11625111 2 11629111 0.000234177997695803
S2_11625117 2 11629117 0.000234177997695803
S2_11707146 2 11711146 3.12003212010389e-08
S2_11870032 2 11874032 3.81365651728294e-15
S2_12507364 2 12511364 4.89978714049714e-06
S2_12883853 2 12887853 7.43246255911938e-07
S2_12884281 2 12888281 0.00013419844345505
S2_12884284 2 12888284 6.60120298743821e-11
S2_13077307 2 13081307 5.7336037692881e-05
S2_13077311 2 13081311 5.7336037692881e-05
S2_13589342 2 13593342 7.50795961823641e-09
S2_13761027 2 13765027 2.6538626647022e-06
S2_13935430 2 13939430 8.02251230058915e-07
S2_14875743 2 14879743 3.60836529264886e-06
S2_16280406 2 16284406 1.71419607773204e-20
S2_16596875 2 16600875 0.000140897544954841
S2_16907629 2 16911629 4.87292022084941e-15
S2_17365908 2 17369908 2.65880959151555e-07
S2_17563682 2 17567682 2.50896208082712e-06
S2_17646230 2 17650230 4.79388553787091e-07
S2_17655223 2 17659223 2.9166803168611e-05
S2_18811824 2 18815824 6.37478864066655e-05
S2_18978600 2 18982600 6.33403074650729e-05
S2_19342789 2 19346789 0.000157103597606615
S2_19344193 2 19348193 5.62941280311683e-06
S2_19344196 2 19348196 5.62941280311683e-06
S2_19344198 2 19348198 5.62941280311683e-06
S2_19530786 2 19534786 0.000751996167147028
S2_19651840 2 19655840 0.000189634242826361
S2_19847906 2 19851906 0.000937133857800229
S2_19849456 2 19853456 0.000507000614125637
S2_19864937 2 19868937 0.000157763492625219
S2_19880265 2 19884265 9.7217117479604e-05
S2_20017270 2 20021270 0.000144929295782462
S2_20052911 2 20056911 0.000112703958632005
S2_20088341 2 20092341 0.000131471031503627
S2_20098071 2 20102071 2.55944703405169e-05
S2_20147503 2 20151503 0.000148676823793727
S2_20155797 2 20159797 0.000406770532860044
S2_20731352 2 20735352 0.000247329422592431
S2_21005895 2 21009895 0.000683146314112428
S2_21128102 2 21132102 0.000842367474652036
S2_21375923 2 21379923 0.000722949914642991
S2_22132561 2 22136561 0.00033037637271386
S2_22141862 2 22145862 0.000242414914694868
S2_22141863 2 22145863 0.000242414914694868
S2_22141864 2 22145864 0.000242414914694868
S2_22141885 2 22145885 0.000213772425590454
S2_22148048 2 22152048 0.000412236076477285
S2_22471722 2 22475722 0.000137045071075183
S2_22471876 2 22475876 8.97454781220811e-05
S2_22471889 2 22475889 0.000247286821378593
S2_22765228 2 22769228 0.000421391747001785
S2_23151012 2 23155012 1.27777390317692e-06
S2_23222449 2 23226449 2.90593984093104e-05
S2_23225225 2 23229225 0.000230549706484064
S2_23225243 2 23229243 0.000230549706484064
S2_23225257 2 23229257 0.000230549706484064
S2_23225418 2 23229418 0.000210558126132278
S2_23235850 2 23239850 0.000472920742462447
S2_23235858 2 23239858 0.000472920742462447
S2_23309474 2 23313474 0.000814943170176871
S2_23319728 2 23323728 0.000820893214844059
S2_23324628 2 23328628 0.000359909116284101
S2_23425277 2 23429277 0.000373006856690796
S2_23571381 2 23575381 0.000192893831590798
S2_23662900 2 23666900 0.000299015322604309
S2_23922824 2 23926824 2.45915805634449e-13
S2_24103602 2 24107602 0.0004941468922916
S2_24229770 2 24233770 0.0006108490826603
S2_24229827 2 24233827 0.0006108490826603
S2_24458264 2 24462264 0.000462366773967838
S2_24469902 2 24473902 0.000818161841048743
S2_24966757 2 24970757 0.000652671645491815
S2_25069224 2 25073224 0.000655950257339373
S2_25107148 2 25111148 0.000104618765238737
S2_25138550 2 25142550 0.000568636887092075
S2_25186532 2 25190532 0.000161754934344112
S2_25237528 2 25241528 0.00054860225711427
S2_25322682 2 25326682 0.000125993071757923
S2_25590143 2 25594143 7.62299367901155e-05
S2_25600271 2 25604271 0.00085266381439041
S2_26010884 2 26014884 0.000910467454738197
S2_26094811 2 26098811 0.000430169438236419
S2_26210288 2 26214288 6.59897705869954e-05
S2_26255511 2 26259511 0.000429694181684041
S2_26290354 2 26294354 0.000126207557531983
S2_26643392 2 26647392 0.000193114367958437
S2_27098978 2 27102978 0.000814455069589881
S2_27223743 2 27227743 0.000560471792787029
S2_27477810 2 27481810 0.000427417119639692
S2_27533360 2 27537360 0.000640905082342456
S2_27624906 2 27628906 0.000398546205368967
S2_27707888 2 27711888 0.000176882100227365
S2_27738462 2 27742462 0.00024581365523151
S2_27867870 2 27871870 0.000248050307491741
S2_28530476 2 28534476 0.000276916966193861
S2_28599915 2 28603915 3.26719871583042e-05
S2_28983080 2 28987080 0.00026978749342928
S2_29066635 2 29070635 0.000110739296020376
S2_29158950 2 29162950 0.000421068575754717
S2_29389394 2 29393394 0.000309893600394168
S2_29424682 2 29428682 0.000222794627987039
S2_29445354 2 29449354 0.000762823713882411
S2_29483553 2 29487553 5.41150850061077e-05
S2_29509906 2 29513906 0.000600723156420568
S2_29688872 2 29692872 0.000130026159611235
S2_29688873 2 29692873 0.000130026159611235
S2_29768759 2 29772759 0.000354977682538301
S2_29775753 2 29779753 0.000266895147954835
S2_30123023 2 30127023 0.000303020941480147
S2_31667543 2 31671543 6.61890571831573e-05
S2_32091200 2 32095200 0.000635174517300696
S2_32135833 2 32139833 0.000406215004114623
S2_32387100 2 32391100 0.000153646604083931
S2_32653036 2 32657036 0.000372951524861179
S2_32653055 2 32657055 0.000372951524861179
S2_32705558 2 32709558 0.000170658038140772
S2_35157358 2 35161358 0.000224691050235849
S2_36300707 2 36304707 5.30041659203514e-06
S2_36444188 2 36448188 5.86022355252779e-05
S2_36842268 2 36846268 5.14979161400911e-05
S2_36842311 2 36846311 7.64015713305209e-05
S2_37124557 2 37128557 0.000427325196734085
S2_37131972 2 37135972 0.000457838117454858
S2_37261960 2 37265960 0.000148760041618675
S2_37442603 2 37446603 0.000168516433585398
S2_37576671 2 37580671 0.000878537505801509
S2_37673557 2 37677557 0.000194155818966706
S2_38019454 2 38023454 1.96612148962668e-05
S2_38019586 2 38023586 9.16488103639861e-06
S2_38171385 2 38175385 1.56464542079078e-05
S2_38303465 2 38307465 0.00022823049473807
S2_38304836 2 38308836 0.000774190356745816
S2_38496923 2 38500923 5.16891096994512e-05
S2_38499958 2 38503958 0.000527603632259758
S2_38500356 2 38504356 0.00051358684648334
S2_38582913 2 38586913 0.000304853756817202
S2_38666612 2 38670612 0.000139432457713546
S2_38679839 2 38683839 0.000107246718880387
S2_38774516 2 38778516 0.000847260218974797
S2_38776767 2 38780767 0.000440239530485357
S2_38821922 2 38825922 0.000699518860334087
S2_38840045 2 38844045 0.000228612134816722
S2_38869709 2 38873709 9.3372199406261e-05
S2_38869798 2 38873798 0.000522795369794086
S2_38876856 2 38880856 0.000340955218864168
S2_39082526 2 39086526 0.000413771460680157
S2_39099246 2 39103246 0.000590801417478897
S2_39143928 2 39147928 0.000298252577669474
S2_39282388 2 39286388 0.000354324950410427
S2_39287327 2 39291327 0.000905343446996533
S2_39350354 2 39354354 0.00097863252605356
S2_39405596 2 39409596 3.73934059668368e-12
S2_39458856 2 39462856 0.000364806841496013
S2_39482877 2 39486877 1.00261355570749e-11
S2_39529895 2 39533895 1.31860396139153e-05
S2_39566855 2 39570855 0.000104370768300764
S2_39607149 2 39611149 0.0002193478497649
S2_39893283 2 39897283 0.000615054685421827
S2_39957821 2 39961821 0.000214743934591937
S2_40053848 2 40057848 0.000414599436184731
S2_40197043 2 40201043 0.000115223051581456
S2_40303444 2 40307444 0.000120051398308681
S2_40329668 2 40333668 6.78059437813452e-05
S2_40356303 2 40360303 0.000328134799314726
S2_40396480 2 40400480 0.000319230846077955
S2_40397620 2 40401620 0.000399369470342591
S2_40397632 2 40401632 0.000399369470342591
S2_40464457 2 40468457 6.24984607534216e-05
S2_40464601 2 40468601 0.000130176548995503
S2_40530200 2 40534200 0.000103810112655775
S2_40618143 2 40622143 4.95507665326022e-15
S2_40703774 2 40707774 0.000158444048297449
S2_40909036 2 40913036 9.74874136051777e-05
S2_40973997 2 40977997 0.000246871691796202
S2_41013519 2 41017519 0.000321294744063014
S2_41093420 2 41097420 0.000687505359719693
S2_41172512 2 41176512 5.46469787715933e-14
S2_41373403 2 41377403 0.000326349178038643
S2_41404300 2 41408300 0.00090382271532616
S2_41598666 2 41602666 0.000323465650005202
S2_41598905 2 41602905 0.000305787906871514
S2_41620078 2 41624078 0.000918962320193816
S2_41620120 2 41624120 0.000925574924812379
S2_41625174 2 41629174 0.000122212955600463
S2_41956190 2 41960190 0.000414831603595782
S2_42035970 2 42039970 0.000726581597069719
S2_42394311 2 42398311 0.000403575784632004
S2_42437964 2 42441964 0.000914933189413277
S2_42442219 2 42446219 8.27870159975717e-05
S2_42621813 2 42625813 0.00068615779718109
S2_42621822 2 42625822 0.00068615779718109
S2_42816005 2 42820005 0.000301117756051362
S2_42862625 2 42866625 0.000539517025425613
S2_43056362 2 43060362 0.000770649331251784
S2_43056373 2 43060373 0.000770649331251801
S2_43361487 2 43365487 0.000593467217358188
S2_43498137 2 43502137 0.000806391769249999
S2_43513914 2 43517914 0.000128945084496308
S2_43602671 2 43606671 0.000351467345709185
S2_43714480 2 43718480 4.86843558560576e-05
S2_43761936 2 43765936 0.000106496588652236
S2_43761980 2 43765980 0.000106496588652226
S2_43978838 2 43982838 0.000144715706929194
S2_43999409 2 44003409 0.000297663858915831
S2_44010371 2 44014371 0.000217305760777153
S2_44146334 2 44150334 0.000167989678721897
S2_44430480 2 44434480 0.000521902138165796
S2_44625923 2 44629923 1.28035443709213e-06
S2_44895227 2 44899227 0.000192824752519782
S2_44898239 2 44902239 0.000298919285349763
S2_45001144 2 45005144 9.2663744182654e-05
S2_45001145 2 45005145 9.2663744182654e-05
S2_45256137 2 45260137 0.000877858709020182
S2_45433986 2 45437986 0.000129466809391861
S2_45550204 2 45554204 0.000210424370549947
S2_45550231 2 45554231 0.000258058167716265
S2_45975230 2 45979230 0.000666214001770458
S2_46183527 2 46187527 0.000135058798630793
S2_46437143 2 46441143 0.00075481491519901
S2_46461539 2 46465539 0.00091667575864718
S2_46466687 2 46470687 0.000680714403900326
S2_46466793 2 46470793 0.000620059502344862
S2_46690183 2 46694183 0.000427003093573961
S2_46938947 2 46942947 0.00037074369022806
S2_46947512 2 46951512 0.000132356893957957
S2_47280452 2 47284452 0.000826388529609458
S2_47294817 2 47298817 0.000481528717697368
S2_47300943 2 47304943 0.00035590942803122
S2_47303178 2 47307178 6.55646609052026e-05
S2_47309282 2 47313282 0.000746373133888958
S2_47369670 2 47373670 0.000716742308130918
S2_47465019 2 47469019 0.000653344693798988
S2_47490052 2 47494052 0.00085834080511787
S2_47604949 2 47608949 0.000325635964061214
S2_47635270 2 47639270 1.5819346376084e-07
S2_47692306 2 47696306 0.000843078971455449
S2_47859231 2 47863231 0.000265247853589825
S2_47997063 2 48001063 5.06973425696861e-19
S2_48169177 2 48173177 9.82190933396798e-05
S2_48169510 2 48173510 8.6368667280674e-05
S2_48391417 2 48395417 0.00040702796932194
S2_48440017 2 48444017 0.000158070338725232
S2_48564112 2 48568112 0.000267427347549384
S2_49677162 2 49681162 1.22694415640342e-05
S2_50075240 2 50079240 6.33766750919135e-05
S2_50157772 2 50161772 0.00036583277253913
S2_50551122 2 50555122 0.000233588364668464
S2_50798051 2 50802051 1.47901504369029e-05
S2_51019070 2 51023070 0.00039649298802169
S2_51088724 2 51092724 6.65835234933428e-06
S2_51088837 2 51092837 7.19969033701899e-20
S2_51146077 2 51150077 0.000660710302298492
S2_51182670 2 51186670 0.000615298152256492
S2_51199422 2 51203422 2.08670110711321e-12
S2_51199425 2 51203425 2.08670110711353e-12
S2_51211575 2 51215575 0.000524351423681881
S2_51211600 2 51215600 0.000524351423681881
S2_51240575 2 51244575 0.000794907834839682
S2_51403468 2 51407468 0.000155878932569336
S2_51769845 2 51773845 0.000228604551317298
S2_52210236 2 52214236 0.000112365390137631
S2_52349463 2 52353463 5.44784012605578e-14
S2_52727028 2 52731028 1.65279116246175e-08
S2_52771627 2 52775627 0.000142857212217531
S2_53902307 2 53906307 0.000657647207636723
S2_53902319 2 53906319 0.000657647207636707
S2_53902358 2 53906358 0.000657647207636723
S2_53962901 2 53966901 1.99922171587975e-07
S2_54008322 2 54012322 0.000112556191036451
S2_54508912 2 54512912 5.79299337986146e-09
S2_54771449 2 54775449 2.12070027623456e-08
S2_54951708 2 54955708 1.45970215502241e-18
S2_55084983 2 55088983 1.14459525349783e-17
S2_55426197 2 55430197 4.72601453270372e-07
S2_55428011 2 55432011 0.000204782842018804
S2_55672269 2 55676269 8.48871936402669e-20
S2_56256042 2 56260042 0.000220242163433828
S2_56256044 2 56260044 0.000220242163433841
S2_56356356 2 56360356 0.000773326458511212
S2_56703039 2 56707039 7.38005521247882e-05
S2_57145855 2 57149855 2.61153013599206e-08
S2_57252484 2 57256484 2.25492687505377e-05
S2_57589907 2 57593907 0.000955694048256653
S2_58072230 2 58076230 0.000478691682317785
S2_58075885 2 58079885 3.10499238446892e-20
S2_58347169 2 58351169 2.50474955592034e-14
S2_58602216 2 58606216 0.000591321714285142
S2_58664828 2 58668828 0.00032400368299439
S2_58871097 2 58875097 1.05970059038533e-09
S2_59176418 2 59180418 2.82330257890339e-10
S2_59252655 2 59256655 0.000963047995969779
S2_59254887 2 59258887 4.37950780636391e-16
S2_59259583 2 59263583 6.15403930201183e-05
S2_59439999 2 59443999 2.29412063466441e-20
S2_59600781 2 59604781 7.7842149788219e-10
S2_59840641 2 59844641 0.000728571733396966
S2_60003143 2 60007143 1.12030367349101e-05
S2_60007997 2 60011997 0.000665255012212025
S2_60014532 2 60018532 0.000108925805909207
S2_60019909 2 60023909 0.000217127136336355
S2_60020658 2 60024658 2.9111317196882e-05
S2_60020716 2 60024716 2.9111317196882e-05
S2_60086256 2 60090256 2.89425346847718e-05
S2_60095506 2 60099506 7.01092019715846e-05
S2_60161610 2 60165610 0.000127653708663108
S2_60182865 2 60186865 0.000699446082725473
S2_60450305 2 60454305 9.37013418080256e-15
S2_60706158 2 60710158 2.56898359949245e-12
S2_60999416 2 61003416 0.000567313116485576
S2_61018726 2 61022726 0.000715440552472302
S2_61037851 2 61041851 0.000209050224057446
S2_61053310 2 61057310 1.89863073044885e-11
S2_61099973 2 61103973 5.59939161664228e-09
S2_61104037 2 61108037 0.00030421076930076
S2_61206339 2 61210339 4.80656972925087e-07
S2_61206345 2 61210345 1.94623622285207e-05
S2_61380778 2 61384778 2.76153929796642e-06
S2_61454931 2 61458931 0.000644598345240297
S2_61597632 2 61601632 2.00396106086394e-18
S2_61764550 2 61768550 0.000162052787784708
S2_61834057 2 61838057 0.000449813202547627
S2_61859275 2 61863275 0.000845213548285975
S2_61926767 2 61930767 7.1765018458405e-11
S2_61950252 2 61954252 0.000186242038725055
S2_61950374 2 61954374 3.1737578847013e-18
S2_61969298 2 61973298 1.88733273332765e-11
S2_61989650 2 61993650 3.38378355720258e-19
S2_62008780 2 62012780 3.88179118312381e-05
S2_62008810 2 62012810 4.65128702770921e-12
S2_62010211 2 62014211 1.10332994717773e-06
S2_62072608 2 62076608 7.77250050946866e-10
S2_62117562 2 62121562 3.50721161001233e-08
S2_62122042 2 62126042 0.000652389682961769
S2_62122130 2 62126130 2.80941210217802e-19
S2_62242500 2 62246500 3.42750852518806e-19
S2_62291613 2 62295613 0.000353926183707749
S2_62291614 2 62295614 9.34086963302913e-08
S2_62295336 2 62299336 3.09176291486282e-05
S2_62371419 2 62375419 1.44893640400336e-19
S2_62523761 2 62527761 0.000282592702526052
S2_62547188 2 62551188 7.93279694911768e-05
S2_62691161 2 62695161 1.51747665337891e-06
S2_62700041 2 62704041 5.22809087845942e-07
S2_62749519 2 62753519 0.000240455825571131
S2_62966135 2 62970135 1.894667674724e-06
S2_62980701 2 62984701 1.52924576990522e-09
S2_62981846 2 62985846 0.000204008049833724
S2_62996690 2 63000690 0.000446804954081698
S2_63000168 2 63004168 3.26050173012987e-19
S2_63022088 2 63026088 4.78650361738231e-05
S2_63083669 2 63087669 3.32724974160913e-08
S2_63103059 2 63107059 7.14623880140811e-06
S2_63113944 2 63117944 3.9103700100741e-05
S2_63126907 2 63130907 9.14887025266512e-07
S2_63126997 2 63130997 1.27828679307512e-05
S2_63499935 2 63503935 0.000423740074904016
S2_63540438 2 63544438 0.000439396043462257
S2_63600302 2 63604302 2.69956504526254e-07
S2_64029798 2 64033798 6.02002426677337e-07
S2_64156924 2 64160924 0.000534806598495747
S2_64209478 2 64213478 0.000480730269378235
S2_64230186 2 64234186 6.85662570180102e-05
S2_64238000 2 64242000 0.000206227144613351
S2_64238002 2 64242002 6.03394669303598e-05
S2_64283481 2 64287481 5.73103468396444e-13
S2_64747349 2 64751349 9.37515099091035e-07
S2_64939392 2 64943392 0.000971125811744875
S2_65154855 2 65158855 0.000648155317856241
S2_65154857 2 65158857 0.000648155317856241
S2_65172925 2 65176925 0.000417930259486847
S2_65172962 2 65176962 0.000417930259486847
S2_65286666 2 65290666 9.2011066668774e-06
S2_65318133 2 65322133 0.000651959357031104
S2_65377914 2 65381914 0.000573353621333122
S2_65459036 2 65463036 6.57507439498634e-15
S2_65467694 2 65471694 0.000671138044403804
S2_65489365 2 65493365 0.000793488896032587
S2_65520303 2 65524303 3.47199361763587e-08
S2_65624621 2 65628621 9.14267442741572e-19
S2_65640604 2 65644604 0.000274850251959632
S2_65640608 2 65644608 0.000274850251959623
S2_65699813 2 65703813 3.70052334929726e-05
S2_65699840 2 65703840 3.70052334929726e-05
S2_65699850 2 65703850 3.70052334929726e-05
S2_66212286 2 66216286 1.39226498965649e-15
S2_66684970 2 66688970 0.000135835496158879
S2_66706453 2 66710453 0.000161750964460607
S2_66706785 2 66710785 3.14621346668006e-07
S2_66709727 2 66713727 0.000135454851809101
S2_66770958 2 66774958 2.93975965219401e-05
S2_67013600 2 67017600 3.08358722015066e-06
S2_67096344 2 67100344 6.29859746255356e-05
S2_67114042 2 67118042 2.35922808199368e-20
S2_67151682 2 67155682 3.9450121512603e-05
S2_67256216 2 67260216 0.000147904753960369
S2_67256218 2 67260218 0.000147904753960357
S2_67365082 2 67369082 0.000212875587769334
S2_67505785 2 67509785 0.000593224294382163
S2_67551851 2 67555851 8.84820731356136e-08
S2_67567068 2 67571068 1.80056834308882e-05
S2_67723859 2 67727859 3.88878830958773e-06
S2_67953511 2 67957511 8.85783282212148e-07
S2_67957028 2 67961028 0.000142654807312072
S2_67959652 2 67963652 7.04337839958573e-07
S2_67959728 2 67963728 3.11056918921029e-06
S2_67972067 2 67976067 4.39882889845435e-05
S2_67986240 2 67990240 0.000250348985675056
S2_67993971 2 67997971 6.60587765963193e-08
S2_68010379 2 68014379 3.03331996279345e-07
S2_68061183 2 68065183 5.22784134657747e-06
S2_68061184 2 68065184 5.22784134657709e-06
S2_68071533 2 68075533 4.22034000727928e-07
S2_68110517 2 68114517 1.86537628363623e-05
S2_68110519 2 68114519 1.86537628363634e-05
S2_68110634 2 68114634 5.72125361978796e-10
S2_68164946 2 68168946 0.000462794277056304
S2_68193354 2 68197354 0.000627918317941665
S2_68219113 2 68223113 9.22784500180421e-05
S2_68287302 2 68291302 0.000525634239750934
S2_68348250 2 68352250 6.18380556694653e-05
S2_68353444 2 68357444 9.70246448738561e-07
S2_68354154 2 68358154 3.41279858547876e-07
S2_68354383 2 68358383 3.64944278774965e-08
S2_68354669 2 68358669 5.75259716103087e-11
S2_68355129 2 68359129 3.63818961159551e-07
S2_68355885 2 68359885 1.03739645303308e-07
S2_68356035 2 68360035 6.98334710327209e-08
S2_68356053 2 68360053 6.9833471032715e-08
S2_68356116 2 68360116 2.08436846649918e-07
S2_68356323 2 68360323 3.84428131319956e-06
S2_68370991 2 68374991 7.35010138138136e-11
S2_68371146 2 68375146 1.80873279565486e-10
S2_68371518 2 68375518 1.01234692930877e-10
S2_68378650 2 68382650 1.5052118074644e-07
S2_68379198 2 68383198 3.07278157908381e-07
S2_68379206 2 68383206 3.07278157908381e-07
S2_68412072 2 68416072 5.01736419935258e-05
S2_68445020 2 68449020 6.32752978324348e-10
S2_68445038 2 68449038 6.32752978324296e-10
S2_68445370 2 68449370 2.83604221627795e-08
S2_68445981 2 68449981 2.13709460973875e-05
S2_68446162 2 68450162 4.51658240641526e-06
S2_68446173 2 68450173 4.51658240641526e-06
S2_68446515 2 68450515 1.69219348290378e-05
S2_68446525 2 68450525 1.69219348290378e-05
S2_68448290 2 68452290 1.86808193571482e-05
S2_68448326 2 68452326 8.67466556968455e-05
S2_68448341 2 68452341 9.21556114189051e-05
S2_68452539 2 68456539 7.25769787264089e-05
S2_68461175 2 68465175 1.39793103534338e-08
S2_68469055 2 68473055 6.05826352579491e-11
S2_68469359 2 68473359 9.77772277339075e-11
S2_68470064 2 68474064 8.02916679893426e-11
S2_68485014 2 68489014 1.18925775834179e-13
S2_68495313 2 68499313 6.23002898973621e-11
S2_68498498 2 68502498 1.4437556182804e-05
S2_68498509 2 68502509 1.44239595873791e-05
S2_68502567 2 68506567 4.22968256331058e-08
S2_68502592 2 68506592 1.90420594648603e-05
S2_68533966 2 68537966 5.41967475401068e-10
S2_68540003 2 68544003 4.72411222969981e-08
S2_68582310 2 68586310 9.66535705995358e-07
S2_68596880 2 68600880 6.52455620974072e-14
S2_68596917 2 68600917 6.52455620974072e-14
S2_68596918 2 68600918 6.52455620974072e-14
S2_68597176 2 68601176 8.79710402611576e-15
S2_68597222 2 68601222 5.15714136497184e-16
S2_68597273 2 68601273 1.91147748620859e-08
S2_68597777 2 68601777 3.65636874680869e-11
S2_68602049 2 68606049 5.30171977970793e-08
S2_68610153 2 68614153 1.15405248749946e-18
S2_68610196 2 68614196 1.15405248749932e-18
S2_68610228 2 68614228 4.0718791031283e-17
S2_68627480 2 68631480 1.62533643823183e-17
S2_68629445 2 68633445 7.17748178037021e-11
S2_68636144 2 68640144 2.27358442794439e-06
S2_68636305 2 68640305 7.56903712433493e-19
S2_68642597 2 68646597 2.12593987710394e-06
S2_68656006 2 68660006 1.99229378235181e-05
S2_68656315 2 68660315 2.61294742003305e-05
S2_68666510 2 68670510 1.81791607700659e-18
S2_68666524 2 68670524 0.00011971999639402
S2_68667042 2 68671042 2.25301578280724e-08
S2_68677016 2 68681016 4.86028370933155e-18
S2_68681642 2 68685642 3.22863051411322e-05
S2_68681680 2 68685680 2.30870616086379e-06
S2_68681681 2 68685681 2.30870616086379e-06
S2_68701331 2 68705331 0.000477181282490244
S2_68718931 2 68722931 2.99829513597303e-07
S2_68773492 2 68777492 8.16638091564817e-11
S2_68773501 2 68777501 8.16638091565023e-11
S2_68783308 2 68787308 2.62369849028264e-22
S2_68789292 2 68793292 4.73314445849344e-23
S2_68816747 2 68820747 2.01547897970166e-22
S2_68816748 2 68820748 1.60390690254192e-23
S2_68816749 2 68820749 1.49098506988664e-23
S2_68817393 2 68821393 0.000225119864014143
S2_68817754 2 68821754 2.16612883149879e-06
S2_68818158 2 68822158 0.000658080501428255
S2_68852361 2 68856361 2.8997024498717e-29
S2_68852761 2 68856761 8.94111797036586e-06
S2_68852853 2 68856853 2.80233498077745e-23
S2_68867743 2 68871743 0.000636649089660988
S2_69063826 2 69067826 2.7427367452221e-07
S2_69125552 2 69129552 5.42273463945857e-19
S2_69130226 2 69134226 3.53979291807118e-27
S2_69136724 2 69140724 0.000213337930463862
S2_69201729 2 69205729 7.44223358393842e-05
S2_69201889 2 69205889 0.000231861896454243
S2_69206798 2 69210798 2.17472624670312e-23
S2_69222470 2 69226470 0.000557027188330968
S2_69233124 2 69237124 0.000124095613751863
S2_69234132 2 69238132 6.75968511752358e-07
S2_69234138 2 69238138 6.75968511752358e-07
S2_69234243 2 69238243 2.24922748058929e-07
S2_69247158 2 69251158 0.00040038579960481
S2_69247169 2 69251169 0.000400385799604825
S2_69254511 2 69258511 0.000206418568302694
S2_69254549 2 69258549 1.0628488999498e-10
S2_69254553 2 69258553 1.06284889995008e-10
S2_69276404 2 69280404 0.0001429040790708
S2_69276535 2 69280535 0.000110658382325547
S2_69285395 2 69289395 5.0332898827986e-06
S2_69285398 2 69289398 5.03328988279747e-06
S2_69293200 2 69297200 5.35623842755893e-05
S2_69457190 2 69461190 0.000518818752946747
S2_69457212 2 69461212 2.92793558827357e-05
S2_69615157 2 69619157 0.000845827921420625
S2_69638816 2 69642816 0.00066308751336929
S2_69646869 2 69650869 7.18303894834201e-07
S2_69652059 2 69656059 3.89346613365072e-05
S2_69652195 2 69656195 1.0940966720922e-05
S2_69652219 2 69656219 1.0940966720922e-05
S2_69685007 2 69689007 0.000454977996396652
S2_69685127 2 69689127 0.000876067889957276
S2_69685128 2 69689128 0.000876067889957276
S2_69685131 2 69689131 0.00063536798614995
S2_69685133 2 69689133 0.00087606788995733
S2_69696395 2 69700395 3.65335034222543e-05
S2_69720237 2 69724237 0.000650368358363639
S2_69743796 2 69747796 1.0788082469569e-07
S2_69749314 2 69753314 0.000600764182491279
S2_69749337 2 69753337 3.30108678038078e-05
S2_69803577 2 69807577 0.000286278941374548
S2_69820326 2 69824326 7.91938334372979e-05
S2_69891257 2 69895257 7.08553897225981e-05
S2_69939500 2 69943500 0.000485189329223575
S2_69984539 2 69988539 2.96727094943938e-05
S2_70055930 2 70059930 5.84110847952946e-05
S2_70148173 2 70152173 0.000466387511159426
S2_70179791 2 70183791 0.000306072814966873
S2_70470929 2 70474929 4.39704011644342e-05
S2_70533988 2 70537988 0.000519508936904612
S2_70624572 2 70628572 2.27079699280704e-10
S2_70724457 2 70728457 2.1350847351905e-05
S2_70724459 2 70728459 2.13508473519013e-05
S2_70825828 2 70829828 0.000254685397878242
S2_71365806 2 71369806 6.41859530961222e-08
S2_71455366 2 71459366 2.47753859753097e-08
S2_71640328 2 71644328 0.000403960978890157
S2_71842942 2 71846942 3.72554077154781e-12
S2_71842944 2 71846944 3.72554077154781e-12
S2_71941050 2 71945050 6.56722855348237e-06
S2_72162818 2 72166818 4.99618684134751e-20
S2_72626314 2 72630314 0.000955782131158809
S2_72853959 2 72857959 0.000281885244264684
S2_72902562 2 72906562 5.49000662145368e-06
S2_72902646 2 72906646 2.56288022100116e-07
S2_73087443 2 73091443 0.000309777444124299
S2_73314462 2 73318462 2.16573886306277e-06
S2_73314463 2 73318463 0.000151435867826579
S2_73314485 2 73318485 2.16573886306294e-06
S2_73545810 2 73549810 1.33184394509899e-05
S2_73619324 2 73623324 4.66044753384401e-07
S2_73630050 2 73634050 1.64474903871143e-05
S2_73630688 2 73634688 6.3673857558321e-14
S2_74052248 2 74056248 5.75955635602151e-15
S2_74072627 2 74076627 0.000843361944638964
S2_74152692 2 74156692 4.18936483308639e-05
S2_74182609 2 74186609 9.64245385709449e-13
S2_74328278 2 74332278 1.04923683490448e-09
S2_74337091 2 74341091 0.000743470971989225
S2_74470996 2 74474996 3.31987723879179e-07
S2_74906869 2 74910869 0.00027422077681543
S2_74918508 2 74922508 6.74033510726044e-07
S2_75181116 2 75185116 4.50653758414191e-20
S2_75308131 2 75312131 7.82475086951974e-19
S2_75352379 2 75356379 5.39029244630797e-07
S2_75483075 2 75487075 0.000740334725245157
S2_75499073 2 75503073 0.000163577091799248
S2_75501204 2 75505204 0.000246775848129553
S2_75501297 2 75505297 0.000227367742455116
S2_75505086 2 75509086 3.92971989938727e-05
S2_75523598 2 75527598 0.000531928917819665
S2_75855242 2 75859242 0.000904905497794416
S2_75882396 2 75886396 0.000990945196544135
S2_75882833 2 75886833 0.00077804350581827
S2_75952492 2 75956492 2.23995805742964e-06
S2_75981241 2 75985241 0.000838192674163096
S2_75983142 2 75987142 0.000887387695385863
S2_76085595 2 76089595 4.26776612765015e-12
S2_76148087 2 76152087 3.62799049755971e-07
S2_76224808 2 76228808 6.97026779250114e-05
S2_76232292 2 76236292 0.00013707308869482
S2_76280602 2 76284602 1.30565195776231e-17
S2_76315313 2 76319313 0.000262336005602098
S2_76359300 2 76363300 6.57297075670452e-12
S2_76371136 2 76375136 5.97718300514414e-06
S2_76371308 2 76375308 5.8865504501234e-05
S2_76385658 2 76389658 7.71117296294307e-05
S2_76385659 2 76389659 7.71117296294171e-05
S2_76391108 2 76395108 6.99719682000167e-06
S2_76392990 2 76396990 1.35807559663327e-05
S2_76523101 2 76527101 0.000702925874333301
S2_76533075 2 76537075 0.000918745757527125
S2_76543757 2 76547757 0.000240153661215968
S2_76543786 2 76547786 0.000257966972312518
S2_76577246 2 76581246 5.91743307577122e-05
S2_76595757 2 76599757 0.000900280058631263
S2_76605994 2 76609994 0.000134426970868799
S2_76606011 2 76610011 8.2015412269696e-05
S2_76606047 2 76610047 0.000305109802358599
S2_76606744 2 76610744 7.80502352766887e-07
S2_76617721 2 76621721 0.000974670653069321
S2_76628298 2 76632298 1.22195954870946e-05
S2_76637761 2 76641761 5.6601036203665e-08
S2_76641802 2 76645802 1.81211116668653e-06
S2_76649208 2 76653208 1.40674388274994e-05
S2_76686336 2 76690336 2.25820090842796e-05
S2_76772215 2 76776215 0.00042817172691293
S2_76887701 2 76891701 0.000739311663704995
S2_76953755 2 76957755 4.47897384681053e-12
S2_76975997 2 76979997 0.000593918410387878
S2_76991344 2 76995344 4.07124417713928e-08
S2_76991348 2 76995348 4.07124417713928e-08
S2_77121333 2 77125333 5.22952267676473e-07
S2_77203405 2 77207405 0.000225711823037506
S2_77368479 2 77372479 0.000433428772583867
S2_77384670 2 77388670 0.000134750991888349
S2_77384672 2 77388672 0.000136685669342243
S2_77384673 2 77388673 0.000134750991888349
S2_77396785 2 77400785 1.70516453683538e-10
