Marker Chr Pos p
S1_80056 1 84056 9.64312112807195e-07
S1_228750 1 232750 5.50352411966665e-05
S1_282946 1 286946 0.000347388713786636
S1_282953 1 286953 0.00034738871378666
S1_282979 1 286979 0.000347388713786636
S1_283053 1 287053 5.49168398211461e-07
S1_417935 1 421935 0.000344805023198067
S1_543365 1 547365 0.000994086311704727
S1_688921 1 692921 1.52531511399468e-05
S1_744354 1 748354 0.000301270615288042
S1_774190 1 778190 0.000531842424600775
S1_958885 1 962885 0.000356931453622447
S1_1030386 1 1034386 2.10552117952645e-06
S1_1030389 1 1034389 2.10552117952645e-06
S1_1043658 1 1047658 0.000603547828009484
S1_1052600 1 1056600 6.36682995599888e-06
S1_1052601 1 1056601 6.36682995599789e-06
S1_1061056 1 1065056 7.32195417949808e-06
S1_1096683 1 1100683 0.000294612726822199
S1_1162844 1 1166844 0.000212789463668434
S1_1171830 1 1175830 2.09627649054392e-05
S1_1205518 1 1209518 0.000181247774631475
S1_1205523 1 1209523 0.000181247774631475
S1_1205529 1 1209529 0.000181247774631479
S1_1205530 1 1209530 0.000181247774631479
S1_1211700 1 1215700 0.000250681476917853
S1_1251140 1 1255140 6.21335283277318e-06
S1_1263607 1 1267607 0.000121632555322604
S1_1263675 1 1267675 0.000133286221720454
S1_1266241 1 1270241 1.05121041377228e-06
S1_1329973 1 1333973 2.4012496463227e-06
S1_1353364 1 1357364 7.14139552955935e-05
S1_1368053 1 1372053 4.06077717712118e-16
S1_1402960 1 1406960 1.05627708141404e-14
S1_1429922 1 1433922 0.000886547367111218
S1_1547517 1 1551517 5.17867836723868e-06
S1_1595359 1 1599359 0.000205311330941818
S1_1623903 1 1627903 0.000378212317021771
S1_1800577 1 1804577 1.43817253493636e-06
S1_1892864 1 1896864 2.74386964966525e-05
S1_1896715 1 1900715 4.3661649837981e-05
S1_1904261 1 1908261 2.78195673853343e-05
S1_1944821 1 1948821 4.20592561787947e-06
S1_2012070 1 2016070 2.6779621443309e-16
S1_2012106 1 2016106 1.52826530823608e-08
S1_2016062 1 2020062 3.42990317111673e-19
S1_2021358 1 2025358 0.000130791005271198
S1_2022730 1 2026730 1.44746967652468e-17
S1_2022731 1 2026731 5.63218693021404e-12
S1_2022734 1 2026734 5.63218693021404e-12
S1_2022735 1 2026735 5.63218693021286e-12
S1_2024697 1 2028697 2.64146738721743e-07
S1_2040332 1 2044332 2.96677205908248e-10
S1_2041766 1 2045766 0.000121478555493171
S1_2042145 1 2046145 3.39649435975857e-05
S1_2067673 1 2071673 5.36664667898056e-07
S1_2067680 1 2071680 1.79861340574795e-05
S1_2102732 1 2106732 7.36983446317373e-35
S1_2161203 1 2165203 8.69963696067437e-07
S1_2161204 1 2165204 8.69963696067437e-07
S1_2183685 1 2187685 7.97071318174083e-05
S1_2240520 1 2244520 0.000566697702222108
S1_2263819 1 2267819 4.23934078415014e-07
S1_2271915 1 2275915 7.06842713635871e-08
S1_2289765 1 2293765 1.21762701941285e-19
S1_2289780 1 2293780 1.21762701941265e-19
S1_2358415 1 2362415 0.000867332205162909
S1_2366057 1 2370057 1.8909738661842e-06
S1_2375436 1 2379436 3.81498797539814e-16
S1_2387910 1 2391910 1.06879812384219e-20
S1_2514403 1 2518403 2.9422159912804e-05
S1_2514415 1 2518415 2.9422159912804e-05
S1_2520196 1 2524196 4.24761151714206e-05
S1_2520197 1 2524197 4.24761151714206e-05
S1_2520300 1 2524300 4.95566277470453e-05
S1_2520310 1 2524310 0.0002422583626163
S1_2520333 1 2524333 0.000135981072333981
S1_2520406 1 2524406 0.000870749806219571
S1_2524764 1 2528764 0.000607893120704693
S1_2539878 1 2543878 0.000867500025821495
S1_2578488 1 2582488 0.000553967208400661
S1_2584107 1 2588107 0.000476266846030982
S1_2595171 1 2599171 0.00069267993764833
S1_2598200 1 2602200 2.58014577196453e-05
S1_2607292 1 2611292 0.000606571598145953
S1_2611782 1 2615782 0.000494062156380046
S1_2623549 1 2627549 0.000527397275119491
S1_2630152 1 2634152 0.000161064648036889
S1_2658089 1 2662089 0.000482704787955557
S1_2673108 1 2677108 0.00021510431282425
S1_2679609 1 2683609 0.000318992295629219
S1_2697785 1 2701785 0.000660750207212988
S1_2709835 1 2713835 0.000375989842968929
S1_2711219 1 2715219 8.68893323550869e-16
S1_2713526 1 2717526 0.000406806356384018
S1_2724945 1 2728945 9.65604112694905e-05
S1_2734343 1 2738343 0.000515247355538744
S1_2734697 1 2738697 0.000737977550741788
S1_2742018 1 2746018 0.000670170342207114
S1_2742019 1 2746019 0.000670170342207114
S1_2742020 1 2746020 0.000670170342207114
S1_2773011 1 2777011 0.000453936545407453
S1_2828628 1 2832628 0.000346576534869682
S1_2834100 1 2838100 0.000677968452503097
S1_2835078 1 2839078 0.000315384284332459
S1_2835231 1 2839231 1.67170910107916e-05
S1_2836022 1 2840022 0.000835141414037452
S1_2839164 1 2843164 0.000306860748015833
S1_2839167 1 2843167 0.000306860748015833
S1_2839184 1 2843184 6.4867238694314e-06
S1_2846028 1 2850028 8.08262954982949e-08
S1_2934803 1 2938803 0.000346788884317798
S1_2941391 1 2945391 7.02957924691859e-05
S1_2941392 1 2945392 1.97354103985688e-14
S1_2941591 1 2945591 7.55751935276701e-06
S1_2966215 1 2970215 0.000163188912637538
S1_2983798 1 2987798 3.26187809192266e-05
S1_3010148 1 3014148 4.18303660116047e-05
S1_3010161 1 3014161 4.18303660116047e-05
S1_3019614 1 3023614 0.00017749791950477
S1_3070789 1 3074789 0.000797024257215424
S1_3076490 1 3080490 1.98788744290916e-05
S1_3076646 1 3080646 3.56135788848077e-05
S1_3161628 1 3165628 0.000387254183349197
S1_3172671 1 3176671 6.77861688138935e-05
S1_3173089 1 3177089 1.20834638315483e-14
S1_3222328 1 3226328 8.09285585303029e-05
S1_3222438 1 3226438 0.000115889193513989
S1_3222439 1 3226439 3.51102002344163e-05
S1_3226680 1 3230680 1.21067175774805e-05
S1_3226770 1 3230770 0.000495279375196715
S1_3229818 1 3233818 0.000960951816681262
S1_3251284 1 3255284 0.000187616114078066
S1_3251285 1 3255285 0.000187616114078066
S1_3257908 1 3261908 6.93503938542683e-05
S1_3257974 1 3261974 2.67344488661866e-05
S1_3276963 1 3280963 0.000329239188716607
S1_3294196 1 3298196 0.000292807974551112
S1_3306290 1 3310290 5.73810300377812e-05
S1_3328511 1 3332511 3.15869167675621e-05
S1_3344457 1 3348457 3.64924733526999e-08
S1_3361151 1 3365151 0.000330090367479123
S1_3361154 1 3365154 0.000342142001969444
S1_3361166 1 3365166 0.00032804291810525
S1_3447054 1 3451054 0.000152450397044252
S1_3523425 1 3527425 1.09195885027736e-05
S1_3532259 1 3536259 1.12294447066654e-07
S1_3532524 1 3536524 5.03460613681445e-05
S1_3551051 1 3555051 8.07050003202278e-11
S1_3557236 1 3561236 1.49529556635998e-06
S1_3563723 1 3567723 0.000184814614941368
S1_3565525 1 3569525 2.53151167129105e-06
S1_3580087 1 3584087 2.45319344242816e-06
S1_3590786 1 3594786 2.49695538329624e-06
S1_3649870 1 3653870 3.92643304480714e-08
S1_3649873 1 3653873 1.70906252899641e-05
S1_3649876 1 3653876 1.70906252899641e-05
S1_3649877 1 3653877 1.70906252899641e-05
S1_3661384 1 3665384 9.11537833250172e-05
S1_3682201 1 3686201 0.000659515058747345
S1_3689852 1 3693852 0.000244590834996952
S1_3689861 1 3693861 0.000244590834996952
S1_3690973 1 3694973 0.000576996253588173
S1_3693700 1 3697700 0.000205141093963289
S1_3695461 1 3699461 0.000794960519094453
S1_3697640 1 3701640 0.000962541300946172
S1_3860851 1 3864851 2.17840660563535e-08
S1_3860914 1 3864914 4.00300482433223e-07
S1_3995799 1 3999799 2.54767118391555e-06
S1_4011243 1 4015243 0.000251655441990272
S1_4011244 1 4015244 0.000247135953915009
S1_4049461 1 4053461 2.00778162838309e-07
S1_4067423 1 4071423 0.000216198070700895
S1_4067424 1 4071424 0.00021619807070089
S1_4074210 1 4078210 0.000276132306163274
S1_4083526 1 4087526 8.98905205626631e-06
S1_4084725 1 4088725 2.63765570152432e-08
S1_4086144 1 4090144 7.35197802622726e-08
S1_4086754 1 4090754 0.000338010752197709
S1_4088433 1 4092433 0.000294464395591462
S1_4111450 1 4115450 4.29071571043929e-06
S1_4111918 1 4115918 4.36054148411409e-05
S1_4113417 1 4117417 3.27696527151425e-05
S1_4121137 1 4125137 5.29426161410818e-05
S1_4121528 1 4125528 0.000362561775620592
S1_4121529 1 4125529 0.000362561775620592
S1_4122218 1 4126218 0.000701143699081639
S1_4131987 1 4135987 0.000245841172437454
S1_4144187 1 4148187 0.000906126103231581
S1_4144347 1 4148347 0.000209300557677502
S1_4144353 1 4148353 0.000209300557677502
S1_4146075 1 4150075 0.000396133478838758
S1_4146361 1 4150361 0.000966677322236037
S1_4146400 1 4150400 0.00097884758204867
S1_4146896 1 4150896 7.58051559542597e-05
S1_4146902 1 4150902 7.58051559542597e-05
S1_4146974 1 4150974 0.000219700795680973
S1_4146990 1 4150990 0.000219700795680988
S1_4197664 1 4201664 0.000628887925178373
S1_4201259 1 4205259 1.99297738766997e-08
S1_4286568 1 4290568 0.000440169121935243
S1_4342630 1 4346630 0.000303383553362654
S1_4342781 1 4346781 6.12692675238694e-05
S1_4384230 1 4388230 0.000663837860425047
S1_4384254 1 4388254 0.000663837860425087
S1_4385155 1 4389155 0.000253062043846698
S1_4385179 1 4389179 0.000253062043846698
S1_4385770 1 4389770 0.000227621097252946
S1_4399266 1 4403266 0.000198941358254585
S1_4401572 1 4405572 0.000439041722795612
S1_4413542 1 4417542 0.000347735040545978
S1_4435578 1 4439578 5.74567449411863e-05
S1_4437072 1 4441072 0.000431001474299661
S1_4442254 1 4446254 0.00055788883053249
S1_4443041 1 4447041 6.34532147104415e-05
S1_4443285 1 4447285 0.00039155828332699
S1_4443296 1 4447296 0.000287544053325891
S1_4443298 1 4447298 0.000972917390559951
S1_4444308 1 4448308 1.37097852659556e-07
S1_4445656 1 4449656 0.000969192407260153
S1_4450477 1 4454477 1.05474067541494e-06
S1_4451457 1 4455457 0.000770392559455059
S1_4451467 1 4455467 0.000770392559455094
S1_4453796 1 4457796 0.000237102643795696
S1_4457144 1 4461144 0.000388940083028897
S1_4515896 1 4519896 0.000773384228945986
S1_4523696 1 4527696 0.000552560912518285
S1_4523855 1 4527855 0.000620585409829932
S1_4528887 1 4532887 0.000195326297403626
S1_4529169 1 4533169 0.000283294504334836
S1_4533675 1 4537675 0.00023662291667772
S1_4533695 1 4537695 0.000785227551367313
S1_4534083 1 4538083 0.000319089253861586
S1_4535452 1 4539452 0.00082014837968775
S1_4535469 1 4539469 0.00082014837968775
S1_4535470 1 4539470 0.000820148379687702
S1_4536946 1 4540946 0.000281454672812316
S1_4539677 1 4543677 0.000190781175371649
S1_4540324 1 4544324 0.000410593688099075
S1_4540926 1 4544926 2.7307487975671e-08
S1_4540980 1 4544980 1.34210942295548e-08
S1_4540982 1 4544982 1.34210942295551e-08
S1_4541282 1 4545282 1.2519198677487e-09
S1_4542359 1 4546359 0.000432995329585958
S1_4544756 1 4548756 3.14054417714996e-05
S1_4582142 1 4586142 0.000188184733713532
S1_4640561 1 4644561 0.000156857234275976
S1_4770117 1 4774117 0.000547974795882308
S1_4771738 1 4775738 0.00047029647082235
S1_4778780 1 4782780 0.000248685468712383
S1_4778957 1 4782957 3.6545242795068e-15
S1_4960751 1 4964751 0.000566866882880817
S1_4960783 1 4964783 0.000566866882880817
S1_4960793 1 4964793 0.000566866882880817
S1_4995289 1 4999289 0.000212754149960233
S1_5012508 1 5016508 0.000256568554987217
S1_5106998 1 5110998 2.00898467495412e-14
S1_5119358 1 5123358 0.000690297287524737
S1_5354874 1 5358874 7.21361339730401e-07
S1_5406418 1 5410418 2.99170894517145e-05
S1_5516334 1 5520334 1.39710848454274e-05
S1_5516335 1 5520335 1.39710848454263e-05
S1_5701798 1 5705798 5.47000201950523e-06
S1_5701819 1 5705819 5.47000201950523e-06
S1_5746731 1 5750731 8.08777679349077e-05
S1_5749071 1 5753071 0.000136707176678014
S1_5752397 1 5756397 2.41951999015544e-14
S1_5772217 1 5776217 0.000967018231887412
S1_5870050 1 5874050 7.53907061397618e-07
S1_5880283 1 5884283 2.21437000114887e-05
S1_5880312 1 5884312 0.000338077860341325
S1_5886587 1 5890587 9.50274454027475e-07
S1_5887778 1 5891778 0.000204585661901127
S1_5888583 1 5892583 0.000718023038687626
S1_5907415 1 5911415 0.000926996518866259
S1_5907439 1 5911439 0.000647624144058456
S1_5908811 1 5912811 0.000534646679511121
S1_5908812 1 5912812 0.000534646679511121
S1_5908818 1 5912818 0.000534646679511121
S1_5928856 1 5932856 0.00041172071567761
S1_5931932 1 5935932 0.000499978457532571
S1_5996373 1 6000373 0.000126054712046186
S1_6100934 1 6104934 3.17126777686651e-09
S1_6113033 1 6117033 5.8120990699016e-09
S1_6113038 1 6117038 1.2747407626798e-15
S1_6228421 1 6232421 0.000481395594122945
S1_6257114 1 6261114 0.000560443958178405
S1_6297450 1 6301450 0.000740987946760337
S1_6297452 1 6301452 0.000740987946760337
S1_6312969 1 6316969 4.51895182110323e-05
S1_6314875 1 6318875 0.000308962674111782
S1_6315301 1 6319301 0.000383326987234965
S1_6316047 1 6320047 0.000143936241662251
S1_6316060 1 6320060 0.000143936241662251
S1_6316106 1 6320106 0.000229102496028204
S1_6324786 1 6328786 0.000403293504873992
S1_6330051 1 6334051 0.000819009247656344
S1_6334046 1 6338046 0.000435781790582869
S1_6334047 1 6338047 0.000435781790582869
S1_6485963 1 6489963 0.000995517258170828
S1_6485968 1 6489968 0.000816314422586866
S1_6485969 1 6489969 0.000651763861606149
S1_6485972 1 6489972 0.000651763861606149
S1_6744588 1 6748588 1.85673808070825e-05
S1_6767578 1 6771578 3.38073981394255e-05
S1_6882420 1 6886420 5.43741181915062e-05
S1_6885986 1 6889986 0.000599410294683814
S1_6957603 1 6961603 0.000814620301990185
S1_6965869 1 6969869 0.000309759494061176
S1_6972831 1 6976831 3.31212835948364e-06
S1_6988466 1 6992466 1.22856357868032e-06
S1_7044546 1 7048546 4.16219195365968e-07
S1_7111987 1 7115987 2.62130060662972e-15
S1_7215263 1 7219263 0.000603796126004562
S1_7467303 1 7471303 0.000610064380474884
S1_7467339 1 7471339 0.000610064380474907
S1_7479420 1 7483420 0.000900012968193417
S1_7484027 1 7488027 3.8254789702444e-05
S1_7484076 1 7488076 3.8254789702444e-05
S1_7493269 1 7497269 1.05925556677373e-08
S1_7494581 1 7498581 0.000715578812053617
S1_7502578 1 7506578 0.000418915466576634
S1_7522979 1 7526979 0.000645121555588698
S1_7552111 1 7556111 0.000775906884676731
S1_7580470 1 7584470 0.000492875025346052
S1_7588855 1 7592855 0.000617451838919293
S1_7588989 1 7592989 0.000466730276448828
S1_7592896 1 7596896 0.00062297721743082
S1_7599680 1 7603680 0.000134922807819904
S1_7602607 1 7606607 0.000112163072477679
S1_7613340 1 7617340 9.96303489269847e-05
S1_7615882 1 7619882 2.85944318924902e-05
S1_7616459 1 7620459 5.75982569664159e-05
S1_7616585 1 7620585 4.54262118642083e-05
S1_7616615 1 7620615 8.17102502733657e-07
S1_7626846 1 7630846 9.96095283669124e-06
S1_7626866 1 7630866 9.51233132294447e-06
S1_7627699 1 7631699 9.2943472632816e-07
S1_7634512 1 7638512 0.000152476941993659
S1_7648303 1 7652303 0.0004456074474795
S1_7648319 1 7652319 0.0004456074474795
S1_7648320 1 7652320 0.000445607447479485
S1_7659529 1 7663529 0.000172854098051921
S1_7662541 1 7666541 0.000747182126492282
S1_7662543 1 7666543 0.000747182126492282
S1_7680732 1 7684732 0.000371660013314987
S1_7686940 1 7690940 0.000634079513777586
S1_7686960 1 7690960 0.000854050946891807
S1_7686996 1 7690996 0.000634079513777586
S1_7692093 1 7696093 0.00067473551829756
S1_7692111 1 7696111 0.000452944808402583
S1_7702486 1 7706486 0.000121417959725941
S1_7702621 1 7706621 0.000435091181536548
S1_7726124 1 7730124 0.000312992452631924
S1_7789295 1 7793295 0.000129609403640921
S1_7824522 1 7828522 0.000341302576709937
S1_7865182 1 7869182 1.58092337551745e-11
S1_7879719 1 7883719 0.000410772215485882
S1_7890797 1 7894797 0.000388036237418852
S1_7890801 1 7894801 0.00041515092589882
S1_7902966 1 7906966 0.000179801221176292
S1_7903488 1 7907488 0.000138555746551383
S1_7923314 1 7927314 4.67481903937572e-05
S1_7925290 1 7929290 3.43329443630149e-05
S1_7926218 1 7930218 3.11917114344145e-05
S1_7943711 1 7947711 9.23609837113335e-06
S1_7966148 1 7970148 0.000585786019925018
S1_7976957 1 7980957 0.000926956999445981
S1_7995188 1 7999188 0.000156539538232684
S1_7995279 1 7999279 1.10190288534699e-05
S1_7996065 1 8000065 0.000278099527443803
S1_8002377 1 8006377 1.23070256776086e-05
S1_8030337 1 8034337 0.000391722480169362
S1_8040787 1 8044787 0.000734934122125719
S1_8046697 1 8050697 0.000826741701626561
S1_8060019 1 8064019 1.87395709671785e-05
S1_8133268 1 8137268 0.000655905253355353
S1_8156524 1 8160524 0.000166654949626562
S1_8156525 1 8160525 0.000166654949626562
S1_8161477 1 8165477 2.57610205169286e-05
S1_8170392 1 8174392 0.000193933297280333
S1_8187079 1 8191079 7.5001337252627e-05
S1_8224329 1 8228329 3.34568516678275e-05
S1_8224330 1 8228330 2.10681740572815e-08
S1_8224331 1 8228331 1.70772115554954e-11
S1_8241414 1 8245414 0.000123662490338504
S1_8295858 1 8299858 8.08230693191332e-07
S1_8303837 1 8307837 0.000601376805662602
S1_8356420 1 8360420 0.000167090535885635
S1_8358825 1 8362825 0.000147423280597514
S1_8369544 1 8373544 0.000836426001339065
S1_8390627 1 8394627 0.000846487080020356
S1_8390630 1 8394630 0.000664361004035358
S1_8411954 1 8415954 5.42257958325702e-06
S1_8415636 1 8419636 0.000129659501066686
S1_8445933 1 8449933 0.000978767504203983
S1_8446482 1 8450482 9.60219599686989e-05
S1_8447290 1 8451290 2.91744240520427e-05
S1_8521541 1 8525541 0.000777073207681085
S1_8544737 1 8548737 9.69235975260918e-06
S1_8544745 1 8548745 5.35115576371443e-05
S1_8544752 1 8548752 5.35115576371443e-05
S1_8609166 1 8613166 0.000944201713532076
S1_8612970 1 8616970 0.000864834393489797
S1_8675542 1 8679542 0.000211391615956759
S1_8685866 1 8689866 9.23095322403593e-06
S1_8778507 1 8782507 0.000869827561636383
S1_8817031 1 8821031 1.12045292861249e-26
S1_8817691 1 8821691 0.000733886106782735
S1_8820519 1 8824519 0.00093336665396422
S1_8859078 1 8863078 3.05088285227481e-05
S1_8881630 1 8885630 4.0501790717492e-21
S1_8915606 1 8919606 0.000425598703488409
S1_9019674 1 9023674 9.34063704578099e-07
S1_9023286 1 9027286 0.000104524764448305
S1_9039787 1 9043787 0.000135171906665719
S1_9066788 1 9070788 8.37238161496882e-06
S1_9116535 1 9120535 1.79745946828905e-06
S1_9144879 1 9148879 0.000965115375407858
S1_9154477 1 9158477 1.41336280931902e-05
S1_9154758 1 9158758 7.24172990863644e-06
S1_9192297 1 9196297 0.000510505402586366
S1_9297067 1 9301067 0.000220699495717093
S1_9297842 1 9301842 0.000122635110295346
S1_9381834 1 9385834 9.76100625083542e-08
S1_9382463 1 9386463 6.67825517861083e-15
S1_9405139 1 9409139 6.57473782917094e-06
S1_9410105 1 9414105 0.00065817353108721
S1_9418707 1 9422707 1.6276219697305e-05
S1_9418708 1 9422708 4.67661063786051e-05
S1_9487179 1 9491179 0.000224367985224902
S1_9520284 1 9524284 1.60074008485068e-05
S1_9698336 1 9702336 0.000109513371148633
S1_9716438 1 9720438 4.42742416817958e-05
S1_9735632 1 9739632 4.2499288390193e-05
S1_9937252 1 9941252 0.000177890755835855
S1_9938961 1 9942961 0.000503860689601885
S1_9939070 1 9943070 0.000409080232093099
S1_9963649 1 9967649 0.000484480960751387
S1_9976654 1 9980654 1.09176272412341e-21
S1_10025179 1 10029179 8.58085045784054e-05
S1_10117309 1 10121309 9.22964662234023e-06
S1_10131517 1 10135517 1.05282633179914e-07
S1_10142987 1 10146987 5.4210882713116e-07
S1_10160022 1 10164022 6.43511064150588e-06
S1_10160071 1 10164071 9.07804042145105e-05
S1_10292932 1 10296932 1.11584413335741e-06
S1_10296513 1 10300513 8.41894570526569e-06
S1_10302749 1 10306749 0.000292297015780557
S1_10304000 1 10308000 1.86257313949763e-08
S1_10307165 1 10311165 0.000719411474721071
S1_10307265 1 10311265 0.000405342837977879
S1_10350054 1 10354054 2.6582148484759e-08
S1_10350242 1 10354242 0.000299862298652013
S1_10368854 1 10372854 3.30840853173794e-05
S1_10368888 1 10372888 3.30840853173801e-05
S1_10410639 1 10414639 0.000123392833953967
S1_10488701 1 10492701 2.00090854116584e-06
S1_10497887 1 10501887 0.000570437488320073
S1_10530987 1 10534987 0.000601452427575443
S1_10583723 1 10587723 5.84512461477065e-05
S1_10632355 1 10636355 0.000117960562685892
S1_10632380 1 10636380 0.000117960562685892
S1_10633661 1 10637661 0.000433952093324982
S1_10633663 1 10637663 0.000433952093324982
S1_10667715 1 10671715 6.20192376631643e-19
S1_10684325 1 10688325 2.69166099783635e-05
S1_10705323 1 10709323 1.75400156459016e-06
S1_10802791 1 10806791 2.04151162450633e-15
S1_10825422 1 10829422 0.000805094260590372
S1_10930027 1 10934027 0.000293891884791851
S1_11017077 1 11021077 1.67228592865676e-06
S1_11085406 1 11089406 0.000767979357091049
S1_11153047 1 11157047 1.3793165753479e-05
S1_11190316 1 11194316 3.19779186012153e-05
S1_11261701 1 11265701 0.000713919849125578
S1_11333586 1 11337586 2.83320152065624e-06
S1_11333641 1 11337641 2.83320152065624e-06
S1_11339010 1 11343010 2.3757998337246e-05
S1_11400352 1 11404352 1.03828544691319e-06
S1_11423020 1 11427020 0.000678239891267299
S1_11450801 1 11454801 0.000221221866749248
S1_11483786 1 11487786 6.32783448219634e-08
S1_11486487 1 11490487 7.06269927141925e-05
S1_11486488 1 11490488 7.06269927141901e-05
S1_11632830 1 11636830 7.33060616274121e-05
S1_11636487 1 11640487 1.04795235634678e-07
S1_11636702 1 11640702 0.000144528141853893
S1_11659228 1 11663228 0.000684074981763495
S1_11663080 1 11667080 0.000578137511690335
S1_11663084 1 11667084 0.000578137511690526
S1_11694031 1 11698031 0.000735267965365211
S1_11699772 1 11703772 4.68790590237981e-07
S1_11699773 1 11703773 1.83900562145363e-05
S1_11708571 1 11712571 8.80687833544681e-05
S1_11710289 1 11714289 1.42998943128701e-06
S1_11722273 1 11726273 0.000729567208465126
S1_11741963 1 11745963 1.25888308329608e-06
S1_11755455 1 11759455 2.66112430297490e-11
S1_11778539 1 11782539 1.83398572572423e-08
S1_11779055 1 11783055 7.7759373696282e-06
S1_11841892 1 11845892 0.000569807122524733
S1_11844109 1 11848109 0.000949204733397145
S1_11850733 1 11854733 0.000757897040171019
S1_11859727 1 11863727 6.13839808728727e-05
S1_12068536 1 12072536 6.21717627074419e-05
S1_12068544 1 12072544 6.21717627074419e-05
S1_12068565 1 12072565 6.21717627074419e-05
S1_12102497 1 12106497 6.26993370142451e-05
S1_12122626 1 12126626 8.54769165483985e-06
S1_12131313 1 12135313 0.000180936833162092
S1_12161656 1 12165656 0.00068044357832201
S1_12222595 1 12226595 0.000292893621011146
S1_12392487 1 12396487 4.38220360910682e-05
S1_12392490 1 12396490 0.000394772193472059
S1_12434373 1 12438373 0.000460083854479791
S1_12453502 1 12457502 6.26347497177294e-07
S1_12574454 1 12578454 4.32060995486848e-21
S1_12577651 1 12581651 3.20745207706657e-05
S1_12650920 1 12654920 6.22988470591469e-05
S1_12759586 1 12763586 0.000998624754516374
S1_12759622 1 12763622 0.000998624754516374
S1_12844385 1 12848385 0.000379311185517634
S1_12950272 1 12954272 0.00073512985786885
S1_13028173 1 13032173 0.000631446382872932
S1_13029565 1 13033565 0.000529378140198892
S1_13076602 1 13080602 0.00073367112331778
S1_13080847 1 13084847 3.54386468523938e-06
S1_13090088 1 13094088 4.19835050218776e-06
S1_13092392 1 13096392 0.000961654761218629
S1_13092414 1 13096414 0.000121753157554973
S1_13125320 1 13129320 0.00060628448937451
S1_13125323 1 13129323 0.000606284489374544
S1_13125324 1 13129324 0.00060628448937451
S1_13232521 1 13236521 5.13713097993905e-06
S1_13239648 1 13243648 4.93307483263025e-05
S1_13370732 1 13374732 6.32621480552271e-06
S1_13397262 1 13401262 0.000443266504431339
S1_13397365 1 13401365 0.000181071761963918
S1_13444050 1 13448050 0.000669266165747391
S1_13444110 1 13448110 0.00011138187593991
S1_13444139 1 13448139 0.000111381875939902
S1_13492352 1 13496352 3.24385722420937e-05
S1_13520232 1 13524232 0.000543803481291154
S1_13800029 1 13804029 2.38800343789014e-05
S1_13829802 1 13833802 9.01982709363761e-05
S1_13921313 1 13925313 0.000694222915428486
S1_13943816 1 13947816 2.12363360007387e-15
S1_13979525 1 13983525 8.750655460293e-06
S1_13979526 1 13983526 8.750655460293e-06
S1_13981720 1 13985720 1.70272844142044e-12
S1_14039125 1 14043125 0.000135217655706472
S1_14164040 1 14168040 0.000609244844137233
S1_14225770 1 14229770 0.00045078137554139
S1_14269357 1 14273357 9.12029005125265e-07
S1_14271191 1 14275191 2.55275043341995e-09
S1_14292215 1 14296215 8.76731135329986e-06
S1_14295924 1 14299924 0.0002749548288271
S1_14295929 1 14299929 0.000384925188396724
S1_14334365 1 14338365 0.000102711245626195
S1_14349353 1 14353353 0.000131279392757792
S1_14413984 1 14417984 0.000425286148095787
S1_14449400 1 14453400 3.80446156497686e-06
S1_14458512 1 14462512 2.07495528371398e-08
S1_14458535 1 14462535 2.07495528371492e-08
S1_14554166 1 14558166 2.20355543007419e-06
S1_14700692 1 14704692 6.42858442314977e-05
S1_14744891 1 14748891 7.21066177438045e-05
S1_14802450 1 14806450 4.5831575915637e-05
S1_14844494 1 14848494 0.000219405994647481
S1_14844496 1 14848496 0.000219405994647481
S1_15031082 1 15035082 5.29787123731694e-05
S1_15049130 1 15053130 1.12796413665896e-06
S1_15049132 1 15053132 1.12796413665896e-06
S1_15188193 1 15192193 2.80523225874363e-14
S1_15294015 1 15298015 0.000450411720551126
S1_15308353 1 15312353 0.000904897399873518
S1_15394263 1 15398263 6.79006895022698e-13
S1_15425738 1 15429738 5.05428276403024e-05
S1_15429877 1 15433877 0.000789980806710369
S1_15447069 1 15451069 0.000106412162885881
S1_15447075 1 15451075 0.000106412162885883
S1_15451012 1 15455012 0.000247628810823562
S1_15451014 1 15455014 0.000247628810823562
S1_15451015 1 15455015 0.000247628810823553
S1_15501739 1 15505739 0.000843209704847582
S1_15608862 1 15612862 0.000462958903018821
S1_15643381 1 15647381 0.000121175249513261
S1_15723218 1 15727218 0.000427688881700264
S1_15741089 1 15745089 6.31956720214631e-05
S1_15838778 1 15842778 0.000580216567431231
S1_15879362 1 15883362 0.000423440344346543
S1_16454846 1 16458846 0.000706139143022954
S1_16458481 1 16462481 0.000565089570274834
S1_16525738 1 16529738 3.87116763484806e-13
S1_16708133 1 16712133 0.000734036623515581
S1_16714718 1 16718718 1.0908891951735e-06
S1_16714735 1 16718735 1.0908891951735e-06
S1_16715003 1 16719003 9.66188506772523e-06
S1_16721116 1 16725116 0.000285106189058312
S1_16721315 1 16725315 0.000108640259086813
S1_16721383 1 16725383 0.000275104496869144
S1_16721404 1 16725404 0.000275104496869144
S1_16721456 1 16725456 0.000901355716808841
S1_16721466 1 16725466 3.32672355673737e-05
S1_16721572 1 16725572 6.10855811693664e-06
S1_16721635 1 16725635 1.40174592263136e-05
S1_16721683 1 16725683 0.000535188303410128
S1_16731780 1 16735780 0.00026388418308119
S1_16731782 1 16735782 0.00026388418308119
S1_16734161 1 16738161 0.000950753685994212
S1_16742467 1 16746467 2.83840112744858e-05
S1_16742715 1 16746715 0.000625829964734126
S1_16742915 1 16746915 2.77685429946201e-05
S1_16742916 1 16746916 2.77685429946201e-05
S1_16742923 1 16746923 2.77685429946256e-05
S1_16769422 1 16773422 0.000250921267269403
S1_16769533 1 16773533 0.000930602646403387
S1_16771399 1 16775399 1.97628208629775e-05
S1_16771477 1 16775477 7.08425725675019e-05
S1_16778398 1 16782398 0.000456626801236664
S1_16785877 1 16789877 3.73223386285865e-06
S1_16786263 1 16790263 0.000134875880612398
S1_16954563 1 16958563 2.46998628332634e-06
S1_17007657 1 17011657 7.02185910587359e-05
S1_17050785 1 17054785 6.01347261977257e-06
S1_17050850 1 17054850 5.85375396888784e-05
S1_17116312 1 17120312 5.28767063358554e-06
S1_17148735 1 17152735 0.000132901254829023
S1_17162110 1 17166110 0.000452493583552485
S1_17162394 1 17166394 8.34918220274601e-16
S1_17255460 1 17259460 6.24635497036323e-05
S1_17297485 1 17301485 2.49312372610868e-05
S1_17318731 1 17322731 0.000131375844308546
S1_17318760 1 17322760 0.00013137584430854
S1_17318761 1 17322761 0.00013137584430854
S1_17318776 1 17322776 0.00013137584430854
S1_17320362 1 17324362 0.000409735367470196
S1_17320365 1 17324365 0.000408276126612108
S1_17320375 1 17324375 0.000408276126612108
S1_17320403 1 17324403 0.000570807552891057
S1_17320407 1 17324407 0.000570807552891057
S1_17501946 1 17505946 0.000152817912418452
S1_17582898 1 17586898 3.56946917776781e-05
S1_17582902 1 17586902 3.56946917776761e-05
S1_17582930 1 17586930 3.56946917776781e-05
S1_17668004 1 17672004 0.000987213348573173
S1_17746162 1 17750162 0.000113419066970035
S1_17757322 1 17761322 0.000922902590819441
S1_17889354 1 17893354 0.000287489955831842
S1_17889453 1 17893453 1.93703820875446e-07
S1_17903220 1 17907220 1.84335526121706e-06
S1_17903319 1 17907319 8.19170095277396e-12
S1_17903349 1 17907349 8.19170095277343e-12
S1_17915589 1 17919589 1.98458783819262e-05
S1_17923617 1 17927617 0.000101665759599957
S1_17928595 1 17932595 1.16168605683562e-05
S1_17928599 1 17932599 1.16168605683562e-05
S1_17928780 1 17932780 2.42279646336904e-07
S1_17988269 1 17992269 0.00010632428491081
S1_18019839 1 18023839 0.000693663383563526
S1_18024884 1 18028884 7.06437481393274e-05
S1_18025455 1 18029455 0.000784355019607886
S1_18124674 1 18128674 0.000208651074712601
S1_18141055 1 18145055 0.000729882120656162
S1_18141057 1 18145057 0.000746500106845091
S1_18141061 1 18145061 0.000171526020112063
S1_18159578 1 18163578 8.36000018164397e-17
S1_18205312 1 18209312 6.7491176270691e-15
S1_18205349 1 18209349 2.86376291164522e-15
S1_18207845 1 18211845 1.99334549653618e-08
S1_18241719 1 18245719 1.37729200280346e-19
S1_18248315 1 18252315 2.08239206235894e-05
S1_18253828 1 18257828 0.000802874085909417
S1_18278498 1 18282498 1.63755622154369e-05
S1_18326710 1 18330710 8.74219252059232e-08
S1_18366229 1 18370229 0.000397738777174446
S1_18434743 1 18438743 0.000245862681692545
S1_18434764 1 18438764 0.000245862681692552
S1_18480469 1 18484469 0.000937061153926823
S1_18502196 1 18506196 9.52474081921119e-06
S1_18502286 1 18506286 7.57482198321257e-07
S1_18507307 1 18511307 6.79540935848747e-07
S1_18528561 1 18532561 2.1371229005624e-15
S1_18530195 1 18534195 0.000228819444497915
S1_18586535 1 18590535 6.20273416761805e-09
S1_18646580 1 18650580 2.02702260260297e-07
S1_18646598 1 18650598 2.15743130144583e-07
S1_18646653 1 18650653 4.78549084253327e-09
S1_18676334 1 18680334 3.09781363687235e-09
S1_18678128 1 18682128 4.71238207402618e-08
S1_18687497 1 18691497 1.00586964614566e-08
S1_18768720 1 18772720 1.17715207955188e-08
S1_18781583 1 18785583 2.7996828835702e-09
S1_18803683 1 18807683 2.2204350303163e-07
S1_18808717 1 18812717 7.43774085824374e-11
S1_18847628 1 18851628 1.42868821278867e-10
S1_18855617 1 18859617 1.27329345849215e-06
S1_18879510 1 18883510 0.000879070775174676
S1_18894492 1 18898492 0.000145830939416175
S1_18894763 1 18898763 0.000971909926057698
S1_18894838 1 18898838 2.00195668488673e-10
S1_19108850 1 19112850 3.31161359581806e-10
S1_19137321 1 19141321 0.000995404423470427
S1_19144382 1 19148382 2.0992345678714e-06
S1_19144390 1 19148390 2.32928679649401e-06
S1_19148762 1 19152762 6.49253646610387e-18
S1_19220368 1 19224368 3.2259435982199e-05
S1_19236185 1 19240185 0.000579202412830613
S1_19236214 1 19240214 0.000714482258338072
S1_19246854 1 19250854 0.000841842841635229
S1_19280123 1 19284123 0.000352707517074665
S1_19298153 1 19302153 7.40133759483615e-08
S1_19321395 1 19325395 2.69239421077866e-08
S1_19321417 1 19325417 0.000841096397969511
S1_19321475 1 19325475 0.000824456281516015
S1_19341155 1 19345155 0.000198592804553656
S1_19377675 1 19381675 0.000265456618881497
S1_19420923 1 19424923 0.000316873342882126
S1_19453259 1 19457259 0.000908131655082936
S1_19538235 1 19542235 0.000812166265313983
S1_19564289 1 19568289 0.000227522350759819
S1_19564290 1 19568290 0.000227522350759819
S1_19629599 1 19633599 0.00055195703135081
S1_19629624 1 19633624 0.00055195703135081
S1_19629638 1 19633638 0.00055195703135081
S1_19703293 1 19707293 0.000418853335066278
S1_19742888 1 19746888 1.9478745407626e-15
S1_19774841 1 19778841 0.000680890588669165
S1_19955955 1 19959955 5.33481897747233e-19
S1_19984405 1 19988405 0.00011318612606972
S1_20022696 1 20026696 8.60034501459247e-06
S1_20067255 1 20071255 3.1145385538849e-05
S1_20068363 1 20072363 0.000176436789248837
S1_20085141 1 20089141 5.07579827932453e-15
S1_20117988 1 20121988 2.17568997885725e-08
S1_20134999 1 20138999 0.000442862367490286
S1_20148098 1 20152098 0.000853149366479764
S1_20148195 1 20152195 5.01310847338319e-06
S1_20401276 1 20405276 2.13328231273603e-05
S1_20403444 1 20407444 7.93139208536628e-06
S1_20407583 1 20411583 2.82214989299558e-14
S1_20423798 1 20427798 0.000857741925155865
S1_20423799 1 20427799 0.000857741925155837
S1_20434826 1 20438826 0.000279257785976686
S1_20434829 1 20438829 0.000573779919785656
S1_20434836 1 20438836 0.000581357812463048
S1_20434839 1 20438839 0.000573779919785656
S1_20503315 1 20507315 0.000314636240204436
S1_20525717 1 20529717 3.75377519102647e-07
S1_20532023 1 20536023 1.52148265700223e-05
S1_21176607 1 21180607 0.000308051739562228
S1_21201513 1 21205513 0.000100206987285637
S1_21262103 1 21266103 0.000131249612154403
S1_21370952 1 21374952 4.12407370558529e-06
S1_21378057 1 21382057 2.07189262992024e-05
S1_21378072 1 21382072 2.07189262992024e-05
S1_21405271 1 21409271 1.59179921754874e-06
S1_21440030 1 21444030 0.000484611348518448
S1_21499541 1 21503541 5.15390042989357e-05
S1_21499953 1 21503953 0.000252078214691618
S1_21500125 1 21504125 4.11892293675111e-05
S1_21500126 1 21504126 4.11892293675111e-05
S1_21520169 1 21524169 2.25290740567049e-05
S1_21523064 1 21527064 1.75456113326414e-07
S1_21585556 1 21589556 1.53000192904064e-05
S1_21625208 1 21629208 0.000134638159861916
S1_21627612 1 21631612 2.10441677144045e-05
S1_21627615 1 21631615 2.10441677144045e-05
S1_21627617 1 21631617 2.10441677144045e-05
S1_21627618 1 21631618 2.10441677144045e-05
S1_21676914 1 21680914 0.000707723521472359
S1_21710493 1 21714493 0.000706207640545923
S1_21745116 1 21749116 0.000746684308216558
S1_21762062 1 21766062 0.000348199956875018
S1_21843158 1 21847158 0.000829421610364123
S1_21843258 1 21847258 1.50271071864797e-08
S1_21843308 1 21847308 2.41899976529738e-05
S1_21895993 1 21899993 0.000426567141749802
S1_22010134 1 22014134 0.000747381683108832
S1_22132775 1 22136775 8.30158519758398e-06
S1_22284089 1 22288089 2.70287709721228e-07
S1_22320222 1 22324222 3.07710660345257e-05
S1_22333891 1 22337891 2.34459492621151e-05
S1_22333893 1 22337893 3.09207668772867e-05
S1_22343892 1 22347892 2.85504260429664e-09
S1_22576672 1 22580672 0.000151807246541077
S1_22596109 1 22600109 3.95744809645158e-05
S1_22596703 1 22600703 0.000266754456968147
S1_22688892 1 22692892 2.88445235292722e-05
S1_22700808 1 22704808 9.0045207580975e-05
S1_22796518 1 22800518 0.000313678251513788
S1_22806270 1 22810270 0.000329734134190446
S1_22979447 1 22983447 3.99627581787287e-05
S1_23368769 1 23372769 3.94650765063347e-05
S1_23562534 1 23566534 0.00029857875919781
S1_23818673 1 23822673 1.77911238283567e-05
S1_23818674 1 23822674 0.000234928137710433
S1_24046697 1 24050697 4.23133710674031e-05
S1_24055794 1 24059794 2.79348232193451e-05
S1_24146358 1 24150358 0.000723382962341551
S1_24152169 1 24156169 8.72503279064657e-07
S1_24186653 1 24190653 5.91246889039442e-07
S1_24186685 1 24190685 5.91246889039442e-07
S1_24187006 1 24191006 0.000663760207765472
S1_24187658 1 24191658 3.62640572190402e-06
S1_24305231 1 24309231 2.23395231123021e-05
S1_24306076 1 24310076 0.000350344755032056
S1_24343934 1 24347934 0.00012559939619136
S1_24353343 1 24357343 2.39422407566267e-05
S1_24489703 1 24493703 0.00087226008228628
S1_24523403 1 24527403 8.78537015609328e-06
S1_24526686 1 24530686 6.91282442373945e-06
S1_24540872 1 24544872 5.1598245383375e-16
S1_24585588 1 24589588 0.000231754280047918
S1_24773033 1 24777033 0.000242794002995918
S1_24789670 1 24793670 8.35337906090635e-05
S1_24869849 1 24873849 0.000411214284227952
S1_25052529 1 25056529 0.000918579556314437
S1_25053959 1 25057959 0.000311706645344295
S1_25104556 1 25108556 1.11180030667413e-05
S1_25161275 1 25165275 9.12489128990703e-09
S1_25262528 1 25266528 0.000420175394548764
S1_25469246 1 25473246 0.000877121562279986
S1_25585142 1 25589142 8.49292831968143e-05
S1_25605623 1 25609623 3.7504820085317e-05
S1_25605634 1 25609634 2.93195577323677e-05
S1_25605724 1 25609724 1.37761013852786e-07
S1_25607235 1 25611235 0.000152403657321824
S1_25607367 1 25611367 6.93047079203095e-05
S1_25624024 1 25628024 8.75959282251257e-05
S1_25635594 1 25639594 0.000116725934483103
S1_26096026 1 26100026 6.24537228413174e-05
S1_26138016 1 26142016 4.80637358150484e-06
S1_26138069 1 26142069 4.88946274363607e-07
S1_26140954 1 26144954 4.00751578456259e-05
S1_26152944 1 26156944 0.000270814373493624
S1_26152961 1 26156961 5.52358953685199e-06
S1_26152962 1 26156962 5.52358953685187e-06
S1_26179748 1 26183748 2.41679718948523e-06
S1_26201256 1 26205256 1.3185933075541e-11
S1_26254335 1 26258335 2.8692500741204e-18
S1_26306842 1 26310842 0.000317421742451103
S1_26374036 1 26378036 1.08271766129555e-05
S1_26381243 1 26385243 2.82013605488867e-09
S1_26389446 1 26393446 0.000656812847597188
S1_26437267 1 26441267 2.10564520867038e-07
S1_26459267 1 26463267 2.95161479901641e-07
S1_26574817 1 26578817 6.83437973222395e-14
S1_26597236 1 26601236 1.98833992810422e-10
S1_26726283 1 26730283 1.2131291855306e-05
S1_26820854 1 26824854 8.02686681090974e-05
S1_26986676 1 26990676 1.14252095497084e-05
S1_26988802 1 26992802 8.45251560908804e-06
S1_27013593 1 27017593 0.000436083036518426
S1_27040562 1 27044562 0.00018451827187258
S1_27147038 1 27151038 1.589944130417e-07
S1_27272000 1 27276000 0.000269209003496649
S1_27284481 1 27288481 0.000461885231736958
S1_27297951 1 27301951 4.18711415839681e-15
S1_27375239 1 27379239 0.000648973965979952
S1_27402365 1 27406365 0.00035804286865754
S1_27582360 1 27586360 0.000177112796872419
S1_27682125 1 27686125 7.20273309626257e-08
S1_27711221 1 27715221 1.1027278213081e-06
S1_27727487 1 27731487 0.000954691612919387
S1_27788453 1 27792453 3.76332925138014e-10
S1_27788506 1 27792506 9.24411954783172e-11
S1_27813437 1 27817437 2.0636503498448e-05
S1_27885224 1 27889224 6.77217827361149e-05
S1_27958763 1 27962763 9.11929389715338e-11
S1_27958901 1 27962901 1.8551766825217e-11
S1_27961336 1 27965336 8.62667629562365e-05
S1_27961576 1 27965576 4.23069156357935e-05
S1_28193138 1 28197138 0.000603632084383641
S1_28205036 1 28209036 2.83792589507957e-05
S1_28220915 1 28224915 0.000760815796595358
S1_28311589 1 28315589 0.0005189518788413
S1_28334802 1 28338802 0.00010301020840786
S1_28340812 1 28344812 2.42295997547925e-07
S1_28340830 1 28344830 3.07097264815941e-13
S1_28347248 1 28351248 7.99534689420605e-05
S1_28493237 1 28497237 1.2378967876344e-14
S1_28653064 1 28657064 0.000108477133699691
S1_28653174 1 28657174 7.24988243336981e-05
S1_28766962 1 28770962 9.85180904905768e-06
S1_28925771 1 28929771 0.000103881506206722
S1_28981204 1 28985204 7.10901223659615e-05
S1_29148470 1 29152470 4.50952219533256e-06
S1_29199369 1 29203369 7.24988243336981e-05
S1_29354941 1 29358941 9.39015227332539e-06
S1_29368126 1 29372126 2.3058663040941e-05
S1_29445786 1 29449786 3.44498066347501e-05
S1_29462560 1 29466560 0.000101581958163626
S1_29497721 1 29501721 1.16963585129591e-05
S1_29531875 1 29535875 0.000649036740685696
S1_29827190 1 29831190 1.26022295797953e-15
S1_29880388 1 29884388 0.000192424866314848
S1_30043919 1 30047919 0.000603906848008625
S1_30069082 1 30073082 0.000559925815925032
S1_30197075 1 30201075 0.000512273401065083
S1_30227127 1 30231127 1.16327516508772e-06
S1_30251927 1 30255927 0.000106250838718621
S1_30269709 1 30273709 0.000938765729828927
S1_30271797 1 30275797 8.81168404649715e-05
S1_30426726 1 30430726 1.6862457784416e-09
S1_30498032 1 30502032 0.000347158939286414
S1_30557557 1 30561557 0.000240687316924508
S1_30613470 1 30617470 0.000572415411388165
S1_30613957 1 30617957 1.75661440177279e-05
S1_30650179 1 30654179 0.000330460760875279
S1_30656508 1 30660508 0.00065062156122539
S1_30758924 1 30762924 0.00017928738465948
S1_30804215 1 30808215 0.000433177866310621
S1_30835800 1 30839800 0.00039866305570325
S1_30857149 1 30861149 5.87103788798291e-05
S1_30874045 1 30878045 0.000294458619558942
S1_30885060 1 30889060 0.000276794584797107
S1_30885078 1 30889078 0.000276794584797107
S1_30930417 1 30934417 4.5644393558756e-05
S1_30950013 1 30954013 0.000270177666214724
S1_30950770 1 30954770 0.000299406699395112
S1_30950930 1 30954930 0.00033147614904674
S1_31027313 1 31031313 0.000599884164727526
S1_31057958 1 31061958 0.000548098833308974
S1_31061701 1 31065701 0.000584496859158254
S1_31062759 1 31066759 0.000278757423681683
S1_31329335 1 31333335 0.000780644909180595
S1_31354908 1 31358908 0.000633560250028929
S1_31482224 1 31486224 9.74203545909418e-14
S1_31978384 1 31982384 8.25648215631688e-10
S1_32097983 1 32101983 8.97380265706172e-07
S1_32499236 1 32503236 1.81924533389414e-05
S1_32964807 1 32968807 5.08049896506201e-07
S1_33622380 1 33626380 2.16665784491641e-08
S1_39160604 1 39164604 0.000203375134456506
S1_39514642 1 39518642 0.000484526925266791
S1_42002910 1 42006910 0.000582523660361998
S1_42330482 1 42334482 0.000441084738547763
S1_42361996 1 42365996 0.000442493766575802
S1_42381832 1 42385832 1.32949648198925e-09
S1_43077957 1 43081957 0.000242611898645168
S1_43289310 1 43293310 0.000521448408799113
S1_43289457 1 43293457 0.000148813062346769
S1_43296883 1 43300883 4.86823237252257e-11
S1_43353354 1 43357354 8.48029358902257e-05
S1_43378447 1 43382447 0.000441156011526622
S1_43673576 1 43677576 2.21550468119998e-05
S1_43750200 1 43754200 3.73461458003279e-05
S1_43754055 1 43758055 7.5876675717466e-05
S1_43758219 1 43762219 0.000556769547059301
S1_43758248 1 43762248 0.000556769547059131
S1_43758250 1 43762250 0.000556769547059301
S1_43912190 1 43916190 0.000521191064131632
S1_43986711 1 43990711 0.000755460544104344
S1_44033521 1 44037521 0.000466186935294144
S1_44078605 1 44082605 4.06107467027043e-07
S1_44078632 1 44082632 0.000654147186511359
S1_44080204 1 44084204 0.000607003612918891
S1_44094261 1 44098261 0.000769075744868289
S1_44096798 1 44100798 7.10342110682629e-05
S1_44102041 1 44106041 0.000646624682209597
S1_44102172 1 44106172 0.000255341985631656
S1_44154292 1 44158292 3.59384612941141e-05
S1_44178810 1 44182810 0.000406739789969193
S1_44182792 1 44186792 0.000637184387769755
S1_44183076 1 44187076 0.000457090565349504
S1_44183080 1 44187080 0.000457090565349536
S1_44183092 1 44187092 8.04030825092647e-16
S1_44210969 1 44214969 1.39418245520594e-07
S1_44214272 1 44218272 0.000639891166068703
S1_44223211 1 44227211 0.000553240743666276
S1_44291656 1 44295656 0.000588194570446015
S1_44422198 1 44426198 0.000968458308741773
S1_44466609 1 44470609 0.000191761498755945
S1_44497378 1 44501378 0.000213080054887349
S1_44498616 1 44502616 2.08821342794302e-05
S1_44557995 1 44561995 0.00025254698966647
S1_44595980 1 44599980 0.000661831492444791
S1_44604085 1 44608085 5.0061239725936e-05
S1_44685862 1 44689862 0.000638042306458604
S1_44686635 1 44690635 0.000266975097148232
S1_44729508 1 44733508 0.000355669948846868
S1_44775304 1 44779304 6.12221549553758e-09
S1_44793088 1 44797088 4.61998450828433e-06
S1_44794219 1 44798219 1.78552687491262e-11
S1_44794235 1 44798235 1.78552687491262e-11
S1_44942969 1 44946969 7.19331094859199e-09
S1_44942979 1 44946979 1.84332889922341e-08
S1_45144102 1 45148102 9.03268434759134e-07
S1_45309378 1 45313378 0.000224212069393869
S1_45310644 1 45314644 0.000121536154503128
S1_45333309 1 45337309 0.000622220713374531
S1_45394193 1 45398193 3.56319101325025e-05
S1_45409498 1 45413498 4.42020897466032e-05
S1_45447789 1 45451789 0.00099447908746514
S1_45486904 1 45490904 1.11511791013628e-05
S1_45604496 1 45608496 9.11410063603428e-09
S1_45604665 1 45608665 0.000163246370507537
S1_45683224 1 45687224 0.000496514139026372
S1_45684663 1 45688663 0.000499813914853962
S1_45685418 1 45689418 0.000373652315049538
S1_45694100 1 45698100 0.000405283169991357
S1_45707630 1 45711630 0.000737236267608213
S1_45707634 1 45711634 0.000737236267608213
S1_45714311 1 45718311 0.00059521892554787
S1_45728923 1 45732923 2.96346498712857e-08
S1_45739236 1 45743236 0.000679603519230941
S1_45756508 1 45760508 0.000513188847451843
S1_45775968 1 45779968 0.000495940482059135
S1_45818175 1 45822175 5.77494260462226e-10
S1_45834625 1 45838625 0.000509622757277809
S1_45876152 1 45880152 0.000246159654434414
S1_45881888 1 45885888 0.000524188805443287
S1_45887898 1 45891898 1.70906160137216e-05
S1_46013210 1 46017210 0.000264905988586489
S1_46016906 1 46020906 0.000328083023430891
S1_46096041 1 46100041 0.000599559803267238
S1_46416920 1 46420920 0.000345504656359254
S1_46417543 1 46421543 0.000179376420188464
S1_46417562 1 46421562 0.000179376420188515
S1_46417581 1 46421581 0.000179376420188464
S1_46430270 1 46434270 0.000348861202260631
S1_46430576 1 46434576 0.000512078511120863
S1_46430932 1 46434932 0.000259728372280791
S1_46550603 1 46554603 0.000385457951092117
S1_46755913 1 46759913 0.000254647470015014
S1_46765417 1 46769417 0.000406999033591658
S1_46844744 1 46848744 0.000197886166963141
S1_46857915 1 46861915 0.000354277524921741
S1_46889334 1 46893334 0.000237387075693804
S1_46915880 1 46919880 0.000523584031283177
S1_46915881 1 46919881 0.000523584031283177
S1_46933694 1 46937694 0.000580442912224437
S1_46933709 1 46937709 0.000555953845399145
S1_46933721 1 46937721 0.000580442912224511
S1_46998278 1 47002278 0.000524425796818224
S1_47173065 1 47177065 2.21335069732111e-07
S1_47188910 1 47192910 0.000194689728220397
S1_47726052 1 47730052 5.86362494036542e-06
S1_47817952 1 47821952 0.000220286515533044
S1_47820533 1 47824533 0.000448144961119066
S1_47820683 1 47824683 2.82394949968315e-06
S1_47859155 1 47863155 1.15244236330242e-06
S1_47859443 1 47863443 7.28124685126341e-07
S1_47859479 1 47863479 7.28124685126341e-07
S1_47859500 1 47863500 7.68872049112784e-06
S1_47859560 1 47863560 1.54105488219568e-06
S1_47879875 1 47883875 8.92733512982562e-07
S1_47940528 1 47944528 0.000726117456266599
S1_47990322 1 47994322 6.77927330621454e-08
S1_48177972 1 48181972 4.73289538775174e-05
S1_48200666 1 48204666 3.02363132444391e-06
S1_48200713 1 48204713 3.02363132444357e-06
S1_48272857 1 48276857 1.12939727181929e-06
S1_48374219 1 48378219 0.000734916471912719
S1_48427928 1 48431928 2.61805153677192e-12
S1_48437830 1 48441830 5.01890281078213e-08
S1_48459144 1 48463144 3.42062477989883e-05
S1_48510896 1 48514896 5.41461224152129e-06
S1_48523269 1 48527269 1.68441870730997e-06
S1_48523654 1 48527654 0.000249395904330414
S1_48523665 1 48527665 0.000249395904330414
S1_48523668 1 48527668 0.000249395904330414
S1_48534448 1 48538448 2.59714145710338e-07
S1_48542432 1 48546432 7.90137310061004e-07
S1_48544757 1 48548757 0.000330856515556932
S1_48566449 1 48570449 0.00061959105780478
S1_48756254 1 48760254 0.000390854302403027
S1_48759981 1 48763981 0.00063065680565793
S1_48759984 1 48763984 0.000630656805657913
S1_48779978 1 48783978 1.80884713450753e-06
S1_48813839 1 48817839 0.000193453908968062
S1_48952179 1 48956179 0.000208842450861747
S1_49112065 1 49116065 0.000571975726724431
S1_49180641 1 49184641 0.000936803419317498
S1_49206574 1 49210574 0.000505724197613762
S1_49236240 1 49240240 0.000490309576538397
S1_49241032 1 49245032 0.000149656931820259
S1_49241095 1 49245095 0.000559604004312945
S1_49242515 1 49246515 0.000304163657592024
S1_49455287 1 49459287 0.000162733166477473
S1_49486027 1 49490027 0.000179457321157746
S1_49631560 1 49635560 0.000591942186870944
S1_49724047 1 49728047 0.000347320147538713
S1_49760973 1 49764973 5.75233057445714e-05
S1_49761024 1 49765024 2.07314159164639e-05
S1_49815917 1 49819917 0.000825027552214357
S1_49815919 1 49819919 0.000825027552214357
S1_49821545 1 49825545 0.000598245794669904
S1_49829673 1 49833673 0.000490236033631922
S1_49905172 1 49909172 0.000757799176217334
S1_49986401 1 49990401 0.000758061397639163
S1_50008116 1 50012116 0.000160357287955073
S1_50013508 1 50017508 9.7652517055479e-05
S1_50013600 1 50017600 3.11283115705086e-05
S1_50033238 1 50037238 0.000245219332023536
S1_50062370 1 50066370 8.65684993391022e-05
S1_50090843 1 50094843 8.4468263148842e-06
S1_50090944 1 50094944 0.000166860778291286
S1_50110867 1 50114867 2.92310181359514e-05
S1_50225812 1 50229812 1.72906560558505e-05
S1_50226721 1 50230721 0.000530491656507425
S1_50272663 1 50276663 0.000818911116287256
S1_50279020 1 50283020 0.000532451386838858
S1_50279022 1 50283022 0.000532451386838858
S1_50290243 1 50294243 0.000775856911611204
S1_50338608 1 50342608 1.26614107247611e-07
S1_50386040 1 50390040 1.92071552352758e-05
S1_50403373 1 50407373 0.000116648403382102
S1_50425699 1 50429699 0.000808213110188778
S1_50456648 1 50460648 0.000170037470160568
S1_50463122 1 50467122 0.000815108482588114
S1_50487384 1 50491384 0.000813280318213879
S1_50489829 1 50493829 0.000195724960842459
S1_50493799 1 50497799 9.68593859530143e-06
S1_50495368 1 50499368 7.27107656690945e-05
S1_50559405 1 50563405 0.000286768316998783
S1_50578549 1 50582549 0.000723640761882191
S1_50578595 1 50582595 0.000777183429187341
S1_50578615 1 50582615 0.000324476248972516
S1_50674594 1 50678594 8.14178232354435e-14
S1_50707912 1 50711912 0.000133930159571015
S1_50750352 1 50754352 0.000526703109341543
S1_50778448 1 50782448 0.000542821234934344
S1_50814936 1 50818936 0.000645776956055569
S1_50814943 1 50818943 8.97090838127364e-06
S1_50817340 1 50821340 0.000121433573252346
S1_50837208 1 50841208 4.85834273235947e-05
S1_50837211 1 50841211 4.85834273235947e-05
S1_50837213 1 50841213 4.85834273235947e-05
S1_50837844 1 50841844 6.84727574433831e-05
S1_50837887 1 50841887 0.000530485215954246
S1_50837981 1 50841981 0.000331159023343916
S1_50838168 1 50842168 0.000345512115164945
S1_50838171 1 50842171 0.000345512115164945
S1_50838201 1 50842201 0.000345512115164945
S1_50838249 1 50842249 0.000878267239656114
S1_50838284 1 50842284 0.000409342456206297
S1_50838305 1 50842305 0.000409342456206289
S1_50838849 1 50842849 6.24237918262415e-05
S1_50839128 1 50843128 0.00018866494005666
S1_50839220 1 50843220 4.60960485792172e-05
S1_50839221 1 50843221 4.60960485792172e-05
S1_50839223 1 50843223 4.60960485792252e-05
S1_50839224 1 50843224 4.60960485792252e-05
S1_50945705 1 50949705 1.15913650227205e-05
S1_50945958 1 50949958 0.00055857602365265
S1_50955934 1 50959934 2.55876773059508e-07
S1_51061487 1 51065487 4.46251945528636e-08
S1_51071744 1 51075744 0.00094333662228942
S1_51103933 1 51107933 3.01958153568935e-05
S1_51114538 1 51118538 0.00042268405746346
S1_51139796 1 51143796 0.000112325583325658
S1_51142496 1 51146496 3.86698309079353e-08
S1_51143350 1 51147350 9.17920236930823e-06
S1_51143481 1 51147481 6.23847386773245e-08
S1_51166343 1 51170343 6.54169459945798e-05
S1_51167256 1 51171256 1.47613763130376e-07
S1_51254878 1 51258878 1.28135235709014e-07
S1_51456652 1 51460652 5.61621025151399e-05
S1_51524815 1 51528815 4.57607604422858e-13
S1_51531472 1 51535472 5.55728780453654e-09
S1_51564415 1 51568415 0.000968714147480301
S1_51740866 1 51744866 2.7355877684391e-05
S1_51744710 1 51748710 0.000129712643279053
S1_51788630 1 51792630 0.000660956733191943
S1_52014588 1 52018588 0.000100729964864378
S1_52029147 1 52033147 6.50560585073731e-08
S1_52036058 1 52040058 0.000883313185990197
S1_52069638 1 52073638 0.000512463311691078
S1_52163294 1 52167294 0.000126432754861217
S1_52163299 1 52167299 0.000126432754861217
S1_52239248 1 52243248 0.000111697824237135
S1_52248276 1 52252276 0.000988528928099721
S1_52250983 1 52254983 3.9388253663371e-10
S1_52250985 1 52254985 6.3531411398173e-11
S1_52287525 1 52291525 0.000240457231654642
S1_52367668 1 52371668 0.000136620512164076
S1_52578293 1 52582293 0.00077735010045821
S1_52596268 1 52600268 0.000304791523434898
S1_52596283 1 52600283 0.000304791523434935
S1_52765985 1 52769985 1.35253319302494e-18
S1_52771123 1 52775123 2.54892560784245e-06
S1_52771127 1 52775127 2.54892560784245e-06
S1_52771137 1 52775137 2.54892560784251e-06
S1_52771140 1 52775140 2.54892560784251e-06
S1_52771840 1 52775840 0.000196197855129419
S1_52771863 1 52775863 0.000196197855129419
S1_52848419 1 52852419 9.37774389394772e-06
S1_52858394 1 52862394 4.84672433320376e-05
S1_52858402 1 52862402 0.000159356586322135
S1_52858524 1 52862524 0.000312567408840063
S1_52867324 1 52871324 0.000814966135865588
S1_53048102 1 53052102 0.000190576986797127
S1_53148619 1 53152619 0.000503484513747688
S1_53155807 1 53159807 0.000341578318857937
S1_53194772 1 53198772 0.00014616649196536
S1_53195758 1 53199758 0.000136195773951228
S1_53217222 1 53221222 0.000644239034506132
S1_53258034 1 53262034 0.000115089515203379
S1_53265484 1 53269484 0.000162880971332711
S1_53279825 1 53283825 0.000266549827844376
S1_53386247 1 53390247 0.000629385258541536
S1_53386253 1 53390253 0.000133690250493825
S1_53386362 1 53390362 0.000184504932777708
S1_53392559 1 53396559 8.21917763734037e-05
S1_53401179 1 53405179 0.000165455722388881
S1_53445826 1 53449826 0.000895575478095528
S1_53458611 1 53462611 2.18093707604092e-05
S1_53483994 1 53487994 0.000392800218973159
S1_53537465 1 53541465 0.000663995545117178
S1_53537470 1 53541470 0.000663995545117178
S1_53537501 1 53541501 0.000663995545117091
S1_53566820 1 53570820 3.31548104653884e-05
S1_53566828 1 53570828 9.14484694636448e-06
S1_53588544 1 53592544 0.000801086715381383
S1_53638659 1 53642659 2.58493422534731e-07
S1_53704255 1 53708255 7.31156872288081e-16
S1_53704266 1 53708266 1.30009179469396e-15
S1_53704311 1 53708311 3.66677570136664e-07
S1_53730753 1 53734753 0.000683477007409421
S1_53759105 1 53763105 4.25288250702085e-05
S1_53766718 1 53770718 0.000240348818399575
S1_53810461 1 53814461 9.17037352317963e-05
S1_53810957 1 53814957 0.000177202395444736
S1_53818446 1 53822446 1.52188709105649e-06
S1_53864395 1 53868395 3.07512920040382e-12
S1_53864411 1 53868411 3.07512920040347e-12
S1_53864894 1 53868894 1.31264938060261e-06
S1_53869934 1 53873934 0.000914739666782998
S1_53977927 1 53981927 8.51279351333863e-06
S1_54003256 1 54007256 1.65013264701609e-05
S1_54025309 1 54029309 5.85249243173531e-05
S1_54083534 1 54087534 0.000210677905803455
S1_54098045 1 54102045 0.00027897055016073
S1_54118044 1 54122044 6.50900129978264e-10
S1_54120095 1 54124095 8.24840347659665e-05
S1_54139077 1 54143077 1.04155491567958e-05
S1_54139122 1 54143122 0.000936667942449663
S1_54141910 1 54145910 5.66947994778633e-10
S1_54142101 1 54146101 1.18221870968744e-09
S1_54152777 1 54156777 2.78210954304237e-09
S1_54195181 1 54199181 7.56783702146987e-07
S1_54390691 1 54394691 1.19083540286861e-06
S1_54394886 1 54398886 0.00014577764643176
S1_54394890 1 54398890 0.000559146816949857
S1_54394899 1 54398899 1.95051622113219e-05
S1_54394900 1 54398900 0.000145777646431763
S1_54408945 1 54412945 2.37482114593093e-05
S1_54473763 1 54477763 0.000195642395808771
S1_54554029 1 54558029 9.01474133446011e-07
S1_54593217 1 54597217 3.12031774003001e-05
S1_54651655 1 54655655 5.76885243256948e-05
S1_54651679 1 54655679 0.000687371759247166
S1_54657609 1 54661609 1.97888165011575e-06
S1_54658070 1 54662070 1.23086009132207e-05
S1_54679797 1 54683797 2.5797458038526e-05
S1_54722372 1 54726372 0.00049198621489008
S1_54722440 1 54726440 0.000302264903082805
S1_54759762 1 54763762 0.000942629116764504
S1_54762715 1 54766715 0.000482592149994131
S1_54768553 1 54772553 0.000880773328484198
S1_54773151 1 54777151 4.8399837319911e-05
S1_54939881 1 54943881 7.25345054767223e-05
S1_54939888 1 54943888 7.11515431640178e-05
S1_54939903 1 54943903 7.11515431640178e-05
S1_54946023 1 54950023 0.000148275934267842
S1_55138600 1 55142600 0.000111656910417916
S1_55173467 1 55177467 0.000729897887809018
S1_55230164 1 55234164 6.61122792660911e-05
S1_55360367 1 55364367 2.34075954804511e-06
S1_55362832 1 55366832 0.000762899392905593
S1_55362838 1 55366838 0.000713576249203516
S1_55364529 1 55368529 1.65562221022268e-09
S1_55370034 1 55374034 0.000167553157706017
S1_55404016 1 55408016 1.06207560074665e-10
S1_55404419 1 55408419 2.13209900190861e-06
S1_55423676 1 55427676 0.000252365717852643
S1_55471563 1 55475563 9.60914367017686e-05
S1_55478108 1 55482108 0.000163363646530315
S1_55531236 1 55535236 5.95885193162376e-07
S1_55580863 1 55584863 7.97653111043008e-05
S1_55592279 1 55596279 8.51026535494003e-06
S1_55592874 1 55596874 6.40674433591017e-06
S1_55592890 1 55596890 6.40674433591116e-06
S1_55592898 1 55596898 4.92099725203544e-07
S1_55592905 1 55596905 4.92099725203554e-07
S1_55592920 1 55596920 4.92099725203544e-07
S1_55614152 1 55618152 2.77157943781554e-06
S1_55690442 1 55694442 1.94564962933741e-06
S1_55717387 1 55721387 3.49060883980113e-09
S1_55719013 1 55723013 0.000872307133021784
S1_55779380 1 55783380 0.000591578051718355
S1_55803950 1 55807950 0.00012130842347505
S1_55804071 1 55808071 0.000107674862756456
S1_55804172 1 55808172 0.000451148563907529
S1_55861955 1 55865955 0.000100947743312775
S1_55874931 1 55878931 8.01885064205427e-11
S1_56158836 1 56162836 2.29457850098296e-06
S1_56183361 1 56187361 0.000528236622292022
S1_56193704 1 56197704 0.000606637891419664
S1_56202460 1 56206460 0.000660482642367809
S1_56202478 1 56206478 0.000660482642367796
S1_56209930 1 56213930 5.1055146093909e-06
S1_56268869 1 56272869 5.01520377102642e-15
S1_56640753 1 56644753 0.00047257137459666
S1_56661433 1 56665433 0.000125554822546161
S1_56665844 1 56669844 5.6847761601804e-05
S1_56681225 1 56685225 0.000653297644356966
S1_56687202 1 56691202 8.76894876203393e-05
S1_56732538 1 56736538 3.65651208014286e-05
S1_56821600 1 56825600 9.54917833057896e-05
S1_56822776 1 56826776 0.000240496015713466
S1_56830970 1 56834970 0.0008930359889284
S1_56837141 1 56841141 0.000881714812888421
S1_56844764 1 56848764 0.000305984391685271
S1_56845103 1 56849103 2.38765142123755e-05
S1_56848481 1 56852481 0.000727790242740444
S1_56862500 1 56866500 0.000272754610320337
S1_56873728 1 56877728 6.84708894980063e-16
S1_56885745 1 56889745 0.000316320641432308
S1_56900033 1 56904033 1.61450340524492e-05
S1_56915525 1 56919525 0.000368276995897079
S1_56915526 1 56919526 0.00036827699589706
S1_56918588 1 56922588 0.00053733426211809
S1_56919553 1 56923553 0.000352548749277752
S1_56930052 1 56934052 8.75174556402691e-05
S1_56957384 1 56961384 3.30719557189054e-06
S1_56970773 1 56974773 4.22747515258583e-05
S1_56993497 1 56997497 4.90552183792956e-32
S1_57017608 1 57021608 2.366951631248e-14
S1_57035745 1 57039745 6.1556334340961e-05
S1_57153124 1 57157124 3.90733777022011e-07
S1_57218611 1 57222611 7.77858607395016e-05
S1_57221855 1 57225855 7.49416469918611e-05
S1_57221922 1 57225922 4.8702268790239e-05
S1_57221926 1 57225926 0.000152669722378998
S1_57221928 1 57225928 4.8702268790239e-05
S1_57224921 1 57228921 2.7093593362801e-05
S1_57224947 1 57228947 2.7093593362801e-05
S1_57225108 1 57229108 8.89922389271647e-06
S1_57225110 1 57229110 8.89922389271617e-06
S1_57225149 1 57229149 4.72494297073738e-05
S1_57225152 1 57229152 0.000248089300640254
S1_57225176 1 57229176 4.72494297073738e-05
S1_57357672 1 57361672 5.67970405341502e-05
S1_57370614 1 57374614 4.74403294716789e-15
S1_57372700 1 57376700 0.000223551446575068
S1_57509411 1 57513411 0.000209363790343873
S1_57509532 1 57513532 2.42411644984186e-05
S1_57509544 1 57513544 2.42411644984186e-05
S1_57509578 1 57513578 2.4241164498418e-05
S1_57512222 1 57516222 5.13910793740356e-07
S1_57512501 1 57516501 3.95246971499134e-07
S1_57604439 1 57608439 0.000191353938620293
S1_57606503 1 57610503 0.000281867667442864
S1_57672151 1 57676151 1.54120599284092e-05
S1_57681474 1 57685474 0.000638415116964529
S1_57750915 1 57754915 1.66869624181345e-05
S1_57759899 1 57763899 0.000738860719020057
S1_57762930 1 57766930 1.51059636077113e-06
S1_57767895 1 57771895 2.913855640622e-05
S1_57864616 1 57868616 6.38192839318925e-07
S1_57919934 1 57923934 6.0676440968497e-06
S1_57919953 1 57923953 6.0676440968497e-06
S1_57940695 1 57944695 6.92066070924677e-06
S1_57974791 1 57978791 2.85521484556975e-06
S1_57991038 1 57995038 1.29458177551691e-06
S1_58010624 1 58014624 0.000185132606319832
S1_58122942 1 58126942 5.48540822628511e-05
S1_58150235 1 58154235 0.000239890446384061
S1_58247688 1 58251688 4.20410315470683e-06
S1_58247716 1 58251716 4.20410315470683e-06
S1_58504526 1 58508526 4.48064982239279e-06
S1_58684878 1 58688878 0.000145168501802739
S1_58705164 1 58709164 0.000881082448669071
S1_58705165 1 58709165 0.000881082448669014
S1_58705166 1 58709166 0.000881082448669014
S1_58705169 1 58709169 0.000881082448669014
S1_58705171 1 58709171 0.000881082448669014
S1_58705172 1 58709172 0.000881082448669014
S1_58705173 1 58709173 0.000881082448669014
S1_58714323 1 58718323 0.00064376993637316
S1_58715352 1 58719352 3.33848538028267e-07
S1_58715865 1 58719865 0.000638139515353573
S1_58715875 1 58719875 0.000638139515353603
S1_58715976 1 58719976 0.000501768988028693
S1_58716908 1 58720908 0.000799905180102582
S1_58717623 1 58721623 0.000664468437517394
S1_58786995 1 58790995 0.000524863457783305
S1_58879619 1 58883619 0.000680534061746512
S1_58879620 1 58883620 0.000576169902999198
S1_58879647 1 58883647 0.000576169902999198
S1_58905746 1 58909746 5.57914705659042e-05
S1_58909908 1 58913908 0.00049274066362864
S1_58910646 1 58914646 0.000640062657868944
S1_58917898 1 58921898 0.000349424213515682
S1_58937180 1 58941180 0.000346448188904746
S1_58947401 1 58951401 0.000915931187660344
S1_58971982 1 58975982 0.000495380205231024
S1_58972031 1 58976031 0.00068389877682126
S1_58973721 1 58977721 0.000742653590303714
S1_58986410 1 58990410 0.000708360834263512
S1_58988629 1 58992629 0.000435311128843034
S1_59216304 1 59220304 6.87339127812339e-07
S1_59222958 1 59226958 0.000625310290092247
S1_59252297 1 59256297 6.04336140030659e-06
S1_59391698 1 59395698 1.82209538936795e-06
S1_59642130 1 59646130 9.57702860616175e-08
S1_59688042 1 59692042 0.000109182070289247
S1_59715561 1 59719561 1.59342624848293e-06
S1_59807725 1 59811725 0.00061023091867023
S1_59862587 1 59866587 0.000705550906366305
S1_59890277 1 59894277 0.000280503364255722
S1_59897456 1 59901456 0.00047535891534396
S1_59902415 1 59906415 4.96921852477951e-05
S1_59905373 1 59909373 3.7053014368767e-05
S1_59909977 1 59913977 0.000154170884335406
S1_59923738 1 59927738 0.000163046265167432
S1_59940837 1 59944837 0.000263566842289434
S1_59940869 1 59944869 0.000263566842289434
S1_59947909 1 59951909 0.000228515147266012
S1_59947910 1 59951910 0.000228515147266012
S1_59949081 1 59953081 0.000330442925999235
S1_59949463 1 59953463 0.000374657587993757
S1_59949481 1 59953481 0.000374657587993765
S1_59949561 1 59953561 0.000341120553732385
S1_59952052 1 59956052 0.000273205034864741
S1_59952056 1 59956056 0.000273205034864741
S1_59952685 1 59956685 0.000904912251156954
S1_59974764 1 59978764 0.000477354255412768
S1_59974766 1 59978766 0.000477354255412768
S1_59977050 1 59981050 0.000836371244504323
S1_59977053 1 59981053 0.000948925865765366
S1_60074347 1 60078347 1.46071025342088e-06
S1_60075811 1 60079811 1.19951706385206e-08
S1_60078815 1 60082815 6.30899310312353e-05
S1_60087299 1 60091299 9.0478391466054e-05
S1_60087300 1 60091300 9.0478391466044e-05
S1_60149597 1 60153597 0.000927578309616336
S1_60172915 1 60176915 2.49580933416045e-17
S1_60241927 1 60245927 0.000929828839343596
S1_60266274 1 60270274 0.000786909809323216
S1_60268116 1 60272116 0.000171003737038902
S1_60274747 1 60278747 1.36472982860913e-08
S1_60274748 1 60278748 1.36472982860913e-08
S1_60274752 1 60278752 1.3647298286092e-08
S1_60351187 1 60355187 0.000530428327869504
S1_60366096 1 60370096 0.000665383011765391
S1_60369498 1 60373498 0.000805572341834945
S1_60428133 1 60432133 0.000137894454206116
S1_60429519 1 60433519 1.51129778844554e-15
S1_60442857 1 60446857 0.000263778515118675
S1_60462114 1 60466114 0.000602667938659605
S1_60532359 1 60536359 0.000515060764325535
S1_60532362 1 60536362 1.99314965776557e-12
S1_60532366 1 60536366 3.52605598666785e-10
S1_60554330 1 60558330 0.000609691900259402
S1_60554370 1 60558370 1.03699108175218e-05
S1_60620808 1 60624808 0.00067497065594632
S1_60641271 1 60645271 0.000855611705210073
S1_60715130 1 60719130 0.000586676472248329
S1_60752898 1 60756898 0.000216654576939775
S1_60771365 1 60775365 5.49355774506098e-08
S1_61128112 1 61132112 0.000644467899039077
S1_61134362 1 61138362 7.2361408799383e-07
S1_61175138 1 61179138 8.56814676703638e-11
S1_61192278 1 61196278 0.000667630320755681
S1_61307753 1 61311753 0.000224712926479504
S1_61309181 1 61313181 1.51299574051359e-05
S1_61309210 1 61313210 2.48640678235649e-05
S1_61602592 1 61606592 4.84293572773894e-09
S1_61629358 1 61633358 1.1650099592707e-09
S1_61629394 1 61633394 3.44692888285597e-14
S1_61648123 1 61652123 0.000824631529071924
S1_61675789 1 61679789 0.000399126623852714
S1_61676669 1 61680669 0.000285895864926534
S1_61681203 1 61685203 0.00013286286334819
S1_61681212 1 61685212 0.00013286286334819
S1_61681230 1 61685230 0.00013286286334819
S1_61681433 1 61685433 0.000811359138636314
S1_61694445 1 61698445 0.000884789292179017
S1_61726294 1 61730294 0.000648230327065759
S1_61729710 1 61733710 0.000807000391754342
S1_61815366 1 61819366 6.08417291851543e-06
S1_61898399 1 61902399 0.00062173794142102
S1_61961965 1 61965965 5.92018049415378e-06
S1_61965432 1 61969432 0.000579829817517166
S1_61970553 1 61974553 2.04743292469208e-13
S1_61970591 1 61974591 2.0474329246939e-13
S1_61995276 1 61999276 2.63974155796626e-06
S1_62011991 1 62015991 1.19872586653101e-06
S1_62031891 1 62035891 7.57286846523018e-06
S1_62032056 1 62036056 2.52200894429195e-05
S1_62032080 1 62036080 1.95527039446627e-05
S1_62032091 1 62036091 2.59080801259528e-06
S1_62039879 1 62043879 9.96365308835948e-05
S1_62158575 1 62162575 0.000224999557692277
S1_62218698 1 62222698 3.44749809710881e-05
S1_62218701 1 62222701 3.44749809710881e-05
S1_62401491 1 62405491 0.000467365605559737
S1_62534753 1 62538753 0.000895100485083535
S1_62534768 1 62538768 0.000895100485083535
S1_62537161 1 62541161 0.000209558692843302
S1_62555700 1 62559700 0.000471156446766689
S1_62560806 1 62564806 0.00046270254818285
S1_62561379 1 62565379 0.000877024620670368
S1_62566317 1 62570317 0.000904788703039788
S1_62570675 1 62574675 0.000888022728321153
S1_62570709 1 62574709 0.000888022728321118
S1_62572562 1 62576562 0.000338774837712105
S1_62574013 1 62578013 0.000766191106104882
S1_62650639 1 62654639 9.931190231983e-11
S1_62688267 1 62692267 0.000344306901296468
S1_62707557 1 62711557 9.68021493006285e-06
S1_62742426 1 62746426 0.000288732555203197
S1_62795171 1 62799171 0.00077840180035935
S1_62795232 1 62799232 0.000487405598951161
S1_62798752 1 62802752 3.41998117205794e-05
S1_62817597 1 62821597 9.67283114997955e-05
S1_62817788 1 62821788 0.000101804261688335
S1_62834554 1 62838554 3.41994469409156e-05
S1_62834811 1 62838811 0.000242756424008265
S1_62837080 1 62841080 0.000342795760293658
S1_62849965 1 62853965 0.000169518702022272
S1_62881318 1 62885318 3.22639795228291e-11
S1_62906222 1 62910222 0.000274103212941131
S1_63017935 1 63021935 5.98769873147035e-06
S1_63036387 1 63040387 3.57984783546621e-06
S1_63036505 1 63040505 5.43823519588838e-06
S1_63042376 1 63046376 4.80407855386814e-06
S1_63042660 1 63046660 0.000863010832264847
S1_63050257 1 63054257 0.000445320563020262
S1_63065057 1 63069057 6.68581155783767e-05
S1_63065063 1 63069063 6.58146872638211e-05
S1_63065114 1 63069114 3.00398636043546e-05
S1_63119218 1 63123218 0.000338656326154836
S1_63119323 1 63123323 0.000389427044925002
S1_63119324 1 63123324 7.42339828493505e-05
S1_63119388 1 63123388 0.00028304931680869
S1_63119400 1 63123400 0.000266261316957907
S1_63122862 1 63126862 0.000104730866343936
S1_63129569 1 63133569 0.000186004935663249
S1_63130675 1 63134675 0.00050775734524621
S1_63149240 1 63153240 0.000662821068272097
S1_63153375 1 63157375 0.000556770318275447
S1_63162474 1 63166474 0.000625327907192231
S1_63167152 1 63171152 0.000259551716283161
S1_63171386 1 63175386 1.17007951666848e-05
S1_63197406 1 63201406 0.000471414399539358
S1_63201853 1 63205853 0.000114341081864485
S1_63203526 1 63207526 0.000590325080276813
S1_63206535 1 63210535 0.000666693717657798
S1_63232115 1 63236115 0.000389423738768716
S1_63263903 1 63267903 0.000264390400328394
S1_63266655 1 63270655 0.000347802118696935
S1_63266827 1 63270827 0.000323592287530423
S1_63266850 1 63270850 0.000323592287530442
S1_63271230 1 63275230 0.00036101579453178
S1_63289901 1 63293901 0.000225384984157753
S1_63290091 1 63294091 0.00047326451824537
S1_63290469 1 63294469 8.46661027935632e-16
S1_63308860 1 63312860 0.000759367948639208
S1_63308961 1 63312961 0.000135417597183069
S1_63309122 1 63313122 0.000905962137939668
S1_63309221 1 63313221 5.18855453435706e-05
S1_63343627 1 63347627 5.63249397999494e-16
S1_63343631 1 63347631 5.62427711044444e-08
S1_63400226 1 63404226 8.02901283334307e-05
S1_63416388 1 63420388 0.000698554819318539
S1_63708968 1 63712968 0.000117009486129531
S1_63713643 1 63717643 3.78631406748987e-05
S1_63715711 1 63719711 2.0491581496859e-08
S1_63746035 1 63750035 9.17094203596668e-06
S1_63764300 1 63768300 2.64617963875113e-06
S1_63789357 1 63793357 3.25947049230968e-06
S1_63791494 1 63795494 5.83716110161306e-05
S1_63795706 1 63799706 1.4019051351971e-05
S1_63816070 1 63820070 0.000459010301359864
S1_63817576 1 63821576 0.000761791755750091
S1_63817616 1 63821616 0.000761791755750091
S1_63818113 1 63822113 0.000489286551512807
S1_63824578 1 63828578 0.000118744983673061
S1_63825864 1 63829864 0.000851726951705905
S1_63900968 1 63904968 0.00013225870927541
S1_63943291 1 63947291 0.0001712997583539
S1_63945243 1 63949243 9.29679599887625e-06
S1_64085848 1 64089848 3.76828653497247e-10
S1_64170252 1 64174252 6.46924435140496e-14
S1_64179337 1 64183337 0.000155680882936445
S1_64187070 1 64191070 0.000130163295205997
S1_64190484 1 64194484 0.000105889354247007
S1_64195206 1 64199206 0.000313749754621713
S1_64198056 1 64202056 0.000378011839722605
S1_64203493 1 64207493 5.83895739993095e-06
S1_64261305 1 64265305 0.000254631092006357
S1_64465680 1 64469680 0.000104473077888365
S1_64494522 1 64498522 5.36253861958045e-05
S1_64496601 1 64500601 1.20419065217172e-05
S1_64501278 1 64505278 5.5895076911031e-05
S1_64502732 1 64506732 5.69953956162084e-08
S1_64506882 1 64510882 5.45311247725338e-07
S1_64511383 1 64515383 9.64760092158905e-06
S1_64511410 1 64515410 4.68572192518267e-05
S1_64537440 1 64541440 1.04073577884968e-18
S1_64544712 1 64548712 1.95567179993048e-06
S1_64552934 1 64556934 2.67802511138573e-06
S1_64554443 1 64558443 4.37569382835971e-05
S1_64562927 1 64566927 1.46180387834762e-06
S1_64582039 1 64586039 2.51447164369538e-05
S1_64592998 1 64596998 4.97711093023507e-05
S1_64603584 1 64607584 2.46185920625726e-07
S1_64630453 1 64634453 6.58961592626058e-06
S1_64655351 1 64659351 5.34024575547042e-06
S1_64659479 1 64663479 5.448317777733e-05
S1_64735605 1 64739605 0.000661550200119675
S1_64813336 1 64817336 0.000125528912185404
S1_64818561 1 64822561 4.34268547264663e-06
S1_64820334 1 64824334 7.6377181038374e-06
S1_64820339 1 64824339 1.94020209127079e-05
S1_64820340 1 64824340 0.000282266337683571
S1_64841717 1 64845717 0.000805292106265056
S1_64902961 1 64906961 1.86657118635259e-06
S1_64920065 1 64924065 4.37476641792209e-07
S1_65048762 1 65052762 0.0005284417135619
S1_65060547 1 65064547 0.000491822511504763
S1_65063697 1 65067697 0.000603796126004562
S1_65084846 1 65088846 1.30365119739323e-07
S1_65088175 1 65092175 0.000215552232448508
S1_65091923 1 65095923 1.87211384895346e-06
S1_65104446 1 65108446 5.45240733440725e-06
S1_65107334 1 65111334 1.24905742044565e-05
S1_65110832 1 65114832 3.12283112791385e-05
S1_65121242 1 65125242 0.000515270489222191
S1_65124815 1 65128815 0.000833166825059427
S1_65146762 1 65150762 1.06946438489558e-08
S1_65151550 1 65155550 0.000492022265222325
S1_65151583 1 65155583 0.00049202226522246
S1_65160771 1 65164771 7.39592991579877e-08
S1_65161205 1 65165205 0.000133245034067511
S1_65162267 1 65166267 0.000256349332094319
S1_65172577 1 65176577 0.000158202541896536
S1_65174933 1 65178933 0.000245961999077872
S1_65247780 1 65251780 1.62863260378037e-06
S1_65253176 1 65257176 1.5131582949826e-14
S1_65354093 1 65358093 1.86379712839496e-07
S1_65354732 1 65358732 1.83262106086985e-18
S1_65354791 1 65358791 1.94278674272134e-06
S1_65361927 1 65365927 0.000137779894906249
S1_65372783 1 65376783 0.000292191196344595
S1_65372785 1 65376785 1.07123168874635e-05
S1_65506260 1 65510260 7.75854280078444e-06
S1_65506386 1 65510386 3.49072322549023e-05
S1_65519610 1 65523610 1.58187524077383e-05
S1_65537307 1 65541307 1.81073439699436e-05
S1_65542685 1 65546685 7.64764682987384e-07
S1_65557113 1 65561113 1.75726941375095e-05
S1_65564070 1 65568070 8.43707026513122e-07
S1_65565763 1 65569763 0.000520671619422709
S1_65573616 1 65577616 2.66734245385074e-14
S1_65573619 1 65577619 2.66287698522577e-14
S1_65574225 1 65578225 1.40114709415067e-05
S1_65581694 1 65585694 6.71985887497967e-07
S1_65582487 1 65586487 5.26830538765958e-06
S1_65593239 1 65597239 0.000189518072655345
S1_65620211 1 65624211 1.70505944870333e-05
S1_65620558 1 65624558 0.000109813540212041
S1_65681789 1 65685789 2.31766638351333e-07
S1_65697931 1 65701931 2.40737649562018e-15
S1_65717256 1 65721256 4.12178972037987e-06
S1_65723243 1 65727243 2.79995527170564e-05
S1_65746043 1 65750043 0.0002337062842255
S1_65750140 1 65754140 3.57505980368722e-05
S1_65778179 1 65782179 4.2522849560468e-07
S1_65778298 1 65782298 3.22108591667821e-07
S1_65786196 1 65790196 3.80741981730344e-05
S1_65786210 1 65790210 3.80741981730331e-05
S1_65793893 1 65797893 1.71103513707842e-05
S1_65818037 1 65822037 2.11946138483852e-12
S1_65819781 1 65823781 3.83900104116619e-06
S1_65824158 1 65828158 3.12589075640102e-06
S1_65824362 1 65828362 2.81114732072371e-06
S1_65824487 1 65828487 9.29576820835226e-06
S1_65983499 1 65987499 1.25227906995799e-05
S1_66044715 1 66048715 0.000456651444000479
S1_66044781 1 66048781 0.000672334506905069
S1_66092841 1 66096841 6.98917541342825e-05
S1_66224339 1 66228339 0.000126126317656453
S1_66225268 1 66229268 0.000404939202739741
S1_66237201 1 66241201 0.000499911855327727
S1_66299088 1 66303088 0.00018928097890967
S1_66330984 1 66334984 3.27740464222019e-06
S1_66331041 1 66335041 9.89783491337233e-06
S1_66331052 1 66335052 1.81990348226101e-05
S1_66331055 1 66335055 1.81990348226111e-05
S1_66331060 1 66335060 1.12434662619871e-05
S1_66353434 1 66357434 0.000887892439943746
S1_66353439 1 66357439 0.000887892439943746
S1_66353669 1 66357669 3.25588632157269e-06
S1_66366908 1 66370908 5.23886188497632e-06
S1_66367607 1 66371607 0.000526266300427825
S1_66367609 1 66371609 7.72948912008812e-05
S1_66367660 1 66371660 7.72948912008812e-05
S1_66369487 1 66373487 7.08000661857412e-05
S1_66369504 1 66373504 0.000443692935008898
S1_66370477 1 66374477 0.000373694432307675
S1_66370488 1 66374488 0.000373694432307675
S1_66370594 1 66374594 0.000117082303144606
S1_66370633 1 66374633 0.000117082303144608
S1_66423064 1 66427064 0.000932102895745166
S1_66425160 1 66429160 0.000751579718364768
S1_66425181 1 66429181 0.000751579718364768
S1_66429377 1 66433377 9.75041090182645e-06
S1_66429410 1 66433410 9.59657810342636e-08
S1_66449181 1 66453181 2.37413643516559e-05
S1_66455329 1 66459329 0.000199530073448358
S1_66533512 1 66537512 1.71071638761414e-05
S1_66533683 1 66537683 0.000707862003188721
S1_66533927 1 66537927 0.000433293562902997
S1_66533940 1 66537940 0.000433293562902981
S1_66534142 1 66538142 0.000943195891262518
S1_66552297 1 66556297 0.000173456009306435
S1_66552298 1 66556298 0.000351853832814353
S1_66552300 1 66556300 0.000347044990392274
S1_66552301 1 66556301 0.000137040271114981
S1_66552302 1 66556302 3.6701121307636e-05
S1_66555691 1 66559691 0.000481980576690258
S1_66557189 1 66561189 0.000144482500952838
S1_66557209 1 66561209 1.35795738921392e-05
S1_66557231 1 66561231 0.000152745815122942
S1_66557276 1 66561276 7.20110846971435e-06
S1_66610482 1 66614482 4.46868571194847e-05
S1_66624681 1 66628681 7.27688957245567e-05
S1_66632605 1 66636605 0.00085722827145711
S1_66666519 1 66670519 0.000761659887803084
S1_66674496 1 66678496 8.72865895851304e-05
S1_66701364 1 66705364 0.000210975047703418
S1_66826916 1 66830916 2.63144643061588e-05
S1_66857344 1 66861344 3.18155440782292e-05
S1_66881799 1 66885799 1.81228017877113e-05
S1_66886918 1 66890918 0.000637787718218924
S1_66888663 1 66892663 0.000196965234448699
S1_66890944 1 66894944 3.91786649300444e-05
S1_66916247 1 66920247 0.000236134328805739
S1_66921856 1 66925856 0.000531380308366362
S1_66921866 1 66925866 0.000531380308366362
S1_66921906 1 66925906 0.000531380308366312
S1_66971612 1 66975612 0.000694211877772645
S1_66999001 1 67003001 4.60580132697162e-06
S1_67073315 1 67077315 5.27815432430193e-05
S1_67084679 1 67088679 1.4847950176113e-05
S1_67091565 1 67095565 1.4347501599793e-06
S1_67207683 1 67211683 0.00080227965994065
S1_67222936 1 67226936 0.000712714932618963
S1_67224856 1 67228856 8.64458279702556e-07
S1_67247723 1 67251723 5.93256340131839e-05
S1_67249437 1 67253437 4.94652172905782e-05
S1_67289131 1 67293131 5.39124943993208e-07
S1_67294246 1 67298246 1.2134740524834e-05
S1_67326810 1 67330810 0.000464396860561522
S1_67341956 1 67345956 0.000789912161717622
S1_67357277 1 67361277 0.000335397073961002
S1_67377637 1 67381637 4.51701740906158e-07
S1_67386332 1 67390332 0.000301032301688519
S1_67472491 1 67476491 0.000569266341001417
S1_67489817 1 67493817 6.06541582133051e-05
S1_67499251 1 67503251 0.000132777683850958
S1_67507157 1 67511157 2.05455957391614e-14
S1_67560576 1 67564576 0.000359792506368888
S1_67566494 1 67570494 7.64574814271152e-06
S1_67604920 1 67608920 1.7885485416148e-05
S1_67604921 1 67608921 1.7885485416148e-05
S1_67734828 1 67738828 5.2362403876757e-05
S1_67734857 1 67738857 5.24154868935077e-05
S1_67734880 1 67738880 5.2362403876757e-05
S1_67780780 1 67784780 2.44497088286204e-06
S1_67801088 1 67805088 2.77586831974499e-05
S1_67873137 1 67877137 7.72901875350969e-06
S1_67934776 1 67938776 1.24827275157358e-05
S1_67935200 1 67939200 0.000423993912862478
S1_67939210 1 67943210 3.57163949703833e-05
S1_67943655 1 67947655 9.00419664746763e-06
S1_67946695 1 67950695 0.000315059621677788
S1_67946712 1 67950712 0.000300061966791197
S1_67967584 1 67971584 3.22914964172814e-05
S1_68027364 1 68031364 0.000815435727302663
S1_68028288 1 68032288 2.3811182168551e-05
S1_68062656 1 68066656 4.45190067864144e-05
S1_68063171 1 68067171 4.4362105422876e-06
S1_68066223 1 68070223 0.000226798825879692
S1_68066226 1 68070226 1.50322506372123e-06
S1_68066277 1 68070277 0.000226798825879692
S1_68066278 1 68070278 0.000226798825879692
S1_68066279 1 68070279 0.000226798825879692
S1_68066280 1 68070280 0.000226798825879692
S1_68066994 1 68070994 7.17160230605812e-05
S1_68067003 1 68071003 7.17160230605812e-05
S1_68083921 1 68087921 6.32834203749732e-07
S1_68083958 1 68087958 5.94967785230457e-05
S1_68084405 1 68088405 0.000181043112950736
S1_68084565 1 68088565 8.95249852588398e-06
S1_68090896 1 68094896 2.50595988711201e-06
S1_68090956 1 68094956 0.000265763802469357
S1_68091018 1 68095018 0.000240090515055945
S1_68091057 1 68095057 0.000865960879808474
S1_68091058 1 68095058 0.000701809814294404
S1_68091695 1 68095695 0.000250649835128131
S1_68091706 1 68095706 0.000250649835128131
S1_68098771 1 68102771 4.16991433172285e-06
S1_68104270 1 68108270 3.9461001765597e-06
S1_68147820 1 68151820 0.000217239536118012
S1_68155291 1 68159291 3.96973809740499e-06
S1_68155295 1 68159295 3.96973809740403e-06
S1_68161399 1 68165399 0.000252193023078446
S1_68198005 1 68202005 1.37580468361175e-05
S1_68279653 1 68283653 3.30384911840521e-07
S1_68346607 1 68350607 0.000166752815805657
S1_68364293 1 68368293 0.000628077277725073
S1_68387015 1 68391015 5.6944955891424e-15
S1_68409470 1 68413470 2.95349737461833e-07
S1_68578853 1 68582853 3.47922218393498e-05
S1_68584526 1 68588526 1.31160599933446e-06
S1_68584531 1 68588531 0.000148832288184116
S1_68602192 1 68606192 7.69211764623642e-07
S1_68614037 1 68618037 8.61273909152762e-07
S1_68614053 1 68618053 8.61273909152703e-07
S1_68614063 1 68618063 8.61273909152703e-07
S1_68615473 1 68619473 0.000236279837374565
S1_68619499 1 68623499 7.73349021198753e-06
S1_68619541 1 68623541 7.73349021198753e-06
S1_68619712 1 68623712 8.29159754828613e-06
S1_68619841 1 68623841 3.1050354876995e-05
S1_68624256 1 68628256 6.44458276542039e-06
S1_68624352 1 68628352 4.83854460578234e-06
S1_68626945 1 68630945 7.23108226498684e-06
S1_68626949 1 68630949 7.23108226498684e-06
S1_68627131 1 68631131 6.67594677904339e-06
S1_68627138 1 68631138 6.67594677904339e-06
S1_68627342 1 68631342 0.000133429898424141
S1_68632258 1 68636258 7.01999196479071e-06
S1_68741610 1 68745610 9.90404240615098e-07
S1_68747718 1 68751718 1.31464922786129e-05
S1_68751220 1 68755220 2.45220891813394e-06
S1_68898082 1 68902082 4.12945327925866e-06
S1_68898821 1 68902821 7.38327663377249e-05
S1_68911515 1 68915515 2.32460893088593e-07
S1_68932902 1 68936902 2.2458373236577e-06
S1_68979725 1 68983725 3.96155922997379e-06
S1_69034708 1 69038708 0.000112800661193296
S1_69131915 1 69135915 0.000421766967703454
S1_69167496 1 69171496 1.85388322521783e-05
S1_69189894 1 69193894 4.36712461532446e-05
S1_69208925 1 69212925 5.12743564092351e-06
S1_69220976 1 69224976 7.13737232302335e-06
S1_69240085 1 69244085 4.43024892290445e-18
S1_69240918 1 69244918 1.450972936476e-16
S1_69260761 1 69264761 2.04526761812456e-06
S1_69320475 1 69324475 2.6543347430491e-06
S1_69412185 1 69416185 4.33730414936069e-07
S1_69412218 1 69416218 6.02597800957452e-07
S1_69412233 1 69416233 6.26451117245081e-07
S1_69425489 1 69429489 2.37963842075703e-05
S1_69425695 1 69429695 0.000101975653647933
S1_69425740 1 69429740 2.3761445711096e-05
S1_69425765 1 69429765 2.3761445711096e-05
S1_69426409 1 69430409 0.000571614689503127
S1_69440322 1 69444322 3.32719047811152e-06
S1_69440355 1 69444355 0.000783697326120434
S1_69440765 1 69444765 9.91434309476544e-08
S1_69449611 1 69453611 0.000469181746657175
S1_69449995 1 69453995 0.000178664136324275
S1_69474744 1 69478744 3.0402630960951e-06
S1_69488270 1 69492270 0.000193665375455944
S1_69560394 1 69564394 6.77324961804708e-06
S1_69599207 1 69603207 5.60287960680923e-20
S1_69660601 1 69664601 4.49110996991851e-08
S1_69664493 1 69668493 9.6690952437026e-05
S1_69697822 1 69701822 0.000932047034364703
S1_69729516 1 69733516 4.97902333590777e-05
S1_69731236 1 69735236 7.51288806097449e-07
S1_69758993 1 69762993 1.10566020801045e-06
S1_69759023 1 69763023 1.14959497652255e-06
S1_69784083 1 69788083 2.63182285392422e-06
S1_69784089 1 69788089 2.63182285392422e-06
S1_69791039 1 69795039 6.04996188920151e-09
S1_69795015 1 69799015 5.42225892944453e-07
S1_69795317 1 69799317 1.522447446244e-14
S1_69798511 1 69802511 0.000257733909676993
S1_69801560 1 69805560 2.88277862817e-05
S1_69809808 1 69813808 3.41218171768453e-07
S1_69819159 1 69823159 3.59156676342806e-05
S1_69834915 1 69838915 0.000268286759875474
S1_69847851 1 69851851 2.67765362057417e-06
S1_69847899 1 69851899 2.03207070069034e-06
S1_69924884 1 69928884 0.000115100641212405
S1_69928976 1 69932976 0.000607894389637732
S1_69929006 1 69933006 0.000607776298798318
S1_69930076 1 69934076 0.00055921181469737
S1_70038442 1 70042442 0.00016558103695941
S1_70081509 1 70085509 1.24576844836866e-06
S1_70081662 1 70085662 3.246168629739e-07
S1_70082295 1 70086295 2.71789646236911e-07
S1_70096892 1 70100892 3.43049341840627e-07
S1_70096939 1 70100939 3.43049341840612e-07
S1_70104656 1 70108656 1.31817918595699e-07
S1_70104660 1 70108660 6.63891968427368e-08
S1_70106295 1 70110295 3.78745663495663e-08
S1_70121768 1 70125768 1.75825719185756e-05
S1_70129766 1 70133766 2.01730860002914e-06
S1_70130771 1 70134771 0.000128571952607285
S1_70135940 1 70139940 9.1942730023297e-05
S1_70162068 1 70166068 0.000290808508433609
S1_70277581 1 70281581 0.000184452606848288
S1_70284639 1 70288639 2.64145850411235e-06
S1_70300525 1 70304525 2.34940367622854e-07
S1_70305991 1 70309991 7.15326469192951e-07
S1_70321755 1 70325755 6.95729833092897e-07
S1_70333758 1 70337758 1.17566522059935e-06
S1_70358688 1 70362688 0.000833120670450361
S1_70361652 1 70365652 6.78941915169611e-07
S1_70373919 1 70377919 0.000721123870840141
S1_70375106 1 70379106 7.96381034944907e-06
S1_70375123 1 70379123 9.37701567135941e-06
S1_70376486 1 70380486 2.28247833386169e-05
S1_70389789 1 70393789 6.75335986595173e-05
S1_70391526 1 70395526 2.43418605793012e-05
S1_70391846 1 70395846 0.000204783352767737
S1_70391855 1 70395855 0.000204783352767741
S1_70402211 1 70406211 1.24487603605295e-05
S1_70402231 1 70406231 1.88228426474567e-06
S1_70405650 1 70409650 2.98621517769208e-06
S1_70405677 1 70409677 3.72762190824707e-07
S1_70406339 1 70410339 0.000134584052560978
S1_70408699 1 70412699 0.000298401368182756
S1_70431683 1 70435683 0.000504690808101573
S1_70435618 1 70439618 4.43680005182147e-06
S1_70443309 1 70447309 2.66669899693851e-05
S1_70443326 1 70447326 9.36528967456957e-05
S1_70443332 1 70447332 9.36528967456991e-05
S1_70443351 1 70447351 5.04774826984829e-05
S1_70443353 1 70447353 5.04774826984829e-05
S1_70443387 1 70447387 0.000147548547151797
S1_70443404 1 70447404 0.0007740067292445
S1_70453845 1 70457845 1.1507988062476e-05
S1_70466049 1 70470049 0.000862573851541881
S1_70512674 1 70516674 0.000178359854412792
S1_70512678 1 70516678 0.000178359854412788
S1_70513549 1 70517549 1.20583578975346e-06
S1_70513613 1 70517613 2.25156737679929e-06
S1_70513618 1 70517618 2.25156737679912e-06
S1_70530382 1 70534382 2.4639974267961e-06
S1_70530383 1 70534383 1.52635553564428e-05
S1_70530386 1 70534386 2.46399742679623e-06
S1_70530388 1 70534388 1.5193801075881e-05
S1_70530390 1 70534390 2.4639974267961e-06
S1_70530392 1 70534392 2.4639974267961e-06
S1_70530395 1 70534395 1.54395982819798e-05
S1_70530401 1 70534401 1.24317752063499e-05
S1_70530406 1 70534406 2.46399742679623e-06
S1_70530408 1 70534408 2.4639974267961e-06
S1_70541937 1 70545937 1.10579388385019e-06
S1_70571472 1 70575472 0.000700599791109996
S1_70571537 1 70575537 0.000114106280650482
S1_70571562 1 70575562 2.76218365306796e-07
S1_70571668 1 70575668 1.39205922615646e-06
S1_70571938 1 70575938 2.01555620097188e-05
S1_70576713 1 70580713 5.55061899480231e-05
S1_70576733 1 70580733 5.55061899480231e-05
S1_70577466 1 70581466 4.16075262308479e-05
S1_70577481 1 70581481 0.000189561149867246
S1_70583516 1 70587516 7.72999269850299e-18
S1_70593060 1 70597060 2.99059948491709e-05
S1_70593591 1 70597591 6.30796804966342e-05
S1_70594288 1 70598288 0.000145163768502642
S1_70595518 1 70599518 1.12066484388939e-06
S1_70596395 1 70600395 1.20107185144941e-06
S1_70613826 1 70617826 9.57291709537843e-07
S1_70632231 1 70636231 6.81033308707596e-05
S1_70648200 1 70652200 2.11766815894013e-06
S1_70648208 1 70652208 2.24093184899095e-07
S1_70683979 1 70687979 7.55840257980242e-06
S1_70683980 1 70687980 7.55840257980438e-06
S1_70684193 1 70688193 0.000331736024918406
S1_70684301 1 70688301 0.000237700247345691
S1_70687943 1 70691943 8.54998850592648e-05
S1_70690389 1 70694389 5.37768078841466e-06
S1_70700805 1 70704805 0.000166835016929954
S1_70700825 1 70704825 0.000166835016929954
S1_70700829 1 70704829 0.000166835016929954
S1_70700876 1 70704876 0.000777821354624174
S1_70701007 1 70705007 0.000680298719868748
S1_70702743 1 70706743 0.000182900126442561
S1_70722671 1 70726671 1.2425651933387e-05
S1_70743280 1 70747280 4.77061920183125e-09
S1_70743635 1 70747635 5.34456260581105e-08
S1_70753174 1 70757174 0.000103394400745338
S1_70753304 1 70757304 4.54885414387269e-05
S1_70780013 1 70784013 0.000178306928705145
S1_70784697 1 70788697 7.36784441540334e-05
S1_70892655 1 70896655 1.2326126802299e-06
S1_70896775 1 70900775 0.000275090213710543
S1_70916716 1 70920716 2.98247254552019e-05
S1_70995919 1 70999919 5.11977342260805e-08
S1_71002362 1 71006362 0.000611246292625716
S1_71008912 1 71012912 0.000214334341615674
S1_71009497 1 71013497 2.51537941558714e-06
S1_71023743 1 71027743 0.000312765547054003
S1_71123249 1 71127249 1.84933091616183e-05
S1_71123271 1 71127271 1.84933091616179e-05
S1_71209639 1 71213639 3.52876192684706e-05
S1_71209736 1 71213736 4.67778136245558e-05
S1_71234824 1 71238824 5.6382497657736e-05
S1_71234892 1 71238892 1.47389114207255e-10
S1_71243251 1 71247251 0.000484202836669573
S1_71243294 1 71247294 0.000484202836669573
S1_71367448 1 71371448 0.00060492166763353
S1_71427778 1 71431778 0.000745381648593792
S1_71439833 1 71443833 1.16837969349164e-06
S1_71446909 1 71450909 9.72028451269174e-10
S1_71446920 1 71450920 2.92978306715288e-09
S1_71496490 1 71500490 4.83523859236809e-10
S1_71626743 1 71630743 0.000395339699177681
S1_71627160 1 71631160 0.000979934314984539
S1_71630747 1 71634747 0.000139327160599612
S1_71652925 1 71656925 2.5282914392205e-05
S1_71653406 1 71657406 0.000279118358615322
S1_71657159 1 71661159 2.9250176751624e-12
S1_71658369 1 71662369 1.14700276253147e-14
S1_71670306 1 71674306 4.66478105172699e-06
S1_71670533 1 71674533 5.73633734614689e-07
S1_71677870 1 71681870 1.11667144581039e-05
S1_71702527 1 71706527 7.9333966752639e-22
S1_71704088 1 71708088 0.000272230482335761
S1_71740338 1 71744338 3.47610309702297e-11
S1_71778382 1 71782382 0.000673063957227408
S1_71810375 1 71814375 5.14379786520387e-10
S1_71810951 1 71814951 0.00060289499271792
S1_71904139 1 71908139 0.000397768827799678
S1_71962173 1 71966173 4.81413850564507e-09
S1_72037883 1 72041883 5.76422074701234e-05
S1_72083601 1 72087601 0.00026959085539166
S1_72083604 1 72087604 0.000813730327749096
S1_72123495 1 72127495 0.000133480828623115
S1_72123498 1 72127498 0.000133480828623115
S1_72127786 1 72131786 9.95275181706301e-05
S1_72148363 1 72152363 0.000227350484877302
S1_72205549 1 72209549 0.000623882382998321
S1_72205570 1 72209570 0.000835369592212829
S1_72205571 1 72209571 0.000858255443022943
S1_72290780 1 72294780 2.3328247767512e-15
S1_72406128 1 72410128 4.01799258609201e-06
S1_72437574 1 72441574 4.52353648653144e-12
S1_72437661 1 72441661 1.22431256960112e-08
S1_72465531 1 72469531 1.77888080612713e-10
S1_72465537 1 72469537 1.77888080612713e-10
S1_72467742 1 72471742 2.42875964556498e-05
S1_72468299 1 72472299 0.000658445884578968
S1_72480315 1 72484315 2.34770128612045e-05
S1_72490236 1 72494236 0.000270278465973493
S1_72503671 1 72507671 4.09633698811292e-06
S1_72503674 1 72507674 4.09633698811292e-06
S1_72503675 1 72507675 0.000520664932259452
S1_72503677 1 72507677 0.000520664932259452
S1_72503916 1 72507916 0.000266956441175211
S1_72531356 1 72535356 0.000844533324177531
S1_72560753 1 72564753 4.01697677370756e-10
S1_72565305 1 72569305 0.000221611866572123
S1_72568752 1 72572752 3.14229566441252e-06
S1_72568929 1 72572929 0.000193029743557256
S1_72569068 1 72573068 0.000112262615231302
S1_72569083 1 72573083 0.000112262615231302
S1_72569104 1 72573104 0.000112262615231302
S1_72585085 1 72589085 0.000888864906109831
S1_72591670 1 72595670 2.78296119160462e-06
S1_72608343 1 72612343 7.2609106385758e-09
S1_72661942 1 72665942 0.000220498774099955
S1_72712302 1 72716302 0.000120899529152323
S1_72712304 1 72716304 0.000120899529152323
S1_72742836 1 72746836 3.92911127617597e-05
S1_72794514 1 72798514 2.264529587837e-06
S1_72869484 1 72873484 7.21527473674472e-05
S1_72896926 1 72900926 7.83942630932502e-05
S1_72900434 1 72904434 9.54117065439471e-06
S1_72900960 1 72904960 4.6563055505061e-05
S1_72913375 1 72917375 7.03662804086636e-06
S1_72926658 1 72930658 0.000860940660421316
S1_72979460 1 72983460 1.72642367444045e-19
S1_72980873 1 72984873 3.08713962648029e-07
S1_73012016 1 73016016 0.000998646284053387
S1_73025605 1 73029605 2.12634421141929e-15
S1_73047350 1 73051350 1.82459186453361e-19
S1_73073780 1 73077780 1.30874368564248e-10
S1_73142802 1 73146802 4.18297639223755e-05
S1_73185969 1 73189969 8.34588257081868e-07
S1_73186246 1 73190246 6.54827348011846e-12
S1_73240434 1 73244434 2.15590247728006e-15
S1_73273644 1 73277644 0.000924280422778271
S1_73278603 1 73282603 7.83836022841045e-05
S1_73332046 1 73336046 0.000105113825587216
S1_73345632 1 73349632 6.36115313865437e-21
S1_73345636 1 73349636 2.75282400269984e-07
S1_73345747 1 73349747 3.06569776318802e-05
S1_73345897 1 73349897 0.000759705110533068
S1_73358159 1 73362159 1.6170369426206e-05
S1_73429666 1 73433666 0.000172534956517091
S1_73433924 1 73437924 1.12798293748352e-09
S1_73472153 1 73476153 2.69573467088851e-06
S1_73472174 1 73476174 2.69573467088851e-06
S1_73506270 1 73510270 0.000212111927649171
S1_73506272 1 73510272 1.00669471602975e-10
S1_73658445 1 73662445 6.79620316791978e-09
S1_73693369 1 73697369 0.000401957476294781
S1_73813051 1 73817051 3.58922703384442e-05
