Marker Chr Pos p
S7_78638 7 82638 0.000415583525675419
S7_131162 7 135162 4.48745096978746e-05
S7_131365 7 135365 2.11512316910026e-05
S7_133604 7 137604 0.00037808431586729
S7_147083 7 151083 0.000221493877340009
S7_153796 7 157796 2.7695616398958e-05
S7_158504 7 162504 0.000157329048290437
S7_169926 7 173926 1.6405341736573e-07
S7_281958 7 285958 0.000416834410062345
S7_328860 7 332860 1.40970016144795e-06
S7_441579 7 445579 5.54912572072725e-05
S7_441580 7 445580 5.54912572072725e-05
S7_441582 7 445582 9.4194078616997e-05
S7_441585 7 445585 8.83439096829738e-05
S7_480094 7 484094 4.11359512721896e-07
S7_480096 7 484096 4.11359512721867e-07
S7_480097 7 484097 4.11359512721867e-07
S7_505256 7 509256 2.78393066789864e-06
S7_510264 7 514264 0.000232886407266626
S7_543526 7 547526 1.07249937511286e-05
S7_543543 7 547543 1.07249937511286e-05
S7_549033 7 553033 5.37966864785824e-13
S7_578924 7 582924 1.39693453115761e-05
S7_585874 7 589874 5.16324770371368e-05
S7_593384 7 597384 2.51998116038609e-05
S7_602863 7 606863 1.30365560566422e-06
S7_602886 7 606886 7.13019597394099e-06
S7_610166 7 614166 2.6284034218521e-05
S7_643545 7 647545 9.1884150990989e-07
S7_643565 7 647565 9.1884150990989e-07
S7_643566 7 647566 9.1884150990989e-07
S7_643867 7 647867 2.33661242584082e-05
S7_654938 7 658938 0.000351308524783597
S7_668774 7 672774 5.6903026091611e-17
S7_705273 7 709273 8.78613245679562e-05
S7_719162 7 723162 3.69394413099915e-05
S7_862000 7 866000 0.000486895853451437
S7_872678 7 876678 0.000753820202701178
S7_877468 7 881468 0.000101516534537262
S7_922067 7 926067 0.000146737900143963
S7_938962 7 942962 2.44769261598221e-05
S7_983720 7 987720 1.13112681587923e-06
S7_984622 7 988622 0.000171717771808615
S7_984652 7 988652 0.000171717771808612
S7_985983 7 989983 0.000119745466353146
S7_987047 7 991047 1.44275848934459e-11
S7_987067 7 991067 1.10180003918086e-11
S7_987388 7 991388 7.88751148136808e-08
S7_1013798 7 1017798 5.6600646679304e-05
S7_1055329 7 1059329 0.000517966846334908
S7_1136434 7 1140434 0.000801894071165484
S7_1136470 7 1140470 4.15738351192269e-10
S7_1185964 7 1189964 3.39596970747607e-08
S7_1186155 7 1190155 0.000502388436171148
S7_1243841 7 1247841 0.000142905916711237
S7_1255238 7 1259238 0.000323849493687117
S7_1259489 7 1263489 0.000591658241696378
S7_1259504 7 1263504 0.000591658241696378
S7_1259525 7 1263525 0.000591658241696388
S7_1269071 7 1273071 0.000608343258677209
S7_1383921 7 1387921 0.000237196601054362
S7_1389625 7 1393625 6.05725315482993e-08
S7_1390375 7 1394375 0.000193870882187758
S7_1413707 7 1417707 0.000533818882279556
S7_1413839 7 1417839 0.000164780856136585
S7_1580919 7 1584919 4.58222730340304e-06
S7_1763812 7 1767812 3.02470498725746e-05
S7_1777449 7 1781449 0.000374874553655111
S7_1808854 7 1812854 0.000344102186069891
S7_1817166 7 1821166 0.000526401522254049
S7_1881852 7 1885852 0.000233498353670761
S7_1892357 7 1896357 1.95552359528459e-06
S7_1905918 7 1909918 2.29934200779454e-05
S7_1932026 7 1936026 2.07341599972364e-08
S7_2007131 7 2011131 0.000391989166103209
S7_2007901 7 2011901 0.000104924966397348
S7_2051302 7 2055302 1.12670232140688e-05
S7_2064728 7 2068728 0.000322253358279994
S7_2064944 7 2068944 0.000485366046422438
S7_2064949 7 2068949 0.000485366046422438
S7_2064975 7 2068975 0.000489669139558712
S7_2064977 7 2068977 0.000485366046422438
S7_2069596 7 2073596 0.00071299833211287
S7_2070239 7 2074239 0.000663346719030386
S7_2074726 7 2078726 0.000806727982090656
S7_2075556 7 2079556 0.000890850358302035
S7_2107782 7 2111782 3.72422983148593e-07
S7_2126208 7 2130208 1.71798154413541e-06
S7_2126393 7 2130393 9.70802572063605e-06
S7_2180252 7 2184252 9.45977044513461e-05
S7_2202320 7 2206320 5.11016363511902e-08
S7_2235831 7 2239831 3.11730584496422e-10
S7_2265384 7 2269384 1.62817052050681e-05
S7_2466930 7 2470930 2.25327447843608e-05
S7_2466931 7 2470931 6.52716067968047e-05
S7_2466933 7 2470933 2.32776064600996e-05
S7_2466938 7 2470938 1.12982166370967e-07
S7_2466940 7 2470940 1.12982166370967e-07
S7_2530631 7 2534631 4.02928963504231e-06
S7_2585730 7 2589730 2.69487798378177e-17
S7_2585762 7 2589762 2.69487798378177e-17
S7_2585774 7 2589774 2.69487798378009e-17
S7_2586112 7 2590112 0.000564247594599282
S7_2611308 7 2615308 1.35015060536515e-06
S7_2611791 7 2615791 0.000106093386602023
S7_2617486 7 2621486 0.000232913638476463
S7_2885215 7 2889215 0.000508337155402636
S7_2956087 7 2960087 0.000178184360520321
S7_2956091 7 2960091 0.000178184360520321
S7_2956103 7 2960103 0.000178184360520321
S7_2968190 7 2972190 0.000956363166520876
S7_2983115 7 2987115 2.01811656957495e-07
S7_3033214 7 3037214 2.96656569421779e-14
S7_3033706 7 3037706 0.000134420113992199
S7_3033849 7 3037849 2.0566318627286e-05
S7_3033891 7 3037891 2.96431651528826e-09
S7_3051177 7 3055177 9.16224278265818e-06
S7_3065818 7 3069818 1.06537394117186e-11
S7_3066452 7 3070452 0.000837364571587483
S7_3154643 7 3158643 0.000188457308172098
S7_3223973 7 3227973 0.000652634279195084
S7_3309721 7 3313721 0.000511776767337538
S7_3309730 7 3313730 0.000396784242327254
S7_3347056 7 3351056 0.000417588695069554
S7_3370716 7 3374716 0.000283914447537665
S7_3392832 7 3396832 3.48471102676623e-05
S7_3420925 7 3424925 7.31730832822456e-05
S7_3429777 7 3433777 0.000149596274320781
S7_3667314 7 3671314 0.000684905760578477
S7_3671649 7 3675649 5.73985416791083e-06
S7_3681844 7 3685844 1.72617575161817e-09
S7_3727119 7 3731119 0.000275854621166666
S7_3731461 7 3735461 0.000670578980885252
S7_3831719 7 3835719 3.31475820815504e-12
S7_3856145 7 3860145 8.5833868192303e-05
S7_3867243 7 3871243 3.91160888172499e-06
S7_3867768 7 3871768 0.000118878548645938
S7_3875125 7 3879125 0.000118758669196173
S7_4115470 7 4119470 5.91614773825024e-05
S7_4211546 7 4215546 0.00094997614609448
S7_4218004 7 4222004 7.51095066774574e-05
S7_4223852 7 4227852 0.000923302799004957
S7_4225981 7 4229981 3.20611780210795e-15
S7_4257344 7 4261344 6.80367385191455e-05
S7_4307280 7 4311280 0.000342432942141995
S7_4400866 7 4404866 0.000147314384913141
S7_4459108 7 4463108 0.000759484285370012
S7_4463526 7 4467526 0.00059191925105194
S7_4533604 7 4537604 3.01369175768919e-05
S7_4541493 7 4545493 4.28833410264767e-06
S7_4541597 7 4545597 4.68834819585658e-05
S7_4546320 7 4550320 0.000102089681723939
S7_4546487 7 4550487 0.000116045078550833
S7_4546619 7 4550619 4.66599600966284e-05
S7_4550352 7 4554352 1.26800287140286e-14
S7_4594190 7 4598190 1.51168507936933e-05
S7_4637265 7 4641265 1.16488921238964e-05
S7_4750203 7 4754203 3.25926726742105e-14
S7_4811445 7 4815445 2.69989197431175e-07
S7_4834627 7 4838627 1.09833811134719e-07
S7_4858828 7 4862828 0.000569259019939227
S7_4858829 7 4862829 0.000569259019939211
S7_4904164 7 4908164 0.00019546091274905
S7_4916885 7 4920885 0.000184557961898566
S7_4945275 7 4949275 0.000367509314105198
S7_5058054 7 5062054 7.42136096759898e-06
S7_5100203 7 5104203 5.75090996933826e-07
S7_5113658 7 5117658 0.000241160236008425
S7_5139522 7 5143522 0.000201629520943294
S7_5176250 7 5180250 0.000391866727334223
S7_5185293 7 5189293 0.000103606990766727
S7_5207535 7 5211535 0.000817659542309308
S7_5207856 7 5211856 3.45356408756895e-05
S7_5207857 7 5211857 0.000454184679814987
S7_5207859 7 5211859 0.000456089871003099
S7_5208130 7 5212130 0.000890973875209211
S7_5208147 7 5212147 0.000890973875209211
S7_5213585 7 5217585 2.93213330685145e-07
S7_5213946 7 5217946 2.10593016340809e-05
S7_5219134 7 5223134 1.27961996854798e-08
S7_5336540 7 5340540 1.66715872382089e-06
S7_5336543 7 5340543 1.66715872382089e-06
S7_5336544 7 5340544 1.66715872382089e-06
S7_5336545 7 5340545 1.66715872382089e-06
S7_5336548 7 5340548 1.66715872382089e-06
S7_5341810 7 5345810 2.20255106871052e-17
S7_5382121 7 5386121 1.04541920590986e-11
S7_5389349 7 5393349 6.75254546833756e-10
S7_5401802 7 5405802 5.56281084848582e-07
S7_5409484 7 5413484 6.84444064146468e-05
S7_5409562 7 5413562 3.10846108155647e-10
S7_5409566 7 5413566 3.10846108155506e-10
S7_5409568 7 5413568 3.10846108155647e-10
S7_5409857 7 5413857 1.92979611746702e-05
S7_5412496 7 5416496 9.69164635172586e-07
S7_5444197 7 5448197 2.51325154495477e-12
S7_5453181 7 5457181 1.65052468240502e-10
S7_5507322 7 5511322 1.05592488566851e-11
S7_5548010 7 5552010 0.000606903846660254
S7_5566853 7 5570853 0.00051210340046218
S7_5575369 7 5579369 0.00075796251143176
S7_5605203 7 5609203 9.46415855545785e-07
S7_5659781 7 5663781 1.25410062272939e-05
S7_5669151 7 5673151 3.39404566205365e-05
S7_5911269 7 5915269 2.09207117594668e-05
S7_5916767 7 5920767 3.05385342672862e-07
S7_5932940 7 5936940 0.000129969061588601
S7_5936242 7 5940242 2.08419429821383e-08
S7_5961671 7 5965671 6.92901220417773e-15
S7_6056026 7 6060026 3.21636356694396e-09
S7_6123738 7 6127738 0.000326839094150742
S7_6289900 7 6293900 5.12790677862326e-07
S7_6428120 7 6432120 0.000379939805533168
S7_6431026 7 6435026 0.000491280858385722
S7_6544712 7 6548712 1.9499282162022e-06
S7_6544961 7 6548961 0.000610776923266116
S7_6675821 7 6679821 0.000709826180308293
S7_6961043 7 6965043 4.47970653059495e-05
S7_7015582 7 7019582 4.60472738274124e-08
S7_7022187 7 7026187 0.000621861522526094
S7_7022206 7 7026206 0.000136979859658547
S7_7022216 7 7026216 0.000120539872996913
S7_7022221 7 7026221 0.000120539872996913
S7_7022318 7 7026318 0.000264017352876301
S7_7032401 7 7036401 3.16459014120932e-07
S7_7083858 7 7087858 6.14454265661821e-08
S7_7085682 7 7089682 4.87155942912886e-10
S7_7097195 7 7101195 1.2274889989768e-08
S7_7103682 7 7107682 6.33276501210438e-05
S7_7108792 7 7112792 5.83728599085612e-05
S7_7132630 7 7136630 6.0301919222247e-06
S7_7338568 7 7342568 0.000704437754544053
S7_7356136 7 7360136 1.68956920893139e-11
S7_7362757 7 7366757 1.9985590530378e-09
S7_7362769 7 7366769 3.25795018127281e-05
S7_7375658 7 7379658 2.71353937504169e-11
S7_7409356 7 7413356 1.02790712183816e-06
S7_7411753 7 7415753 2.93762756147408e-05
S7_7411904 7 7415904 1.29718743608015e-05
S7_7474372 7 7478372 0.000272570587812828
S7_7474511 7 7478511 0.000882804284748257
S7_7491968 7 7495968 9.81580014547197e-06
S7_7492558 7 7496558 0.000656116735299863
S7_7508263 7 7512263 0.000250566309881849
S7_7660848 7 7664848 1.33316679412071e-08
S7_7662751 7 7666751 3.20533843201357e-08
S7_7674074 7 7678074 0.000280548228341528
S7_7674167 7 7678167 0.000111501033575826
S7_7674470 7 7678470 0.000127769754406496
S7_7674478 7 7678478 0.000127769754406496
S7_7743997 7 7747997 0.00010424700382348
S7_7759423 7 7763423 0.00025111037792387
S7_7889447 7 7893447 0.000684996114353236
S7_8016506 7 8020506 9.05730979435528e-05
S7_8111155 7 8115155 0.000517697026998074
S7_8112467 7 8116467 0.000512976699717773
S7_8112814 7 8116814 0.000405095320052908
S7_8177088 7 8181088 3.86112340318641e-05
S7_8182760 7 8186760 1.38578065150615e-06
S7_8197883 7 8201883 1.57615317587641e-06
S7_8200984 7 8204984 1.10298120388399e-06
S7_8224593 7 8228593 8.6230217977645e-06
S7_8240582 7 8244582 0.000210552230295284
S7_8315108 7 8319108 2.75763606389101e-09
S7_8357429 7 8361429 2.41361721439957e-06
S7_8382246 7 8386246 8.26098318190387e-05
S7_8384055 7 8388055 2.17300840988364e-05
S7_8384057 7 8388057 0.00030487012015713
S7_8398135 7 8402135 9.26746096590702e-12
S7_8415273 7 8419273 2.68734041162929e-05
S7_8418362 7 8422362 8.819913019144e-07
S7_8435028 7 8439028 3.88733619726066e-10
S7_8439847 7 8443847 2.31850746255392e-09
S7_8473348 7 8477348 7.07593751392546e-08
S7_8473439 7 8477439 9.73163424498649e-08
S7_8473440 7 8477440 9.73163424498628e-08
S7_8477149 7 8481149 1.98696120903066e-10
S7_8477154 7 8481154 1.98696120903066e-10
S7_8564188 7 8568188 1.98013097658673e-24
S7_8590475 7 8594475 1.83880772070265e-08
S7_8613397 7 8617397 1.91873297489074e-19
S7_8643685 7 8647685 0.000133871002383111
S7_8773007 7 8777007 1.32893202899926e-09
S7_8871604 7 8875604 0.000771869704459662
S7_8871792 7 8875792 0.000100992948601107
S7_8871955 7 8875955 0.000100108709267544
S7_8871987 7 8875987 0.000100108709267544
S7_8889355 7 8893355 3.59412922830574e-05
S7_8890071 7 8894071 3.00218987474696e-06
S7_8890080 7 8894080 3.00218987474696e-06
S7_8908376 7 8912376 1.11600121109903e-05
S7_8919679 7 8923679 0.000450544302437851
S7_8919687 7 8923687 0.000434137133422554
S7_9005563 7 9009563 1.37416463584914e-06
S7_9005625 7 9009625 5.63981940410105e-05
S7_9030429 7 9034429 0.000271595333539492
S7_9030456 7 9034456 0.000271595333539492
S7_9030627 7 9034627 5.70632814142589e-08
S7_9030643 7 9034643 5.70632814142589e-08
S7_9030660 7 9034660 5.70632814142589e-08
S7_9030964 7 9034964 3.06155198741831e-05
S7_9030996 7 9034996 3.06155198741806e-05
S7_9031010 7 9035010 3.06155198741831e-05
S7_9033755 7 9037755 1.48850810413155e-05
S7_9034344 7 9038344 0.000794923495581212
S7_9034353 7 9038353 0.000794923495581212
S7_9077516 7 9081516 6.74857281602962e-06
S7_9086776 7 9090776 0.000138105326280897
S7_9125316 7 9129316 0.000185425913251231
S7_9125980 7 9129980 2.41638957859941e-06
S7_9151232 7 9155232 0.000503153681513829
S7_9151235 7 9155235 0.000503153681513829
S7_9158984 7 9162984 0.00010216242338077
S7_9180625 7 9184625 0.000109029837812072
S7_9189085 7 9193085 1.88086142938009e-05
S7_9189089 7 9193089 1.88086142938009e-05
S7_9229624 7 9233624 8.83272359928107e-05
S7_9605145 7 9609145 0.000138338329241257
S7_9663123 7 9667123 3.4309079148376e-16
S7_9663126 7 9667126 3.4309079148376e-16
S7_9663129 7 9667129 5.55303560935992e-09
S7_9855303 7 9859303 0.000160894100326457
S7_9969875 7 9973875 5.24966713356966e-05
S7_9969881 7 9973881 5.24966713356966e-05
S7_9990975 7 9994975 0.000377927691056297
S7_10126956 7 10130956 0.000717189072541252
S7_10186462 7 10190462 0.000323484605382918
S7_10191705 7 10195705 0.000506052719842897
S7_10191803 7 10195803 0.000350796099941989
S7_10191853 7 10195853 0.000350796099941964
S7_10192100 7 10196100 0.000552604874525757
S7_10192107 7 10196107 0.000552604874525757
S7_10192115 7 10196115 0.000552604874525757
S7_10251943 7 10255943 0.000272371185399373
S7_10251980 7 10255980 0.000201327948530139
S7_10327441 7 10331441 4.686830280432e-06
S7_10385894 7 10389894 5.96908151692822e-06
S7_10497975 7 10501975 0.000374578688890968
S7_10742994 7 10746994 4.10715677115843e-09
S7_10840232 7 10844232 2.04653266380742e-05
S7_10868281 7 10872281 0.000367181577628523
S7_10869990 7 10873990 5.59175053137196e-05
S7_10928131 7 10932131 0.000503880287474447
S7_11001446 7 11005446 2.02106146766296e-07
S7_11873206 7 11877206 0.000620984374304007
S7_12088041 7 12092041 3.39113609231814e-05
S7_12217606 7 12221606 0.00046375170805572
S7_12218357 7 12222357 6.3837623269204e-05
S7_12477018 7 12481018 1.36125997038324e-19
S7_12477039 7 12481039 1.36125997038331e-19
S7_12477044 7 12481044 1.36125997038331e-19
S7_12530980 7 12534980 0.000182171400250448
S7_12568936 7 12572936 5.919439735932e-06
S7_12630502 7 12634502 1.52415769494579e-05
S7_12645868 7 12649868 0.000225291888651409
S7_12710880 7 12714880 1.67175120919562e-06
S7_12711316 7 12715316 1.40486754620242e-07
S7_12729810 7 12733810 8.69710550145087e-05
S7_12739562 7 12743562 3.49541032898977e-08
S7_12739644 7 12743644 6.25909552696905e-10
S7_12817933 7 12821933 0.000131799499081655
S7_12836787 7 12840787 8.23654517453104e-06
S7_12865678 7 12869678 6.13011420642777e-08
S7_12925035 7 12929035 8.90943324135783e-09
S7_13046343 7 13050343 2.10901659211602e-07
S7_13086524 7 13090524 0.000166199445041103
S7_13086535 7 13090535 1.68068519319527e-06
S7_13086538 7 13090538 1.04279324868397e-05
S7_13138861 7 13142861 3.58939802932621e-07
S7_13140982 7 13144982 1.15329366469721e-07
S7_13225966 7 13229966 2.4657726722796e-08
S7_13312089 7 13316089 5.24567257331747e-06
S7_13388876 7 13392876 1.35032980582814e-07
S7_13763776 7 13767776 3.30789204778171e-11
S7_13794318 7 13798318 0.000595134919390145
S7_13836268 7 13840268 0.000680300047207926
S7_14184129 7 14188129 1.30688051499809e-12
S7_14257444 7 14261444 1.83065704552023e-12
S7_14386798 7 14390798 1.8185989593694e-12
S7_14387114 7 14391114 1.6840541039752e-22
S7_14516410 7 14520410 5.72668290246524e-07
S7_14545482 7 14549482 1.18692445582516e-05
S7_14545483 7 14549483 1.18692445582516e-05
S7_14762172 7 14766172 4.71088911249781e-13
S7_14763661 7 14767661 5.81881538959224e-05
S7_14777059 7 14781059 2.44540093353664e-05
S7_14778347 7 14782347 4.88433278842895e-05
S7_14850537 7 14854537 0.000101565014431121
S7_14868063 7 14872063 0.000137935816685688
S7_14870916 7 14874916 4.17385897918771e-05
S7_14917641 7 14921641 6.55300232590645e-05
S7_14921959 7 14925959 4.68845297796936e-05
S7_14921983 7 14925983 4.68845297796936e-05
S7_14921991 7 14925991 7.92632585360598e-05
S7_14935611 7 14939611 0.000590227900109418
S7_14936744 7 14940744 7.70110417207895e-05
S7_14936763 7 14940763 0.000232499066909075
S7_14969737 7 14973737 8.90372354851495e-05
S7_14969783 7 14973783 9.34839290303584e-05
S7_14978457 7 14982457 0.00026132085878955
S7_15947367 7 15951367 0.000281091517951082
S7_15967615 7 15971615 8.07448353165156e-05
S7_16519405 7 16523405 0.000642380318279907
S7_16890577 7 16894577 7.23600284215724e-05
S7_17070309 7 17074309 0.000710437266055886
S7_19093716 7 19097716 7.42483824055804e-21
S7_23074404 7 23078404 0.000645825662727404
S7_23229444 7 23233444 3.18481940872833e-10
S7_23307233 7 23311233 0.000149025830321801
S7_24460257 7 24464257 2.69515916629017e-07
S7_25239671 7 25243671 0.000354981275287925
S7_26588666 7 26592666 0.000805129254417965
S7_27596574 7 27600574 8.99479456225156e-10
S7_27620692 7 27624692 9.37787337414467e-08
S7_28479110 7 28483110 0.000148043352807554
S7_35239494 7 35243494 1.89477119205341e-20
S7_35666114 7 35670114 4.4718136274523e-16
S7_36049178 7 36053178 7.09668804305499e-07
S7_36352291 7 36356291 0.000102684766060513
S7_36439343 7 36443343 5.90884676228879e-17
S7_36497279 7 36501279 4.55470879865426e-17
S7_36499762 7 36503762 1.21122861632147e-12
S7_36589432 7 36593432 1.25182257523676e-09
S7_36701903 7 36705903 3.35192875188335e-09
S7_36909094 7 36913094 2.28116429291915e-05
S7_36973445 7 36977445 1.44032633734792e-09
S7_37023992 7 37027992 3.32759318392433e-16
S7_37280180 7 37284180 6.38750830679034e-14
S7_37331414 7 37335414 1.96971909374431e-20
S7_37360121 7 37364121 1.549263295111e-05
S7_37471522 7 37475522 4.69026668637201e-08
S7_37471531 7 37475531 4.49545077116202e-08
S7_37508770 7 37512770 1.49652912736533e-16
S7_37578996 7 37582996 1.20287244543945e-20
S7_37601548 7 37605548 1.01576661152444e-05
S7_37741483 7 37745483 1.24969496044615e-08
S7_37745650 7 37749650 4.1045330277259e-06
S7_37745759 7 37749759 1.1752234802881e-06
S7_37783205 7 37787205 0.000579532975017426
S7_37790673 7 37794673 1.60200124623367e-11
S7_39672901 7 39676901 0.000655089708220675
S7_39831786 7 39835786 3.50427239549644e-15
S7_40218375 7 40222375 9.30024138416459e-08
S7_42426994 7 42430994 0.000583604810256918
S7_42488890 7 42492890 0.000739800136531963
S7_44903874 7 44907874 1.87536272524674e-06
S7_46408392 7 46412392 0.000773588268820123
S7_48463927 7 48467927 5.52294354291468e-17
S7_48539107 7 48543107 2.93600802653811e-06
S7_48723965 7 48727965 0.000101556699642396
S7_48723969 7 48727969 4.19375541916752e-10
S7_48723970 7 48727970 2.20179528545837e-09
S7_48820875 7 48824875 8.61554484360617e-08
S7_48820903 7 48824903 8.66416882383762e-08
S7_48827067 7 48831067 4.4636402950533e-12
S7_48897704 7 48901704 1.04526665593068e-07
S7_48949881 7 48953881 7.60328974738444e-06
S7_48977508 7 48981508 9.68027431353959e-25
S7_49809104 7 49813104 8.95133742472027e-05
S7_50373897 7 50377897 0.00064389802885487
S7_50935718 7 50939718 9.18191237745269e-05
S7_51000502 7 51004502 0.000869710878454212
S7_51076240 7 51080240 0.0004907770049016
S7_51076251 7 51080251 0.000490777004901572
S7_51078576 7 51082576 0.000219644397147881
S7_51078590 7 51082590 0.000219644397147878
S7_51078597 7 51082597 0.000219644397147881
S7_51110432 7 51114432 8.4020011411308e-06
S7_51293623 7 51297623 0.000704064272239192
S7_51598671 7 51602671 0.000643597705137999
S7_51664800 7 51668800 2.01272247200121e-05
S7_51688003 7 51692003 6.35130779499154e-05
S7_51765949 7 51769949 7.20926386691269e-07
S7_51782342 7 51786342 0.000343992515378383
S7_51938834 7 51942834 0.000179708844521827
S7_51938920 7 51942920 2.22661086953615e-06
S7_51939551 7 51943551 0.000288212255344394
S7_51944917 7 51948917 0.00018931775472546
S7_51944934 7 51948934 0.000180995650461782
S7_51945930 7 51949930 0.000306963090215464
S7_51946551 7 51950551 5.10060686200765e-05
S7_51946887 7 51950887 9.90985122593178e-05
S7_51946945 7 51950945 0.000145983797034604
S7_51974530 7 51978530 4.74323072398278e-07
S7_51974597 7 51978597 0.000520046545313699
S7_51980455 7 51984455 1.07422286573037e-14
S7_51980493 7 51984493 0.000348301858929769
S7_51982713 7 51986713 1.75101176340827e-05
S7_51982762 7 51986762 1.75101176340834e-05
S7_51982846 7 51986846 4.43204970763949e-05
S7_51988526 7 51992526 0.000867614423343099
S7_51988529 7 51992529 0.000867614423343099
S7_51999005 7 52003005 0.000227517699551227
S7_52006261 7 52010261 0.000364417977227238
S7_52157701 7 52161701 0.000832783597386262
S7_52157702 7 52161702 1.06954601829382e-05
S7_52198713 7 52202713 0.000181833203962576
S7_52200592 7 52204592 0.000262908692334645
S7_52220618 7 52224618 0.000775644451224984
S7_52466443 7 52470443 0.000105196086381989
S7_52482795 7 52486795 0.000121900534621832
S7_52536860 7 52540860 2.91905573174669e-20
S7_52560458 7 52564458 1.59478632520916e-09
S7_52560459 7 52564459 1.59478632520916e-09
S7_52584473 7 52588473 4.15789520202497e-05
S7_52584484 7 52588484 1.0050316981353e-09
S7_52584966 7 52588966 6.85969726640039e-05
S7_52610755 7 52614755 3.98079607591142e-12
S7_52625144 7 52629144 1.05525962224098e-05
S7_52779540 7 52783540 0.000597652845823217
S7_53091997 7 53095997 1.41686386060304e-07
S7_53105198 7 53109198 3.09369298447778e-05
S7_53106976 7 53110976 3.1549543051205e-05
S7_53135107 7 53139107 0.000633570125504609
S7_53135108 7 53139108 0.000120322196487164
S7_53135255 7 53139255 0.000301855197743389
S7_53135256 7 53139256 0.000301855197743389
S7_53207671 7 53211671 0.000239930766971186
S7_53207673 7 53211673 0.000239930766971186
S7_53208423 7 53212423 0.000900048602151523
S7_53208512 7 53212512 0.000124361503604313
S7_53284093 7 53288093 0.00076511021331448
S7_53284097 7 53288097 0.00076511021331448
S7_53284201 7 53288201 0.000373529927437144
S7_53288410 7 53292410 0.000486910552191565
S7_53312115 7 53316115 0.000604649223901246
S7_53312693 7 53316693 0.000562235053113804
S7_53312702 7 53316702 0.000562235053113838
S7_53312732 7 53316732 0.000562235053113804
S7_53313131 7 53317131 0.000362180720460832
S7_53331497 7 53335497 3.52013421914603e-05
S7_53378622 7 53382622 6.6771546598692e-15
S7_53408701 7 53412701 0.000632438088571107
S7_53441582 7 53445582 4.1428624370829e-06
S7_53456441 7 53460441 0.000770036636567925
S7_53460919 7 53464919 2.33456501453921e-05
S7_53464976 7 53468976 0.000860332928532901
S7_53573464 7 53577464 0.000221355319712626
S7_53608419 7 53612419 0.000208338298181915
S7_53608429 7 53612429 0.000141466954796383
S7_53663327 7 53667327 0.000533601933649465
S7_53664047 7 53668047 1.34733758061741e-05
S7_53665364 7 53669364 3.90678893693219e-08
S7_53693765 7 53697765 7.52743977518327e-07
S7_53702006 7 53706006 0.000816471943710298
S7_53703310 7 53707310 0.000725198687714908
S7_53797090 7 53801090 6.79515354888501e-08
S7_53874366 7 53878366 5.76452070994118e-05
S7_53876202 7 53880202 0.000549912500764007
S7_53921722 7 53925722 0.000419020325677821
S7_54098198 7 54102198 0.000876943385843562
S7_54263714 7 54267714 7.2096098291915e-05
S7_54263778 7 54267778 0.000322370531359874
S7_54322446 7 54326446 0.00050810178273651
S7_54333754 7 54337754 6.51789422620182e-05
S7_54519624 7 54523624 0.000235951202087732
S7_54519718 7 54523718 0.00040907661374397
S7_54872507 7 54876507 1.23522375783302e-05
S7_55138863 7 55142863 1.85830367632056e-06
S7_55188142 7 55192142 1.55567957274964e-06
S7_55208148 7 55212148 0.000177180254862132
S7_55208389 7 55212389 9.24505591683772e-05
S7_55222960 7 55226960 0.000255000485111686
S7_55256589 7 55260589 2.98722295899172e-11
S7_55319235 7 55323235 0.000628329279037336
S7_55319243 7 55323243 0.000628329279037336
S7_55320928 7 55324928 0.000203576457207769
S7_55321783 7 55325783 0.000476243147608788
S7_55361320 7 55365320 0.0006754068080502
S7_55361323 7 55365323 0.0006754068080502
S7_55373765 7 55377765 0.00034345344606216
S7_55379535 7 55383535 2.25459518816991e-15
S7_55528891 7 55532891 3.32664866961948e-11
S7_55700965 7 55704965 1.01076666625139e-05
S7_55766912 7 55770912 8.22418122720239e-05
S7_55767159 7 55771159 5.32028045307852e-06
S7_55834308 7 55838308 0.000921825459970456
S7_55834332 7 55838332 0.000921825459970456
S7_55856773 7 55860773 1.80675381470889e-05
S7_55894237 7 55898237 2.22215894063906e-05
S7_55894266 7 55898266 2.22215894063873e-05
S7_55894338 7 55898338 9.20760451502241e-05
S7_55894391 7 55898391 4.29810844265571e-07
S7_55895468 7 55899468 9.90456719224172e-06
S7_55896969 7 55900969 8.04305090438138e-05
S7_55913858 7 55917858 2.48418455019869e-05
S7_55913872 7 55917872 2.48418455019869e-05
S7_55913936 7 55917936 3.97556866857793e-06
S7_55922640 7 55926640 1.01519073209449e-06
S7_55922645 7 55926645 6.19778385729253e-05
S7_55926401 7 55930401 4.79058143036153e-08
S7_55933929 7 55937929 0.000492304640966913
S7_55938632 7 55942632 0.000125636400314681
S7_55967449 7 55971449 0.000534235639805738
S7_56092226 7 56096226 0.000301013561798507
S7_56092472 7 56096472 0.000738408871971082
S7_56092473 7 56096473 0.000636033336892358
S7_56092474 7 56096474 0.000738408871971082
S7_56092476 7 56096476 0.000738408871971082
S7_56092477 7 56096477 0.000738408871971082
S7_56126401 7 56130401 1.3377911287215e-09
S7_56135750 7 56139750 0.000258866546225429
S7_56211784 7 56215784 5.79464052079788e-08
S7_56211808 7 56215808 5.794640520798e-08
S7_56271180 7 56275180 0.000120198311583318
S7_56519870 7 56523870 0.000645849960583249
S7_56576175 7 56580175 5.59842883092251e-06
S7_56596606 7 56600606 0.000547122371621445
S7_56693929 7 56697929 0.000150430076663776
S7_56693973 7 56697973 0.000648584292023137
S7_57049130 7 57053130 0.000337960290131694
S7_57123586 7 57127586 9.78716491067594e-06
S7_57177383 7 57181383 1.07581285652383e-06
S7_57259942 7 57263942 0.000206229191853263
S7_57259960 7 57263960 0.000254078432302104
S7_57261198 7 57265198 0.000924182149605027
S7_57328161 7 57332161 2.51037870083801e-10
S7_57335229 7 57339229 1.4188302636805e-11
S7_57335242 7 57339242 1.4188302636805e-11
S7_57425960 7 57429960 1.44741736958425e-05
S7_57441173 7 57445173 9.72129583281552e-09
S7_57456486 7 57460486 0.000951809082983002
S7_57456487 7 57460487 0.000951809082983002
S7_57456488 7 57460488 0.000951809082983002
S7_57456494 7 57460494 0.000951809082983002
S7_57456495 7 57460495 0.000951809082983002
S7_57456629 7 57460629 6.837392164028e-05
S7_57460980 7 57464980 0.000762098406725135
S7_57532546 7 57536546 8.28134749612463e-07
S7_57557894 7 57561894 4.02229067514091e-05
S7_57626631 7 57630631 0.000317897583139931
S7_57633497 7 57637497 1.11644391724887e-13
S7_57637400 7 57641400 0.0003932858450149
S7_57662415 7 57666415 0.000445541994549854
S7_57705812 7 57709812 3.30958352433119e-08
S7_57831757 7 57835757 1.2802220105658e-10
S7_57832353 7 57836353 0.000477082468098948
S7_57876441 7 57880441 1.05429228207885e-05
S7_57876445 7 57880445 4.63446765316423e-08
S7_57890155 7 57894155 6.45019914195422e-24
S7_57890265 7 57894265 2.21326555781196e-10
S7_57899486 7 57903486 2.20727088709183e-10
S7_57925799 7 57929799 1.02961215381368e-22
S7_57926657 7 57930657 8.11197148309162e-06
S7_57959427 7 57963427 0.000228804990187533
S7_57959460 7 57963460 0.000134100262783326
S7_57989347 7 57993347 4.32910499219013e-13
S7_57989474 7 57993474 6.47662236589547e-11
S7_58026969 7 58030969 2.77374696295168e-09
S7_58080134 7 58084134 1.5507981924662e-05
S7_58121168 7 58125168 2.98137224972197e-05
S7_58132605 7 58136605 2.03606715728876e-05
S7_58178547 7 58182547 0.000236579921953218
S7_58179494 7 58183494 5.7377090006838e-06
S7_58181807 7 58185807 7.43527631876476e-05
S7_58238950 7 58242950 8.75465458576692e-05
S7_58238956 7 58242956 8.75465458576692e-05
S7_58243381 7 58247381 0.000765745819395069
S7_58272395 7 58276395 0.000661437575817073
S7_58286609 7 58290609 0.00022041838221604
S7_58301968 7 58305968 1.70460792912693e-05
S7_58310076 7 58314076 4.33331481583844e-05
S7_58386011 7 58390011 7.58839551765341e-05
S7_58388324 7 58392324 0.000614805504995923
S7_58388326 7 58392326 0.000614805504995923
S7_58388363 7 58392363 0.000614805504995923
S7_58395574 7 58399574 1.19230465718118e-05
S7_58411652 7 58415652 0.000618784825988285
S7_58411834 7 58415834 0.000147071569215554
S7_58411962 7 58415962 4.4353736034243e-05
S7_58426824 7 58430824 0.000144167090384018
S7_58442958 7 58446958 0.000113759133694987
S7_58444152 7 58448152 0.000447780179843744
S7_58478825 7 58482825 8.39205060007147e-06
S7_58541019 7 58545019 6.02260659749672e-08
S7_58591918 7 58595918 3.86610509358198e-07
S7_58593915 7 58597915 1.60785909951929e-05
S7_58593924 7 58597924 4.10427443328854e-06
S7_58697195 7 58701195 5.19512165469669e-14
S7_58707103 7 58711103 5.44730966208813e-15
S7_58723182 7 58727182 2.63868811649172e-09
S7_58791069 7 58795069 0.000840736155880646
S7_58906079 7 58910079 3.40169484583599e-05
S7_58956805 7 58960805 0.000629494613064262
S7_58956806 7 58960806 0.000629494613064262
S7_58967885 7 58971885 0.000250456348960562
S7_58979503 7 58983503 0.000740289044540161
S7_58990217 7 58994217 0.000479454965026179
S7_59006504 7 59010504 6.85123343411824e-05
S7_59050591 7 59054591 8.2576749828247e-10
S7_59062128 7 59066128 0.000485757612310638
S7_59062131 7 59066131 0.000485757612310699
S7_59063226 7 59067226 2.75618287331871e-06
S7_59158663 7 59162663 9.93994079506945e-05
S7_59227557 7 59231557 0.000942362891849574
S7_59377360 7 59381360 1.32405468834406e-09
S7_59699103 7 59703103 8.44960106730622e-06
S7_59703468 7 59707468 0.000152445172209335
S7_59713964 7 59717964 0.000566366130237141
S7_59715848 7 59719848 0.000869245243630493
S7_59725703 7 59729703 0.000265550741882948
S7_59725722 7 59729722 0.000265550741882948
S7_59725723 7 59729723 0.000265550741882948
S7_59726547 7 59730547 0.000340797481819776
S7_59726559 7 59730559 0.000826945870387056
S7_59740379 7 59744379 0.000587442476830195
S7_59750039 7 59754039 4.5511953515902e-14
S7_59794128 7 59798128 1.03367642897905e-05
S7_59799843 7 59803843 2.74822780216576e-15
S7_59890052 7 59894052 0.000105990060166781
S7_59890053 7 59894053 9.0430436576036e-06
S7_59890054 7 59894054 9.0430436576036e-06
S7_59890060 7 59894060 8.70273549783331e-06
S7_59890061 7 59894061 8.70273549783288e-06
S7_59890062 7 59894062 8.70273549783288e-06
S7_59890063 7 59894063 8.70273549783331e-06
S7_59915827 7 59919827 3.19335468091988e-08
S7_59949198 7 59953198 5.14649579622451e-05
S7_60118446 7 60122446 9.73551553997105e-05
S7_60142215 7 60146215 1.07341441642165e-06
S7_60149819 7 60153819 0.000361581312822335
S7_60200858 7 60204858 0.000127489134971022
S7_60258910 7 60262910 0.000631543541039513
S7_60283528 7 60287528 1.32524749309066e-05
S7_60460195 7 60464195 0.000702766208886082
S7_60554361 7 60558361 0.00012366389368117
S7_60636509 7 60640509 0.000637928303368219
S7_60916027 7 60920027 1.6801878125968e-08
S7_60916033 7 60920033 1.6801878125968e-08
S7_60933837 7 60937837 0.000548141899939975
S7_60980616 7 60984616 0.000693478271384406
S7_60989676 7 60993676 0.000917626535410273
S7_61171293 7 61175293 2.28242798186359e-05
S7_61246784 7 61250784 0.000102145686465538
S7_61309167 7 61313167 6.83938725599723e-06
S7_61312718 7 61316718 0.000192729969491516
S7_61450721 7 61454721 4.30446839213988e-06
S7_61450722 7 61454722 4.819727401168e-06
S7_61506052 7 61510052 0.000272569952246429
S7_61561994 7 61565994 2.32913220673415e-07
S7_61590884 7 61594884 0.000105390635565421
S7_61668548 7 61672548 3.19869020088338e-09
S7_61741429 7 61745429 1.56097287601801e-05
S7_61743893 7 61747893 0.000352245276702668
S7_61774406 7 61778406 1.96825823155795e-05
S7_61810858 7 61814858 0.000819212802720619
S7_61813370 7 61817370 3.83079574282709e-05
S7_61813525 7 61817525 0.000195271198465494
S7_61813532 7 61817532 0.000195271198465494
S7_61813551 7 61817551 0.000987829776980219
S7_61841512 7 61845512 0.00020442833422845
S7_61867909 7 61871909 2.57434300769829e-05
S7_61895724 7 61899724 0.000170643328980517
S7_61897572 7 61901572 0.000394287356802547
S7_61911926 7 61915926 6.67901167090813e-06
S7_61912336 7 61916336 0.000297884444256562
S7_61961775 7 61965775 0.000581031257571302
S7_62005758 7 62009758 0.000268014184216133
S7_62006005 7 62010005 0.000193661487168561
S7_62006008 7 62010008 0.000193661487168561
S7_62007397 7 62011397 1.699281650611e-06
S7_62017231 7 62021231 0.00084777056846894
S7_62070075 7 62074075 0.000473765558145526
S7_62107131 7 62111131 2.1380919549466e-06
S7_62165250 7 62169250 5.45352771598482e-07
S7_62176886 7 62180886 0.000426701006534261
S7_62176888 7 62180888 0.000426701006534261
S7_62176889 7 62180889 0.000426701006534278
S7_62176891 7 62180891 0.000426701006534278
S7_62176892 7 62180892 0.000426701006534278
S7_62177061 7 62181061 0.000134902154070731
S7_62233467 7 62237467 7.97901793727166e-05
S7_62258436 7 62262436 7.92799043019126e-05
S7_62348599 7 62352599 0.000370392851866451
S7_62485144 7 62489144 0.000894832644328952
S7_62485145 7 62489145 0.000911821488718607
S7_62524508 7 62528508 0.000243898435331825
S7_62524509 7 62528509 0.000265439173330685
S7_62525098 7 62529098 0.000398995623754884
S7_62525099 7 62529099 0.000398995623754884
S7_62544804 7 62548804 3.59836520840079e-09
S7_62560012 7 62564012 4.2578014994979e-08
S7_62569471 7 62573471 1.50385310358787e-08
S7_62690733 7 62694733 0.00020343014508275
S7_62699566 7 62703566 0.00039892446398595
S7_62701404 7 62705404 9.49333095709658e-07
S7_62708776 7 62712776 0.000405627069247266
S7_62784329 7 62788329 3.62568792470315e-08
S7_62793592 7 62797592 0.000264586376357641
S7_62796066 7 62800066 0.000649019405615933
S7_62805887 7 62809887 6.33887865867978e-05
S7_62851218 7 62855218 0.000431007958031302
S7_62874857 7 62878857 0.000401190277902139
S7_62874885 7 62878885 0.000401190277902111
S7_62877607 7 62881607 3.56952877402124e-05
S7_62916153 7 62920153 2.4625556662468e-05
S7_63028817 7 63032817 0.000730734502803716
S7_63028835 7 63032835 0.000730734502803716
S7_63035795 7 63039795 5.99449118329258e-07
S7_63424090 7 63428090 1.14888983655619e-06
S7_63550233 7 63554233 7.65358596458021e-07
S7_63561678 7 63565678 0.000555494660706539
S7_63586811 7 63590811 0.000401266338532624
S7_63638698 7 63642698 0.000210750337793155
S7_63642578 7 63646578 3.39550788981086e-05
S7_63654188 7 63658188 0.000397980617505548
S7_63665522 7 63669522 0.000298077492601318
S7_63672759 7 63676759 0.000307611997182816
S7_63685009 7 63689009 2.25912781581665e-07
S7_63693556 7 63697556 2.04878790905874e-05
S7_63738106 7 63742106 1.43384336850151e-07
S7_63766390 7 63770390 0.00035635852169001
S7_63766392 7 63770392 0.000332036789629841
S7_63766429 7 63770429 3.34516458690128e-07
S7_63778647 7 63782647 0.000773157546051058
S7_63778792 7 63782792 8.1743360306962e-05
S7_63783335 7 63787335 7.73962001092893e-05
S7_63785264 7 63789264 0.000617625828076583
S7_63793134 7 63797134 0.000138918262921883
S7_63793150 7 63797150 4.76516148677674e-08
S7_63893048 7 63897048 0.000349025665577527
S7_63897432 7 63901432 0.000172743430086885
S7_63899231 7 63903231 6.05394360467834e-08
S7_63980621 7 63984621 4.25623068117186e-08
S7_64016469 7 64020469 0.00073908886067711
S7_64115375 7 64119375 0.00027077004019943
S7_64158811 7 64162811 9.45886734676133e-07
S7_64207960 7 64211960 1.24865694277262e-07
S7_64207983 7 64211983 1.24865694277261e-07
S7_64215079 7 64219079 4.53589733904012e-05
S7_64290487 7 64294487 1.56139472977671e-05
S7_64290514 7 64294514 1.56139472977671e-05
