Marker Chr Pos p
S6_180487 6 184487 3.38036515629771e-05
S6_196419 6 200419 8.15578373800288e-07
S6_254517 6 258517 3.28177230993872e-05
S6_258293 6 262293 7.98511607473954e-05
S6_279431 6 283431 0.000621729001858557
S6_334735 6 338735 0.000382777598608107
S6_359008 6 363008 0.000285868301194052
S6_474180 6 478180 0.000265912123284983
S6_502481 6 506481 0.000765264788173121
S6_552918 6 556918 0.000188064376659002
S6_552930 6 556930 0.000188064376659002
S6_552992 6 556992 1.93281251781926e-05
S6_556099 6 560099 0.0007244473524705
S6_556126 6 560126 4.71134976103035e-05
S6_601394 6 605394 3.85340398070516e-09
S6_601433 6 605433 3.85340398070516e-09
S6_601557 6 605557 1.89324969040252e-05
S6_619844 6 623844 4.41699713775411e-08
S6_839498 6 843498 0.000145085814410889
S6_873418 6 877418 5.16416030703866e-05
S6_879365 6 883365 0.000277136681387988
S6_891249 6 895249 2.84214759534755e-05
S6_966733 6 970733 0.000206127477033178
S6_970345 6 974345 0.000182275332659811
S6_1134282 6 1138282 0.000653236994572609
S6_1276036 6 1280036 0.000371222486436226
S6_1367253 6 1371253 0.000697145834787949
S6_1382074 6 1386074 6.30573548825743e-05
S6_1401445 6 1405445 0.000295243020096411
S6_1402617 6 1406617 3.33733582083683e-05
S6_1405368 6 1409368 2.38762784175402e-16
S6_1426277 6 1430277 0.000376217420160604
S6_1443957 6 1447957 3.19708022812388e-05
S6_1444113 6 1448113 6.76681621906755e-06
S6_1470516 6 1474516 2.06614839710104e-06
S6_1487445 6 1491445 6.03632469047687e-09
S6_1533397 6 1537397 1.1179758546983e-06
S6_1553925 6 1557925 6.17937572231157e-09
S6_1608606 6 1612606 9.28871240635655e-05
S6_1611240 6 1615240 9.77221775465175e-05
S6_1611273 6 1615273 9.77221775465175e-05
S6_1648056 6 1652056 0.000945570669874104
S6_1706060 6 1710060 5.45253627652953e-07
S6_1877511 6 1881511 0.00028293542034464
S6_1928368 6 1932368 4.40238452900543e-05
S6_1955422 6 1959422 0.000977382375093164
S6_1970591 6 1974591 1.08976085488392e-05
S6_1983117 6 1987117 4.92227171893239e-05
S6_2061523 6 2065523 3.09178138950947e-05
S6_2201958 6 2205958 0.000261620867995172
S6_2202597 6 2206597 8.79251637249896e-05
S6_2202626 6 2206626 8.79251637249896e-05
S6_2202780 6 2206780 5.40918012215415e-05
S6_2498450 6 2502450 5.24365058928216e-11
S6_2499925 6 2503925 3.32034487948099e-05
S6_2527191 6 2531191 0.000276834139632691
S6_2527214 6 2531214 0.000276834139632682
S6_2689159 6 2693159 2.21742712916626e-06
S6_2689986 6 2693986 1.23404632517522e-05
S6_2767770 6 2771770 2.39797745064027e-05
S6_2780042 6 2784042 4.10319218591981e-09
S6_2784799 6 2788799 1.04067370448832e-08
S6_2787240 6 2791240 7.38891172425741e-07
S6_2787241 6 2791241 7.38891172425727e-07
S6_2891705 6 2895705 6.51101245556843e-10
S6_2891881 6 2895881 1.30736873242027e-06
S6_2896620 6 2900620 0.000995194912987383
S6_2896691 6 2900691 3.34704458619828e-08
S6_3092927 6 3096927 1.56838786114992e-06
S6_3368681 6 3372681 2.44199200492604e-05
S6_3372162 6 3376162 9.61006789520717e-05
S6_3372184 6 3376184 0.000108940342629808
S6_3508747 6 3512747 1.90831869224797e-08
S6_3517380 6 3521380 1.87541219562288e-08
S6_3897407 6 3901407 0.000679622779992312
S6_3940540 6 3944540 0.000855739544941957
S6_3940838 6 3944838 1.50123842473874e-18
S6_3941121 6 3945121 3.17730589383204e-05
S6_4092017 6 4096017 8.4523115961067e-05
S6_4233144 6 4237144 0.000498953520600876
S6_4704492 6 4708492 0.000789033140492066
S6_5376127 6 5380127 0.000525457921925138
S6_6229660 6 6233660 0.000911018912958063
S6_6385519 6 6389519 5.35266007628022e-05
S6_6421765 6 6425765 0.000399224031762593
S6_6421783 6 6425783 0.00079164091983088
S6_6593988 6 6597988 0.000867623420086248
S6_6672011 6 6676011 0.000880149972886252
S6_6724317 6 6728317 0.000238232985693208
S6_6724331 6 6728331 0.000238232985693208
S6_6724332 6 6728332 0.000238232985693203
S6_6746493 6 6750493 0.000924659576274269
S6_6756791 6 6760791 2.38880797575901e-07
S6_6955579 6 6959579 0.000654846377284094
S6_7155492 6 7159492 0.000431517691478558
S6_8193071 6 8197071 0.000234896101018408
S6_8194903 6 8198903 1.30661584452912e-07
S6_8508002 6 8512002 0.000113994127782182
S6_8545017 6 8549017 0.000237300481696192
S6_8615278 6 8619278 4.9207027995009e-05
S6_8800565 6 8804565 0.00079901401595485
S6_10432095 6 10436095 0.000149593480831847
S6_10508166 6 10512166 0.000212697230376847
S6_10508173 6 10512173 0.000212697230376847
S6_10508208 6 10512208 0.000212697230376847
S6_10508210 6 10512210 2.12373708428798e-05
S6_10553831 6 10557831 0.000395606894004614
S6_11189674 6 11193674 2.95134183975184e-09
S6_11817292 6 11821292 8.64522577919567e-12
S6_12225623 6 12229623 0.000116054028602729
S6_14013878 6 14017878 0.000118218626309179
S6_14583959 6 14587959 0.000365460957860461
S6_14945276 6 14949276 5.07750570032722e-05
S6_15121319 6 15125319 0.000597662055190566
S6_15234755 6 15238755 0.000516691727088572
S6_15250655 6 15254655 0.000227534127293184
S6_15616403 6 15620403 0.000720123427120623
S6_15888573 6 15892573 0.000401543137012374
S6_16020256 6 16024256 0.000297164913048542
S6_16353054 6 16357054 2.58280638710541e-16
S6_16739249 6 16743249 3.98297117310744e-05
S6_17235011 6 17239011 1.99229533716583e-15
S6_18523341 6 18527341 0.000492165806946979
S6_18884743 6 18888743 0.000457940753591376
S6_19080602 6 19084602 4.55772853269747e-05
S6_19080619 6 19084619 4.55772853269747e-05
S6_20262200 6 20266200 0.000507636570816302
S6_21553785 6 21557785 0.000504125873831906
S6_21577994 6 21581994 0.000653909255607681
S6_21578015 6 21582015 6.38975809680707e-06
S6_21648823 6 21652823 3.30553395066618e-05
S6_27664293 6 27668293 4.60489701264258e-05
S6_27664304 6 27668304 4.60489701264268e-05
S6_28212131 6 28216131 3.05180517000281e-10
S6_28377314 6 28381314 1.33597962621952e-07
S6_29313479 6 29317479 0.000891811171698615
S6_29387416 6 29391416 0.000366306206904093
S6_29547592 6 29551592 7.77343984466232e-06
S6_29554227 6 29558227 0.000197869285136946
S6_29554341 6 29558341 0.000172430645542615
S6_29555306 6 29559306 1.21270186555588e-05
S6_29561320 6 29565320 2.35440707306801e-05
S6_29569843 6 29573843 0.000285598835164262
S6_29571512 6 29575512 4.86985959460441e-07
S6_29571598 6 29575598 1.08265065408132e-05
S6_29571611 6 29575611 3.67701172297132e-07
S6_29663963 6 29667963 0.000568292709234566
S6_30753232 6 30757232 3.09550921992475e-17
S6_30779159 6 30783159 0.000673834158225952
S6_30779173 6 30783173 5.40726546796093e-07
S6_30780703 6 30784703 8.02624412851243e-08
S6_30791082 6 30795082 0.000738235424707313
S6_30795926 6 30799926 4.59469356645656e-07
S6_30806619 6 30810619 0.000142754482752241
S6_30806628 6 30810628 5.95917295553954e-12
S6_30814838 6 30818838 6.07789062176089e-07
S6_31431839 6 31435839 0.000177279130806971
S6_31431841 6 31435841 3.52480193383087e-05
S6_31757402 6 31761402 3.35033658452007e-06
S6_31973745 6 31977745 0.00027676880907686
S6_32231542 6 32235542 0.000684655567731461
S6_32351355 6 32355355 0.000189609986752239
S6_32499838 6 32503838 0.00093494251294896
S6_32499839 6 32503839 0.00093494251294896
S6_33963793 6 33967793 1.31614251302007e-05
S6_34020831 6 34024831 0.000157198419369295
S6_34020845 6 34024845 0.000679232640709911
S6_34020888 6 34024888 0.000250889450111603
S6_34020941 6 34024941 0.000336611788544718
S6_34024230 6 34028230 5.78081512629723e-05
S6_34159727 6 34163727 0.000120650921501068
S6_34206438 6 34210438 0.000121769905512131
S6_34233560 6 34237560 7.83071984030598e-05
S6_34478105 6 34482105 1.86464230836126e-05
S6_34538740 6 34542740 0.00064819039796502
S6_34538981 6 34542981 6.0834370782534e-05
S6_34613365 6 34617365 0.000302597503773663
S6_34613505 6 34617505 0.000309805086194783
S6_34617846 6 34621846 8.18678747278259e-05
S6_34778025 6 34782025 0.0001784886341173
S6_34837719 6 34841719 0.00062073332029388
S6_34905577 6 34909577 0.000995519515878704
S6_34905603 6 34909603 0.000283410247995292
S6_34950756 6 34954756 0.000666659381008646
S6_35044044 6 35048044 0.000359542583084964
S6_35267437 6 35271437 0.000178946359295487
S6_35311841 6 35315841 4.83788072420711e-05
S6_35342253 6 35346253 0.000305123854034027
S6_35361925 6 35365925 5.79559869266222e-06
S6_35361954 6 35365954 3.89838120954586e-06
S6_35389016 6 35393016 2.73847594248937e-05
S6_35646848 6 35650848 0.0007129391360002
S6_35646937 6 35650937 0.000204237375477819
S6_35654703 6 35658703 0.00025162543205841
S6_35866083 6 35870083 0.00047481827524654
S6_35871280 6 35875280 0.000457584432927746
S6_35875768 6 35879768 0.000635865841701484
S6_35875795 6 35879795 0.000635865841701484
S6_35875803 6 35879803 0.000635865841701523
S6_36545344 6 36549344 0.000681569265999344
S6_36628693 6 36632693 3.75562424980134e-05
S6_37619640 6 37623640 0.000628771233194008
S6_37680367 6 37684367 0.000968193919743249
S6_37680368 6 37684368 0.000968193919743249
S6_37683645 6 37687645 2.39317816381869e-05
S6_38098320 6 38102320 0.000505095689392831
S6_38098520 6 38102520 0.000100444509029761
S6_38335620 6 38339620 5.64602895243867e-09
S6_38336560 6 38340560 1.68362987541714e-12
S6_38338779 6 38342779 0.000321899455778791
S6_38340671 6 38344671 2.03132774047323e-10
S6_38441340 6 38445340 3.00901495503219e-08
S6_38500712 6 38504712 0.000897435467010692
S6_38503205 6 38507205 1.49768653106903e-08
S6_38634139 6 38638139 4.74993459612118e-10
S6_38635490 6 38639490 9.73153596570176e-11
S6_38635666 6 38639666 1.47570122026994e-10
S6_38665726 6 38669726 1.84201456240551e-06
S6_38665728 6 38669728 1.84201456240556e-06
S6_38667412 6 38671412 1.82308989752683e-06
S6_38667685 6 38671685 4.16248604940483e-09
S6_38667704 6 38671704 1.09678267388726e-08
S6_38676967 6 38680967 1.15007044995482e-06
S6_38707963 6 38711963 3.09295318466068e-07
S6_38707970 6 38711970 3.09295318466047e-07
S6_38823666 6 38827666 8.96828072819969e-07
S6_38853395 6 38857395 0.000745986481269515
S6_38853407 6 38857407 0.000745986481269489
S6_38853440 6 38857440 0.000745986481269489
S6_38908701 6 38912701 2.75788984850696e-08
S6_38989067 6 38993067 4.37537193992085e-08
S6_39000416 6 39004416 1.06882217064025e-05
S6_39001758 6 39005758 2.72702720745119e-08
S6_39118878 6 39122878 9.70226843831093e-08
S6_39193079 6 39197079 3.2700267722402e-08
S6_39281650 6 39285650 3.80868224345702e-07
S6_39291014 6 39295014 6.66537536385297e-06
S6_39311685 6 39315685 3.82786589049963e-08
S6_39314635 6 39318635 5.65523013555634e-11
S6_39397237 6 39401237 2.68918567333435e-08
S6_39446795 6 39450795 1.01467213709584e-11
S6_39482721 6 39486721 6.38387842215218e-10
S6_39510691 6 39514691 2.03309290954566e-05
S6_39623108 6 39627108 1.96942091557652e-08
S6_39736906 6 39740906 9.35422790465148e-08
S6_39857349 6 39861349 5.42578083200724e-05
S6_39870660 6 39874660 0.000202207503810908
S6_39971724 6 39975724 1.3182542842509e-05
S6_40030184 6 40034184 4.370176440931e-09
S6_40069197 6 40073197 1.02288990417314e-13
S6_40134077 6 40138077 3.83257738040174e-06
S6_40194156 6 40198156 0.000144667590708643
S6_40413777 6 40417777 5.00791271311627e-05
S6_40435425 6 40439425 7.57923653385747e-06
S6_40435429 6 40439429 7.57923653385747e-06
S6_40435442 6 40439442 7.57923653385747e-06
S6_40435451 6 40439451 7.57923653385615e-06
S6_40543705 6 40547705 5.48845945759798e-05
S6_41238561 6 41242561 3.55815222801848e-12
S6_41552460 6 41556460 0.000217999589766098
S6_41554184 6 41558184 0.000198858559810618
S6_41604537 6 41608537 0.000148622344557784
S6_41604538 6 41608538 0.000664422167981218
S6_41604539 6 41608539 0.000143511915010381
S6_41604540 6 41608540 0.000153482016632661
S6_41686983 6 41690983 0.000996454112090988
S6_41817573 6 41821573 0.000242363620535462
S6_41829194 6 41833194 0.000454157209499935
S6_41879371 6 41883371 0.000320104195062462
S6_42214161 6 42218161 0.000380345970128768
S6_42258100 6 42262100 2.69253416524503e-07
S6_42302061 6 42306061 0.000953866124282037
S6_42314330 6 42318330 4.71366511119589e-08
S6_42315311 6 42319311 2.63472480737949e-10
S6_42350709 6 42354709 4.42804764197036e-10
S6_42353550 6 42357550 6.73806803743403e-10
S6_42374461 6 42378461 0.00099040683837426
S6_42420724 6 42424724 5.30711978554145e-08
S6_42492306 6 42496306 0.000354980800538823
S6_42495918 6 42499918 2.40561203939777e-10
S6_42535803 6 42539803 0.000119031725971139
S6_42541424 6 42545424 7.7042915520891e-07
S6_42618346 6 42622346 0.000634093496379138
S6_42646786 6 42650786 1.71973540257684e-11
S6_42649556 6 42653556 1.40151551778181e-09
S6_42683085 6 42687085 2.77385729634248e-05
S6_42703796 6 42707796 5.95414437583091e-05
S6_42752771 6 42756771 4.04122150900759e-18
S6_42795461 6 42799461 9.68721309285734e-06
S6_42809134 6 42813134 8.62015021089058e-05
S6_42809149 6 42813149 8.62015021089058e-05
S6_42809621 6 42813621 1.10518761518053e-06
S6_42907755 6 42911755 2.51851661109079e-06
S6_42997715 6 43001715 8.20481311391046e-10
S6_43040403 6 43044403 2.73870934883423e-07
S6_43080340 6 43084340 0.000373548432988636
S6_43179144 6 43183144 5.16834450363594e-07
S6_43974345 6 43978345 1.43766007625362e-05
S6_44108468 6 44112468 0.000915172349494705
S6_44108489 6 44112489 0.000942345659782445
S6_44157377 6 44161377 0.000322705844914134
S6_44312306 6 44316306 0.000540824834648903
S6_44321396 6 44325396 0.000463678776138472
S6_44487890 6 44491890 5.74259794713274e-05
S6_44514242 6 44518242 3.00667291990637e-05
S6_44707395 6 44711395 0.00065898201544669
S6_44975366 6 44979366 0.000231690877306433
S6_45290123 6 45294123 0.000379130963883367
S6_45401242 6 45405242 0.000341403545992265
S6_45432932 6 45436932 4.71403268621521e-06
S6_45479593 6 45483593 0.000544384644233993
S6_45612437 6 45616437 0.000994558352267266
S6_45614839 6 45618839 8.50643849104041e-07
S6_45685373 6 45689373 4.43858617620816e-06
S6_45719627 6 45723627 2.98676801965062e-06
S6_45752525 6 45756525 0.00092155290161587
S6_45765274 6 45769274 0.000543384812040575
S6_45765275 6 45769275 0.000543384812040575
S6_45765276 6 45769276 0.000543384812040575
S6_45765277 6 45769277 0.000543384812040575
S6_45765279 6 45769279 0.000543384812040575
S6_45765280 6 45769280 0.000543384812040575
S6_45789372 6 45793372 0.000605021895568994
S6_45801080 6 45805080 0.000736112999000866
S6_45801090 6 45805090 5.94410100502212e-05
S6_45801095 6 45805095 0.000736112999000866
S6_45806679 6 45810679 1.36323424482066e-05
S6_45806689 6 45810689 0.00062383238095235
S6_45806701 6 45810701 0.000623832380952311
S6_45806805 6 45810805 0.000616991432107509
S6_45806806 6 45810806 0.000603890402194728
S6_45806832 6 45810832 8.25990596716452e-05
S6_45806833 6 45810833 0.000397830154479892
S6_45806836 6 45810836 8.25990596716452e-05
S6_45806837 6 45810837 8.25990596716452e-05
S6_45806839 6 45810839 8.25990596716452e-05
S6_45806843 6 45810843 8.25990596716414e-05
S6_45806845 6 45810845 8.25990596716414e-05
S6_45806928 6 45810928 0.000141346516653156
S6_45807044 6 45811044 0.000341776093361382
S6_45808910 6 45812910 7.43276895149799e-05
S6_45809100 6 45813100 5.67247185255241e-05
S6_45809136 6 45813136 0.000617327433078181
S6_45814676 6 45818676 0.000129612509255129
S6_45815104 6 45819104 0.000530027121986758
S6_45815324 6 45819324 9.82696541830174e-05
S6_45820254 6 45824254 9.44235598158133e-05
S6_45820278 6 45824278 9.44235598158115e-05
S6_45827879 6 45831879 0.000740806985197256
S6_45862835 6 45866835 0.000329283792060607
S6_45937967 6 45941967 1.51013693950543e-06
S6_45937968 6 45941968 1.51013693950543e-06
S6_45942160 6 45946160 0.000202843354412617
S6_45971640 6 45975640 6.21153095003022e-05
S6_45977819 6 45981819 3.81791522848877e-05
S6_45987425 6 45991425 0.000107342291618558
S6_46119832 6 46123832 0.000137720793476018
S6_46128985 6 46132985 4.09277154117051e-05
S6_46167869 6 46171869 5.19969393938732e-14
S6_46202328 6 46206328 0.000356153852656035
S6_46243943 6 46247943 0.000702839079729079
S6_46282580 6 46286580 0.000884513526664166
S6_46326753 6 46330753 6.91127318601289e-06
S6_46339964 6 46343964 0.000296149083851971
S6_46341385 6 46345385 3.19816015274352e-05
S6_46392829 6 46396829 5.54171891395659e-07
S6_46392841 6 46396841 5.54171891395659e-07
S6_46392858 6 46396858 5.5417189139562e-07
S6_46558158 6 46562158 0.000409111659356462
S6_46771516 6 46775516 2.53575281906536e-06
S6_46771605 6 46775605 2.86743579386749e-05
S6_46776421 6 46780421 3.25049102524493e-05
S6_46776422 6 46780422 3.25049102524506e-05
S6_46776423 6 46780423 3.25049102524493e-05
S6_46829504 6 46833504 0.00058012396776099
S6_46829521 6 46833521 0.000580123967760921
S6_46853308 6 46857308 1.67095191056886e-05
S6_46935759 6 46939759 0.000446624537447398
S6_47000121 6 47004121 2.65856446948568e-06
S6_47102477 6 47106477 0.000443142769872305
S6_47102776 6 47106776 0.00039516483354538
S6_47299737 6 47303737 0.000422217986917929
S6_47484964 6 47488964 0.000299890034500911
S6_47573038 6 47577038 1.89208590992066e-07
S6_47583286 6 47587286 7.38509811959159e-08
S6_47609500 6 47613500 0.000559200918284957
S6_47610854 6 47614854 0.000920744279844844
S6_47610858 6 47614858 0.000920744279844844
S6_47614626 6 47618626 0.000364620598146754
S6_47627962 6 47631962 0.000877772358392959
S6_47646957 6 47650957 0.000826100639225998
S6_47646973 6 47650973 0.000888897758848337
S6_47646978 6 47650978 0.000832432059998641
S6_47646982 6 47650982 0.000826100639225998
S6_47709951 6 47713951 0.000220392859928144
S6_47783657 6 47787657 0.000535669195128843
S6_47969298 6 47973298 4.54037397762549e-07
S6_47976744 6 47980744 3.33345175805956e-06
S6_47976849 6 47980849 1.83596632193633e-05
S6_48051426 6 48055426 4.09935409986469e-07
S6_48226166 6 48230166 0.000555192273180983
S6_48226301 6 48230301 0.000197122799435512
S6_48250243 6 48254243 7.17824182008623e-05
S6_48258018 6 48262018 1.62968270426554e-05
S6_48263197 6 48267197 6.53989108617759e-05
S6_48297871 6 48301871 0.000531973109343621
S6_48314517 6 48318517 0.000328035218763244
S6_48314521 6 48318521 0.000328035218763244
S6_48351198 6 48355198 0.000895661951298451
S6_48380468 6 48384468 0.000793667896609545
S6_48431930 6 48435930 8.98116683402347e-06
S6_48431978 6 48435978 0.00086631116338598
S6_48461976 6 48465976 5.62195890877147e-06
S6_48464583 6 48468583 0.000317719097696247
S6_48465923 6 48469923 0.000744096570916908
S6_48466337 6 48470337 6.41542197516339e-05
S6_48466367 6 48470367 9.89829453076811e-06
S6_48467339 6 48471339 0.000238028708624274
S6_48490192 6 48494192 4.86258837062116e-08
S6_48495943 6 48499943 0.000888986000503491
S6_48496093 6 48500093 0.000232698837347053
S6_48496123 6 48500123 0.000232698837347053
S6_48497906 6 48501906 0.000761815371260179
S6_48531788 6 48535788 0.000751555500245544
S6_48569562 6 48573562 1.79694778295825e-05
S6_48574979 6 48578979 1.99828631129637e-07
S6_48590381 6 48594381 8.79793056574856e-05
S6_48658791 6 48662791 3.74571618839806e-06
S6_48683880 6 48687880 0.000607711053599832
S6_48697259 6 48701259 6.96937415659041e-06
S6_48697777 6 48701777 0.000771087465627113
S6_48709142 6 48713142 9.0642177403877e-05
S6_48710382 6 48714382 3.3907820528718e-05
S6_48712329 6 48716329 0.000132179174952004
S6_48712607 6 48716607 0.000126245525575045
S6_48724131 6 48728131 4.66510934238923e-05
S6_48727864 6 48731864 1.43069669923497e-05
S6_48727865 6 48731865 1.53010221033803e-05
S6_48728047 6 48732047 0.000350567869448972
S6_48799582 6 48803582 0.000973250023345604
S6_48843922 6 48847922 0.000641678964087517
S6_48889838 6 48893838 0.000290135203596835
S6_48911464 6 48915464 0.00026814495633126
S6_48965009 6 48969009 0.000903124682082437
S6_49007059 6 49011059 0.000889313115303861
S6_49037107 6 49041107 0.000347924420277697
S6_49043342 6 49047342 7.43494717977154e-05
S6_49059523 6 49063523 0.000507715691386772
S6_49073039 6 49077039 0.000106937831658124
S6_49106615 6 49110615 9.71154073488171e-05
S6_49137623 6 49141623 0.00010716366912796
S6_49151503 6 49155503 0.000775357758300562
S6_49159373 6 49163373 4.61048188226752e-05
S6_49164294 6 49168294 8.06423882717289e-05
S6_49173324 6 49177324 1.14775770232028e-06
S6_49194905 6 49198905 0.00012516722179165
S6_49374052 6 49378052 3.70884369069751e-16
S6_49444784 6 49448784 3.33015425575325e-05
S6_49478172 6 49482172 0.000805372498420167
S6_49485491 6 49489491 4.38055639992173e-05
S6_49509412 6 49513412 4.32669102644357e-05
S6_49533735 6 49537735 0.000861154603420857
S6_49533752 6 49537752 0.000861154603420727
S6_49616022 6 49620022 0.000694582464340039
S6_49616049 6 49620049 0.000694582464340039
S6_49616051 6 49620051 0.000694582464340039
S6_49616134 6 49620134 0.000136055477505758
S6_49616142 6 49620142 0.000137508766509092
S6_49616369 6 49620369 1.83776013508295e-06
S6_49616393 6 49620393 1.83776013508295e-06
S6_49616414 6 49620414 5.96792718881856e-08
S6_49633371 6 49637371 0.00068017869094168
S6_49633380 6 49637380 0.000660321789161191
S6_49774102 6 49778102 0.000220730515606103
S6_49809808 6 49813808 2.02130794491772e-05
S6_49809810 6 49813810 2.02130794491772e-05
S6_49824525 6 49828525 8.57606523772429e-05
S6_49903925 6 49907925 4.01111415396702e-14
S6_49903948 6 49907948 4.01111415396761e-14
S6_49944617 6 49948617 0.000303860790686101
S6_49946268 6 49950268 0.000708208712849103
S6_49948394 6 49952394 0.000387614543849436
S6_49948396 6 49952396 4.00861580563208e-05
S6_49948469 6 49952469 1.16215564453479e-05
S6_49948472 6 49952472 1.16215564453479e-05
S6_49952475 6 49956475 0.000756854396098091
S6_49952566 6 49956566 2.76242969731452e-05
S6_49961669 6 49965669 0.000322924724324308
S6_49973621 6 49977621 0.000216894060531043
S6_50029636 6 50033636 0.000196123856321575
S6_50039468 6 50043468 0.000245831903556566
S6_50073292 6 50077292 0.000313823577677658
S6_50082899 6 50086899 0.000274525929307469
S6_50101577 6 50105577 3.13108312196488e-05
S6_50101579 6 50105579 3.13108312196488e-05
S6_50101580 6 50105580 2.41461485875933e-05
S6_50101582 6 50105582 3.13108312196511e-05
S6_50101583 6 50105583 3.13108312196488e-05
S6_50107197 6 50111197 0.000147024830954122
S6_50107250 6 50111250 0.000136749726979416
S6_50107251 6 50111251 0.000136749726979412
S6_50107252 6 50111252 0.000136749726979416
S6_50107347 6 50111347 0.000265511986237021
S6_50110887 6 50114887 1.8432439037101e-05
S6_50110973 6 50114973 4.98676396653941e-06
S6_50113621 6 50117621 1.09354279784465e-05
S6_50116244 6 50120244 3.29698917110139e-07
S6_50116280 6 50120280 8.92617568354122e-07
S6_50131918 6 50135918 2.57010007707647e-08
S6_50140779 6 50144779 0.000112040695972879
S6_50141667 6 50145667 0.000322115874336082
S6_50141670 6 50145670 0.000322115874336082
S6_50248453 6 50252453 1.0947712710068e-08
S6_50248471 6 50252471 1.0947712710068e-08
S6_50325811 6 50329811 0.000413903947257135
S6_50325949 6 50329949 2.75352788471788e-05
S6_50344806 6 50348806 5.14696270577678e-07
S6_50347378 6 50351378 3.89849507329575e-06
S6_50367019 6 50371019 1.27794547206908e-06
S6_50370914 6 50374914 4.27475130854533e-06
S6_50393562 6 50397562 2.45493792479322e-12
S6_50397204 6 50401204 0.000584279955940832
S6_50399972 6 50403972 4.60570947460883e-09
S6_50407760 6 50411760 1.5334669987126e-05
S6_50407883 6 50411883 6.20183930674235e-06
S6_50409260 6 50413260 0.000165968043699896
S6_50409470 6 50413470 9.40296195578617e-06
S6_50416671 6 50420671 0.000120221345091022
S6_50416677 6 50420677 0.000120221345091019
S6_50418607 6 50422607 0.000450053793730559
S6_50418611 6 50422611 0.000450053793730559
S6_50418622 6 50422622 0.000649498674537362
S6_50418639 6 50422639 3.7529564985164e-05
S6_50418660 6 50422660 8.59532569611072e-06
S6_50418721 6 50422721 0.00020441717624714
S6_50418754 6 50422754 1.10507204539349e-05
S6_50418762 6 50422762 3.89309305849175e-05
S6_50419292 6 50423292 0.000107347155236754
S6_50419723 6 50423723 2.82211661170573e-05
S6_50419768 6 50423768 2.82211661170573e-05
S6_50419955 6 50423955 5.89778927120929e-05
S6_50419957 6 50423957 5.89778927120945e-05
S6_50420743 6 50424743 1.21150064204606e-06
S6_50420749 6 50424749 1.21150064204609e-06
S6_50442751 6 50446751 1.55550620657129e-05
S6_50511801 6 50515801 2.57540067851509e-05
S6_50529124 6 50533124 0.000356328795487529
S6_50540515 6 50544515 0.000215582188519894
S6_50550028 6 50554028 2.95122004032942e-05
S6_50563139 6 50567139 6.45587759877495e-12
S6_50570008 6 50574008 8.8705822070722e-06
S6_50576429 6 50580429 0.000424732773799952
S6_50580299 6 50584299 2.73548316450459e-06
S6_50591113 6 50595113 0.000502142772607416
S6_50621613 6 50625613 0.000647483315618636
S6_50623855 6 50627855 0.000128091979961794
S6_50627079 6 50631079 0.000323795682324371
S6_50675303 6 50679303 6.85710604362523e-05
S6_50771743 6 50775743 0.000289596652185995
S6_50776648 6 50780648 9.67644226321852e-09
S6_50804314 6 50808314 5.76571731267753e-09
S6_50827935 6 50831935 2.32232396896842e-06
S6_50830734 6 50834734 5.71648679098241e-05
S6_50875053 6 50879053 6.3359125552864e-08
S6_50898569 6 50902569 0.000301721432402079
S6_50934405 6 50938405 2.13874918825045e-05
S6_50945255 6 50949255 0.000893411310125894
S6_50977871 6 50981871 1.9160024687006e-06
S6_51012013 6 51016013 1.13245524189262e-06
S6_51027875 6 51031875 0.000361521971129355
S6_51089298 6 51093298 0.000170873886323956
S6_51109005 6 51113005 2.75492171083267e-05
S6_51140239 6 51144239 0.000749454066758936
S6_51205845 6 51209845 1.44362104821018e-05
S6_51346480 6 51350480 0.000365602535253183
S6_51346486 6 51350486 1.49206626339095e-07
S6_51346501 6 51350501 0.000365602535253183
S6_51346505 6 51350505 0.000365602535253183
S6_51374262 6 51378262 0.000894412463784994
S6_51485919 6 51489919 0.000333269520970975
S6_51596716 6 51600716 0.000194692022172004
S6_51644442 6 51648442 9.40461693340327e-05
S6_51659928 6 51663928 0.000315813003218803
S6_51673776 6 51677776 0.000111394111621082
S6_51680610 6 51684610 0.00095554118087115
S6_51716859 6 51720859 0.000344525690179767
S6_51716869 6 51720869 0.000344525690179767
S6_51924342 6 51928342 3.29788316713092e-06
S6_52035188 6 52039188 1.67805907643959e-08
S6_52056190 6 52060190 0.000196834306658306
S6_52103412 6 52107412 1.15945849313396e-05
S6_52144542 6 52148542 6.50231612182279e-05
S6_52201740 6 52205740 1.92247746474747e-05
S6_52246299 6 52250299 3.60603109560746e-08
S6_52351399 6 52355399 0.000883634867243
S6_52431517 6 52435517 4.15705018040536e-07
S6_52451905 6 52455905 2.11433662098476e-06
S6_52458201 6 52462201 7.50201223611959e-06
S6_52496282 6 52500282 9.95815104590008e-08
S6_52582489 6 52586489 6.65558780542778e-06
S6_52586261 6 52590261 4.16734906541276e-06
S6_52586275 6 52590275 4.16734906541276e-06
S6_52586301 6 52590301 4.16734906541276e-06
S6_52600881 6 52604881 2.95337740077724e-05
S6_52604715 6 52608715 9.04139260677949e-05
S6_52604978 6 52608978 0.000610734936022832
S6_52731530 6 52735530 0.000183642753354523
S6_52768721 6 52772721 2.69966397013956e-07
S6_52830154 6 52834154 0.00014398313977447
S6_52840087 6 52844087 6.61026369984781e-05
S6_52844576 6 52848576 0.000183213096654631
S6_52845295 6 52849295 0.000131673635090562
S6_52845540 6 52849540 0.000163530651864054
S6_52845608 6 52849608 1.28740976611135e-12
S6_52854320 6 52858320 3.49740218863252e-05
S6_52857932 6 52861932 0.000283778630039336
S6_52869028 6 52873028 0.000827753321916547
S6_52887498 6 52891498 0.000200201922367383
S6_52887510 6 52891510 0.000200201922367383
S6_52914630 6 52918630 1.57260280750618e-05
S6_53029491 6 53033491 2.70934688564926e-08
S6_53029572 6 53033572 4.60237566142631e-05
S6_53029644 6 53033644 1.5990276536126e-05
S6_53029646 6 53033646 1.5990276536126e-05
S6_53029686 6 53033686 1.59902765361273e-05
S6_53029705 6 53033705 0.000881549234924029
S6_53078227 6 53082227 0.000160345831865987
S6_53084162 6 53088162 2.65960853877899e-05
S6_53105010 6 53109010 1.51732632520877e-05
S6_53105181 6 53109181 0.000490247673746558
S6_53127844 6 53131844 1.7708410884417e-05
S6_53131201 6 53135201 1.29243649705761e-06
S6_53131202 6 53135202 1.29243649705761e-06
S6_53131203 6 53135203 1.29243649705761e-06
S6_53142584 6 53146584 0.000908469159449644
S6_53163321 6 53167321 0.000753185910658139
S6_53327190 6 53331190 0.000470237714161747
S6_53338003 6 53342003 6.25658397000479e-17
S6_53372332 6 53376332 8.160162362416e-05
S6_53410980 6 53414980 7.71659514700374e-06
S6_53438852 6 53442852 0.000132271239342838
S6_53457039 6 53461039 0.000148464390825398
S6_53500453 6 53504453 0.000909338103358033
S6_53501027 6 53505027 0.000644810579080382
S6_53521589 6 53525589 0.000630768632418835
S6_53649745 6 53653745 9.52622814053556e-05
S6_53678043 6 53682043 0.000720752434027919
S6_53678958 6 53682958 4.48852822765912e-06
S6_53694750 6 53698750 0.000381221017936774
S6_53694760 6 53698760 0.000381221017936774
S6_53698581 6 53702581 8.3288586192077e-05
S6_53705326 6 53709326 0.000166900173208787
S6_53727312 6 53731312 0.000731362385264207
S6_53735914 6 53739914 0.000714897446405852
S6_53804293 6 53808293 0.000651402228657245
S6_53804294 6 53808294 0.000651402228657245
S6_53804298 6 53808298 0.000651402228657245
S6_53804304 6 53808304 0.000651402228657245
S6_53849488 6 53853488 3.03439836430896e-05
S6_53849489 6 53853489 6.26939446253475e-06
S6_53849491 6 53853491 5.87406838300375e-06
S6_53849492 6 53853492 5.87406838300375e-06
S6_53850294 6 53854294 1.07662764572757e-05
S6_53870778 6 53874778 7.41999500862138e-19
S6_53990144 6 53994144 2.09930802394747e-05
S6_53990208 6 53994208 7.33210461933207e-14
S6_53992762 6 53996762 6.22040082190129e-06
S6_54108781 6 54112781 0.000718309696899559
S6_54112468 6 54116468 6.99921752437709e-05
S6_54125344 6 54129344 7.91505917624527e-06
S6_54146796 6 54150796 1.00853575237095e-05
S6_54204597 6 54208597 0.000501098442946269
S6_54244891 6 54248891 6.93300371908674e-05
S6_54244892 6 54248892 6.93300371908646e-05
S6_54244905 6 54248905 6.93300371908646e-05
S6_54251697 6 54255697 0.000467303801028331
S6_54251708 6 54255708 0.000467303801028331
S6_54280753 6 54284753 1.02542204004756e-05
S6_54280780 6 54284780 1.02542204004756e-05
S6_54280807 6 54284807 1.7419731960424e-05
S6_54280864 6 54284864 3.57031993115158e-06
S6_54295483 6 54299483 3.74643958741322e-05
S6_54386564 6 54390564 0.000629256088806552
S6_54538985 6 54542985 0.000833696137613107
S6_54580721 6 54584721 0.000987713548254791
S6_54580723 6 54584723 0.000987713548254791
S6_54580724 6 54584724 0.000987713548254831
S6_54606205 6 54610205 2.90894056236884e-05
S6_54608825 6 54612825 0.000591261534619599
S6_54630929 6 54634929 0.000510043212200903
S6_54631189 6 54635189 0.000682224635232739
S6_54694388 6 54698388 1.05986740618335e-05
S6_54738935 6 54742935 6.87334986081192e-15
S6_54857433 6 54861433 0.000183371518059195
S6_54857438 6 54861438 0.000183371518059195
S6_54857467 6 54861467 0.000183371518059195
S6_54860005 6 54864005 0.00031934982781848
S6_54860017 6 54864017 0.00031934982781848
S6_54860026 6 54864026 0.00031934982781848
S6_54862847 6 54866847 2.94659321539896e-05
S6_54898627 6 54902627 0.000978847414721874
S6_54927150 6 54931150 1.26501198041073e-05
S6_54931938 6 54935938 0.00056514631119958
S6_55096475 6 55100475 0.000624503516713254
S6_55096481 6 55100481 0.000624503516713293
S6_55153779 6 55157779 3.60285615297404e-06
S6_55167202 6 55171202 3.36026595176948e-06
S6_55168808 6 55172808 0.000366629080703804
S6_55210816 6 55214816 4.05181947086021e-06
S6_55214857 6 55218857 0.000204253884848667
S6_55226708 6 55230708 5.47204832970921e-17
S6_55298717 6 55302717 0.000117337209342419
S6_55387662 6 55391662 6.30480555974706e-05
S6_55389659 6 55393659 0.000628486938903531
S6_55408850 6 55412850 5.35038239886922e-07
S6_55427381 6 55431381 0.000617236762810545
S6_55451539 6 55455539 7.46018515799567e-06
S6_55496989 6 55500989 0.00010133234507887
S6_55522400 6 55526400 0.00012285920747153
S6_55522401 6 55526401 0.00012285920747153
S6_55522403 6 55526403 0.00012285920747153
S6_55558964 6 55562964 0.000104728163405648
S6_55563407 6 55567407 0.000978795808985319
S6_55660367 6 55664367 0.000173703197133457
S6_55660760 6 55664760 0.000474830247605471
S6_55666396 6 55670396 0.00029926544782454
S6_55666616 6 55670616 0.000170417472869085
S6_55706935 6 55710935 0.000269004099878464
S6_55707162 6 55711162 0.000525893084280732
S6_55714612 6 55718612 6.76050772039881e-05
S6_55952172 6 55956172 0.000138664583460379
S6_55953946 6 55957946 0.000182617807391577
S6_55966626 6 55970626 0.000154615657887082
S6_55978975 6 55982975 0.00018163351526905
S6_55979008 6 55983008 4.04974234808534e-05
S6_56005032 6 56009032 4.94526714087974e-05
S6_56122145 6 56126145 0.00068106832563123
S6_56202389 6 56206389 3.16267644984279e-09
S6_56220159 6 56224159 0.000367270570837127
S6_56220160 6 56224160 0.000367270570837159
S6_56220163 6 56224163 0.0004315561396428
S6_56245616 6 56249616 0.000162117103917259
S6_56245631 6 56249631 0.000162117103917234
S6_56255368 6 56259368 0.000563863911802178
S6_56255464 6 56259464 0.00064726275209047
S6_56333106 6 56337106 8.77394346300949e-07
S6_56342588 6 56346588 4.67575679129372e-05
S6_56343795 6 56347795 4.04631615579186e-05
S6_56393825 6 56397825 0.000793477090924389
S6_56489818 6 56493818 3.70543620734311e-05
S6_56495996 6 56499996 0.000455198918965006
S6_56627611 6 56631611 0.000100883245873394
S6_56680288 6 56684288 4.63612618994414e-06
S6_56698274 6 56702274 0.00085442045599035
S6_56698279 6 56702279 0.00085442045599035
S6_56733578 6 56737578 4.81583010785577e-06
S6_56757906 6 56761906 0.000952041961998671
S6_56761826 6 56765826 8.50626954488158e-08
S6_56761876 6 56765876 8.50626954488158e-08
S6_56761905 6 56765905 1.06962596749545e-07
S6_56762025 6 56766025 3.31119743826293e-05
S6_56767274 6 56771274 1.10460461515604e-06
S6_56769899 6 56773899 4.15080134690063e-07
S6_56770455 6 56774455 2.03766531599624e-09
S6_56770611 6 56774611 6.83692975016032e-07
S6_56771317 6 56775317 0.00091057599968563
S6_56771443 6 56775443 5.14237176587336e-08
S6_56828665 6 56832665 1.21509481097192e-05
S6_56849231 6 56853231 8.22447346246082e-05
S6_56854281 6 56858281 2.87929478884035e-05
S6_56857037 6 56861037 6.84310295658356e-06
S6_56858197 6 56862197 4.14893472040169e-08
S6_56858626 6 56862626 0.000734857377261675
S6_56861673 6 56865673 0.000125869265844611
S6_56861706 6 56865706 0.000125869265844611
S6_56869056 6 56873056 1.99871083627436e-13
S6_56881950 6 56885950 0.000626931891365598
S6_56894374 6 56898374 4.83162497962659e-15
S6_56905267 6 56909267 0.000112401571346446
S6_56937721 6 56941721 0.000635889841676414
S6_56939925 6 56943925 2.04603181311382e-06
S6_56953017 6 56957017 4.38902845831538e-05
S6_56953018 6 56957018 4.38902845831538e-05
S6_57062758 6 57066758 0.00085694767014399
S6_57261121 6 57265121 0.000723004789401351
S6_57261122 6 57265122 0.000823211288234866
S6_57271054 6 57275054 2.07019700251741e-06
S6_57271449 6 57275449 5.50317797642792e-07
S6_57271510 6 57275510 2.86335112306364e-10
S6_57271512 6 57275512 2.70956736079984e-10
S6_57271520 6 57275520 2.70956736079984e-10
S6_57271529 6 57275529 2.70956736079984e-10
S6_57286662 6 57290662 5.05235439461112e-05
S6_57288344 6 57292344 0.000347938528883283
S6_57294049 6 57298049 0.000113844794642389
S6_57301974 6 57305974 0.000201727628295074
S6_57414355 6 57418355 0.000466126584392515
S6_57471791 6 57475791 4.69372955263812e-11
S6_57479172 6 57483172 3.3522168252354e-05
S6_57479467 6 57483467 0.000206349061062177
S6_57479496 6 57483496 0.000206349061062177
S6_57488590 6 57492590 2.6151265187559e-06
S6_57488940 6 57492940 1.8130684224314e-16
S6_57492236 6 57496236 8.84222092378704e-05
S6_57500708 6 57504708 0.000633253985175697
S6_57515927 6 57519927 7.83324404753144e-07
S6_57516834 6 57520834 6.63323426440822e-06
S6_57537567 6 57541567 5.1782991986658e-09
S6_57540132 6 57544132 0.000276366415963624
S6_57540133 6 57544133 0.000416328308639593
S6_57540135 6 57544135 0.000416328308639593
S6_57548776 6 57552776 1.61674039187797e-09
S6_57548778 6 57552778 1.61674039187797e-09
S6_57564101 6 57568101 0.000369518775842605
S6_57574558 6 57578558 1.10334105863115e-09
S6_57602781 6 57606781 7.01288688692286e-05
S6_57652956 6 57656956 2.78698516599616e-05
S6_57700659 6 57704659 0.000407570622628011
S6_57708336 6 57712336 0.000329410272203063
S6_57713676 6 57717676 0.000602711135648579
S6_57787746 6 57791746 3.21224321287959e-08
S6_57788522 6 57792522 1.20935371250883e-07
S6_57800376 6 57804376 1.29449258981532e-05
S6_57823754 6 57827754 2.55680454519816e-08
S6_57823792 6 57827792 1.14312497476896e-08
S6_57823809 6 57827809 1.83051463515749e-08
S6_57823815 6 57827815 1.83051463515749e-08
S6_57824014 6 57828014 8.01755146534489e-09
S6_57824146 6 57828146 5.21083764899488e-08
S6_57824984 6 57828984 0.000283094624323101
S6_57825205 6 57829205 1.20000403047428e-08
S6_57825242 6 57829242 0.000538476923571812
S6_57825886 6 57829886 1.82335715204597e-08
S6_57825897 6 57829897 1.82335715204597e-08
S6_57825924 6 57829924 1.82335715204602e-08
S6_57827728 6 57831728 5.6734221231251e-08
S6_57828912 6 57832912 2.14308066763939e-07
S6_57830791 6 57834791 1.5471279426698e-08
S6_57833743 6 57837743 3.41320223949706e-09
S6_57833929 6 57837929 1.95083638685612e-10
S6_57854745 6 57858745 1.95548809109774e-06
S6_57855744 6 57859744 1.38208399711852e-08
S6_57855786 6 57859786 3.65519694721289e-08
S6_57855861 6 57859861 1.42579196581012e-07
S6_57860532 6 57864532 1.01475748341907e-08
S6_57862190 6 57866190 2.80160200100175e-08
S6_57862351 6 57866351 2.46086645131145e-08
S6_57865363 6 57869363 2.27043020543458e-07
S6_57922104 6 57926104 8.41792124210831e-10
S6_57947307 6 57951307 0.000672155978190541
S6_57947409 6 57951409 1.99557476562357e-12
S6_57951989 6 57955989 4.31695574987957e-07
S6_57954418 6 57958418 3.76058485400022e-06
S6_57997149 6 58001149 0.000476091891331523
S6_58022894 6 58026894 0.000101447410254278
S6_58022906 6 58026906 5.99189039085554e-05
S6_58024317 6 58028317 0.000149713906808158
S6_58024337 6 58028337 0.0001873712629799
S6_58041074 6 58045074 0.000312153294354224
S6_58235103 6 58239103 2.39311391586451e-05
S6_58256083 6 58260083 0.000110449898521721
S6_58263749 6 58267749 6.83837807139265e-06
S6_58293056 6 58297056 0.000635101015067845
S6_58414148 6 58418148 0.000140446024602409
S6_58423569 6 58427569 7.66279469761101e-06
S6_58428420 6 58432420 0.000672641880933131
S6_58434301 6 58438301 0.000266291203176416
S6_58436617 6 58440617 0.000988385908039021
S6_58437635 6 58441635 1.51910364160075e-05
S6_58442279 6 58446279 0.00071665017882084
S6_58556609 6 58560609 0.000672278961364512
S6_58557245 6 58561245 0.000618140647609061
S6_58809755 6 58813755 8.7996019343009e-05
S6_58809859 6 58813859 4.54040862832229e-13
S6_58839609 6 58843609 1.30571362410605e-08
S6_58842555 6 58846555 5.94579336139433e-05
S6_58863044 6 58867044 5.75097560790805e-05
S6_58863143 6 58867143 0.000195973282442539
S6_58864585 6 58868585 0.000829395256463544
S6_58864599 6 58868599 0.000829395256463544
S6_58864625 6 58868625 0.000829395256463544
S6_58867996 6 58871996 0.000418193954580559
S6_58921004 6 58925004 0.000605512265146825
S6_58925349 6 58929349 0.000139477505449188
S6_58925412 6 58929412 0.000182877141960757
S6_59004117 6 59008117 0.000151168619160955
S6_59092590 6 59096590 1.06596162434018e-09
S6_59092842 6 59096842 0.000378533937911698
S6_59107134 6 59111134 0.000706863963447576
S6_59107254 6 59111254 0.000124327319398396
S6_59107319 6 59111319 0.00062412678806374
S6_59169192 6 59173192 0.000229553599751694
S6_59204817 6 59208817 0.000705781753348166
S6_59220940 6 59224940 8.96532748382596e-05
S6_59220962 6 59224962 8.96532748382596e-05
S6_59220963 6 59224963 8.96532748382596e-05
S6_59431521 6 59435521 8.51110194628784e-05
S6_59484476 6 59488476 0.000634595439458992
S6_59498339 6 59502339 3.25306443601773e-05
S6_59498342 6 59502342 3.32573006196215e-05
S6_59498358 6 59502358 5.77101686811122e-05
S6_59589104 6 59593104 8.9039681354915e-09
S6_59620807 6 59624807 4.92070840291257e-10
S6_59647843 6 59651843 0.000447546868867927
S6_59647970 6 59651970 0.000409146176089974
S6_59652646 6 59656646 0.000400299282628136
S6_59688320 6 59692320 8.28028523706524e-05
S6_59692830 6 59696830 9.32902471015337e-05
S6_59700309 6 59704309 0.00019858679438157
S6_59713051 6 59717051 0.000241609862449817
S6_59739532 6 59743532 3.61208388994522e-06
S6_59792056 6 59796056 0.00028345064277539
S6_59830407 6 59834407 0.000301349435959065
S6_59830483 6 59834483 1.03977550011843e-05
S6_59917255 6 59921255 3.48834798555483e-05
S6_59957976 6 59961976 1.38517921408318e-06
S6_59995383 6 59999383 2.54892403858834e-07
S6_60021811 6 60025811 4.54650854443896e-07
S6_60038226 6 60042226 0.000131283481003104
S6_60068392 6 60072392 2.02774716230594e-17
S6_60098360 6 60102360 0.000247730034645859
S6_60112059 6 60116059 0.000155145694938119
S6_60113095 6 60117095 0.000570114216598578
S6_60176803 6 60180803 0.000576722320647882
S6_60216838 6 60220838 0.000150868020612801
S6_60270763 6 60274763 0.000704657639276992
S6_60270780 6 60274780 0.000704657639276992
S6_60364355 6 60368355 0.000921418457013177
S6_60365186 6 60369186 0.000693766308497093
S6_60437439 6 60441439 3.8068231384938e-14
S6_60450484 6 60454484 0.000865342126993757
S6_60532775 6 60536775 0.000990737546428084
S6_60707860 6 60711860 5.63832586942437e-05
S6_60712023 6 60716023 6.85332881051296e-05
S6_60743180 6 60747180 0.000116862813216662
S6_60743181 6 60747181 0.000116862813216662
S6_60743182 6 60747182 0.000116862813216656
S6_60753708 6 60757708 0.000413452089188289
S6_60919423 6 60923423 0.000211392968260385
S6_60926963 6 60930963 5.91813402139859e-05
S6_60993208 6 60997208 6.70523860309044e-05
S6_61020032 6 61024032 8.92187280435507e-06
S6_61024341 6 61028341 4.82539086356227e-06
S6_61053557 6 61057557 0.00026009301909162
S6_61062973 6 61066973 0.000347785722033384
S6_61062984 6 61066984 0.000341068537615131
S6_61130393 6 61134393 1.37729275659869e-05
S6_61155079 6 61159079 0.000982780598057874
S6_61407301 6 61411301 0.000884550118054538
S6_61667982 6 61671982 0.000116129071435608
S6_61695851 6 61699851 0.000803612181339114
S6_61780203 6 61784203 1.1938977190118e-13
S6_61792555 6 61796555 0.000341002087101986
S6_61807235 6 61811235 0.000626854685352162
S6_61836269 6 61840269 6.04131285680682e-05
S6_61839861 6 61843861 0.000608393977795099
S6_61979598 6 61983598 0.000442957901876448
S6_61979599 6 61983599 0.000442957901876451
S6_61979601 6 61983601 0.000442957901876448
S6_62002099 6 62006099 1.51571893374845e-05
