Marker Chr Pos p
S8_241330 8 245330 0.000874094102408075
S8_322758 8 326758 0.000882003464883697
S8_342140 8 346140 0.000152194529353002
S8_563258 8 567258 0.000919776826778963
S8_583434 8 587434 0.000687263853859742
S8_746716 8 750716 4.00752243059866e-05
S8_831263 8 835263 0.000136693132694008
S8_831281 8 835281 0.000136693132694014
S8_1084626 8 1088626 0.000808011522550674
S8_1084742 8 1088742 0.000574731172524881
S8_1084774 8 1088774 0.000574731172524857
S8_1146691 8 1150691 2.52436057987694e-06
S8_1151630 8 1155630 0.000514682658866545
S8_1166314 8 1170314 0.000828779648573849
S8_1215212 8 1219212 0.000891995891341046
S8_1215545 8 1219545 0.000447437330099048
S8_1237168 8 1241168 0.000314397313908181
S8_1293135 8 1297135 5.71273908018867e-05
S8_1327899 8 1331899 8.25285934124759e-05
S8_1330805 8 1334805 3.16751788472893e-06
S8_1337802 8 1341802 0.0002039678691653
S8_1362930 8 1366930 0.000593989131595993
S8_1377777 8 1381777 1.0727036146229e-05
S8_1377794 8 1381794 1.0727036146229e-05
S8_1377821 8 1381821 7.73119074496318e-06
S8_1377849 8 1381849 1.10225881055387e-05
S8_1377852 8 1381852 1.08020480759814e-05
S8_1377907 8 1381907 1.10225881055381e-05
S8_1393775 8 1397775 0.000360981573690686
S8_1397774 8 1401774 1.37199189467978e-05
S8_1397808 8 1401808 1.37199189467978e-05
S8_1401984 8 1405984 3.71690881736521e-06
S8_1402006 8 1406006 3.71690881736521e-06
S8_1402008 8 1406008 4.01600015372832e-06
S8_1402020 8 1406020 3.7169088173649e-06
S8_1422007 8 1426007 0.000267421996432254
S8_1556705 8 1560705 0.000438107528762363
S8_1610580 8 1614580 0.000944040409351015
S8_1638789 8 1642789 1.6634268574711e-05
S8_1642631 8 1646631 0.000924604265222054
S8_1642636 8 1646636 0.000924604265222054
S8_1642637 8 1646637 0.000924604265222228
S8_1642638 8 1646638 0.000924604265222054
S8_1689704 8 1693704 2.31170297794035e-05
S8_1754516 8 1758516 0.000639506696819362
S8_1800383 8 1804383 0.000986487030237706
S8_2019317 8 2023317 8.66106748496087e-06
S8_2038593 8 2042593 0.000327540657734067
S8_2070559 8 2074559 0.00058887917037532
S8_2118277 8 2122277 0.000790395568835044
S8_2124323 8 2128323 0.000337157703635111
S8_2124452 8 2128452 3.79023949302968e-05
S8_2136140 8 2140140 0.000677220299381467
S8_2149394 8 2153394 5.27634834697017e-05
S8_2250491 8 2254491 2.14135883294726e-05
S8_2260320 8 2264320 0.000210217567070598
S8_2260587 8 2264587 0.000832012146931362
S8_2260857 8 2264857 6.8987295066276e-05
S8_2260935 8 2264935 0.000230046433335025
S8_2260955 8 2264955 2.00152018381643e-05
S8_2261078 8 2265078 0.000880663437340232
S8_2268646 8 2272646 0.000104867845195942
S8_2345925 8 2349925 0.000676010100852286
S8_2345930 8 2349930 0.000676010100852286
S8_2345956 8 2349956 0.000676010100852286
S8_2347100 8 2351100 0.000624915698459183
S8_2347312 8 2351312 0.00056357406007713
S8_2347729 8 2351729 0.000599578882304507
S8_2361442 8 2365442 0.000314860216596426
S8_2464433 8 2468433 8.6016988823703e-07
S8_2496884 8 2500884 0.000127825139291821
S8_2496896 8 2500896 0.000127825139291837
S8_2496913 8 2500913 0.000127825139291821
S8_2529195 8 2533195 1.21467504821218e-05
S8_2587837 8 2591837 2.50962588062764e-05
S8_2632205 8 2636205 0.00055907841269367
S8_2668635 8 2672635 0.000192493518343288
S8_2680208 8 2684208 1.30850370850534e-06
S8_2698339 8 2702339 0.00050102213146187
S8_2698344 8 2702344 0.000663112348741189
S8_2888496 8 2892496 0.000457077299802006
S8_2913448 8 2917448 0.000233660134379459
S8_2949242 8 2953242 7.52506432659126e-05
S8_2982824 8 2986824 8.82436229431352e-05
S8_2991024 8 2995024 0.000967276180519395
S8_3080797 8 3084797 0.000292558659169468
S8_3080839 8 3084839 0.000987602099231359
S8_3218734 8 3222734 5.42595120221696e-06
S8_3218762 8 3222762 5.42595120221635e-06
S8_3220479 8 3224479 0.000571078014917331
S8_3357039 8 3361039 0.00074198406340277
S8_3378213 8 3382213 0.000200567178252934
S8_3396015 8 3400015 0.000354121683739842
S8_3670827 8 3674827 1.04255473803863e-05
S8_3699212 8 3703212 2.79659539293547e-07
S8_3709427 8 3713427 0.000740809612095099
S8_3919322 8 3923322 0.000656706809939639
S8_3919323 8 3923323 0.000417319020530291
S8_3919324 8 3923324 0.000417319020530291
S8_4069885 8 4073885 0.00067746031068716
S8_4088991 8 4092991 4.57731394430965e-05
S8_4132047 8 4136047 0.000888592847782019
S8_4171704 8 4175704 0.000460884244851052
S8_4208781 8 4212781 7.6972595731855e-06
S8_4234978 8 4238978 0.000558280242931014
S8_4305808 8 4309808 3.95357189023184e-05
S8_4305809 8 4309809 3.95357189023184e-05
S8_4306230 8 4310230 0.000481083563254291
S8_4642775 8 4646775 0.000538311097638698
S8_4816922 8 4820922 0.000630303518515893
S8_4899512 8 4903512 1.27558849218217e-05
S8_4899919 8 4903919 0.00026572925695479
S8_4946141 8 4950141 0.000268240193087266
S8_4946173 8 4950173 0.000268240193087242
S8_4946276 8 4950276 0.000933979806929912
S8_4946286 8 4950286 0.000933979806929912
S8_4946295 8 4950295 0.000933979806929912
S8_4956892 8 4960892 0.000855168265193333
S8_4960310 8 4964310 0.00040575909228999
S8_4960311 8 4964311 0.00040575909228999
S8_4960313 8 4964313 0.000366571363085963
S8_5043531 8 5047531 5.52234076953957e-05
S8_5101797 8 5105797 0.000831547010164645
S8_5566973 8 5570973 0.000443177658703006
S8_6039601 8 6043601 0.000107807876448975
S8_6283195 8 6287195 0.000114892095964485
S8_6299109 8 6303109 1.90904689517356e-05
S8_6517025 8 6521025 0.000595948048574586
S8_6616410 8 6620410 0.000442512135871157
S8_7026407 8 7030407 0.000314844375817997
S8_7210821 8 7214821 0.0002779286379299
S8_7210853 8 7214853 0.0002779286379299
S8_7882155 8 7886155 0.000762167364308225
S8_7942368 8 7946368 0.000785286058026046
S8_8387516 8 8391516 0.000190046847370789
S8_8427574 8 8431574 0.000996903019743845
S8_8427669 8 8431669 0.000394727199019037
S8_8442113 8 8446113 0.000297414684861806
S8_8443743 8 8447743 0.000689517838308485
S8_8545498 8 8549498 0.000336273606420612
S8_8642117 8 8646117 0.000900590204214949
S8_8697650 8 8701650 0.00017410825365032
S8_8721999 8 8725999 0.000555054652654068
S8_9003691 8 9007691 0.000734351640767356
S8_9003723 8 9007723 0.000806437434281137
S8_9181972 8 9185972 0.00013249149557002
S8_9181979 8 9185979 0.000531575186308469
S8_9186242 8 9190242 0.000261010842561446
S8_9186286 8 9190286 0.000261010842561508
S8_9313846 8 9317846 0.000382535700293355
S8_9314148 8 9318148 0.000337434632329536
S8_9314670 8 9318670 0.000899547546199516
S8_9349453 8 9353453 0.000654959873857635
S8_9441844 8 9445844 0.000451840959145105
S8_10635973 8 10639973 5.97670475030485e-05
S8_11024697 8 11028697 0.000285829646912848
S8_11118172 8 11122172 0.000441360174882918
S8_11118847 8 11122847 0.000880692625804327
S8_11305833 8 11309833 0.000974471565431471
S8_11445877 8 11449877 5.07620336689771e-05
S8_11655541 8 11659541 0.000294059252838227
S8_11696273 8 11700273 0.000359859786468884
S8_12906228 8 12910228 0.000729489664727616
S8_14089198 8 14093198 8.18373834928385e-05
S8_14121697 8 14125697 0.000114731099984718
S8_15827259 8 15831259 0.000746650454568773
S8_15904831 8 15908831 0.000449604082770791
S8_15925589 8 15929589 0.000767127800651422
S8_16296889 8 16300889 3.1482109100682e-05
S8_16333048 8 16337048 0.000806750285021274
S8_16539903 8 16543903 0.000988396038211215
S8_16764831 8 16768831 0.000628765822081383
S8_16928900 8 16932900 8.13940721784626e-05
S8_17123678 8 17127678 0.00057275451282628
S8_17484035 8 17488035 0.000811719278649831
S8_17696441 8 17700441 0.000696779527904364
S8_24351170 8 24355170 8.18741195496139e-06
S8_24659297 8 24663297 0.000451717592924265
S8_25360388 8 25364388 0.000791225348224893
S8_25883121 8 25887121 0.000803688114570153
S8_30528189 8 30532189 0.000996357730792521
S8_30545473 8 30549473 0.000259028371372891
S8_31140898 8 31144898 0.000213954087937806
S8_31451978 8 31455978 0.00076116979077675
S8_31649963 8 31653963 0.000475804027198002
S8_31742307 8 31746307 0.000269022773166385
S8_31760214 8 31764214 0.000593772958229948
S8_31777671 8 31781671 0.000149712301753211
S8_32493126 8 32497126 0.000431914414723863
S8_32528297 8 32532297 6.93086876106668e-06
S8_33198573 8 33202573 0.000147288780491657
S8_33222710 8 33226710 0.000798304169456568
S8_33430794 8 33434794 8.05371049037068e-05
S8_33518497 8 33522497 0.000985787535819627
S8_33707504 8 33711504 0.000760983378956856
S8_33726633 8 33730633 0.000175976521769052
S8_34185298 8 34189298 0.000820379655343034
S8_34373098 8 34377098 0.000806135075427653
S8_34693558 8 34697558 0.000438593459924404
S8_34735776 8 34739776 0.000576744920809744
S8_34750078 8 34754078 0.000889206022444186
S8_34829440 8 34833440 0.000874505184778361
S8_34853390 8 34857390 3.9549066859643e-05
S8_34853403 8 34857403 3.9549066859643e-05
S8_34869969 8 34873969 0.000448048174404953
S8_35129698 8 35133698 0.000500180041283844
S8_35170945 8 35174945 0.000337164387221733
S8_35249746 8 35253746 0.000652857822115586
S8_35584360 8 35588360 5.45754596461866e-05
S8_35805823 8 35809823 0.000561595717519194
S8_35875636 8 35879636 0.000416812395109725
S8_36143615 8 36147615 0.000930182053038541
S8_36251572 8 36255572 0.000486481999741867
S8_36256451 8 36260451 0.000599857475777684
S8_36384989 8 36388989 0.000909620170773363
S8_36385039 8 36389039 8.91678956869334e-05
S8_36585154 8 36589154 0.000377722802411238
S8_36968669 8 36972669 0.000760950084797516
S8_36979502 8 36983502 6.63152925934985e-06
S8_36979530 8 36983530 0.000290730147268014
S8_37057815 8 37061815 0.000251535962176819
S8_37058593 8 37062593 0.000558201990079397
S8_37378742 8 37382742 0.000433706856825584
S8_37396775 8 37400775 0.000322927891994461
S8_37507898 8 37511898 0.000454692964714076
S8_37945485 8 37949485 8.71693241385721e-05
S8_38020855 8 38024855 0.000965010424920784
S8_38075358 8 38079358 0.000126490109051448
S8_38075359 8 38079359 0.000126490109051448
S8_38433769 8 38437769 0.00015906943876757
S8_38612714 8 38616714 0.000143688760027983
S8_38673182 8 38677182 0.000165880374664596
S8_39044586 8 39048586 6.41925575157147e-05
S8_39498502 8 39502502 0.000711361814290113
S8_39908784 8 39912784 4.06061290253978e-05
S8_40355032 8 40359032 0.000948778697494164
S8_40355033 8 40359033 0.000907264511026261
S8_40426337 8 40430337 0.000911256736903627
S8_41145937 8 41149937 0.00014764052359391
S8_41145947 8 41149947 0.00014764052359391
S8_41145953 8 41149953 0.00014764052359391
S8_41254415 8 41258415 0.000864573852961194
S8_41314729 8 41318729 0.000105109972734101
S8_41838875 8 41842875 0.000989278837944108
S8_41950242 8 41954242 0.000814641820770903
S8_41950264 8 41954264 0.000814641820770903
S8_41950345 8 41954345 0.000824942744913734
S8_41950360 8 41954360 0.000824942744913734
S8_41957099 8 41961099 0.000667529315164862
S8_41957100 8 41961100 0.000667529315164862
S8_41958177 8 41962177 0.000720610205657964
S8_41958575 8 41962575 0.000683187160304099
S8_41958604 8 41962604 0.000683187160304552
S8_42303063 8 42307063 0.000747693578049963
S8_42372182 8 42376182 6.80839541344087e-05
S8_42657670 8 42661670 0.000231074482569594
S8_42716594 8 42720594 0.000130265516753881
S8_42774401 8 42778401 0.000222262048986307
S8_43045196 8 43049196 0.000748870271874868
S8_43660723 8 43664723 0.000252385415701392
S8_43843782 8 43847782 0.000282884380310875
S8_43844722 8 43848722 0.000228381191996717
S8_43980427 8 43984427 0.000364908489930234
S8_43988033 8 43992033 0.000421547518248717
S8_43988034 8 43992034 0.000421547518248559
S8_43988037 8 43992037 0.000421547518248717
S8_43988039 8 43992039 0.000197868560690137
S8_44004999 8 44008999 0.000713249162406244
S8_44175678 8 44179678 0.000743035832131299
S8_44537816 8 44541816 4.58543185904605e-05
S8_44544647 8 44548647 0.000832204158890975
S8_44545176 8 44549176 0.00041447913494825
S8_44547217 8 44551217 0.000430249174321714
S8_44561676 8 44565676 0.00049101444895025
S8_44561678 8 44565678 0.000491014448950302
S8_44580113 8 44584113 0.000334276312268509
S8_44582033 8 44586033 0.000863209690824533
S8_44726724 8 44730724 0.000757955444877169
S8_44876746 8 44880746 0.000348657364854627
S8_45637777 8 45641777 0.000721199904020163
S8_45699942 8 45703942 0.000997602262805684
S8_45699977 8 45703977 0.000997602262805684
S8_45703363 8 45707363 0.000277660684366087
S8_45719118 8 45723118 0.000870476960035449
S8_45975491 8 45979491 0.000255047928817368
S8_45975500 8 45979500 0.000255047928817368
S8_45976530 8 45980530 2.03063254013964e-05
S8_45976545 8 45980545 0.000274620864911305
S8_46021714 8 46025714 0.000118631578949337
S8_46514870 8 46518870 0.000623884828317386
S8_46514871 8 46518871 0.000181872420278786
S8_47170137 8 47174137 0.000871403804573284
S8_47375200 8 47379200 0.000967210557355661
S8_47375230 8 47379230 0.000967210557355211
S8_47932632 8 47936632 2.60859075670619e-05
S8_47932644 8 47936644 2.60859075670669e-05
S8_47933470 8 47937470 9.0640108821245e-05
S8_47974220 8 47978220 0.000265402121034233
S8_47974437 8 47978437 0.000746027861397155
S8_47974562 8 47978562 0.000548438721117175
S8_48080202 8 48084202 6.02143793308447e-06
S8_48157542 8 48161542 0.000534218378140201
S8_48157563 8 48161563 0.000534218378140201
S8_48157585 8 48161585 0.000534218378140201
S8_48178806 8 48182806 0.000305816931288927
S8_48178811 8 48182811 0.000305816931288927
S8_48360113 8 48364113 0.000474826216184619
S8_48364637 8 48368637 0.00068361860020471
S8_48494208 8 48498208 0.000493889150824839
S8_48494238 8 48498238 0.000673636860012729
S8_48494241 8 48498241 0.000673636860012729
S8_48603778 8 48607778 0.00096097002663151
S8_48902539 8 48906539 8.31105027533024e-05
S8_48902604 8 48906604 0.000174950123520967
S8_48911356 8 48915356 0.000115778838444378
S8_48911861 8 48915861 0.000203682463052823
S8_49038070 8 49042070 0.000494705465527558
S8_49098396 8 49102396 0.000556541643131623
S8_49113083 8 49117083 1.27759406734862e-05
S8_49113097 8 49117097 2.4256256725274e-05
S8_49113324 8 49117324 9.57797043005593e-05
S8_49113362 8 49117362 9.57797043005593e-05
S8_49178627 8 49182627 4.4714371864658e-05
S8_49187403 8 49191403 0.000490008503419321
S8_49189748 8 49193748 6.46110127741985e-05
S8_49197974 8 49201974 7.21369185788618e-05
S8_49239828 8 49243828 0.000813210361045041
S8_49243138 8 49247138 8.25505176396966e-05
S8_49243430 8 49247430 0.000603306109881856
S8_49243536 8 49247536 0.000555617794699029
S8_49247704 8 49251704 0.000305787045529515
S8_49268569 8 49272569 0.000958928821038161
S8_49268603 8 49272603 0.000223720794764984
S8_49284022 8 49288022 0.000411727122953575
S8_49284505 8 49288505 0.000571252815839413
S8_49290981 8 49294981 6.56685202851042e-05
S8_49299569 8 49303569 0.000791821827696062
S8_49299572 8 49303572 0.000592081576021998
S8_49299574 8 49303574 0.000791821827696119
S8_49302806 8 49306806 0.000563621159892202
S8_49303915 8 49307915 0.000838071295568748
S8_49318872 8 49322872 0.000310687113700962
S8_49376577 8 49380577 0.0007901839792445
S8_49591732 8 49595732 9.30509561077074e-07
S8_49591825 8 49595825 0.000373136849523618
S8_49592004 8 49596004 0.000480130022707454
S8_49710092 8 49714092 0.000327368837125269
S8_49713611 8 49717611 0.000353015306505992
S8_49721262 8 49725262 0.000278935621731463
S8_49733191 8 49737191 0.000376284873168758
S8_49763923 8 49767923 0.000182692264997094
S8_50111797 8 50115797 0.000326141602947794
S8_50111815 8 50115815 1.95807040790481e-05
S8_50111818 8 50115818 4.51066681795914e-05
S8_50111873 8 50115873 4.51066681795914e-05
S8_50112020 8 50116020 0.000892016843045482
S8_50190108 8 50194108 2.05366722648288e-05
S8_50190122 8 50194122 4.91111560536492e-05
S8_50227131 8 50231131 0.000735717411813275
S8_50230686 8 50234686 4.35370025974565e-06
S8_50230708 8 50234708 4.35370025974565e-06
S8_50230933 8 50234933 7.21997799027657e-08
S8_50273197 8 50277197 0.000716581848530622
S8_50379822 8 50383822 0.000500843086435619
S8_50415741 8 50419741 0.00050252350766983
S8_50757645 8 50761645 0.000465628256067724
S8_50835998 8 50839998 0.000524026786785997
S8_50838458 8 50842458 0.00045422263226569
S8_50927510 8 50931510 4.93182785681815e-07
S8_50930690 8 50934690 0.00053426468515225
S8_50932285 8 50936285 0.000829789921656438
S8_50934338 8 50938338 1.19540105533046e-05
S8_50982672 8 50986672 0.000983637531110792
S8_51027191 8 51031191 0.000222459094272234
S8_51041467 8 51045467 0.000797214804199537
S8_51047065 8 51051065 2.03685166683309e-05
S8_51047068 8 51051068 2.03685166683309e-05
S8_51085663 8 51089663 0.000531986961860563
S8_51137675 8 51141675 0.000414177492109016
S8_51179239 8 51183239 9.53751221048768e-05
S8_51204830 8 51208830 0.000383056621619065
S8_51204899 8 51208899 0.000434667673201011
S8_51205015 8 51209015 6.50879165232772e-05
S8_51245876 8 51249876 0.000419806580695991
S8_51266534 8 51270534 0.000341578143133846
S8_51368062 8 51372062 0.000814093797527275
S8_51372296 8 51376296 0.000648862132158572
S8_51415947 8 51419947 0.000402251136071648
S8_51416044 8 51420044 2.19959150626732e-05
S8_51416055 8 51420055 2.19959150626732e-05
S8_51416084 8 51420084 2.19959150626732e-05
S8_51416098 8 51420098 2.19959150626732e-05
S8_51429775 8 51433775 5.43101734368058e-06
S8_51430179 8 51434179 3.18941818507932e-05
S8_51430202 8 51434202 3.18941818507932e-05
S8_51590836 8 51594836 0.000136580397234292
S8_51628258 8 51632258 0.000983541133661824
S8_51691273 8 51695273 1.76724199883006e-05
S8_51739157 8 51743157 0.000401212200307652
S8_51850494 8 51854494 0.000918390616241653
S8_51865254 8 51869254 2.95568356810168e-05
S8_51865261 8 51869261 5.69745656820695e-05
S8_51865772 8 51869772 0.000397201352320692
S8_51875952 8 51879952 0.000459471555225294
S8_51875961 8 51879961 0.000459471555225294
S8_51876698 8 51880698 2.71972882880071e-06
S8_51876699 8 51880699 2.71972882880071e-06
S8_51897031 8 51901031 0.000104346109704958
S8_51902472 8 51906472 0.000769295276924594
S8_51933778 8 51937778 0.000813339231932687
S8_51937456 8 51941456 0.000438173383962824
S8_51954598 8 51958598 0.000356863323635877
S8_51956277 8 51960277 0.000673927445052796
S8_51974027 8 51978027 0.000398590222442507
S8_51983055 8 51987055 3.65478917968347e-05
S8_51985986 8 51989986 3.21768876349254e-06
S8_51985987 8 51989987 8.84749218291841e-06
S8_51986007 8 51990007 2.11031868672521e-06
S8_51991884 8 51995884 2.21422401033573e-06
S8_52019939 8 52023939 0.000258662939748685
S8_52076193 8 52080193 0.000107416467960147
S8_52096454 8 52100454 0.000562875257206449
S8_52096584 8 52100584 6.45193152114619e-05
S8_52098689 8 52102689 0.000789392413845307
S8_52098810 8 52102810 2.7478351403511e-06
S8_52098994 8 52102994 0.000600294644416119
S8_52099051 8 52103051 0.000306907432013205
S8_52124048 8 52128048 9.71782097041156e-08
S8_52130500 8 52134500 0.00036010290393732
S8_52172595 8 52176595 0.000715769500118688
S8_52239947 8 52243947 8.61176252690561e-05
S8_52280459 8 52284459 0.000215719155091413
S8_52281218 8 52285218 0.000943045297254407
S8_52282458 8 52286458 9.36415228696424e-05
S8_52286162 8 52290162 1.56659371797591e-05
S8_52289860 8 52293860 9.25623159028413e-07
S8_52302134 8 52306134 2.28870237305523e-05
S8_52302205 8 52306205 0.000152918074341299
S8_52303365 8 52307365 1.30448673730929e-06
S8_52303416 8 52307416 0.000568939046737159
S8_52303479 8 52307479 5.51921039899304e-08
S8_52314722 8 52318722 7.63277198275079e-05
S8_52329797 8 52333797 0.000201839299150775
S8_52375054 8 52379054 6.52192082552628e-05
S8_52395125 8 52399125 0.000436774141478872
S8_52396109 8 52400109 0.000245023533077568
S8_52426912 8 52430912 0.000975909798235941
S8_52451929 8 52455929 0.000474629401553665
S8_52481276 8 52485276 0.000161078449359415
S8_52483746 8 52487746 0.00019401432233283
S8_52484051 8 52488051 0.000214776332155861
S8_52487013 8 52491013 2.20201583691667e-05
S8_52487062 8 52491062 0.000122793418803422
S8_52487080 8 52491080 0.000122793418803422
S8_52495188 8 52499188 2.60978411631473e-05
S8_52498161 8 52502161 0.000387695342263042
S8_52498299 8 52502299 3.47432867875497e-06
S8_52508600 8 52512600 0.000129934354176921
S8_52532599 8 52536599 0.000803152642222635
S8_52570463 8 52574463 3.12701228201409e-06
S8_52603060 8 52607060 1.42017944639083e-05
S8_52605497 8 52609497 3.37485663274295e-06
S8_52613614 8 52617614 0.000122030653953823
S8_52671569 8 52675569 0.000576724432750635
S8_52671592 8 52675592 0.000576724432750617
S8_52673927 8 52677927 0.000818608710684789
S8_52674066 8 52678066 6.31610435289982e-06
S8_52674069 8 52678069 6.31610435289982e-06
S8_52822737 8 52826737 3.17247607697786e-06
S8_52889360 8 52893360 0.000744468265489974
S8_52889366 8 52893366 0.000744468265489974
S8_52895584 8 52899584 0.000354482671156082
S8_52960781 8 52964781 5.13152008481985e-05
S8_52998181 8 53002181 0.000257014061757292
S8_53000755 8 53004755 7.73666836011906e-06
S8_53000775 8 53004775 7.73666836011906e-06
S8_53000791 8 53004791 1.92743215637249e-05
S8_53000919 8 53004919 0.000493638871099451
S8_53000938 8 53004938 0.000493638871099451
S8_53000948 8 53004948 3.38139586603574e-06
S8_53023451 8 53027451 0.000674668565266089
S8_53042810 8 53046810 0.000416858940695966
S8_53045575 8 53049575 2.55206862144522e-05
S8_53068604 8 53072604 0.000365378212439826
S8_53092107 8 53096107 5.75405897778722e-05
S8_53092119 8 53096119 5.75405897778722e-05
S8_53095699 8 53099699 0.000935359799132098
S8_53104156 8 53108156 7.06086454506669e-05
S8_53104732 8 53108732 6.43124018185811e-05
S8_53117818 8 53121818 0.000961045416970502
S8_53145012 8 53149012 3.22244249858797e-05
S8_53145462 8 53149462 0.00084477460377801
S8_53145564 8 53149564 0.000874853929191351
S8_53154772 8 53158772 5.64801984675944e-05
S8_53183245 8 53187245 0.000674337696412481
S8_53292930 8 53296930 0.000890017024019477
S8_53298472 8 53302472 0.000561664376053403
S8_53298506 8 53302506 0.000865049893266216
S8_53308765 8 53312765 0.000370725546569456
S8_53331290 8 53335290 0.000219597011308318
S8_53342791 8 53346791 7.75500907162667e-05
S8_53360458 8 53364458 0.000758972193035972
S8_53510868 8 53514868 0.000275516051552362
S8_53679763 8 53683763 6.91850857541321e-07
S8_53679808 8 53683808 6.91850857541321e-07
S8_53685717 8 53689717 9.1032330788503e-10
S8_53699494 8 53703494 2.87370513883315e-05
S8_53699511 8 53703511 3.83920343459682e-07
S8_53704196 8 53708196 1.22600714200562e-05
S8_53705776 8 53709776 5.20783804737058e-05
S8_53709199 8 53713199 0.000189493261859629
S8_53709254 8 53713254 0.000189493261859629
S8_53709255 8 53713255 0.000189493261859629
S8_53710248 8 53714248 1.10872076934697e-06
S8_53710348 8 53714348 2.49027280715559e-07
S8_53729278 8 53733278 5.10573109256474e-05
S8_53731482 8 53735482 9.34606842756537e-05
S8_53731646 8 53735646 2.78909325679873e-05
S8_54142122 8 54146122 0.000905593355853171
S8_54224677 8 54228677 1.02041967001461e-05
S8_54224689 8 54228689 1.02041967001461e-05
S8_54225019 8 54229019 0.00088288187049658
S8_54233662 8 54237662 0.000487593605948429
S8_54233946 8 54237946 9.38430551940244e-05
S8_54241795 8 54245795 2.30373559759334e-05
S8_54244194 8 54248194 2.89199029874231e-06
S8_54267554 8 54271554 0.000633502867058586
S8_54272063 8 54276063 5.14875231619834e-05
S8_54288462 8 54292462 0.000402482215402445
S8_54288465 8 54292465 0.000402482215402445
S8_54321987 8 54325987 0.000373029404472272
S8_54399168 8 54403168 7.03092743472584e-05
S8_54406323 8 54410323 0.000296480216460793
S8_54408724 8 54412724 0.000906356775679997
S8_54434835 8 54438835 1.21540736696915e-05
S8_54434866 8 54438866 0.00034486282137332
S8_54434867 8 54438867 0.00011611738879565
S8_54485957 8 54489957 0.000708455437945426
S8_54491644 8 54495644 2.06910569408754e-05
S8_54496948 8 54500948 0.000408281733404787
S8_54502436 8 54506436 0.000358254278611806
S8_54502437 8 54506437 0.000358254278611806
S8_54507078 8 54511078 0.000263095869555745
S8_54507179 8 54511179 3.96247078079687e-05
S8_54510377 8 54514377 0.000230496204812576
S8_54536992 8 54540992 0.000300005538236082
S8_54545741 8 54549741 0.000826901989461529
S8_54546090 8 54550090 0.000755021787747687
S8_54625219 8 54629219 0.000951033139493661
S8_54632401 8 54636401 0.000666939100888532
S8_54632406 8 54636406 0.000104675130641236
S8_54724132 8 54728132 0.000111053859056114
S8_54733896 8 54737896 0.000888227365534565
S8_54733926 8 54737926 0.000888227365534565
S8_54872543 8 54876543 0.000577685656416392
S8_54945677 8 54949677 0.000678149852722488
S8_54967794 8 54971794 0.000470253759970909
S8_54992037 8 54996037 0.000736178962705948
S8_55042855 8 55046855 0.000270964085530921
S8_55043618 8 55047618 0.000554477418571136
S8_55249782 8 55253782 0.000876032065981697
S8_55252090 8 55256090 0.000150236115692028
S8_55256384 8 55260384 0.000458516616875683
S8_55256417 8 55260417 0.000458516616875683
S8_55257116 8 55261116 0.000510886362463294
S8_55263226 8 55267226 0.000326144164044094
S8_55276725 8 55280725 0.00079009144501462
