Marker Chr Pos p
S2_125268 2 129268 0.00089593044191471
S2_165668 2 169668 8.01466167822885e-06
S2_187105 2 191105 0.000963417334867592
S2_187116 2 191116 0.000963417334867592
S2_201419 2 205419 5.92023188916907e-05
S2_206219 2 210219 0.00081314193142396
S2_318335 2 322335 0.000132638785722176
S2_451293 2 455293 0.000191217302196731
S2_487687 2 491687 0.000930187138815456
S2_487700 2 491700 0.00050108873050224
S2_498255 2 502255 0.00061635762926575
S2_572901 2 576901 1.03397358192279e-05
S2_621939 2 625939 0.00053348441896229
S2_651140 2 655140 0.000726871836817778
S2_744145 2 748145 0.000188720267746758
S2_793965 2 797965 9.81950109747935e-05
S2_801915 2 805915 1.00691649483195e-05
S2_833473 2 837473 0.000270533983292367
S2_846407 2 850407 9.97303679351372e-06
S2_916259 2 920259 0.00053267420586807
S2_977242 2 981242 0.000227022043912386
S2_1005904 2 1009904 0.000158930671721812
S2_1011538 2 1015538 0.000154119486065991
S2_1014210 2 1018210 0.000800236256668801
S2_1014224 2 1018224 0.000859346333706224
S2_1015554 2 1019554 2.09306335045993e-06
S2_1138036 2 1142036 0.000153462729251319
S2_1158251 2 1162251 0.000682563523029166
S2_1253503 2 1257503 0.000505329667279067
S2_1253769 2 1257769 0.000164502516267301
S2_1260299 2 1264299 0.00084722709538029
S2_1328627 2 1332627 0.000345854027796306
S2_1371620 2 1375620 0.000757136888144751
S2_1425119 2 1429119 6.00347960073638e-07
S2_1429848 2 1433848 1.22882713207326e-05
S2_1461945 2 1465945 1.09866110160075e-10
S2_1477480 2 1481480 0.000258597466267645
S2_1485797 2 1489797 0.000363125863901922
S2_1505189 2 1509189 0.000229702885278491
S2_1506776 2 1510776 4.12223833162627e-05
S2_1506794 2 1510794 3.73678652168638e-05
S2_1519946 2 1523946 0.000559002508815947
S2_1523856 2 1527856 0.000932401299079142
S2_1532162 2 1536162 0.000834864715769314
S2_1561709 2 1565709 4.49303709903466e-05
S2_1561748 2 1565748 9.19374264198406e-06
S2_1562889 2 1566889 2.09984022700067e-07
S2_1564508 2 1568508 0.000675103144992162
S2_1588488 2 1592488 4.95602666315651e-06
S2_1690856 2 1694856 0.000333208797204181
S2_1694095 2 1698095 7.35563408535917e-06
S2_1727243 2 1731243 0.000411602295179876
S2_1727841 2 1731841 6.36864302009853e-05
S2_1727853 2 1731853 6.36864302009853e-05
S2_1727883 2 1731883 0.000106154302896632
S2_1735534 2 1739534 0.000419027194310754
S2_1735543 2 1739543 0.000419027194310754
S2_1735550 2 1739550 0.000419027194310754
S2_1749279 2 1753279 1.29053829730944e-08
S2_1767621 2 1771621 2.27539030692332e-07
S2_1988042 2 1992042 1.29209405383903e-11
S2_1988053 2 1992053 2.79399462450645e-12
S2_1988054 2 1992054 2.79399462450645e-12
S2_1988055 2 1992055 2.73990031971234e-12
S2_1988059 2 1992059 2.79399462450645e-12
S2_1988064 2 1992064 1.33401948632457e-11
S2_1988065 2 1992065 1.29209405383903e-11
S2_1988075 2 1992075 7.0494188128125e-05
S2_2007121 2 2011121 5.11914698304075e-12
S2_2039027 2 2043027 7.01600357692296e-05
S2_2054445 2 2058445 0.000612966109993538
S2_2113759 2 2117759 9.02126112715638e-05
S2_2116656 2 2120656 0.000249725351658597
S2_2118668 2 2122668 3.16986822473093e-05
S2_2169118 2 2173118 6.65246663089868e-05
S2_2190068 2 2194068 0.000700164889036869
S2_2190073 2 2194073 0.000700164889036869
S2_2191827 2 2195827 0.000321656683971775
S2_2199533 2 2203533 0.000371673066857928
S2_2212249 2 2216249 0.000194192497927454
S2_2212369 2 2216369 0.000665721903502827
S2_2300544 2 2304544 0.000684415475041917
S2_2357903 2 2361903 0.000802728087520378
S2_2383386 2 2387386 2.06330702267584e-12
S2_2478237 2 2482237 6.81667555476304e-05
S2_2478249 2 2482249 6.81667555476247e-05
S2_2529948 2 2533948 4.90804991756083e-06
S2_2530101 2 2534101 1.70103794824023e-06
S2_2530103 2 2534103 1.89524923117867e-06
S2_2530104 2 2534104 1.70103794824023e-06
S2_2557472 2 2561472 4.51583156003674e-05
S2_2563013 2 2567013 1.85301729881627e-05
S2_2563044 2 2567044 4.58562327573035e-05
S2_2563071 2 2567071 3.61539574736824e-05
S2_2612174 2 2616174 0.00071465101811443
S2_2616496 2 2620496 0.000696796147426664
S2_2624805 2 2628805 0.00039798352231158
S2_2625146 2 2629146 0.0004416530685436
S2_2625147 2 2629147 0.0004416530685436
S2_2625167 2 2629167 0.0004416530685436
S2_2634321 2 2638321 0.000108918068763816
S2_2640121 2 2644121 1.38790749199102e-05
S2_2640195 2 2644195 0.00056581799738416
S2_2640273 2 2644273 0.000130614050134475
S2_2640400 2 2644400 0.000384759371658726
S2_2640861 2 2644861 0.000125841128979348
S2_2640955 2 2644955 0.0004497882533813
S2_2644419 2 2648419 2.77542551114566e-06
S2_2664413 2 2668413 0.000194094935822126
S2_2690526 2 2694526 1.15542020101874e-09
S2_2721500 2 2725500 0.000800390806781462
S2_2721502 2 2725502 0.00080760997247886
S2_2721625 2 2725625 0.000277071401874768
S2_2733997 2 2737997 0.000361917226019465
S2_2764081 2 2768081 0.000164695087416233
S2_2773025 2 2777025 1.86793595583541e-05
S2_2799515 2 2803515 1.45430069560257e-05
S2_2822553 2 2826553 0.000881171620254624
S2_2837872 2 2841872 2.74937557232568e-05
S2_2839439 2 2843439 0.000209529965926458
S2_2839444 2 2843444 0.000213299789310005
S2_2839784 2 2843784 1.95021719815479e-05
S2_2839918 2 2843918 4.15073741007966e-06
S2_2839919 2 2843919 4.15073741007966e-06
S2_2845575 2 2849575 0.000384044870848591
S2_2905220 2 2909220 0.000135123414060077
S2_2938068 2 2942068 8.54329010590343e-05
S2_3029603 2 3033603 0.000705385140576524
S2_3107747 2 3111747 0.000248349165048832
S2_3121963 2 3125963 0.000422496463597779
S2_3123972 2 3127972 4.46481606520637e-05
S2_3126515 2 3130515 0.000628554498285226
S2_3133552 2 3137552 6.21446287456283e-06
S2_3324439 2 3328439 6.43491075009213e-05
S2_3407129 2 3411129 2.24275488755666e-13
S2_3569494 2 3573494 0.000809737412889918
S2_3716114 2 3720114 1.55912288991818e-05
S2_3730364 2 3734364 0.000402435324798934
S2_3774974 2 3778974 3.40446790690767e-06
S2_3827735 2 3831735 1.7322998599417e-05
S2_3900723 2 3904723 0.000249016148446387
S2_3900726 2 3904726 0.000913291770084534
S2_3900727 2 3904727 0.000913291770084534
S2_3906017 2 3910017 3.1862823052825e-05
S2_3928949 2 3932949 1.1269165689232e-06
S2_3936178 2 3940178 0.000552755132219777
S2_4103502 2 4107502 1.76928197801516e-05
S2_4111390 2 4115390 0.00066090559887707
S2_4168166 2 4172166 2.67096144926946e-05
S2_4168450 2 4172450 0.000123437588453072
S2_4376958 2 4380958 0.000206262775457157
S2_4632064 2 4636064 1.05675423894625e-05
S2_4645963 2 4649963 5.86083882512216e-05
S2_4649758 2 4653758 0.000947255290821434
S2_4660301 2 4664301 0.000327576124102709
S2_4705748 2 4709748 2.52367351471567e-05
S2_4705771 2 4709771 6.14836132229456e-11
S2_4720975 2 4724975 5.03093176236658e-07
S2_4818669 2 4822669 0.000280863134214518
S2_4837112 2 4841112 0.000221522675343252
S2_5050613 2 5054613 8.93924454654289e-05
S2_5063824 2 5067824 5.28752360097845e-05
S2_5120395 2 5124395 0.000352026114169117
S2_5323207 2 5327207 0.000816811962182457
S2_5335485 2 5339485 0.000857908448670389
S2_5378527 2 5382527 9.32313558420078e-12
S2_5378538 2 5382538 9.32313558420078e-12
S2_5420271 2 5424271 0.000178390464971776
S2_5427077 2 5431077 1.33919324868433e-05
S2_5445750 2 5449750 4.10382545119724e-05
S2_5445755 2 5449755 0.000406796150883325
S2_5502623 2 5506623 7.89371400156109e-05
S2_5522586 2 5526586 8.78316159475454e-07
S2_5542824 2 5546824 0.000252429510961289
S2_5682771 2 5686771 0.000292647394303147
S2_5828072 2 5832072 7.97273500324117e-08
S2_5852307 2 5856307 0.000796059249500928
S2_5999721 2 6003721 0.000402585961922842
S2_6059080 2 6063080 2.10320489180598e-05
S2_6109402 2 6113402 0.000377369147711195
S2_6109435 2 6113435 0.000377369147711231
S2_6109436 2 6113436 0.000377369147711231
S2_6196519 2 6200519 0.000459800124944047
S2_6455983 2 6459983 5.46241295774589e-05
S2_6474088 2 6478088 0.000199388398052323
S2_6474591 2 6478591 0.000361682011986865
S2_6474769 2 6478769 0.000938139199629987
S2_6474773 2 6478773 0.000938139199629948
S2_6481109 2 6485109 0.000167641005047081
S2_6498185 2 6502185 0.00081852955853168
S2_6504967 2 6508967 0.000788972033604805
S2_6511161 2 6515161 6.17586097969947e-05
S2_6511714 2 6515714 0.000106418112480985
S2_6511733 2 6515733 0.00010357755327724
S2_6546295 2 6550295 0.00040371590357259
S2_6559285 2 6563285 0.000434737895028761
S2_6566490 2 6570490 0.000621669131227478
S2_6644746 2 6648746 0.000641130975345617
S2_6649868 2 6653868 0.000114673827585983
S2_6699889 2 6703889 1.48154995258561e-07
S2_6699900 2 6703900 9.1540689341763e-08
S2_6796828 2 6800828 5.15877478952369e-12
S2_6796837 2 6800837 2.61299940979918e-12
S2_6796838 2 6800838 2.58743050766886e-12
S2_6820507 2 6824507 0.000152658171561329
S2_6820541 2 6824541 0.00044641105032286
S2_6820569 2 6824569 0.000410995297947014
S2_6825942 2 6829942 0.000650563219908737
S2_6864398 2 6868398 3.52301422930255e-05
S2_6875498 2 6879498 0.000168918756073495
S2_6902848 2 6906848 5.00439156048591e-06
S2_6903066 2 6907066 0.000465140028496093
S2_7025274 2 7029274 1.03414976127404e-06
S2_7033167 2 7037167 3.70643220858708e-07
S2_7033178 2 7037178 3.70643220858708e-07
S2_7033201 2 7037201 3.70643220858708e-07
S2_7041010 2 7045010 0.000323542052966938
S2_7069810 2 7073810 0.000200934659633821
S2_7108808 2 7112808 0.000442548562322815
S2_7108822 2 7112822 0.000442548562322815
S2_7117214 2 7121214 4.05410876317653e-06
S2_7143662 2 7147662 1.70306788673544e-05
S2_7571701 2 7575701 3.30392406488417e-05
S2_7571714 2 7575714 2.45940106597987e-05
S2_7655062 2 7659062 0.000693841286105532
S2_7701502 2 7705502 1.76373477585804e-06
S2_7900215 2 7904215 0.000165374176614133
S2_8203929 2 8207929 6.09905375246122e-12
S2_8273008 2 8277008 0.000653633409669028
S2_8752299 2 8756299 0.00094332819548676
S2_8827323 2 8831323 0.000461923422042051
S2_8900583 2 8904583 0.000767026921528185
S2_8908646 2 8912646 0.000169272261942831
S2_8910625 2 8914625 0.000755043591949462
S2_8914421 2 8918421 2.46214673572327e-06
S2_8914422 2 8918422 2.37362997119055e-06
S2_8932979 2 8936979 0.000522402466337863
S2_8937980 2 8941980 0.00047723973556229
S2_8937983 2 8941983 0.000329902248450504
S2_8953608 2 8957608 0.000648354939553771
S2_9307141 2 9311141 0.000162374491227454
S2_9313900 2 9317900 1.48413270714765e-11
S2_9317601 2 9321601 1.61761859128946e-12
S2_9329090 2 9333090 1.39285708214701e-11
S2_9414269 2 9418269 2.71657216537769e-05
S2_9466404 2 9470404 0.000754003073002441
S2_9492683 2 9496683 0.000857598696799509
S2_9567196 2 9571196 5.54688508300009e-06
S2_9668228 2 9672228 0.000427720790068947
S2_9688803 2 9692803 0.000105105433691908
S2_9700880 2 9704880 9.3178891065197e-06
S2_9700885 2 9704885 0.000482244575524087
S2_9803495 2 9807495 4.27748558194639e-06
S2_9805565 2 9809565 4.84905806626248e-06
S2_9823912 2 9827912 2.8116262700496e-05
S2_9843063 2 9847063 2.93881907526795e-06
S2_9847268 2 9851268 0.000153447227616394
S2_9870852 2 9874852 6.68180887878361e-05
S2_9978351 2 9982351 0.000995943832592864
S2_9997486 2 10001486 9.31873687234225e-05
S2_9997591 2 10001591 0.000810618199173815
S2_10003784 2 10007784 9.79018785613501e-05
S2_10019643 2 10023643 4.61213602940574e-05
S2_10019849 2 10023849 0.0002850541599652
S2_10029717 2 10033717 0.000401389375898153
S2_10033710 2 10037710 0.000817007298389534
S2_10052018 2 10056018 0.000779091935328693
S2_10052025 2 10056025 0.000779091935328693
S2_10052480 2 10056480 0.000815993040670214
S2_10052497 2 10056497 4.38620118533369e-05
S2_10053727 2 10057727 7.5158581726207e-05
S2_10053753 2 10057753 7.5158581726207e-05
S2_10077395 2 10081395 0.000493375758037347
S2_10096754 2 10100754 0.000477430717735915
S2_10104017 2 10108017 5.9246478313643e-05
S2_10203158 2 10207158 0.000839313047627989
S2_10208065 2 10212065 2.18553945393903e-05
S2_10250555 2 10254555 0.000563400271137697
S2_10250565 2 10254565 0.000540280555981308
S2_10535516 2 10539516 0.000423937355847212
S2_10601105 2 10605105 4.70232158607603e-06
S2_10636829 2 10640829 0.000130594335418886
S2_10704210 2 10708210 0.000221723323397368
S2_10704212 2 10708212 0.000221723323397394
S2_10841331 2 10845331 0.000816217176382954
S2_10850478 2 10854478 0.000965076237432405
S2_10889366 2 10893366 9.40180461212432e-06
S2_10911084 2 10915084 0.000285136846214817
S2_10933286 2 10937286 0.000172801261708924
S2_10936641 2 10940641 9.83021755036787e-06
S2_10936660 2 10940660 9.83021755036787e-06
S2_10942850 2 10946850 3.01582705312746e-07
S2_10967816 2 10971816 0.000366158115054508
S2_11095942 2 11099942 0.000889771121200908
S2_11129593 2 11133593 0.000133603618538795
S2_11129603 2 11133603 6.43452649280594e-05
S2_11131081 2 11135081 0.000463997704521742
S2_11136963 2 11140963 0.000865354835854055
S2_11138150 2 11142150 2.50497237127579e-08
S2_11138165 2 11142165 2.50497237127597e-08
S2_11138166 2 11142166 2.50497237127597e-08
S2_11142663 2 11146663 0.000318718597566565
S2_11147386 2 11151386 2.02341931813473e-05
S2_11151316 2 11155316 8.4143903873431e-06
S2_11351489 2 11355489 3.57193254393572e-05
S2_11378027 2 11382027 2.8454010788186e-09
S2_11609285 2 11613285 0.000733211103603328
S2_11609298 2 11613298 0.000733764796082276
S2_11609338 2 11613338 0.000733211103603278
S2_11817056 2 11821056 0.000464769089156922
S2_11837970 2 11841970 0.000697675662063952
S2_11876222 2 11880222 1.62949654957745e-11
S2_11912237 2 11916237 0.000953774425544779
S2_12160998 2 12164998 0.000214992775781657
S2_12161021 2 12165021 0.000214992775781657
S2_12712011 2 12716011 4.00953425902136e-05
S2_12725907 2 12729907 0.000440898357666282
S2_12725912 2 12729912 0.000440898357666319
S2_12727369 2 12731369 2.09144144636089e-05
S2_12741167 2 12745167 0.000346169662348221
S2_12791247 2 12795247 0.000816372830565055
S2_12791403 2 12795403 0.000213375445538355
S2_12791406 2 12795406 0.000213375445538347
S2_12792372 2 12796372 0.000385663183433359
S2_12803218 2 12807218 8.50985708099198e-05
S2_12811441 2 12815441 1.21087373943492e-06
S2_12811442 2 12815442 1.21087373943492e-06
S2_12812697 2 12816697 2.73093855021313e-05
S2_12812715 2 12816715 2.41173984391865e-05
S2_12812726 2 12816726 2.28287840797839e-05
S2_12814737 2 12818737 2.30940912242854e-05
S2_12814857 2 12818857 0.000607479985548331
S2_12904346 2 12908346 0.000287688717328098
S2_12904347 2 12908347 0.000287688717328061
S2_12923980 2 12927980 7.74735640152221e-05
S2_12942005 2 12946005 3.90376458441795e-05
S2_13168809 2 13172809 3.24345689069902e-05
S2_13223025 2 13227025 7.83026132125452e-05
S2_13223028 2 13227028 9.56956997270135e-05
S2_13227926 2 13231926 0.000532524241580749
S2_13227950 2 13231950 0.000745902119626945
S2_13227971 2 13231971 0.000745902119626886
S2_13279826 2 13283826 6.59656249640138e-06
S2_13496035 2 13500035 0.000615418226659518
S2_13937404 2 13941404 1.4871352397041e-05
S2_14441480 2 14445480 0.000135280354733658
S2_14455424 2 14459424 0.000615069411210768
S2_14496260 2 14500260 1.28251600710037e-05
S2_14718853 2 14722853 0.00019600357120831
S2_14848546 2 14852546 0.000401200984451969
S2_14880826 2 14884826 2.21882240424615e-05
S2_14888402 2 14892402 3.33284446082109e-05
S2_14948298 2 14952298 1.27554834796864e-05
S2_15016545 2 15020545 3.84784722064973e-06
S2_15101950 2 15105950 5.75465823397954e-06
S2_15101951 2 15105951 5.75465823398293e-06
S2_15244185 2 15248185 2.27060522710877e-07
S2_15250645 2 15254645 6.3219825407274e-06
S2_15250780 2 15254780 4.52827472092325e-09
S2_15773249 2 15777249 1.14345028674659e-05
S2_16129613 2 16133613 0.000223567088911092
S2_16193271 2 16197271 1.31539616049751e-09
S2_16256281 2 16260281 0.000385868473701192
S2_16280406 2 16284406 8.47580935628962e-05
S2_16448630 2 16452630 6.9295968892347e-05
S2_16471291 2 16475291 9.33205822369309e-06
S2_16571805 2 16575805 0.000287312153323121
S2_16907629 2 16911629 0.0009201509408216
S2_17156400 2 17160400 2.08414518047009e-10
S2_17743100 2 17747100 7.11699895444131e-05
S2_17811037 2 17815037 8.42424133335655e-06
S2_17814158 2 17818158 5.8047262746318e-05
S2_17963967 2 17967967 0.000829591694596412
S2_18627213 2 18631213 0.000400292641146015
S2_18633032 2 18637032 0.000738247212284469
S2_18678987 2 18682987 0.000427273099485098
S2_19585318 2 19589318 1.0406041421591e-11
S2_19849519 2 19853519 8.09643891283173e-05
S2_19874590 2 19878590 0.000106842048831949
S2_19875044 2 19879044 2.48862627885291e-06
S2_19875255 2 19879255 7.58086824969546e-05
S2_19877513 2 19881513 5.53157068803058e-07
S2_19939318 2 19943318 2.71724440548839e-09
S2_20038920 2 20042920 8.53099486020721e-05
S2_20049874 2 20053874 0.000703955704186158
S2_20094729 2 20098729 0.000979919602989779
S2_20101423 2 20105423 9.74123880002299e-05
S2_20136346 2 20140346 0.000868574294463274
S2_20233992 2 20237992 0.000466054394370537
S2_20254055 2 20258055 0.000298774316965968
S2_20286539 2 20290539 0.000686772927369954
S2_20292177 2 20296177 0.000812945108621815
S2_20328700 2 20332700 5.26950568769612e-05
S2_20333377 2 20337377 0.000624791156909495
S2_20580560 2 20584560 0.000325886629286238
S2_20580569 2 20584569 0.000325886629286238
S2_20580580 2 20584580 0.000325886629286238
S2_20580589 2 20584589 0.000325886629286238
S2_20580696 2 20584696 0.000146449937203917
S2_20580792 2 20584792 0.000428535863576415
S2_20584886 2 20588886 2.06117192153567e-06
S2_20584910 2 20588910 2.06117192153567e-06
S2_20589532 2 20593532 8.38862356598797e-05
S2_20589533 2 20593533 8.3886235659873e-05
S2_20591086 2 20595086 9.2634984499923e-06
S2_20662430 2 20666430 8.53295870154877e-06
S2_20878376 2 20882376 0.000358551106184433
S2_20881714 2 20885714 0.000620185508379508
S2_20881751 2 20885751 0.000727912881752375
S2_20927387 2 20931387 4.64874647937267e-05
S2_20956322 2 20960322 0.00016787110405173
S2_20982433 2 20986433 0.000962967702749864
S2_20989007 2 20993007 0.000774677976962921
S2_20989101 2 20993101 1.53600230419466e-05
S2_21072924 2 21076924 9.87335298250118e-05
S2_21111510 2 21115510 0.000210234661663038
S2_21126279 2 21130279 0.000326909204905536
S2_21128087 2 21132087 0.000677978783247223
S2_21128338 2 21132338 0.000289016704588276
S2_21134431 2 21138431 0.000392950427873007
S2_21173914 2 21177914 0.000626039989615629
S2_21236915 2 21240915 0.000230923350616377
S2_21236930 2 21240930 0.000230923350616377
S2_21247136 2 21251136 0.000996409254774843
S2_21282770 2 21286770 0.000292581681644737
S2_21359860 2 21363860 9.34019796012362e-05
S2_21371355 2 21375355 3.2491333567858e-05
S2_21408007 2 21412007 3.41928040545931e-05
S2_21409001 2 21413001 8.81457415414434e-05
S2_21439395 2 21443395 0.000122015183960041
S2_21454028 2 21458028 3.02510780761644e-05
S2_21490877 2 21494877 5.27553246790189e-05
S2_21492745 2 21496745 0.000137723079365958
S2_21498796 2 21502796 0.000111913390363083
S2_21532140 2 21536140 0.00010453447663603
S2_21532206 2 21536206 9.17449662510549e-05
S2_21533241 2 21537241 0.000382074491637442
S2_21533515 2 21537515 8.32063457016256e-05
S2_21533613 2 21537613 0.000222863780251923
S2_21548450 2 21552450 4.20268073839178e-05
S2_21548459 2 21552459 5.01012123693634e-05
S2_21563465 2 21567465 3.48719123946217e-05
S2_21563468 2 21567468 3.48719123946217e-05
S2_21640597 2 21644597 0.000719236062486516
S2_21640698 2 21644698 6.42346462284423e-05
S2_21640712 2 21644712 0.000529601695148389
S2_21672310 2 21676310 0.000327235710831076
S2_21736843 2 21740843 0.000207036755217502
S2_21739222 2 21743222 0.000556519357240282
S2_21744653 2 21748653 0.000161427333996
S2_21769600 2 21773600 0.000580538535773968
S2_21769693 2 21773693 0.000231670495440575
S2_21790065 2 21794065 0.000795264162626989
S2_21791677 2 21795677 0.000123591018078169
S2_22148113 2 22152113 0.000143051090474042
S2_22212345 2 22216345 0.000670741884144306
S2_22222095 2 22226095 0.000105108288162261
S2_22311744 2 22315744 0.000572936982818716
S2_22338373 2 22342373 0.00026308890132146
S2_22343743 2 22347743 0.000123112774334793
S2_22344247 2 22348247 0.000646141900872357
S2_22345621 2 22349621 8.13009888612936e-05
S2_22345969 2 22349969 0.00012174574347438
S2_22346018 2 22350018 5.7356313077614e-05
S2_22360615 2 22364615 2.39935347175068e-05
S2_22827697 2 22831697 0.000633446226278864
S2_22889437 2 22893437 1.77313076529059e-05
S2_23021406 2 23025406 0.000348783856411981
S2_23033863 2 23037863 0.000604669259230211
S2_23116983 2 23120983 0.000545375141324351
S2_23126833 2 23130833 0.000453051208031358
S2_23143358 2 23147358 0.000358224393354231
S2_23150453 2 23154453 1.79483724877007e-05
S2_23323357 2 23327357 7.51788749057283e-07
S2_23366191 2 23370191 0.00058429178997321
S2_23425277 2 23429277 0.000527136834332687
S2_23593679 2 23597679 1.49351733394449e-05
S2_23922824 2 23926824 0.000853486959080404
S2_25436352 2 25440352 3.03124786803868e-05
S2_27168640 2 27172640 1.76350214109754e-05
S2_28032654 2 28036654 0.000504633553619806
S2_28343199 2 28347199 6.43849144917425e-07
S2_28902842 2 28906842 1.70545403430123e-06
S2_29220323 2 29224323 0.000561194865323853
S2_29768759 2 29772759 0.000988893409950412
S2_32807931 2 32811931 2.64620077787833e-10
S2_37806889 2 37810889 0.00069203265976546
S2_41093420 2 41097420 0.000696926290583135
S2_42450476 2 42454476 7.4678848243968e-05
S2_43325084 2 43329084 0.000690679700277701
S2_44198391 2 44202391 0.000700870546572283
S2_45097065 2 45101065 2.52898157164968e-09
S2_45790089 2 45794089 2.68577539793749e-06
S2_47692306 2 47696306 4.18251490047805e-12
S2_47997063 2 48001063 0.000823310937323471
S2_48371757 2 48375757 2.93057670959469e-05
S2_48564112 2 48568112 1.81934678611247e-05
S2_49866869 2 49870869 3.69319574460772e-10
S2_50022992 2 50026992 0.000150102021160109
S2_50075220 2 50079220 0.000124915928650712
S2_50581074 2 50585074 0.000324729546080989
S2_51088757 2 51092757 8.12005965078459e-10
S2_51088837 2 51092837 0.000545722082531237
S2_51297947 2 51301947 0.000698903627004098
S2_51444194 2 51448194 1.08044662325211e-05
S2_51769801 2 51773801 0.0003528719833133
S2_51769953 2 51773953 0.00090349477660508
S2_51769969 2 51773969 0.000173097231330999
S2_51770110 2 51774110 8.51679914364889e-05
S2_52349463 2 52353463 0.000751130309823662
S2_53490298 2 53494298 2.82921814096976e-11
S2_53490301 2 53494301 3.24097212742829e-11
S2_53502953 2 53506953 0.000374851976849499
S2_53853391 2 53857391 5.3283562933564e-07
S2_54282432 2 54286432 0.000436133512958731
S2_54431916 2 54435916 2.01483751776428e-08
S2_54537244 2 54541244 7.70951390740445e-08
S2_54539976 2 54543976 5.38550436555104e-05
S2_54581046 2 54585046 0.00047250787658332
S2_54657032 2 54661032 0.000399175152852565
S2_54772514 2 54776514 0.000276054794541847
S2_54781052 2 54785052 0.000107707078394295
S2_54937952 2 54941952 1.97285082763097e-06
S2_54938636 2 54942636 0.000407326694367892
S2_55006402 2 55010402 1.10055464220165e-07
S2_55072492 2 55076492 1.52871199165694e-05
S2_55072495 2 55076495 6.9768946774243e-06
S2_55072497 2 55076497 1.75032167690413e-05
S2_55072498 2 55076498 1.52871199165694e-05
S2_55072500 2 55076500 1.52871199165694e-05
S2_55084983 2 55088983 0.000709213931079297
S2_55171667 2 55175667 0.000264638950269116
S2_55214192 2 55218192 0.000857766045097855
S2_55214194 2 55218194 0.000857766045097855
S2_55214195 2 55218195 0.000857766045097855
S2_55214196 2 55218196 0.000857766045097855
S2_55235941 2 55239941 9.27203319672807e-05
S2_55235983 2 55239983 5.88423291988336e-05
S2_55236623 2 55240623 9.949363958824e-06
S2_55397289 2 55401289 4.04209383901371e-07
S2_55562544 2 55566544 0.000465868768879334
S2_55726848 2 55730848 0.000184164792720848
S2_55726873 2 55730873 0.000479781316022849
S2_55747293 2 55751293 0.000632514787729467
S2_55747294 2 55751294 0.000626175221851017
S2_55747297 2 55751297 0.000632514787729467
S2_55747300 2 55751300 0.000632514787729467
S2_55747477 2 55751477 1.69837775581603e-05
S2_55747554 2 55751554 5.62152725784587e-07
S2_55796026 2 55800026 0.000210590660883096
S2_55809341 2 55813341 1.73206796685755e-06
S2_55809366 2 55813366 1.73206796685755e-06
S2_55841636 2 55845636 0.000827747380069073
S2_56010096 2 56014096 9.34419708468409e-07
S2_56112177 2 56116177 0.000288541020286988
S2_56169105 2 56173105 0.000268028559795298
S2_56169119 2 56173119 0.000268028559795298
S2_56210766 2 56214766 7.12862204902374e-06
S2_56210790 2 56214790 6.79258593113027e-06
S2_56233707 2 56237707 0.000624520937818283
S2_56246293 2 56250293 3.65092866022804e-07
S2_56246370 2 56250370 0.000108974390541618
S2_56246494 2 56250494 6.59390435687239e-06
S2_56251384 2 56255384 1.20722068577867e-05
S2_56262331 2 56266331 5.63390306623663e-05
S2_56356356 2 56360356 1.51541558942889e-05
S2_56356397 2 56360397 0.000865272750112268
S2_56369559 2 56373559 2.46308313460285e-05
S2_56369569 2 56373569 2.46308313460285e-05
S2_56369583 2 56373583 2.50458981742742e-05
S2_56401585 2 56405585 1.61383223923077e-06
S2_56435388 2 56439388 0.000367503911237026
S2_56484959 2 56488959 8.76273987243156e-05
S2_56490259 2 56494259 1.3503863681072e-09
S2_56564290 2 56568290 0.000780622576290958
S2_56764089 2 56768089 0.000248017854700065
S2_56789916 2 56793916 0.000359830805141086
S2_56847741 2 56851741 0.000377861901267565
S2_56850859 2 56854859 7.39018775333525e-06
S2_56905618 2 56909618 0.000240354508900835
S2_56905638 2 56909638 0.000453225994902386
S2_56905659 2 56909659 0.000303415585040844
S2_56905942 2 56909942 0.000871735922267963
S2_56908507 2 56912507 1.899209204742e-05
S2_56917482 2 56921482 0.000444533203676122
S2_56918132 2 56922132 0.000307870824753787
S2_56918230 2 56922230 2.24987533284278e-05
S2_56918233 2 56922233 2.24987533284278e-05
S2_56918236 2 56922236 1.4524426375163e-05
S2_56923766 2 56927766 4.028732920578e-11
S2_56924457 2 56928457 0.00059523269766761
S2_56925529 2 56929529 3.49143601479319e-05
S2_56925983 2 56929983 0.000948776877827947
S2_56926432 2 56930432 5.01361476074834e-05
S2_56926493 2 56930493 0.000107356204320525
S2_56926494 2 56930494 0.000111976168201334
S2_56926569 2 56930569 0.000544632565345505
S2_56926570 2 56930570 0.000384911960298039
S2_56926612 2 56930612 4.99557462061676e-05
S2_56926672 2 56930672 0.000442858742850015
S2_56926768 2 56930768 9.21742511615995e-05
S2_56926799 2 56930799 0.000465291751712128
S2_56931144 2 56935144 2.65629444635022e-09
S2_56931145 2 56935145 2.65629444635046e-09
S2_56931171 2 56935171 0.000173684347402201
S2_56931172 2 56935172 0.000150537049999986
S2_56957885 2 56961885 5.59247615359044e-05
S2_56963277 2 56967277 2.69010640125132e-05
S2_56964080 2 56968080 0.000932179153415107
S2_56964506 2 56968506 1.18846565516411e-06
S2_56964611 2 56968611 0.000184872643262533
S2_56964614 2 56968614 0.00057017729744446
S2_56966489 2 56970489 1.32260836058658e-07
S2_56967427 2 56971427 0.000577051988208219
S2_56967557 2 56971557 0.000342771019315118
S2_56978960 2 56982960 0.00051470136507523
S2_57030968 2 57034968 2.45178381582549e-05
S2_57032863 2 57036863 7.52276610878068e-05
S2_57050512 2 57054512 0.000792648435470601
S2_57084969 2 57088969 0.000323068024666168
S2_57148533 2 57152533 0.00053424999773152
S2_57148534 2 57152534 0.00053424999773152
S2_57148560 2 57152560 0.000552688391744408
S2_57234702 2 57238702 0.000803783887544754
S2_57234709 2 57238709 0.00098902394673195
S2_57250411 2 57254411 9.27954003357134e-05
S2_57255389 2 57259389 4.00215350262478e-07
S2_57255393 2 57259393 3.60158673489574e-06
S2_57270158 2 57274158 0.000149120393899807
S2_57499468 2 57503468 1.36155690078969e-05
S2_57662330 2 57666330 0.00081624928618409
S2_57703570 2 57707570 0.000498789286998117
S2_57728715 2 57732715 0.000174270446606373
S2_57764428 2 57768428 0.000966695476129285
S2_57833703 2 57837703 4.16307636025865e-05
S2_57846842 2 57850842 0.000514350953940121
S2_57846910 2 57850910 1.80915080535608e-05
S2_57848371 2 57852371 2.42477250133633e-05
S2_57862738 2 57866738 6.29477535582225e-05
S2_57863101 2 57867101 0.000105965071435997
S2_57941730 2 57945730 0.000861874352754932
S2_57958088 2 57962088 0.000305421189880776
S2_57987216 2 57991216 0.00021454778506831
S2_58006060 2 58010060 0.000121812491965631
S2_58006091 2 58010091 0.000201544777551873
S2_58006638 2 58010638 0.000113469186117149
S2_58010428 2 58014428 8.33346183688535e-05
S2_58010475 2 58014475 3.0719598374743e-05
S2_58010682 2 58014682 0.00067015054498642
S2_58015135 2 58019135 3.85777344732235e-05
S2_58016919 2 58020919 0.000178517846115406
S2_58021435 2 58025435 6.09211800317358e-05
S2_58075885 2 58079885 8.47259166847201e-05
S2_58196192 2 58200192 0.000139956570767337
S2_58208313 2 58212313 0.000592366907783065
S2_58218719 2 58222719 1.32383387710935e-05
S2_58218751 2 58222751 6.14992401442975e-06
S2_58218974 2 58222974 0.000630138777073724
S2_58238301 2 58242301 3.60026119176019e-05
S2_58238456 2 58242456 0.000260281279017086
S2_58239596 2 58243596 1.54976810092588e-06
S2_58407855 2 58411855 0.000339465631364553
S2_58501105 2 58505105 1.28565690001812e-07
S2_58507449 2 58511449 1.08702517146631e-05
S2_58509935 2 58513935 4.58117256601835e-05
S2_58556453 2 58560453 6.77363216475767e-07
S2_58567247 2 58571247 4.08550123652554e-06
S2_58573781 2 58577781 0.000374814915479582
S2_58573796 2 58577796 4.22979929287965e-07
S2_58597275 2 58601275 0.000146197052712485
S2_58597295 2 58601295 0.000470012210226338
S2_58598943 2 58602943 2.65601523673644e-05
S2_58598961 2 58602961 3.5984467430105e-05
S2_58598966 2 58602966 2.65601523673644e-05
S2_58598968 2 58602968 2.65601523673644e-05
S2_58603836 2 58607836 2.1405063625792e-07
S2_58685150 2 58689150 0.000336497728372767
S2_58685153 2 58689153 0.000227617900514907
S2_58755389 2 58759389 0.000565223945009173
S2_58755866 2 58759866 0.000884626077053879
S2_58755867 2 58759867 0.000884626077053879
S2_58757558 2 58761558 0.00011520343916773
S2_58829566 2 58833566 1.06302136969914e-07
S2_58844492 2 58848492 6.91954737034692e-05
S2_58846287 2 58850287 2.78177019596109e-05
S2_58849907 2 58853907 7.55714012028084e-05
S2_58850957 2 58854957 0.000198388792676802
S2_58901882 2 58905882 9.10982972174434e-06
S2_58955212 2 58959212 0.000393269556221606
S2_59064461 2 59068461 5.33858861074437e-05
S2_59064462 2 59068462 5.33858861074437e-05
S2_59064466 2 59068466 3.08329780462583e-05
S2_59075809 2 59079809 1.99749578109477e-05
S2_59105998 2 59109998 4.66918857016835e-05
S2_59134992 2 59138992 8.06347926762488e-11
S2_59142005 2 59146005 0.000395176733210868
S2_59232292 2 59236292 2.36710738755782e-06
S2_59234239 2 59238239 9.69257021846296e-05
S2_59245711 2 59249711 1.51371226057672e-05
S2_59252656 2 59256656 8.97173931350306e-10
S2_59254887 2 59258887 9.97986989839029e-05
S2_59300261 2 59304261 0.00015675987972674
S2_59600569 2 59604569 1.91762752365616e-09
S2_59600572 2 59604572 3.17057607285548e-06
S2_59600660 2 59604660 0.000412620809040498
S2_59610243 2 59614243 0.000503078134702312
S2_59611035 2 59615035 5.84902290771317e-05
S2_59611061 2 59615061 0.000104677756497942
S2_59615223 2 59619223 0.000353424172256616
S2_59627869 2 59631869 6.71890996206448e-07
S2_59630419 2 59634419 0.000758279018047776
S2_59697945 2 59701945 0.000213340931131425
S2_59711371 2 59715371 0.000163280436277279
S2_59711374 2 59715374 0.000163280436277279
S2_59738319 2 59742319 2.21129767002133e-12
S2_59814867 2 59818867 6.92288258817093e-05
S2_59814868 2 59818868 6.92288258817093e-05
S2_59856283 2 59860283 0.000402722913239642
S2_59878235 2 59882235 0.000160402051205894
S2_59921713 2 59925713 3.77033316403621e-05
S2_59921715 2 59925715 1.26525018465917e-05
S2_59988874 2 59992874 1.14263136054434e-09
S2_60037988 2 60041988 1.16558319992079e-05
S2_60074389 2 60078389 0.00085486638373173
S2_60206578 2 60210578 0.000166430870320127
S2_60230368 2 60234368 0.000476029926033726
S2_60230389 2 60234389 0.000476029926033726
S2_60250555 2 60254555 1.30912974141873e-05
S2_60255779 2 60259779 9.4939084592881e-06
S2_60353433 2 60357433 9.76400363290104e-06
S2_60452470 2 60456470 0.000392255950775601
S2_60452505 2 60456505 0.000392255950775601
S2_60452559 2 60456559 6.98342667937647e-05
S2_60457893 2 60461893 0.000257103578485373
S2_60457921 2 60461921 0.000257103578485318
S2_60524536 2 60528536 0.000885332209898984
S2_60530885 2 60534885 1.72100712159989e-07
S2_60551525 2 60555525 1.32609405491412e-06
S2_60556650 2 60560650 0.000412790394895661
S2_60556683 2 60560683 0.000931542571100387
S2_60574113 2 60578113 5.37768164586847e-06
S2_60586709 2 60590709 0.00021427087756208
S2_60678414 2 60682414 9.58267679121767e-06
S2_60688928 2 60692928 0.000299046668393258
S2_60721132 2 60725132 2.23197856417484e-07
S2_60759109 2 60763109 7.24083970591758e-05
S2_60986817 2 60990817 6.01404723249983e-05
S2_60986820 2 60990820 6.01404723250085e-05
S2_60998228 2 61002228 0.000583105942585311
S2_61018697 2 61022697 0.000598694553508774
S2_61018726 2 61022726 7.46491597912986e-06
S2_61044256 2 61048256 9.34492525549349e-07
S2_61044294 2 61048294 9.34492525549349e-07
S2_61059175 2 61063175 0.000255369660965745
S2_61099072 2 61103072 0.000992867454322853
S2_61123200 2 61127200 0.000332481859621712
S2_61123230 2 61127230 0.000332481859621712
S2_61126444 2 61130444 8.22942315786029e-05
S2_61138327 2 61142327 0.000217357145199928
S2_61138330 2 61142330 0.000217357145199928
S2_61138336 2 61142336 0.000217357145199928
S2_61138582 2 61142582 0.000277611538738429
S2_61139162 2 61143162 0.000157355773631466
S2_61153526 2 61157526 2.26327561974431e-05
S2_61153599 2 61157599 7.72453859418486e-06
S2_61258762 2 61262762 4.5316216610168e-05
S2_61285642 2 61289642 0.000572930912217656
S2_61331815 2 61335815 1.83377340135836e-06
S2_61354263 2 61358263 1.68194631555478e-05
S2_61369413 2 61373413 0.00067823897773069
S2_61369482 2 61373482 1.43786248572471e-07
S2_61393774 2 61397774 2.99682991761436e-07
S2_61408097 2 61412097 0.000115805365521992
S2_61428463 2 61432463 0.00089261061544412
S2_61428497 2 61432497 0.000615395261528591
S2_61446203 2 61450203 2.47334257559755e-06
S2_61447842 2 61451842 5.34179308018496e-11
S2_61448133 2 61452133 0.000587422845937409
S2_61462503 2 61466503 4.61605150677635e-05
S2_61468795 2 61472795 0.000186236148272492
S2_61536363 2 61540363 3.06810525454049e-06
S2_61539608 2 61543608 3.03900591979695e-07
S2_61543248 2 61547248 1.16106456128509e-07
S2_61572370 2 61576370 7.6688636494733e-05
S2_61574032 2 61578032 0.000153618399067613
S2_61575492 2 61579492 5.29967413744225e-06
S2_61582954 2 61586954 1.00033910878714e-05
S2_61582965 2 61586965 1.01792339793627e-05
S2_61597632 2 61601632 0.000325744503250701
S2_61616376 2 61620376 8.55816890743746e-05
S2_61667624 2 61671624 0.000766756399071366
S2_61711596 2 61715596 0.000339258740803411
S2_61759686 2 61763686 3.32569617121603e-05
S2_61762786 2 61766786 8.13007557091071e-05
S2_61764210 2 61768210 0.000160069633963429
S2_61764212 2 61768212 0.000688872459819211
S2_61765512 2 61769512 1.51949860292808e-08
S2_61778260 2 61782260 0.000171514189588074
S2_61812880 2 61816880 2.6688687869454e-05
S2_61828141 2 61832141 0.000170468260394006
S2_61887636 2 61891636 0.000541043726799611
S2_61939758 2 61943758 1.69289891169088e-06
S2_61939759 2 61943759 2.73183777574609e-06
S2_61939761 2 61943761 2.82503138037923e-06
S2_61939762 2 61943762 8.8128325077379e-06
S2_61939763 2 61943763 2.73183777574609e-06
S2_61975469 2 61979469 0.000125744679479601
S2_61989650 2 61993650 4.32409788292014e-05
S2_62021316 2 62025316 0.00022664642098391
S2_62122130 2 62126130 0.00062414986105304
S2_62242500 2 62246500 6.21557465459442e-07
S2_62292575 2 62296575 0.00012156368643528
S2_62361175 2 62365175 3.37557495049709e-06
S2_62371419 2 62375419 0.000309577341541218
S2_62483445 2 62487445 0.000109639806310432
S2_62507896 2 62511896 9.03174349661121e-05
S2_62514323 2 62518323 0.000368806588528487
S2_62561869 2 62565869 7.4076172763237e-07
S2_62586057 2 62590057 1.01641108464841e-06
S2_62683494 2 62687494 0.000350080783710012
S2_62704772 2 62708772 5.64818242789738e-05
S2_62704892 2 62708892 0.000232304358596947
S2_62705519 2 62709519 9.75460756078478e-07
S2_62732418 2 62736418 0.000196909861469037
S2_62737298 2 62741298 0.000304516132136096
S2_62748354 2 62752354 0.000283700095303248
S2_62772751 2 62776751 0.000768320298255661
S2_62776507 2 62780507 0.00024379126613825
S2_62834267 2 62838267 0.000156578287940864
S2_62858701 2 62862701 1.4446646207673e-05
S2_62945613 2 62949613 3.33469238815347e-06
S2_62975354 2 62979354 2.66993479314942e-07
S2_62981846 2 62985846 0.000461403052457801
S2_62998938 2 63002938 8.04280687876768e-12
S2_63022088 2 63026088 4.48833968501092e-06
S2_63053877 2 63057877 0.000409348320933978
S2_63053885 2 63057885 0.000409348320933978
S2_63053917 2 63057917 6.39579345358687e-05
S2_63053957 2 63057957 3.30845174511886e-05
S2_63083054 2 63087054 0.000100841835878333
S2_63083636 2 63087636 1.09085433896905e-05
S2_63084300 2 63088300 5.7841102820676e-06
S2_63084956 2 63088956 0.000255092285865423
S2_63105618 2 63109618 0.000228614546961139
S2_63105619 2 63109619 0.000228614546961139
S2_63141728 2 63145728 2.15466790777162e-10
S2_63242771 2 63246771 2.53948458566348e-05
S2_63242772 2 63246772 2.53948458566348e-05
S2_63301520 2 63305520 0.000185127037061927
S2_63329522 2 63333522 0.000701975891192448
S2_63407339 2 63411339 3.75609737447655e-05
S2_63484554 2 63488554 0.000785050367975288
S2_63493182 2 63497182 1.06670049527705e-05
S2_63499496 2 63503496 1.21281662144926e-05
S2_63509858 2 63513858 7.07462510762749e-05
S2_63509859 2 63513859 9.15392091176248e-05
S2_63590558 2 63594558 7.91967779392936e-05
S2_63662517 2 63666517 8.89529157388216e-05
S2_63968416 2 63972416 0.000164252966923731
S2_64055512 2 64059512 1.3896961077721e-12
S2_64198430 2 64202430 0.000845204071557789
S2_64283481 2 64287481 0.000892825100286396
S2_64288134 2 64292134 2.41268167555881e-05
S2_64290146 2 64294146 6.67187074236396e-08
S2_64342405 2 64346405 9.31284297657019e-05
S2_64342406 2 64346406 9.03091734819681e-05
S2_64342407 2 64346407 9.03091734819681e-05
S2_64342409 2 64346409 9.03091734819681e-05
S2_64342410 2 64346410 0.000111620771735553
S2_64348672 2 64352672 2.88555386957851e-05
S2_64394294 2 64398294 2.75716334417443e-12
S2_64733423 2 64737423 2.56291023510992e-06
S2_64747356 2 64751356 0.0008374261177907
S2_64747374 2 64751374 0.0008374261177907
S2_65136743 2 65140743 8.43770657621202e-06
S2_65270806 2 65274806 0.000404062099641738
S2_65270809 2 65274809 0.000205915585045518
S2_65405360 2 65409360 0.000360040177805272
S2_65452706 2 65456706 0.000208928290449354
S2_65459036 2 65463036 0.000643997005565646
S2_65499536 2 65503536 0.000324389617894221
S2_65535535 2 65539535 0.000371604933557848
S2_65564055 2 65568055 0.000543608924063124
S2_65571202 2 65575202 4.70656800976749e-06
S2_65624621 2 65628621 0.000110248772625189
S2_65643454 2 65647454 5.16845863242408e-06
S2_65693403 2 65697403 0.000103172799054121
S2_65694131 2 65698131 0.000933182417585174
S2_65695709 2 65699709 0.000474375373217782
S2_65711424 2 65715424 2.19469914251965e-05
S2_65711526 2 65715526 6.76040017225506e-05
S2_65765869 2 65769869 0.000723934472693898
S2_65800031 2 65804031 0.000146268527785983
S2_65803591 2 65807591 6.47469777659594e-06
S2_65804242 2 65808242 1.28874443854993e-07
S2_65804270 2 65808270 0.000863590190992688
S2_65809586 2 65813586 4.80064215533464e-06
S2_65812104 2 65816104 8.87726208825227e-06
S2_65812106 2 65816106 1.36414985287952e-07
S2_65825613 2 65829613 3.74150664599451e-07
S2_65826053 2 65830053 1.33876032333847e-08
S2_65833165 2 65837165 5.32822278971126e-06
S2_65833800 2 65837800 4.77016969439287e-07
S2_65849815 2 65853815 2.04886033292542e-05
S2_65849816 2 65853816 2.43542918815396e-05
S2_65862037 2 65866037 9.12941039731188e-05
S2_65866015 2 65870015 3.32883063683995e-05
S2_65875313 2 65879313 5.55045311778028e-07
S2_65875763 2 65879763 4.1403798431628e-06
S2_65875818 2 65879818 1.89663781239627e-05
S2_65877949 2 65881949 3.34324012608887e-06
S2_65878005 2 65882005 9.45795688725657e-05
S2_65880646 2 65884646 1.06012255334664e-07
S2_65895503 2 65899503 7.50679479166894e-05
S2_65953762 2 65957762 0.0001427884611211
S2_65995725 2 65999725 2.22458775971746e-05
S2_65995743 2 65999743 2.22458775971746e-05
S2_65995755 2 65999755 2.22458775971746e-05
S2_65995767 2 65999767 2.40205186247785e-05
S2_65998816 2 66002816 0.000271380160545499
S2_65998856 2 66002856 0.000271380160545499
S2_65998870 2 66002870 0.000271380160545727
S2_66083265 2 66087265 5.50498402052949e-06
S2_66135529 2 66139529 6.21689514550181e-05
S2_66185670 2 66189670 0.000868232040860094
S2_66219714 2 66223714 0.000939401826266627
S2_66266344 2 66270344 3.67037030798763e-10
S2_66356066 2 66360066 0.000457327393184826
S2_66401627 2 66405627 0.000519509053806502
S2_66673260 2 66677260 1.78752876207706e-06
S2_66708120 2 66712120 0.000522440707108928
S2_66708147 2 66712147 0.000522440707108928
S2_67004483 2 67008483 1.1179810213202e-05
S2_67036411 2 67040411 0.000557824452334548
S2_67096272 2 67100272 5.28801477058171e-07
S2_67110883 2 67114883 0.000689798104522219
S2_67208393 2 67212393 6.39373328975604e-06
S2_67208401 2 67212401 6.39373328975545e-06
S2_67224055 2 67228055 1.5782748873596e-05
S2_67258586 2 67262586 2.53774795609678e-06
S2_67280268 2 67284268 0.00085383137537735
S2_67280296 2 67284296 0.000246057311980956
S2_67301561 2 67305561 1.29357420771321e-07
S2_67311314 2 67315314 0.000508188928688442
S2_67419917 2 67423917 5.12522073431108e-05
S2_67419926 2 67423926 5.12522073431042e-05
S2_67419941 2 67423941 5.12522073431042e-05
S2_67478246 2 67482246 3.66382201630999e-07
S2_67526274 2 67530274 0.000348373351603153
S2_67528224 2 67532224 1.49475402679044e-07
S2_67639966 2 67643966 0.000295527521988807
S2_67686143 2 67690143 8.46777858464704e-05
S2_67709948 2 67713948 0.000553980685934771
S2_67710458 2 67714458 0.000180338983628115
S2_67711304 2 67715304 0.000569765168926677
S2_67823382 2 67827382 0.000219174218406216
S2_67823756 2 67827756 7.74396168314086e-07
S2_67836244 2 67840244 3.77784094682913e-08
S2_67844380 2 67848380 2.98492729826418e-05
S2_67845854 2 67849854 0.000426648217073555
S2_67901045 2 67905045 7.90261707638267e-05
S2_67901051 2 67905051 7.40414150460095e-06
S2_67903294 2 67907294 1.78247726545577e-06
S2_67927088 2 67931088 4.15340621286184e-11
S2_67932626 2 67936626 0.000633568852033708
S2_67996666 2 68000666 5.94224612160028e-07
S2_68109070 2 68113070 0.000368319563314579
S2_68252735 2 68256735 0.000727847097896252
S2_68287302 2 68291302 1.41978391770412e-05
S2_68492915 2 68496915 4.75535842482092e-13
S2_68573593 2 68577593 0.000372803125925078
S2_68596880 2 68600880 0.000107095868149216
S2_68596917 2 68600917 0.000107095868149216
S2_68596918 2 68600918 0.000107095868149216
S2_68597176 2 68601176 8.4164396252618e-05
S2_68597222 2 68601222 1.27557527139236e-05
S2_68597777 2 68601777 0.00014116195897335
S2_68610153 2 68614153 1.02039272610837e-05
S2_68610196 2 68614196 1.02039272610852e-05
S2_68610228 2 68614228 7.27441649538469e-05
S2_68627480 2 68631480 0.000398205384981177
S2_68636305 2 68640305 0.00056842181344959
S2_68666510 2 68670510 0.000411272970784239
S2_68677016 2 68681016 0.000491284174177494
S2_68773492 2 68777492 0.000859421384815964
S2_68773501 2 68777501 0.000171289119035329
S2_68783308 2 68787308 8.8833646610345e-06
S2_68789292 2 68793292 5.86869418223048e-06
S2_68816747 2 68820747 6.55093322847203e-06
S2_68816748 2 68820748 1.27893892229823e-06
S2_68816749 2 68820749 1.32029542021757e-06
S2_68817754 2 68821754 0.000698723665264381
S2_68852361 2 68856361 5.01416743347347e-06
S2_68852853 2 68856853 1.1277439455623e-06
S2_68928986 2 68932986 0.000773701133732412
S2_68969184 2 68973184 4.68853344776824e-13
S2_69112942 2 69116942 0.000274151968652901
S2_69113531 2 69117531 0.000610549400030979
S2_69125552 2 69129552 3.67069155927442e-05
S2_69206291 2 69210291 0.0002092193599803
S2_69254549 2 69258549 0.00074837037691526
S2_69254553 2 69258553 0.00074837037691526
S2_69298815 2 69302815 1.41704067743202e-10
S2_69302893 2 69306893 2.05064053782194e-11
S2_69302902 2 69306902 1.52969810750407e-12
S2_69324864 2 69328864 0.000441449179203329
S2_69370887 2 69374887 5.40200870705061e-05
S2_69535009 2 69539009 0.000662610462625966
S2_69586271 2 69590271 0.000733666467630589
S2_69735706 2 69739706 0.000839789519321898
S2_69859464 2 69863464 0.00017668784694436
S2_69874577 2 69878577 0.000943481743407121
S2_69922964 2 69926964 0.00063791213727612
S2_70278445 2 70282445 2.91754047483376e-06
S2_70302402 2 70306402 0.000405298689865381
S2_70459532 2 70463532 0.000265195592382475
S2_70523285 2 70527285 0.00083100634033556
S2_70531844 2 70535844 0.00043878710221177
S2_70625894 2 70629894 2.81189545259747e-07
S2_70625939 2 70629939 7.42552481297959e-05
S2_70625949 2 70629949 7.42552481297959e-05
S2_70687739 2 70691739 0.000179947102605036
S2_70750261 2 70754261 0.000719737367056226
S2_70830836 2 70834836 0.000159642390864902
S2_70855174 2 70859174 0.000668210019011661
S2_70976662 2 70980662 0.000747623906753601
S2_70976680 2 70980680 0.000715156870811547
S2_70980080 2 70984080 0.000167557564475083
S2_70990784 2 70994784 0.000172295818690229
S2_70990908 2 70994908 9.63655555052827e-05
S2_71011298 2 71015298 0.000769032022758462
S2_71076277 2 71080277 0.000830002339099609
S2_71101523 2 71105523 9.56555534894926e-06
S2_71101524 2 71105524 9.56555534895395e-06
S2_71101525 2 71105525 9.56555534894926e-06
S2_71101526 2 71105526 9.56555534894926e-06
S2_71181488 2 71185488 1.46411149192804e-06
S2_71181493 2 71185493 1.46411149192804e-06
S2_71181494 2 71185494 1.49267359148101e-06
S2_71501361 2 71505361 0.000588024807361333
S2_71644531 2 71648531 0.000647243185289278
S2_71734849 2 71738849 7.26632204714051e-10
S2_71753845 2 71757845 8.00931325199166e-06
S2_71828542 2 71832542 0.000426302935305528
S2_71830698 2 71834698 0.000740045374308856
S2_71831912 2 71835912 0.000595004418566417
S2_71843398 2 71847398 0.00028540072252437
S2_71852295 2 71856295 0.000373847091949942
S2_71852314 2 71856314 0.000373847091949942
S2_71865501 2 71869501 0.000715002871987542
S2_71871021 2 71875021 1.12854466741979e-05
S2_71871027 2 71875027 1.1285446674197e-05
S2_71871039 2 71875039 1.1285446674197e-05
S2_71871053 2 71875053 1.12854466741979e-05
S2_71871105 2 71875105 0.00059827072900695
S2_71874719 2 71878719 8.70069416220806e-06
S2_71874767 2 71878767 0.000446937191951928
S2_71878125 2 71882125 5.79241905384202e-05
S2_71878758 2 71882758 0.000770781145926184
S2_71879294 2 71883294 0.000380954791017137
S2_71879350 2 71883350 0.000379872209921239
S2_71879395 2 71883395 5.82842152185189e-05
S2_71901391 2 71905391 0.000817101434067411
S2_71909815 2 71913815 1.37204411034024e-05
S2_71941058 2 71945058 6.32180450922406e-07
S2_71941081 2 71945081 6.32180450922406e-07
S2_71941087 2 71945087 6.32180450922406e-07
S2_72006461 2 72010461 0.000222270040192034
S2_72006471 2 72010471 0.000222270040192034
S2_72011179 2 72015179 2.97772066655692e-09
S2_72064256 2 72068256 2.04558760129367e-05
S2_72162818 2 72166818 0.000214358634186889
S2_72651375 2 72655375 0.000395032489723533
S2_72850693 2 72854693 3.5477737184274e-06
S2_73045228 2 73049228 0.000131234868343347
S2_73306235 2 73310235 0.000525059288994781
S2_73513103 2 73517103 0.000159759857334526
S2_73513115 2 73517115 0.000403877851103078
S2_73519499 2 73523499 0.000473021962016505
S2_73610777 2 73614777 0.000523815913700352
S2_73655833 2 73659833 0.000906027254471311
S2_73682524 2 73686524 0.00087608929892932
S2_73694380 2 73698380 8.53543063344563e-05
S2_73721113 2 73725113 0.000857723646251803
S2_73826192 2 73830192 0.000898285691106977
S2_73831779 2 73835779 0.00087479956201633
S2_73831793 2 73835793 0.00087479956201633
S2_73850644 2 73854644 0.000158044283275463
S2_73850659 2 73854659 0.000158044283275463
S2_73850669 2 73854669 0.000159636636124096
S2_73893272 2 73897272 0.000310581607270508
S2_73963338 2 73967338 0.000645628447682178
S2_73964645 2 73968645 0.000169729716463079
S2_73964881 2 73968881 0.000516721947021996
S2_74042844 2 74046844 0.000190996505176436
S2_74052248 2 74056248 0.000939080727410292
S2_74068982 2 74072982 2.09292022830564e-05
S2_74084518 2 74088518 0.000605293349333387
S2_74200470 2 74204470 0.00081747783527709
S2_74232602 2 74236602 0.000948185530422867
S2_74248924 2 74252924 4.58918788097361e-05
S2_74250391 2 74254391 0.000686991608690659
S2_74312284 2 74316284 0.000796319774397887
S2_74870893 2 74874893 0.000448097650832039
S2_74871453 2 74875453 3.13285031645638e-05
S2_75033633 2 75037633 5.48162346256658e-06
S2_75181116 2 75185116 0.000433715070198729
S2_75304011 2 75308011 0.000100032895562586
S2_75308131 2 75312131 0.000466564539660376
S2_75357272 2 75361272 0.000836052981861066
S2_75535459 2 75539459 3.10653020844102e-05
S2_75548222 2 75552222 0.000333048792075147
S2_75851951 2 75855951 0.000325930586795411
S2_75851953 2 75855953 0.000322869115245001
S2_75851956 2 75855956 0.000322869115244945
S2_75851957 2 75855957 0.000322869115245001
S2_75927169 2 75931169 0.000629729857825069
S2_76105022 2 76109022 0.000541694065957713
S2_76280602 2 76284602 0.000302150851175388
S2_76285235 2 76289235 1.09880341210219e-05
S2_76371136 2 76375136 7.8662780060551e-07
S2_76385658 2 76389658 9.17533765102862e-05
S2_76385659 2 76389659 9.17533765102726e-05
S2_76452714 2 76456714 0.000560027787301403
S2_76559563 2 76563563 0.000871437114772018
S2_76560643 2 76564643 0.000608135277502633
S2_76617490 2 76621490 0.000138717938486403
S2_76671118 2 76675118 0.00042522410108792
S2_76682793 2 76686793 0.000656199578896513
S2_76682794 2 76686794 0.000567521216560003
S2_76744319 2 76748319 0.000718099388960122
S2_76880414 2 76884414 0.000424813624406826
S2_76982487 2 76986487 5.11473080088812e-05
S2_77019384 2 77023384 1.2276312094365e-07
S2_77203557 2 77207557 2.04665959211529e-08
S2_77209250 2 77213250 5.92247967268128e-06
S2_77323904 2 77327904 0.000127814225759401
S2_77396785 2 77400785 0.000417405332913839
S2_77433133 2 77437133 0.000315630842471031
S2_77580856 2 77584856 5.46717938513464e-05
