Marker Chr Pos p
S10_181517 10 185517 3.41046591648019e-05
S10_363266 10 367266 0.000554045468501044
S10_363286 10 367286 6.08130963810591e-07
S10_401416 10 405416 0.000239921389576342
S10_576613 10 580613 0.000657540364349406
S10_758136 10 762136 0.000916153998191082
S10_764191 10 768191 0.000308089993489003
S10_1117526 10 1121526 3.83996497398165e-05
S10_1158025 10 1162025 0.000590295541887027
S10_1158839 10 1162839 4.33901860263277e-05
S10_1194182 10 1198182 0.000945590779285722
S10_1251068 10 1255068 0.000460693362176492
S10_1251072 10 1255072 0.000431300704318677
S10_1302038 10 1306038 0.000860902324394604
S10_1363102 10 1367102 0.000774658896065607
S10_1793785 10 1797785 4.73356679640822e-05
S10_1793800 10 1797800 4.73356679640845e-05
S10_1809931 10 1813931 0.000337605538829203
S10_1919110 10 1923110 9.97946668095617e-11
S10_1919169 10 1923169 7.47792271279668e-11
S10_2120830 10 2124830 0.000750956558707493
S10_2577639 10 2581639 0.000303871474741241
S10_2584422 10 2588422 0.000145191752025944
S10_2729165 10 2733165 0.0008320501814531
S10_2753311 10 2757311 0.000381625251366046
S10_2833396 10 2837396 0.000249934031496816
S10_2836023 10 2840023 0.000133638016295406
S10_2836237 10 2840237 3.19875805705765e-12
S10_2967398 10 2971398 0.000693603738286997
S10_2971553 10 2975553 0.000760056761287146
S10_3032430 10 3036430 0.000853612371535426
S10_3046329 10 3050329 0.000520866090121938
S10_3128451 10 3132451 0.000859663343769899
S10_3292545 10 3296545 8.77376030551569e-05
S10_3539253 10 3543253 4.51581624259609e-05
S10_3736700 10 3740700 7.13234272403537e-05
S10_3761609 10 3765609 0.000923564015948193
S10_3774676 10 3778676 0.000252087554876063
S10_4017711 10 4021711 0.000209611528973561
S10_4017714 10 4021714 0.000119483112967399
S10_4017720 10 4021720 0.000112582807080375
S10_4019149 10 4023149 4.92439438214869e-05
S10_4027608 10 4031608 0.000539654438458676
S10_4037230 10 4041230 5.76293146410119e-06
S10_4038825 10 4042825 0.000487231206205062
S10_4038996 10 4042996 0.000854350877855088
S10_4043461 10 4047461 0.000971343084344596
S10_4046427 10 4050427 0.000385805855878924
S10_4051082 10 4055082 0.000158582284220876
S10_4065555 10 4069555 8.85635115760826e-05
S10_4065599 10 4069599 1.6130235570995e-05
S10_4107212 10 4111212 6.98643936187867e-12
S10_4130460 10 4134460 4.63737530543643e-06
S10_4143973 10 4147973 6.45979552088407e-05
S10_4144548 10 4148548 0.000570897802176522
S10_4262697 10 4266697 0.000755083599443513
S10_4433796 10 4437796 9.76055782948433e-06
S10_4433829 10 4437829 0.000107803858600239
S10_4442818 10 4446818 4.04981410994988e-05
S10_4533871 10 4537871 0.000427541535736086
S10_4550690 10 4554690 0.000184371899003407
S10_4855064 10 4859064 7.76562585747216e-05
S10_4906774 10 4910774 0.000516913969756873
S10_5039388 10 5043388 0.000430158238882876
S10_5277729 10 5281729 0.000864617181882522
S10_5301033 10 5305033 0.000823632202032136
S10_5491720 10 5495720 0.000443181039802849
S10_5508619 10 5512619 0.000678734628200868
S10_5515607 10 5519607 9.87891805403849e-05
S10_5527495 10 5531495 0.000839980283796447
S10_5870897 10 5874897 0.000469067642877614
S10_5934199 10 5938199 0.000622861294925707
S10_5941652 10 5945652 0.00011676350176561
S10_5941656 10 5945656 0.000154270249983014
S10_6000348 10 6004348 0.000600207716895382
S10_6095657 10 6099657 0.000917664601150826
S10_6115490 10 6119490 0.000565049903485942
S10_6131505 10 6135505 1.57594060111338e-05
S10_6144664 10 6148664 0.00033550480304726
S10_6202879 10 6206879 7.04077335078245e-08
S10_6202904 10 6206904 7.04077335078301e-08
S10_6205516 10 6209516 1.25948156602102e-05
S10_6206246 10 6210246 0.000337020403149087
S10_6269665 10 6273665 0.00022991786939457
S10_6269674 10 6273674 0.000212462246951575
S10_6329731 10 6333731 4.1982763165122e-09
S10_6340096 10 6344096 0.000465979085422148
S10_6340120 10 6344120 0.000465979085422148
S10_6375498 10 6379498 0.00070549534438673
S10_6708578 10 6712578 0.000167610037043564
S10_6708581 10 6712581 0.000154862421621162
S10_6713175 10 6717175 0.000440815227838216
S10_6934391 10 6938391 0.000101680922299336
S10_6940377 10 6944377 3.9000097554805e-05
S10_6975177 10 6979177 0.000110461723223523
S10_6990973 10 6994973 0.000127501928631182
S10_6990993 10 6994993 0.000127501928631182
S10_6991398 10 6995398 0.000896616529163693
S10_6991410 10 6995410 0.000896616529163693
S10_7026173 10 7030173 3.17618277038569e-06
S10_7084146 10 7088146 0.00023944943762972
S10_7114965 10 7118965 0.000919805958904116
S10_7115002 10 7119002 0.000919805958904116
S10_7115009 10 7119009 0.000919805958904116
S10_7115010 10 7119010 0.000919805958904116
S10_7125052 10 7129052 8.92228171370464e-05
S10_7136470 10 7140470 5.49356465058612e-05
S10_7148781 10 7152781 6.75110961999349e-05
S10_7174994 10 7178994 0.000119820716849529
S10_7256731 10 7260731 0.000577827728450626
S10_7288858 10 7292858 1.47207862918805e-06
S10_7340983 10 7344983 0.000490823878016309
S10_7354244 10 7358244 1.67842089034964e-07
S10_7432512 10 7436512 2.28939901520378e-07
S10_7443991 10 7447991 0.000218731892386458
S10_7830903 10 7834903 0.000230348618341034
S10_7830906 10 7834906 0.000232982137349382
S10_7831725 10 7835725 9.40395615630679e-05
S10_7847258 10 7851258 4.99705015151508e-07
S10_7847260 10 7851260 4.70794898408393e-07
S10_7847276 10 7851276 4.70794898408393e-07
S10_7847428 10 7851428 0.000143108365152163
S10_7847644 10 7851644 0.000739115389638951
S10_7877633 10 7881633 0.000791117021788393
S10_7877655 10 7881655 0.000150361340619394
S10_7878497 10 7882497 0.00045647619079926
S10_7879029 10 7883029 0.000578096166431462
S10_7879034 10 7883034 0.000665794022525364
S10_7879062 10 7883062 0.000515612696834801
S10_7879085 10 7883085 0.000515612696834819
S10_7879090 10 7883090 0.000619632090238366
S10_7882961 10 7886961 0.00064738864271644
S10_7882992 10 7886992 0.000106365771878439
S10_7889239 10 7893239 0.000284038637011472
S10_7895247 10 7899247 0.000281827405965239
S10_7895347 10 7899347 8.39475786891379e-05
S10_7896015 10 7900015 0.000672040966491036
S10_7896021 10 7900021 5.1116821253379e-05
S10_7933697 10 7937697 2.31586151230882e-05
S10_7993086 10 7997086 1.04422432956598e-05
S10_8014874 10 8018874 4.98779392337461e-05
S10_8119397 10 8123397 0.000879399080750438
S10_8171884 10 8175884 0.000519628855819551
S10_8186983 10 8190983 0.000280759670440835
S10_8225589 10 8229589 0.000520118370851312
S10_8363085 10 8367085 0.000179488768392953
S10_8363089 10 8367089 0.000179488768392953
S10_8363091 10 8367091 0.000179488768392953
S10_8372909 10 8376909 0.000231490841027183
S10_8505916 10 8509916 0.000391278252034357
S10_8524324 10 8528324 0.000931733393645867
S10_8658556 10 8662556 3.91784859691226e-07
S10_8756040 10 8760040 0.000490994822967511
S10_8758466 10 8762466 0.000235821247733829
S10_8760783 10 8764783 0.000655692002645271
S10_8774199 10 8778199 0.000374230427764467
S10_8871595 10 8875595 0.000577810348278876
S10_8871616 10 8875616 0.000775615372210403
S10_8927338 10 8931338 0.000417152557250326
S10_8959528 10 8963528 2.01894237520994e-07
S10_9138032 10 9142032 4.62731842690254e-06
S10_9138057 10 9142057 4.49999709896335e-06
S10_9549542 10 9553542 0.000962727881628754
S10_9549681 10 9553681 2.77121862095568e-05
S10_9573438 10 9577438 5.7127084849122e-05
S10_9581103 10 9585103 4.10999623224149e-05
S10_9581536 10 9585536 0.000286486845104592
S10_9581618 10 9585618 0.000807306851875581
S10_9581629 10 9585629 0.000807306851875581
S10_9714413 10 9718413 5.17208961864514e-06
S10_9722128 10 9726128 1.87592648301075e-05
S10_9722132 10 9726132 9.68821632077956e-06
S10_9722147 10 9726147 9.22969643661617e-06
S10_9771905 10 9775905 1.11991752589705e-05
S10_10002273 10 10006273 0.000324013204505774
S10_10166860 10 10170860 0.000140592396632497
S10_10402547 10 10406547 0.000114638661963198
S10_10436528 10 10440528 1.71503632592502e-06
S10_10436530 10 10440530 9.44739825562266e-06
S10_10510339 10 10514339 0.00053651619187638
S10_10589487 10 10593487 0.000283809525812916
S10_10600870 10 10604870 5.30729233833645e-05
S10_10600873 10 10604873 5.30729233833525e-05
S10_10608855 10 10612855 1.33474453395992e-06
S10_10687922 10 10691922 3.0502370392644e-07
S10_10687925 10 10691925 3.0502370392644e-07
S10_10687957 10 10691957 3.65489204458332e-07
S10_10784642 10 10788642 5.97686027988058e-05
S10_10797939 10 10801939 0.00023696673229833
S10_10962327 10 10966327 0.000231343088428715
S10_10962423 10 10966423 0.000231883834606561
S10_10962425 10 10966425 0.000244521641072938
S10_11025698 10 11029698 1.0963661363328e-10
S10_11025721 10 11029721 0.000124512010251535
S10_11086093 10 11090093 6.87469682411828e-06
S10_11106377 10 11110377 0.000877142222357581
S10_11107055 10 11111055 0.000163067113035488
S10_11107086 10 11111086 0.000318653387376457
S10_11107278 10 11111278 0.000442027519879715
S10_11107280 10 11111280 8.72754097554085e-05
S10_11107326 10 11111326 3.54421369565774e-05
S10_11119240 10 11123240 0.000203935842596015
S10_11269522 10 11273522 0.000417307036883283
S10_11466284 10 11470284 0.000476860864198466
S10_11670624 10 11674624 4.08280896621203e-05
S10_11733677 10 11737677 0.000380420225163303
S10_11735699 10 11739699 0.000381497286143267
S10_11735716 10 11739716 0.000381497286143267
S10_11793229 10 11797229 0.000410918545965687
S10_12475785 10 12479785 0.000842263006533546
S10_12631920 10 12635920 0.000157543691432095
S10_12676697 10 12680697 0.000508963896875633
S10_12910882 10 12914882 0.000424362337276645
S10_13190465 10 13194465 3.633330367473e-05
S10_13466859 10 13470859 0.000362422988748171
S10_13598672 10 13602672 0.000988879505092266
S10_13607030 10 13611030 0.000419217156274068
S10_13621401 10 13625401 0.000521424799009366
S10_13719403 10 13723403 6.728830375396e-05
S10_13816849 10 13820849 2.57296618347755e-05
S10_13875052 10 13879052 2.49879152084957e-07
S10_14017914 10 14021914 0.00016364819675135
S10_14036381 10 14040381 3.33448999490038e-05
S10_14036388 10 14040388 3.0723622643913e-05
S10_14036407 10 14040407 0.00039700761504368
S10_14038222 10 14042222 0.000960468561253615
S10_14093408 10 14097408 3.62021107245228e-05
S10_14094251 10 14098251 0.000807065752208207
S10_14159056 10 14163056 6.35570990385525e-06
S10_14378418 10 14382418 0.000939729836999727
S10_14443720 10 14447720 0.000160978252249302
S10_14567893 10 14571893 0.000295084322811382
S10_14628755 10 14632755 0.00016458354136507
S10_15068297 10 15072297 0.000861236766597347
S10_15568543 10 15572543 0.000536656449299539
S10_15568565 10 15572565 2.01979481338555e-09
S10_15888359 10 15892359 2.21515069240615e-05
S10_15888360 10 15892360 2.21515069240675e-05
S10_15948869 10 15952869 2.81229592553182e-06
S10_16064009 10 16068009 0.000882610701667563
S10_16300631 10 16304631 0.000134835395583767
S10_16347822 10 16351822 0.000128465277883064
S10_16507969 10 16511969 0.00093785118060143
S10_16509181 10 16513181 0.000737468004515259
S10_16509200 10 16513200 0.000676899648011291
S10_16937342 10 16941342 4.04335707925407e-05
S10_17217765 10 17221765 0.000793767380798408
S10_17496915 10 17500915 0.000350842815150222
S10_17919861 10 17923861 0.000934078965524067
S10_17935084 10 17939084 1.13849229784093e-06
S10_18052581 10 18056581 3.30942790321438e-05
S10_18195757 10 18199757 0.000514303730591873
S10_18247407 10 18251407 1.79413715150043e-05
S10_18275445 10 18279445 1.4001609899897e-05
S10_18354729 10 18358729 0.000255379664471035
S10_18602154 10 18606154 0.000300967604301963
S10_18606483 10 18610483 1.47560900291078e-05
S10_18640618 10 18644618 0.00072391666602708
S10_18964039 10 18968039 5.69088040703819e-06
S10_19235026 10 19239026 6.86388688839968e-06
S10_19249202 10 19253202 7.34482213833806e-06
S10_19331959 10 19335959 1.35216910098783e-05
S10_19336359 10 19340359 0.000175918283575488
S10_19357868 10 19361868 0.000218539676719102
S10_19375488 10 19379488 0.000118591810543316
S10_19376115 10 19380115 0.000157248280582194
S10_19566461 10 19570461 0.000801200525565919
S10_19578681 10 19582681 1.42643978684697e-05
S10_19579367 10 19583367 1.83140031359306e-05
S10_19579806 10 19583806 0.000101398664069898
S10_19679041 10 19683041 0.000418187227903966
S10_19762136 10 19766136 1.41928808176432e-05
S10_19762143 10 19766143 0.000249851338852741
S10_19762478 10 19766478 0.00017336662826021
S10_19767792 10 19771792 8.21376704954359e-05
S10_19783820 10 19787820 0.000582772328568195
S10_19811394 10 19815394 1.56805584948185e-05
S10_19811397 10 19815397 2.96882443031264e-05
S10_19825895 10 19829895 0.0007079370767345
S10_19826210 10 19830210 3.58264925479212e-05
S10_19826776 10 19830776 1.43188279095531e-05
S10_19846902 10 19850902 7.29785499311477e-05
S10_19846929 10 19850929 0.000392532128235996
S10_19853515 10 19857515 0.000752443559449996
S10_19853823 10 19857823 0.000175245874043641
S10_19853834 10 19857834 0.000175245874043641
S10_19853844 10 19857844 0.000175245874043641
S10_19884000 10 19888000 0.000486363969103287
S10_19884218 10 19888218 0.000109525851441406
S10_19884225 10 19888225 0.000109525851441406
S10_19887102 10 19891102 0.000350175052488981
S10_19895028 10 19899028 0.000966289461078097
S10_19910885 10 19914885 1.21003414538551e-05
S10_19953134 10 19957134 0.00061268692642839
S10_19953137 10 19957137 0.00061268692642839
S10_20050182 10 20054182 0.000762819286976559
S10_20051960 10 20055960 7.86555520629843e-06
S10_20127943 10 20131943 0.000240810955770444
S10_20146220 10 20150220 0.000507354529838835
S10_20214109 10 20218109 0.000565892582948804
S10_20214754 10 20218754 6.362375164719e-07
S10_20237184 10 20241184 0.00057259941303638
S10_20277504 10 20281504 0.000540322459000003
S10_20277557 10 20281557 1.80832172566605e-06
S10_20306904 10 20310904 1.24931270079436e-05
S10_20627400 10 20631400 0.000727706685871164
S10_20653926 10 20657926 3.49476153983286e-06
S10_20697030 10 20701030 1.67915974897418e-06
S10_20757423 10 20761423 0.000195315788105556
S10_20758216 10 20762216 0.000890380610281142
S10_20758217 10 20762217 0.000890380610281142
S10_20780207 10 20784207 0.000526039521031243
S10_20914019 10 20918019 0.000878732118279613
S10_20926280 10 20930280 0.000690636575878948
S10_20954065 10 20958065 2.84894328876208e-05
S10_20998519 10 21002519 0.000144232315654262
S10_20998534 10 21002534 0.000319677850603938
S10_21004078 10 21008078 0.000769855703304987
S10_21026848 10 21030848 0.000383281022125878
S10_21029030 10 21033030 0.00016012722555366
S10_21088195 10 21092195 0.000267926628682677
S10_21090821 10 21094821 5.20884632863778e-05
S10_21101368 10 21105368 0.000392635552841623
S10_21116824 10 21120824 1.6428142676856e-05
S10_21160192 10 21164192 0.000734127725204187
S10_21190739 10 21194739 9.07305480221452e-05
S10_21226328 10 21230328 0.000239685590011175
S10_21240636 10 21244636 2.20844697843083e-05
S10_21240683 10 21244683 9.33925094812926e-05
S10_21240838 10 21244838 0.00089849874950169
S10_21244613 10 21248613 0.000367509881734556
S10_21244874 10 21248874 0.000477563922188584
S10_21266048 10 21270048 1.24640243679425e-07
S10_21316075 10 21320075 4.61259473083429e-05
S10_21485790 10 21489790 0.000279421297682013
S10_21485796 10 21489796 0.00038929595533625
S10_21506262 10 21510262 0.000320134745299049
S10_21546725 10 21550725 5.90642370013366e-05
S10_21548518 10 21552518 7.91792525779144e-05
S10_21548680 10 21552680 0.000112984696526358
S10_21551648 10 21555648 4.15156337305431e-05
S10_21562860 10 21566860 4.844933233734e-05
S10_21575135 10 21579135 0.000768230024793925
S10_21603310 10 21607310 0.000331730611030725
S10_21603317 10 21607317 0.000105531208291483
S10_21717688 10 21721688 0.000336972832738377
S10_21725917 10 21729917 0.000390182733454946
S10_21736147 10 21740147 5.11967198280334e-05
S10_21753712 10 21757712 5.51119996313746e-05
S10_21933150 10 21937150 0.000583451243410752
S10_21949512 10 21953512 1.08831269028516e-05
S10_21949575 10 21953575 0.000139483862878824
S10_21949615 10 21953615 0.000562907157677689
S10_21977155 10 21981155 2.12967806128408e-05
S10_21977274 10 21981274 0.000741706256304215
S10_22095436 10 22099436 0.000318801454077458
S10_22264164 10 22268164 0.000727226424781219
S10_22384723 10 22388723 9.83243352403034e-05
S10_22451840 10 22455840 0.000125927923162034
S10_22468329 10 22472329 0.000256185245548844
S10_22550484 10 22554484 0.000609879755854113
S10_22556121 10 22560121 0.000797799805189669
S10_22703599 10 22707599 2.07282854221123e-05
S10_22707047 10 22711047 6.11082781252442e-06
S10_22766851 10 22770851 9.67898591103224e-05
S10_22783798 10 22787798 6.41606355618999e-05
S10_22783809 10 22787809 6.41606355618999e-05
S10_22784042 10 22788042 0.000735871353924382
S10_22789316 10 22793316 1.01374565059439e-05
S10_22801740 10 22805740 0.000173695045928637
S10_22866334 10 22870334 4.99931205086839e-05
S10_23602838 10 23606838 9.30022512289277e-05
S10_23765095 10 23769095 0.000741435555959121
S10_24000712 10 24004712 4.86653583247985e-05
S10_24004703 10 24008703 0.000318799361220918
S10_24173020 10 24177020 0.000738770706097544
S10_24234835 10 24238835 7.71979176664829e-05
S10_24292028 10 24296028 0.000195235250255874
S10_24300305 10 24304305 6.87197300065556e-05
S10_24420055 10 24424055 0.000263528513204883
S10_24420056 10 24424056 0.000263528513204855
S10_24420057 10 24424057 0.000263528513204855
S10_24420059 10 24424059 0.000263528513204855
S10_24600025 10 24604025 2.56228684256737e-05
S10_24850829 10 24854829 5.92661247426838e-05
S10_25025931 10 25029931 4.06547277656617e-05
S10_25133618 10 25137618 0.000128531494826387
S10_25140758 10 25144758 0.000253767766151957
S10_25161446 10 25165446 3.799469895181e-05
S10_25217781 10 25221781 2.87760214513961e-05
S10_25343111 10 25347111 0.000723330163557875
S10_25343581 10 25347581 0.000272426480459071
S10_25355124 10 25359124 0.000282654499352829
S10_25364935 10 25368935 0.000130961897789465
S10_25731924 10 25735924 5.40013916286555e-05
S10_25851553 10 25855553 0.000716553786592984
S10_25977132 10 25981132 6.72497092214362e-05
S10_26163468 10 26167468 0.000239596230184708
S10_26269033 10 26273033 1.3203221099789e-05
S10_26442217 10 26446217 3.27068136221164e-05
S10_26531698 10 26535698 0.000195777201868636
S10_26967519 10 26971519 2.62773209500896e-05
S10_27055983 10 27059983 3.80980132244743e-05
S10_27218225 10 27222225 5.00474851549135e-05
S10_27290158 10 27294158 0.000193823840984794
S10_27290224 10 27294224 2.56930535676064e-05
S10_27360052 10 27364052 0.000713531148649726
S10_27441356 10 27445356 5.63637541976408e-05
S10_27474064 10 27478064 0.000224437444525559
S10_27583028 10 27587028 0.000525511560028285
S10_27598895 10 27602895 0.000101891883364624
S10_27651186 10 27655186 3.54695031812875e-05
S10_27766303 10 27770303 0.000363333351256067
S10_27850247 10 27854247 4.09748465979659e-05
S10_28165277 10 28169277 0.000308243924123903
S10_28280530 10 28284530 0.000854840896136782
S10_28280532 10 28284532 0.000854840896136782
S10_28344465 10 28348465 3.12171765721035e-05
S10_28568429 10 28572429 0.000128985229305985
S10_28568442 10 28572442 0.000128985229305985
S10_32200606 10 32204606 1.4369239279479e-07
S10_32462171 10 32466171 7.55596197479843e-05
S10_32818388 10 32822388 0.000790374191051284
S10_32872771 10 32876771 2.39870330659927e-05
S10_32872992 10 32876992 0.000283885353442182
S10_32929993 10 32933993 0.000215732475925133
S10_33030218 10 33034218 4.86716230012309e-05
S10_33384369 10 33388369 0.000705953551101528
S10_33819223 10 33823223 2.86902549273719e-05
S10_33840877 10 33844877 0.000267798472681972
S10_34082900 10 34086900 0.000128593926937702
S10_34114269 10 34118269 3.41016365102448e-05
S10_34297497 10 34301497 0.000781898836919782
S10_34831206 10 34835206 1.67290544409673e-05
S10_34917479 10 34921479 0.00021026179359143
S10_35065520 10 35069520 0.000115883773805156
S10_35164885 10 35168885 3.83959929436793e-09
S10_35173139 10 35177139 5.39834156180546e-05
S10_35215767 10 35219767 9.91202575956523e-05
S10_35272335 10 35276335 5.64685655643587e-06
S10_35290899 10 35294899 1.66358831740002e-09
S10_35304858 10 35308858 0.000330702171433956
S10_35379722 10 35383722 0.000530609813521785
S10_35499154 10 35503154 0.000975329181787122
S10_35529500 10 35533500 0.000141549123850408
S10_35815267 10 35819267 0.000188922628602195
S10_35866490 10 35870490 3.16937441996739e-05
S10_36178383 10 36182383 6.89676381767343e-06
S10_36230524 10 36234524 0.000314454068650791
S10_36448795 10 36452795 6.15064721662283e-06
S10_36527076 10 36531076 6.05866022759568e-05
S10_36542331 10 36546331 0.000152100267453376
S10_36565032 10 36569032 0.000481890356616713
S10_36673610 10 36677610 1.77660303739326e-05
S10_36837220 10 36841220 1.48195400794349e-05
S10_37038529 10 37042529 4.11267943261062e-05
S10_37038535 10 37042535 4.11267943261062e-05
S10_37237012 10 37241012 5.5885218338643e-05
S10_37374260 10 37378260 0.000562903256723673
S10_37547748 10 37551748 0.000232385209524063
S10_37722030 10 37726030 3.98848003096885e-05
S10_37982174 10 37986174 0.000287589394030127
S10_38323235 10 38327235 0.000222973041601606
S10_38500526 10 38504526 0.000215290147384432
S10_38506866 10 38510866 0.000622230587788431
S10_38582590 10 38586590 0.000838322511981036
S10_38609088 10 38613088 0.000210399400252431
S10_38621978 10 38625978 3.83307986990678e-05
S10_38628759 10 38632759 0.00086796317049044
S10_38654433 10 38658433 0.000348508876480396
S10_38852391 10 38856391 0.00037847144433904
S10_39399936 10 39403936 1.91103311729806e-06
S10_39798026 10 39802026 0.00025411852873938
S10_40148315 10 40152315 0.000239505777473047
S10_40507183 10 40511183 0.000234477494745219
S10_40553812 10 40557812 2.06128586097184e-07
S10_40553815 10 40557815 2.93911357437209e-07
S10_40553844 10 40557844 3.23013803792336e-06
S10_40718948 10 40722948 0.000255090196201823
S10_40919697 10 40923697 0.00048459159977814
S10_41004518 10 41008518 1.76602226383041e-05
S10_41004519 10 41008519 1.76602226383041e-05
S10_41016800 10 41020800 8.54532885002929e-05
S10_41016980 10 41020980 0.000269511596621326
S10_41096880 10 41100880 5.86276216109563e-05
S10_41107142 10 41111142 0.000289267287486387
S10_41111957 10 41115957 0.000384386634837941
S10_41192957 10 41196957 0.00035050887958075
S10_41193425 10 41197425 0.000338345805654696
S10_41235796 10 41239796 0.000603923629683982
S10_41236080 10 41240080 0.000137309596284667
S10_41239909 10 41243909 0.00048207112185469
S10_41397581 10 41401581 0.000211425316210975
S10_41490283 10 41494283 0.000756136993794079
S10_41631035 10 41635035 0.000181925787607929
S10_41631044 10 41635044 0.000181925787607922
S10_41633100 10 41637100 0.000313574275077481
S10_41633111 10 41637111 0.000313574275077481
S10_41633169 10 41637169 4.12569094527532e-05
S10_41633199 10 41637199 0.00027381903295567
S10_41641299 10 41645299 0.000703511639895768
S10_41641552 10 41645552 8.54630406550828e-06
S10_41643106 10 41647106 7.87476020676346e-05
S10_41643447 10 41647447 2.06537290108169e-05
S10_41645992 10 41649992 0.00015743550333996
S10_41646028 10 41650028 0.000373895480670863
S10_41725577 10 41729577 0.000120123513299482
S10_41947516 10 41951516 0.000328235610024815
S10_41970608 10 41974608 6.24219462721013e-05
S10_42014220 10 42018220 7.12504137902635e-05
S10_42135177 10 42139177 1.02185806997047e-11
S10_42135200 10 42139200 1.02185806997051e-11
S10_42805074 10 42809074 0.000706604251451411
S10_42805105 10 42809105 3.87020011137337e-05
S10_42805109 10 42809109 0.000603852390860635
S10_42805125 10 42809125 3.87020011137337e-05
S10_43128545 10 43132545 0.000895674354742427
S10_43201465 10 43205465 0.000890062440697503
S10_43431593 10 43435593 0.000847917696810216
S10_43622510 10 43626510 0.000802700740309681
S10_44404210 10 44408210 0.000184044275981377
S10_44534973 10 44538973 0.000337088062805452
S10_44641584 10 44645584 0.000452385596550184
S10_45061531 10 45065531 1.23763821741394e-05
S10_45071612 10 45075612 0.00024215581058353
S10_45320759 10 45324759 0.000370125583939428
S10_45364873 10 45368873 6.27519057758018e-05
S10_45522026 10 45526026 0.000429833775147067
S10_45577765 10 45581765 0.000233983399340865
S10_45646835 10 45650835 0.000612710527211844
S10_45804653 10 45808653 0.000813158873240877
S10_45812905 10 45816905 4.52123178772732e-06
S10_45832619 10 45836619 0.000130447010567601
S10_45991419 10 45995419 2.51750174918213e-08
S10_46136400 10 46140400 3.00416899380062e-11
S10_46209523 10 46213523 0.000659037386895325
S10_46565858 10 46569858 0.00085729823281357
S10_46692746 10 46696746 3.93405871793522e-07
S10_46692855 10 46696855 0.000466023295016374
S10_46692857 10 46696857 0.000466023295016448
S10_46750478 10 46754478 0.00079626639488777
S10_46952076 10 46956076 0.0001497885193366
S10_47557212 10 47561212 0.000772188574883946
S10_47780868 10 47784868 7.72140928979971e-06
S10_47939440 10 47943440 0.000112339179382479
S10_48084387 10 48088387 0.000424850918138951
S10_48255197 10 48259197 0.000175913342734186
S10_48255420 10 48259420 2.26643864000194e-05
S10_48328508 10 48332508 0.000950037359264455
S10_48354836 10 48358836 2.69329390017399e-05
S10_48643016 10 48647016 0.000102923322595037
S10_48649169 10 48653169 0.000308616644719544
S10_48654560 10 48658560 1.94304865723321e-08
S10_48684674 10 48688674 7.43096149466235e-09
S10_48726886 10 48730886 1.70853181267339e-06
S10_48771722 10 48775722 3.12104930840356e-05
S10_48824981 10 48828981 1.80031250168704e-12
S10_48888318 10 48892318 1.00897361505532e-06
S10_48941152 10 48945152 0.000517100326204255
S10_48991013 10 48995013 0.000449847930409594
S10_48991057 10 48995057 0.000449847930409594
S10_49098681 10 49102681 0.000535709072654416
S10_49342077 10 49346077 5.46730458535254e-06
S10_49342245 10 49346245 6.09434343284723e-08
S10_49382546 10 49386546 1.04428239987699e-09
S10_49422116 10 49426116 1.70752779672767e-06
S10_49425896 10 49429896 0.000259353833863459
S10_49426060 10 49430060 1.52511815150102e-08
S10_49426137 10 49430137 0.000145704998299492
S10_49426138 10 49430138 0.000145704998299492
S10_49426141 10 49430141 5.43936198370311e-05
S10_49426144 10 49430144 5.64395937808617e-05
S10_49652895 10 49656895 0.000385649824473379
S10_49905719 10 49909719 0.000434336085875262
S10_49905749 10 49909749 0.000434336085875277
S10_49930821 10 49934821 0.000325106105088377
S10_50121585 10 50125585 0.000156888513228456
S10_50121627 10 50125627 1.91237031925383e-05
S10_50172087 10 50176087 3.22315901900727e-05
S10_50273417 10 50277417 0.000735146178657241
S10_50382304 10 50386304 0.000112202598935556
S10_50452565 10 50456565 0.000419272738101023
S10_50622629 10 50626629 1.12636937788136e-05
S10_50645815 10 50649815 0.000934652806079731
S10_50799710 10 50803710 7.90448040354969e-05
S10_50810225 10 50814225 0.000429031024553607
S10_50810271 10 50814271 7.92349417770998e-06
S10_51055105 10 51059105 0.000138193757018955
S10_51055113 10 51059113 0.000158933062521122
S10_51070731 10 51074731 0.000334391153893455
S10_51254906 10 51258906 4.22409850280074e-08
S10_51302757 10 51306757 0.00045377799843233
S10_51332870 10 51336870 0.00062054189521364
S10_51432561 10 51436561 0.000173845265048846
S10_51432578 10 51436578 0.000229572838311868
S10_51458070 10 51462070 0.000534482670806664
S10_51464851 10 51468851 0.000909085531725379
S10_51495587 10 51499587 0.000624861037600785
S10_51495590 10 51499590 0.000624861037600785
S10_51506978 10 51510978 3.53378284994211e-05
S10_51511918 10 51515918 0.00064452952169696
S10_51517061 10 51521061 0.000287007330587305
S10_51702603 10 51706603 0.00041163552468629
S10_51707428 10 51711428 0.000531727749614791
S10_51754830 10 51758830 9.46588675391639e-05
S10_51802850 10 51806850 0.000310927480696698
S10_51820165 10 51824165 0.000122588992819751
S10_51825484 10 51829484 0.000498229066757234
S10_51845206 10 51849206 0.000936148979352229
S10_51845234 10 51849234 0.000479970078665798
S10_51845315 10 51849315 0.00013376858147203
S10_51853616 10 51857616 0.000204880118750105
S10_52043965 10 52047965 0.000804702331032045
S10_52211060 10 52215060 0.000244890773708941
S10_52547779 10 52551779 0.000368892473650327
S10_52781707 10 52785707 0.000550117555434843
S10_52784725 10 52788725 0.000394809414192391
S10_52900684 10 52904684 0.000888535139126986
S10_52902905 10 52906905 0.000913717191138742
S10_52902938 10 52906938 0.000236153683968081
S10_53020710 10 53024710 0.000343545667774539
S10_53100415 10 53104415 0.000230186772053634
S10_53200716 10 53204716 0.000165715144486823
S10_53201437 10 53205437 3.81214891811908e-05
S10_53201769 10 53205769 0.00041293251798786
S10_53203724 10 53207724 0.00033414526342223
S10_53210596 10 53214596 0.000121444404234199
S10_53214901 10 53218901 3.20186006649768e-06
S10_53215421 10 53219421 5.11624963678655e-05
S10_53215706 10 53219706 3.58553076022202e-07
S10_53335376 10 53339376 5.15623888701842e-05
S10_53335575 10 53339575 4.18488171120706e-05
S10_53411870 10 53415870 2.10476113861649e-06
S10_53415097 10 53419097 6.59952806652947e-05
S10_53493978 10 53497978 1.79246568582348e-07
S10_53494573 10 53498573 4.94254757825943e-05
S10_53494632 10 53498632 0.000222072351533266
S10_53502195 10 53506195 6.07516035330052e-06
S10_53506462 10 53510462 6.03876308625852e-05
S10_53512585 10 53516585 0.000127396920600569
S10_53523602 10 53527602 7.52298553407387e-08
S10_53524033 10 53528033 6.54014926406348e-08
S10_53524063 10 53528063 3.61723444869393e-05
S10_53524146 10 53528146 0.000842199242826368
S10_53524178 10 53528178 7.01957645278926e-06
S10_53557787 10 53561787 0.000622079121800323
S10_53597540 10 53601540 1.56327402301604e-06
S10_53624061 10 53628061 3.60857519589362e-07
S10_53624064 10 53628064 4.74161287338917e-07
S10_53624067 10 53628067 4.55653657166988e-07
S10_53624715 10 53628715 0.000386354036191394
S10_53666644 10 53670644 8.02171987359436e-06
S10_53675694 10 53679694 0.000220633237663531
S10_53714362 10 53718362 7.92276796439164e-05
S10_53810262 10 53814262 0.000614027358552138
S10_53810291 10 53814291 0.000936722214709755
S10_54130613 10 54134613 0.00042062540513794
S10_54138395 10 54142395 0.000485374192693428
S10_54138397 10 54142397 0.000485374192693428
S10_54138399 10 54142399 0.000485374192693428
S10_54139235 10 54143235 0.000650443641473305
S10_54183787 10 54187787 0.000317776331869968
S10_54184035 10 54188035 3.19871457175339e-05
S10_54184038 10 54188038 2.7925771792918e-05
S10_54184063 10 54188063 1.70152034901842e-05
S10_54184090 10 54188090 2.63335065432679e-05
S10_54186963 10 54190963 0.000201831527426958
S10_54187298 10 54191298 0.000141592234145098
S10_54187299 10 54191299 0.000141592234145098
S10_54246330 10 54250330 0.000372501982686996
S10_54269524 10 54273524 0.000997932735243868
S10_54274362 10 54278362 7.48496443458209e-05
S10_54286854 10 54290854 0.000937146630027916
S10_54316245 10 54320245 0.000406669810534203
S10_54612775 10 54616775 2.26637911119839e-05
S10_54612778 10 54616778 0.000124750741894048
S10_54632210 10 54636210 0.000316247992958517
S10_54721670 10 54725670 5.91229175159276e-05
S10_54974701 10 54978701 0.000418784390728904
S10_55129776 10 55133776 0.000355389561793299
S10_55188179 10 55192179 0.000344359817974508
S10_55191329 10 55195329 0.000627522697840966
S10_55201406 10 55205406 6.48903038055256e-07
S10_55268872 10 55272872 0.000537320781965195
S10_55283533 10 55287533 0.000174662292246352
S10_55293176 10 55297176 0.000489556138167083
S10_55293980 10 55297980 0.000610194549791346
S10_55300475 10 55304475 1.03725155491495e-05
S10_55300776 10 55304776 0.00033514625006312
S10_55300869 10 55304869 0.000410436488698988
S10_55302630 10 55306630 0.000170224390916772
S10_55305074 10 55309074 0.000560677070459604
S10_55305139 10 55309139 0.00082270768938918
S10_55352028 10 55356028 2.33594037630666e-05
S10_55352136 10 55356136 0.00029434195841828
S10_55352137 10 55356137 0.000142423833036213
S10_55360790 10 55364790 0.000757018158369712
S10_55377730 10 55381730 1.27186517420599e-06
S10_55413223 10 55417223 0.000413373818589178
S10_55429486 10 55433486 3.87765539782812e-06
S10_55429527 10 55433527 5.06662517602556e-06
S10_55445537 10 55449537 0.000147735669774163
S10_55491592 10 55495592 0.000107114864317544
S10_55495029 10 55499029 7.86813416053788e-05
S10_55495050 10 55499050 1.79207730011477e-07
S10_55512565 10 55516565 6.75656099668714e-06
S10_55524688 10 55528688 0.000183001580747242
S10_55533430 10 55537430 1.23792291946577e-08
S10_55599913 10 55603913 0.000743186468685358
S10_55642149 10 55646149 0.000433517313371708
S10_55643414 10 55647414 0.000934284371152355
S10_55643681 10 55647681 4.01413230976786e-06
S10_55643700 10 55647700 5.8138985968585e-05
S10_55643737 10 55647737 5.81389859685783e-05
S10_55671820 10 55675820 0.000343428731590897
S10_55671868 10 55675868 0.000343428731590897
S10_55755196 10 55759196 0.000724844696454702
S10_55819653 10 55823653 0.000134006750362434
S10_55819675 10 55823675 0.000118044953862313
S10_55901927 10 55905927 4.51104561076647e-05
S10_55915740 10 55919740 0.000178681864565093
S10_55917117 10 55921117 5.0438970489357e-05
S10_55917119 10 55921119 5.0438970489357e-05
S10_55917141 10 55921141 1.31211373413036e-05
S10_55917228 10 55921228 1.81613416041948e-05
S10_55917332 10 55921332 3.85966868385354e-05
S10_55917337 10 55921337 3.85966868385354e-05
S10_55917350 10 55921350 3.85966868385354e-05
S10_55917370 10 55921370 3.85966868385354e-05
S10_55921376 10 55925376 0.000103300968287959
S10_55921805 10 55925805 0.00046389401156007
S10_55921826 10 55925826 0.00046389401156007
S10_55921828 10 55925828 0.00046389401156007
S10_55922180 10 55926180 6.0730936244004e-05
S10_55922245 10 55926245 1.34015367039284e-08
S10_55923296 10 55927296 0.000215442757548174
S10_55923309 10 55927309 0.000215442757548158
S10_55923327 10 55927327 0.000215442757548158
S10_55923758 10 55927758 4.52945960162722e-05
S10_55923804 10 55927804 1.17689978498438e-05
S10_55923878 10 55927878 7.560553843898e-06
S10_55926672 10 55930672 0.000615940427100701
S10_55946559 10 55950559 0.000161323046282032
S10_55947972 10 55951972 0.000304368613264631
S10_55948353 10 55952353 0.000826921459043807
S10_55985544 10 55989544 9.5210913476163e-07
S10_55985663 10 55989663 0.000238564578738128
S10_55992393 10 55996393 0.000278296969568263
S10_56005631 10 56009631 7.64708193619029e-05
S10_56015088 10 56019088 1.63977148738437e-07
S10_56015169 10 56019169 0.000517194514717856
S10_56015175 10 56019175 0.000517194514717856
S10_56015196 10 56019196 0.000517194514717822
S10_56018877 10 56022877 0.000386611830518974
S10_56020271 10 56024271 0.000408356637970241
S10_56032363 10 56036363 0.000128070876633554
S10_56032464 10 56036464 0.000216051705804472
S10_56032537 10 56036537 0.000472634157658308
S10_56046734 10 56050734 2.53414848252103e-09
S10_56050547 10 56054547 4.80723735911015e-06
S10_56062393 10 56066393 0.000761122383543922
S10_56064138 10 56068138 0.000422688217407538
S10_56078963 10 56082963 0.000280546217949849
S10_56115889 10 56119889 9.35625835834678e-07
S10_56130233 10 56134233 4.79333842562344e-07
S10_56130259 10 56134259 1.30342547279637e-07
S10_56130669 10 56134669 1.99509859606641e-05
S10_56130674 10 56134674 1.71676635234845e-05
S10_56152515 10 56156515 0.00063558149815641
S10_56197345 10 56201345 4.10233701769189e-06
S10_56197381 10 56201381 0.000247173618405376
S10_56199661 10 56203661 0.000524246737385917
S10_56199672 10 56203672 0.000524246737385917
S10_56207573 10 56211573 0.000336369012197487
S10_56207586 10 56211586 3.00826824641463e-05
S10_56207660 10 56211660 1.72293543452788e-05
S10_56207661 10 56211661 1.72293543452788e-05
S10_56207663 10 56211663 1.7229354345278e-05
S10_56208186 10 56212186 4.57047487886301e-05
S10_56208207 10 56212207 1.62016780835084e-05
S10_56208217 10 56212217 1.62016780835093e-05
S10_56208279 10 56212279 0.000129872444411706
S10_56215290 10 56219290 0.000159411739232891
S10_56275836 10 56279836 1.22571938692019e-09
S10_56286440 10 56290440 0.000494144473418331
S10_56293151 10 56297151 1.65957615581442e-05
S10_56366319 10 56370319 2.38579512704535e-05
S10_56367316 10 56371316 0.000980649009712974
S10_56370968 10 56374968 0.000299678098238373
S10_56375769 10 56379769 1.74501437817284e-09
S10_56380480 10 56384480 0.000575568659196185
S10_56381663 10 56385663 1.67839839572713e-06
S10_56387320 10 56391320 4.08437078080206e-08
S10_56387321 10 56391321 4.08437078080206e-08
S10_56614344 10 56618344 0.000520102798306784
S10_56647622 10 56651622 2.03993968569187e-05
S10_56728368 10 56732368 0.000440204683339058
S10_56728369 10 56732369 0.000182111559250771
S10_56735179 10 56739179 1.62311256899978e-05
S10_56735270 10 56739270 1.79150679063085e-05
S10_56735272 10 56739272 1.79150679063085e-05
S10_56735273 10 56739273 1.79150679063085e-05
S10_56929615 10 56933615 2.34203172425006e-05
S10_57061420 10 57065420 0.000785176777637592
S10_57127202 10 57131202 0.00086365443974357
S10_57261364 10 57265364 1.21929665582433e-05
S10_57275026 10 57279026 0.000250090450383836
S10_57294481 10 57298481 0.00042298455354212
S10_57324799 10 57328799 1.27991513107176e-05
S10_57324946 10 57328946 2.1955727223548e-05
S10_57325080 10 57329080 0.000174790544792661
S10_57325115 10 57329115 3.96524612988487e-05
S10_57423429 10 57427429 6.65782271087423e-07
S10_57432493 10 57436493 3.9647950279571e-05
S10_57507073 10 57511073 0.00052759446057466
S10_57523370 10 57527370 1.5533106853985e-05
S10_57549227 10 57553227 0.000690616315607926
S10_57682859 10 57686859 0.000667724166307594
S10_57773439 10 57777439 6.82596446565374e-05
S10_57773441 10 57777441 6.82596446565374e-05
S10_57775206 10 57779206 8.03104753838737e-14
S10_57800319 10 57804319 0.000961435985951843
S10_57838833 10 57842833 0.000174669243071883
S10_57838838 10 57842838 0.000355850032032123
S10_57963542 10 57967542 8.4237118858785e-06
S10_58185128 10 58189128 0.000106579930731134
S10_58345028 10 58349028 0.000121435322110634
S10_58426028 10 58430028 0.000147145663721299
S10_58428800 10 58432800 7.45918227028488e-09
S10_58441406 10 58445406 2.83561972147919e-05
S10_58490384 10 58494384 0.000915805424529809
S10_58540474 10 58544474 1.02073770475473e-05
S10_58540477 10 58544477 3.05549322186416e-05
S10_58615963 10 58619963 3.46673077859714e-05
S10_58680330 10 58684330 1.986342007293e-09
S10_58947090 10 58951090 7.49125251409871e-05
S10_58947091 10 58951091 7.49125251409871e-05
S10_59069881 10 59073881 0.000696670537584539
S10_59161231 10 59165231 0.000647609394563265
S10_59170112 10 59174112 0.000258428609200027
S10_59191229 10 59195229 0.000863070815584029
S10_59297522 10 59301522 1.04152859975043e-08
S10_59306730 10 59310730 2.87640532096382e-05
S10_59510039 10 59514039 2.38851341501592e-05
S10_59528313 10 59532313 0.000634896676593596
S10_59528373 10 59532373 8.14560778029033e-05
S10_59528379 10 59532379 0.000127327715796448
S10_59528383 10 59532383 8.14560778029033e-05
S10_59930438 10 59934438 0.000896938702603723
S10_60099094 10 60103094 0.000206929779091521
S10_60375305 10 60379305 0.000407973273272279
S10_60402025 10 60406025 2.29421994702815e-05
