Marker Chr Pos p
S9_560956 9 564956 8.66156450065744e-05
S9_560969 9 564969 8.18211745681248e-05
S9_590303 9 594303 0.000591580170725833
S9_592236 9 596236 1.76423260809709e-09
S9_777534 9 781534 0.000870940518203341
S9_992714 9 996714 0.000182807491766894
S9_1151647 9 1155647 0.000319121804454688
S9_1151667 9 1155667 0.00031912180445471
S9_1151677 9 1155677 0.00031912180445471
S9_1151686 9 1155686 0.000319121804454688
S9_1151745 9 1155745 0.000104278392570831
S9_1170391 9 1174391 2.43271331024751e-05
S9_1185600 9 1189600 0.000746302350087119
S9_1220268 9 1224268 1.78540707231821e-05
S9_1288950 9 1292950 1.20566888426888e-06
S9_1547975 9 1551975 1.11148025626101e-05
S9_1586702 9 1590702 0.000248334927168547
S9_1590669 9 1594669 0.000137867389487516
S9_1655711 9 1659711 0.000322650238625286
S9_1753984 9 1757984 8.74711056691688e-06
S9_1753987 9 1757987 8.9283731843243e-06
S9_1759750 9 1763750 0.000397460603486451
S9_1784349 9 1788349 0.000164299228140714
S9_1791018 9 1795018 0.000477768769691286
S9_1834218 9 1838218 2.49247212469317e-05
S9_1840314 9 1844314 6.1210463395985e-08
S9_1880715 9 1884715 0.000910498070770548
S9_1961379 9 1965379 0.000107641962865838
S9_1963640 9 1967640 8.26785753932856e-05
S9_2072234 9 2076234 7.81686318807135e-12
S9_2072396 9 2076396 0.000135779718951192
S9_2264294 9 2268294 0.000150267506585004
S9_2279672 9 2283672 0.000389081675596698
S9_2538399 9 2542399 0.000121453904361165
S9_2598385 9 2602385 1.57194958065603e-05
S9_2598386 9 2602386 1.57194958065603e-05
S9_2699677 9 2703677 2.11242397608558e-05
S9_2699928 9 2703928 3.04681708247854e-05
S9_2699952 9 2703952 3.04681708247854e-05
S9_2699954 9 2703954 3.04681708247854e-05
S9_2699975 9 2703975 3.04681708247854e-05
S9_2720598 9 2724598 5.69573823752179e-06
S9_2806677 9 2810677 8.41645744578622e-05
S9_2806695 9 2810695 8.41645744578622e-05
S9_2937080 9 2941080 6.27633294628779e-06
S9_2937093 9 2941093 4.3147802378297e-06
S9_2937102 9 2941102 4.3147802378297e-06
S9_2985976 9 2989976 0.000576023949791314
S9_2985982 9 2989982 0.000575431870159064
S9_3016278 9 3020278 0.00093730866672778
S9_3016279 9 3020279 0.000581394324134504
S9_3016298 9 3020298 0.00093730866672778
S9_3016469 9 3020469 0.000723868050261977
S9_3016474 9 3020474 0.000581668979229234
S9_3203609 9 3207609 0.000164685625632942
S9_3203610 9 3207610 0.000185743264333494
S9_3352255 9 3356255 0.000917446141679062
S9_3386171 9 3390171 2.38587330927798e-06
S9_3464368 9 3468368 2.83703046620216e-05
S9_3914762 9 3918762 0.000226319323919118
S9_3917488 9 3921488 0.000705917968625368
S9_3936485 9 3940485 0.000940107361966672
S9_3959430 9 3963430 0.000162583581491854
S9_3966177 9 3970177 7.44835941814372e-06
S9_4168356 9 4172356 0.000960356328810209
S9_4309110 9 4313110 1.3134959006967e-06
S9_4309113 9 4313113 1.3134959006967e-06
S9_4339367 9 4343367 0.000279287185520624
S9_4350419 9 4354419 0.000199892625190665
S9_4350431 9 4354431 4.56576809796426e-05
S9_4350617 9 4354617 6.18285396642487e-05
S9_4350852 9 4354852 0.000257249219574484
S9_4356718 9 4360718 0.000240796682940453
S9_4697723 9 4701723 0.000916942851838044
S9_4719436 9 4723436 0.000470498873339542
S9_4727208 9 4731208 0.000330659724815476
S9_4738486 9 4742486 0.000650511275415261
S9_4809711 9 4813711 0.000241494260152173
S9_4831941 9 4835941 0.000131760180483812
S9_4841699 9 4845699 3.60760806149271e-06
S9_4877613 9 4881613 3.76686815910749e-06
S9_5198443 9 5202443 0.000350403580273349
S9_5198453 9 5202453 0.000350403580273349
S9_5290233 9 5294233 0.000394693991269731
S9_5301892 9 5305892 0.000375650279481038
S9_5342989 9 5346989 5.52894787937164e-05
S9_5366487 9 5370487 0.000317325426569046
S9_5382745 9 5386745 1.44212613992062e-05
S9_5769166 9 5773166 0.000247382826959029
S9_5889680 9 5893680 0.000257296305317383
S9_5912568 9 5916568 0.000281128519427184
S9_5964485 9 5968485 0.000682740867339716
S9_6111853 9 6115853 7.78488797635566e-06
S9_6111898 9 6115898 7.69635217778028e-06
S9_6248070 9 6252070 5.44796272007672e-17
S9_6318524 9 6322524 1.05567897317517e-08
S9_6447815 9 6451815 0.000868289771808258
S9_6585952 9 6589952 0.000239735199409267
S9_6652256 9 6656256 0.000309640699485406
S9_6655400 9 6659400 0.000819371923605991
S9_6828911 9 6832911 3.36808195623157e-05
S9_6846195 9 6850195 0.000545214122660619
S9_6939567 9 6943567 0.00032881783997122
S9_7044469 9 7048469 0.000628754242005406
S9_7044539 9 7048539 1.17214806446554e-06
S9_7161531 9 7165531 2.7107906058533e-09
S9_7350903 9 7354903 0.000154183762355565
S9_7442181 9 7446181 2.90483823598212e-07
S9_7511908 9 7515908 1.54782940690003e-05
S9_7847691 9 7851691 8.41978185556728e-06
S9_7920647 9 7924647 3.6139229680259e-05
S9_8070476 9 8074476 4.50992626908125e-06
S9_8801912 9 8805912 1.27569547409585e-05
S9_8933897 9 8937897 0.000781097102157311
S9_9086160 9 9090160 0.000200084596189402
S9_9106387 9 9110387 0.000274306370650078
S9_9580812 9 9584812 1.01724559923375e-05
S9_9595657 9 9599657 1.67566662967391e-06
S9_9700963 9 9704963 6.66815818296592e-06
S9_9835870 9 9839870 7.92243690789739e-06
S9_9844466 9 9848466 3.3780977081776e-05
S9_9938346 9 9942346 0.000631416805139058
S9_10009746 9 10013746 6.90618441864053e-06
S9_10023071 9 10027071 0.000358285036072935
S9_10187249 9 10191249 0.000669688502782945
S9_10187251 9 10191251 0.000669688502782945
S9_10226379 9 10230379 1.37407317429075e-05
S9_10226382 9 10230382 1.37407317429016e-05
S9_10561338 9 10565338 0.000209313863096431
S9_10652885 9 10656885 1.23330307664169e-11
S9_10662960 9 10666960 0.000668047108235473
S9_11729569 9 11733569 0.000609905658541417
S9_12053291 9 12057291 3.60449126402026e-05
S9_13264553 9 13268553 0.000885907769537712
S9_13643180 9 13647180 1.35782101357445e-06
S9_14132110 9 14136110 6.43405923832956e-07
S9_14875039 9 14879039 2.82995495011842e-11
S9_15146886 9 15150886 0.000112542076146859
S9_15312721 9 15316721 0.000284777630883836
S9_15432110 9 15436110 9.86768667553349e-06
S9_16287563 9 16291563 0.000200488743619467
S9_16479088 9 16483088 3.30248457516083e-06
S9_18128400 9 18132400 3.01659317905958e-06
S9_19134113 9 19138113 0.000450748925327169
S9_19552597 9 19556597 0.000692187242188528
S9_19759575 9 19763575 2.84579789143854e-11
S9_20344123 9 20348123 0.000741945160660707
S9_20651816 9 20655816 5.9043209689975e-06
S9_21242424 9 21246424 0.000235845179007804
S9_22110708 9 22114708 9.21961759364139e-06
S9_24574145 9 24578145 6.19592642604972e-06
S9_24592642 9 24596642 3.84332196707179e-06
S9_25323759 9 25327759 1.69219526294092e-05
S9_26281116 9 26285116 4.04800472952038e-11
S9_26643357 9 26647357 0.000229884773510616
S9_31370121 9 31374121 3.12607231787409e-06
S9_31643622 9 31647622 2.43713068119677e-12
S9_34558884 9 34562884 1.98945099292182e-06
S9_34571433 9 34575433 2.5846998752542e-06
S9_36802967 9 36806967 1.22651929856696e-05
S9_36808505 9 36812505 5.2854079720781e-05
S9_39419744 9 39423744 3.6681822383747e-06
S9_39827278 9 39831278 3.26093424859505e-06
S9_40716166 9 40720166 2.9307636986488e-06
S9_40899026 9 40903026 3.54687919482753e-10
S9_41380504 9 41384504 9.90544307992094e-11
S9_41670677 9 41674677 0.000639671209396759
S9_41741991 9 41745991 5.5009169544808e-06
S9_42517723 9 42521723 9.04616286519374e-06
S9_42605651 9 42609651 7.74419163689172e-05
S9_42844693 9 42848693 3.80272899869005e-05
S9_42899810 9 42903810 6.36387396726847e-05
S9_43061857 9 43065857 0.000322536438938752
S9_43223967 9 43227967 0.000238861185621984
S9_43248266 9 43252266 9.32080274399321e-06
S9_43404901 9 43408901 9.72635989105555e-07
S9_43845834 9 43849834 0.00017673803962252
S9_44059063 9 44063063 0.000290444747178682
S9_44138669 9 44142669 0.000204082984499709
S9_44671290 9 44675290 0.000445843932145135
S9_44673930 9 44677930 0.000136371543748122
S9_44868474 9 44872474 0.000341085344732812
S9_45045638 9 45049638 1.93650940296801e-11
S9_45090985 9 45094985 1.81248668641582e-05
S9_45091001 9 45095001 0.000790853548721853
S9_45137305 9 45141305 0.000221230313183651
S9_45137378 9 45141378 6.55020282664303e-05
S9_45290039 9 45294039 6.64976786167433e-05
S9_45304891 9 45308891 0.00070107883147905
S9_45430577 9 45434577 8.2802873613972e-05
S9_45430619 9 45434619 8.28028736139782e-05
S9_45595908 9 45599908 0.000468624874766481
S9_45621527 9 45625527 2.49603469162602e-05
S9_45621560 9 45625560 1.73503868387e-05
S9_45625231 9 45629231 0.000846287202924909
S9_45728881 9 45732881 8.69858431731806e-07
S9_45778429 9 45782429 0.000996009080953569
S9_45886041 9 45890041 0.000621462449501087
S9_46174556 9 46178556 3.5458808220363e-06
S9_46472239 9 46476239 0.00036578833123471
S9_46472278 9 46476278 0.00036578833123471
S9_46472279 9 46476279 0.000365788331234692
S9_46496367 9 46500367 0.000224011304568189
S9_46787719 9 46791719 8.12836414311306e-07
S9_46788033 9 46792033 0.000523369006213219
S9_46957447 9 46961447 0.000619003772442947
S9_47109295 9 47113295 5.05509850895699e-05
S9_47156285 9 47160285 6.87896094947242e-07
S9_47191350 9 47195350 3.18824886161498e-05
S9_47321484 9 47325484 3.33235612804696e-06
S9_47351463 9 47355463 6.34775148185695e-05
S9_47355845 9 47359845 0.000203602437540424
S9_47690185 9 47694185 7.47294622752835e-08
S9_47857179 9 47861179 0.000162661676202731
S9_47949758 9 47953758 5.51221773613451e-05
S9_47956172 9 47960172 0.000275071753867478
S9_47959635 9 47963635 0.000525328738791031
S9_48055616 9 48059616 0.000650926307837048
S9_48055633 9 48059633 0.000650926307837048
S9_48140504 9 48144504 0.000174214133037697
S9_48140508 9 48144508 1.36466352910883e-05
S9_48144368 9 48148368 7.12468428725085e-06
S9_48277196 9 48281196 3.17123009389883e-09
S9_48277218 9 48281218 1.87417611216973e-12
S9_48476953 9 48480953 1.84846742869902e-05
S9_48478666 9 48482666 3.18477610728879e-05
S9_48570239 9 48574239 0.00010308713377956
S9_48586365 9 48590365 7.07928575175276e-06
S9_48702207 9 48706207 0.00017381005560444
S9_48706554 9 48710554 8.30810417421321e-05
S9_48716662 9 48720662 4.03848954389787e-06
S9_48716665 9 48720665 6.10782713003038e-06
S9_48716666 9 48720666 4.03848954389787e-06
S9_48716669 9 48720669 5.25524047639197e-06
S9_48732873 9 48736873 0.000256337295154249
S9_48733112 9 48737112 0.000930166902729697
S9_48733293 9 48737293 0.000833755652635409
S9_48744997 9 48748997 5.65612816593198e-05
S9_48752423 9 48756423 6.62809854396505e-05
S9_48754195 9 48758195 0.000543142938094459
S9_48754259 9 48758259 0.000707008886354863
S9_48754295 9 48758295 0.000205537219414722
S9_48837197 9 48841197 6.15058134795821e-05
S9_49077076 9 49081076 1.22937857205262e-05
S9_49144226 9 49148226 0.000192491575093172
S9_49145761 9 49149761 4.40981661264771e-06
S9_49145875 9 49149875 0.000802400457393507
S9_49215847 9 49219847 0.000109778833081565
S9_49262111 9 49266111 2.07553322105217e-05
S9_49371805 9 49375805 0.000545285112617314
S9_49372034 9 49376034 0.00011508854807793
S9_49372150 9 49376150 0.000240748802941057
S9_49372560 9 49376560 2.0860849472861e-06
S9_49386349 9 49390349 0.000461203223316914
S9_49386361 9 49390361 6.12031728034014e-06
S9_49386388 9 49390388 9.71410637883102e-06
S9_49402589 9 49406589 0.000960664531919429
S9_49420762 9 49424762 0.000150297094431062
S9_49422700 9 49426700 9.16508197084966e-06
S9_49442871 9 49446871 0.000407051201250686
S9_49643078 9 49647078 0.000770287875429857
S9_49736817 9 49740817 0.000145463034478244
S9_49736844 9 49740844 7.36353565052508e-07
S9_49738006 9 49742006 4.83553145955232e-05
S9_49738508 9 49742508 5.20335575702354e-08
S9_49747792 9 49751792 0.000316124783043666
S9_49812237 9 49816237 1.60674774125163e-10
S9_49898906 9 49902906 5.29569878556111e-05
S9_50075673 9 50079673 0.00051530630601901
S9_50231376 9 50235376 0.000216311675985306
S9_50231398 9 50235398 0.000216311675985306
S9_50231637 9 50235637 0.00025556432213813
S9_50334166 9 50338166 0.000355683069785004
S9_50334178 9 50338178 0.000355683069784973
S9_50345536 9 50349536 0.000182305879966815
S9_50358251 9 50362251 1.16123130151458e-05
S9_50509289 9 50513289 1.03714248475218e-05
S9_50577790 9 50581790 0.000194115994948762
S9_50604264 9 50608264 2.69315734050241e-05
S9_50604276 9 50608276 2.69315734050241e-05
S9_50732603 9 50736603 2.76162780980495e-05
S9_50783003 9 50787003 0.000164733235428064
S9_50801609 9 50805609 0.000880020802934391
S9_50815752 9 50819752 0.00091217019494123
S9_51003511 9 51007511 1.95627240236404e-07
S9_51179192 9 51183192 0.00070891256771978
S9_51179241 9 51183241 0.00022268343667557
S9_51202663 9 51206663 3.97800858606061e-06
S9_51228652 9 51232652 0.000508814870841066
S9_51254832 9 51258832 0.000501954804589469
S9_51332121 9 51336121 0.00053928359816838
S9_51381329 9 51385329 1.6190713829237e-05
S9_51668511 9 51672511 0.000387118278550837
S9_51683938 9 51687938 0.000457685023879145
S9_51767785 9 51771785 0.000611160698390799
S9_51839464 9 51843464 2.59395680942901e-05
S9_51839465 9 51843465 2.59395680942901e-05
S9_51916295 9 51920295 1.68915765752476e-06
S9_51916315 9 51920315 2.59921254041133e-06
S9_52404658 9 52408658 8.05816441203263e-05
S9_52433288 9 52437288 1.79065800931875e-13
S9_52470545 9 52474545 0.000935115686795921
S9_52493510 9 52497510 2.07075819773833e-05
S9_52514954 9 52518954 0.000190425760685686
S9_52515021 9 52519021 0.000357122053597931
S9_52515096 9 52519096 0.000126839687845092
S9_52551830 9 52555830 0.000499015583733151
S9_52673193 9 52677193 0.000219546437512989
S9_52700388 9 52704388 0.00083020064557453
S9_52743912 9 52747912 0.000368951640795715
S9_52746668 9 52750668 5.37299463514841e-05
S9_52746746 9 52750746 0.000334056819420988
S9_52746966 9 52750966 0.000621219380438512
S9_52746967 9 52750967 0.000365947383346247
S9_52977970 9 52981970 0.00036755708055719
S9_52978842 9 52982842 1.11507097738871e-06
S9_53010760 9 53014760 3.24931674008463e-05
S9_53090810 9 53094810 0.000106204375580842
S9_53091648 9 53095648 3.82908847529747e-05
S9_53133356 9 53137356 0.000148775159653522
S9_53133504 9 53137504 0.000467173776655796
S9_53162249 9 53166249 3.91932564403624e-05
S9_53183291 9 53187291 0.000214277951480897
S9_53272251 9 53276251 2.68456182103172e-05
S9_53297634 9 53301634 7.89350132473223e-05
S9_53365246 9 53369246 0.000899202729144243
S9_53393306 9 53397306 7.23767393537241e-06
S9_53674532 9 53678532 0.000460106129954713
S9_53704968 9 53708968 0.00027916108835246
S9_53859393 9 53863393 0.00083068940604203
S9_53941392 9 53945392 0.000592384217703743
S9_53966366 9 53970366 5.97867966872264e-06
S9_54120959 9 54124959 0.000428613100957413
S9_54120960 9 54124960 0.000428613100957413
S9_54175066 9 54179066 0.00061364771134014
S9_54286578 9 54290578 1.45628270819519e-11
S9_54317613 9 54321613 3.30569174046041e-05
S9_54614125 9 54618125 0.000363794123352313
S9_54836651 9 54840651 0.000788125504028408
S9_54930178 9 54934178 0.000556310986798431
S9_55218598 9 55222598 8.17484428299911e-05
S9_55234085 9 55238085 0.000625861958237709
S9_55562560 9 55566560 0.000314044766332652
S9_55759118 9 55763118 0.000744854951200634
S9_55799562 9 55803562 0.000182770898577181
S9_55919777 9 55923777 0.000834153283544934
S9_56066215 9 56070215 6.03481506361295e-05
S9_56101954 9 56105954 0.000694483361318039
S9_56103690 9 56107690 0.000446815523141708
S9_56103691 9 56107691 0.000534289212886415
S9_56126001 9 56130001 3.12043306396633e-05
S9_56136599 9 56140599 0.000134550111774823
S9_56173465 9 56177465 4.96481270261457e-05
S9_56197522 9 56201522 6.98614505303233e-05
S9_56210411 9 56214411 0.000178005447321333
S9_56212038 9 56216038 0.000208490560032613
S9_56250088 9 56254088 0.000966681751999086
S9_56250098 9 56254098 0.000966681751999086
S9_56375315 9 56379315 6.96372338714036e-05
S9_56387879 9 56391879 0.000118277034784816
S9_56388922 9 56392922 6.86116151341626e-05
S9_56464552 9 56468552 2.86200395543623e-12
S9_56586486 9 56590486 1.09091801269506e-07
S9_56636613 9 56640613 5.3068616773486e-06
S9_56651963 9 56655963 6.84858615810619e-08
S9_56674080 9 56678080 1.1419710318483e-07
S9_56904893 9 56908893 0.000266146816787611
S9_57059462 9 57063462 0.000918444733947815
S9_57061551 9 57065551 0.00017640629853589
S9_57061552 9 57065552 0.00017640629853589
S9_57102093 9 57106093 0.000333058094088098
S9_57111137 9 57115137 0.000997223612881228
S9_57114441 9 57118441 0.000755286966059796
S9_57185867 9 57189867 8.14683895645755e-05
S9_57193169 9 57197169 5.23512242978836e-06
S9_57204087 9 57208087 0.000556927103120295
S9_57229162 9 57233162 0.000608660849519743
S9_57233378 9 57237378 5.31115880621545e-06
S9_57241929 9 57245929 9.47232299871551e-06
S9_57253717 9 57257717 0.000275617785904344
S9_57259904 9 57263904 0.000121912659043
S9_57261485 9 57265485 1.73174310819869e-06
S9_57266896 9 57270896 0.000767207533606141
S9_57290893 9 57294893 0.000932275643436082
S9_57291106 9 57295106 0.000893784772667345
S9_57294401 9 57298401 2.13813765578902e-06
S9_57359816 9 57363816 0.00039784939300883
S9_57386549 9 57390549 0.00021686470990318
S9_57428053 9 57432053 0.000114681171876831
S9_57496047 9 57500047 2.24612599531087e-05
S9_57542209 9 57546209 0.000352659764657956
S9_57542212 9 57546212 0.000352659764657956
S9_57612420 9 57616420 0.000317147389697942
S9_57634942 9 57638942 0.000565978007487584
S9_57691908 9 57695908 0.000727310560515368
S9_57753156 9 57757156 0.000355430519062386
S9_57753173 9 57757173 0.000459626738453949
S9_57793546 9 57797546 0.000452726668835408
S9_57793550 9 57797550 0.000408550462745474
S9_57794409 9 57798409 2.27458918253033e-05
S9_57799574 9 57803574 8.9569182491148e-06
S9_57799575 9 57803575 2.15202177158698e-07
S9_57799853 9 57803853 0.000502663526827823
S9_57809678 9 57813678 0.000727084946877986
S9_57814957 9 57818957 0.000757990335357227
S9_57824717 9 57828717 0.000527687201283908
S9_57824741 9 57828741 0.000244194381660543
S9_57832185 9 57836185 4.28745806559004e-05
S9_57850935 9 57854935 3.55544279048351e-05
S9_57975442 9 57979442 0.000465236602395783
S9_58005175 9 58009175 0.000166530332801749
S9_58005176 9 58009176 0.000166530332801749
S9_58005177 9 58009177 0.000166530332801749
S9_58005178 9 58009178 0.000166530332801749
S9_58027853 9 58031853 0.000971202152345557
S9_58107337 9 58111337 3.48805555425768e-06
S9_58212224 9 58216224 0.000655952303061083
S9_58221105 9 58225105 4.59770973912095e-05
S9_58242270 9 58246270 0.000273356669737649
S9_58288885 9 58292885 4.47867082104235e-05
S9_58288891 9 58292891 4.47867082104174e-05
S9_58304649 9 58308649 8.11380746001426e-05
S9_58324511 9 58328511 5.55000129040212e-05
S9_58334752 9 58338752 6.19686797822259e-05
S9_58345073 9 58349073 0.00015604050729636
S9_58416680 9 58420680 0.000212161591317754
S9_58468035 9 58472035 0.00066891677655347
S9_58469693 9 58473693 0.000324167324096639
S9_58471593 9 58475593 0.000449039719128739
S9_58497305 9 58501305 5.49969729169053e-05
S9_58508296 9 58512296 0.000439115502234505
S9_58727062 9 58731062 0.000835533940790957
S9_58739279 9 58743279 0.000228200243547671
S9_58860261 9 58864261 0.000211588951265523
S9_58891795 9 58895795 8.24460272938813e-05
S9_58944083 9 58948083 1.63222029865621e-10
S9_59025596 9 59029596 0.00099278600936713
S9_59110459 9 59114459 0.000573840505010795
S9_59113963 9 59117963 5.34162747473655e-05
S9_59114109 9 59118109 0.000953879676373345
S9_59145458 9 59149458 0.000323405580481271
S9_59159766 9 59163766 7.94390932482416e-06
S9_59159768 9 59163768 7.94390932482382e-06
S9_59159769 9 59163769 0.000668842220294608
S9_59159770 9 59163770 7.94390932482416e-06
S9_59159771 9 59163771 3.82102549721108e-05
S9_59159774 9 59163774 7.94390932482382e-06
S9_59159775 9 59163775 7.94390932482382e-06
S9_59159776 9 59163776 1.89257724045817e-05
S9_59159777 9 59163777 8.72638514559286e-06
S9_59159778 9 59163778 7.94390932482416e-06
S9_59159779 9 59163779 7.94390932482416e-06
S9_59159782 9 59163782 7.94390932482382e-06
S9_59333776 9 59337776 0.000711329555936942
S9_59333870 9 59337870 0.000329379708226941
S9_59356878 9 59360878 0.000272647261110069
S9_59359093 9 59363093 0.00074499328551989
S9_59383741 9 59387741 0.000107378388149344
S9_59390145 9 59394145 0.000681556311067517
S9_59395346 9 59399346 1.48531553712012e-05
S9_59398038 9 59402038 0.000955545562097358
S9_59401889 9 59405889 0.0009350419313023
S9_59407682 9 59411682 0.000918120827672945
S9_59407887 9 59411887 2.70592109042893e-06
S9_59407957 9 59411957 0.00033782600444715
S9_59408088 9 59412088 0.000678509532333257
S9_59418171 9 59422171 5.79241626425588e-05
S9_59502812 9 59506812 0.000155508732264495
S9_59514660 9 59518660 0.000530787304445263
S9_59515152 9 59519152 1.6871785094986e-05
S9_59515425 9 59519425 0.000550987586165344
S9_59515428 9 59519428 0.00069880307571362
S9_59539778 9 59543778 6.06811053113454e-06
S9_59575678 9 59579678 6.57925284511614e-05
S9_59620215 9 59624215 0.00059043751062632
