Marker Chr Pos p
S4_140543 4 144543 0.000783059356373587
S4_210965 4 214965 0.000543840459048983
S4_237699 4 241699 0.000836556554213805
S4_354683 4 358683 0.0003210950051223
S4_808341 4 812341 0.0007964735515693
S4_808350 4 812350 0.000796473551569242
S4_808807 4 812807 0.000366559205885802
S4_1008625 4 1012625 0.00022222339043402
S4_1026133 4 1030133 0.000526483568683996
S4_1166140 4 1170140 0.000194505026498997
S4_1166172 4 1170172 0.000531316293798452
S4_1166644 4 1170644 0.000201248028389896
S4_1171067 4 1175067 0.000704185447318262
S4_1205148 4 1209148 0.000539487547044865
S4_1208280 4 1212280 0.000416709529676344
S4_1208377 4 1212377 0.00085339056753525
S4_1317765 4 1321765 0.000384795821445823
S4_1335215 4 1339215 5.17963213390559e-05
S4_1389140 4 1393140 0.000129281219287868
S4_1467507 4 1471507 0.000431265301212739
S4_1528096 4 1532096 0.000174459332979479
S4_1572007 4 1576007 8.56362884033241e-05
S4_1620853 4 1624853 9.58523650347834e-05
S4_1626275 4 1630275 1.01375475794695e-05
S4_1626311 4 1630311 1.01375475794695e-05
S4_1682742 4 1686742 0.000244048297591509
S4_1682753 4 1686753 0.00031660954066562
S4_1795556 4 1799556 0.000488870278429103
S4_1808823 4 1812823 0.000265620699019253
S4_1808824 4 1812824 0.000265620699019259
S4_1808825 4 1812825 0.000265620699019259
S4_1845632 4 1849632 0.000237769950852294
S4_1892566 4 1896566 0.000168666223529521
S4_1919071 4 1923071 1.68242611929314e-05
S4_1920277 4 1924277 0.000548983039393598
S4_1954975 4 1958975 5.05199411699601e-05
S4_1954987 4 1958987 3.84299654952834e-05
S4_2079519 4 2083519 0.000175633269405641
S4_2085819 4 2089819 0.000952060325547458
S4_2257828 4 2261828 1.44295389598941e-06
S4_2307169 4 2311169 0.000836781184066177
S4_2634650 4 2638650 0.000709634432474906
S4_2652045 4 2656045 0.000378868660210636
S4_2676535 4 2680535 0.000152714475709737
S4_2689550 4 2693550 7.57954164577865e-05
S4_2769296 4 2773296 7.50059767413915e-06
S4_2775046 4 2779046 0.000812003037015489
S4_2886014 4 2890014 0.000135281784415831
S4_2906533 4 2910533 0.000157429784239292
S4_2913531 4 2917531 7.36488546039646e-05
S4_3058530 4 3062530 0.000379819700529286
S4_3087738 4 3091738 0.000667305755916291
S4_3087763 4 3091763 0.000433840644155212
S4_3087885 4 3091885 4.66445781931417e-05
S4_3087888 4 3091888 0.000239318536146733
S4_3087890 4 3091890 0.00037983077002436
S4_3087909 4 3091909 0.000239318536146733
S4_3111216 4 3115216 0.000786325520291622
S4_3114682 4 3118682 6.86696737510648e-08
S4_3118605 4 3122605 1.36028440408139e-05
S4_3125612 4 3129612 2.38302004079356e-06
S4_3127587 4 3131587 4.27597603698649e-06
S4_3131652 4 3135652 1.81582266305548e-06
S4_3182515 4 3186515 6.52641773049988e-05
S4_3311103 4 3315103 6.05838417053067e-08
S4_3311104 4 3315104 6.05838417053067e-08
S4_3321555 4 3325555 1.25413576546737e-05
S4_3375902 4 3379902 0.000665946262568105
S4_3387747 4 3391747 1.45730631081345e-05
S4_3387879 4 3391879 0.000286279958020727
S4_3391866 4 3395866 9.90282109379095e-06
S4_3407317 4 3411317 0.000512521490650793
S4_3434355 4 3438355 6.14413090421193e-05
S4_3434515 4 3438515 0.000227943158229837
S4_3559057 4 3563057 0.000992637450819416
S4_3591157 4 3595157 9.95797604915022e-07
S4_3597306 4 3601306 3.89425523063932e-06
S4_3605812 4 3609812 6.86839546707366e-05
S4_3634821 4 3638821 4.54627155541314e-05
S4_3635556 4 3639556 0.000382958272658326
S4_3635586 4 3639586 6.87513335640728e-06
S4_3638211 4 3642211 7.90867433299851e-05
S4_3638238 4 3642238 7.90867433299885e-05
S4_3645146 4 3649146 7.9596058026691e-06
S4_3648098 4 3652098 8.40810839412607e-06
S4_3654048 4 3658048 0.000698002939170317
S4_3655052 4 3659052 0.000210858592972318
S4_3667952 4 3671952 0.000404198258633746
S4_3690718 4 3694718 0.000326643332894469
S4_3699504 4 3703504 0.000973099078748928
S4_3710681 4 3714681 0.000171641318567703
S4_3711871 4 3715871 5.53122760111155e-06
S4_3734612 4 3738612 1.25558431934953e-05
S4_3734645 4 3738645 1.25558431934953e-05
S4_3734654 4 3738654 1.25558431934953e-05
S4_3734871 4 3738871 0.00016637030510093
S4_3808287 4 3812287 0.000197100792607024
S4_3810924 4 3814924 0.000640607009924662
S4_3909366 4 3913366 0.000137685771798104
S4_3909376 4 3913376 0.000137685771798095
S4_3909405 4 3913405 0.000137685771798095
S4_3913998 4 3917998 0.000814041596546548
S4_3932849 4 3936849 0.000604804313121758
S4_3935046 4 3939046 0.000762376095341854
S4_3939539 4 3943539 3.25325475610057e-06
S4_3951218 4 3955218 0.000755468117216562
S4_4025228 4 4029228 0.000942215940669555
S4_4025232 4 4029232 0.000942215940669555
S4_4132799 4 4136799 0.00042214162017805
S4_4133137 4 4137137 0.000117498715652708
S4_4157180 4 4161180 6.59634349346657e-05
S4_4157196 4 4161196 6.59634349346657e-05
S4_4181126 4 4185126 8.39757561860413e-05
S4_4256220 4 4260220 0.000278021688648391
S4_4409207 4 4413207 8.5613506941119e-05
S4_4409258 4 4413258 8.56135069411211e-05
S4_4671842 4 4675842 0.000450766622845711
S4_4772962 4 4776962 0.000173329517406782
S4_4772971 4 4776971 0.000173329517406782
S4_4772972 4 4776972 0.000173329517406782
S4_4851431 4 4855431 0.000711639129850683
S4_4862858 4 4866858 0.000455244824969774
S4_5179505 4 5183505 0.000320096809025953
S4_5242402 4 5246402 0.00026240480726878
S4_5243002 4 5247002 0.000621764455813989
S4_5255252 4 5259252 1.62789104825902e-05
S4_5320940 4 5324940 0.000474117711215878
S4_5353469 4 5357469 0.000118025776515674
S4_5385705 4 5389705 0.000382908444250538
S4_5408050 4 5412050 0.000938842927125534
S4_5408054 4 5412054 1.99590236791716e-05
S4_5408131 4 5412131 1.12711036614364e-05
S4_5408144 4 5412144 7.37122126474944e-06
S4_5457074 4 5461074 5.22839412407789e-05
S4_5467893 4 5471893 1.92155694115684e-06
S4_5488335 4 5492335 0.000154340452802463
S4_5646585 4 5650585 0.000636776732074359
S4_5679211 4 5683211 0.0004817240160828
S4_5896377 4 5900377 9.37038695000808e-05
S4_5917935 4 5921935 3.45573646913341e-05
S4_5921720 4 5925720 0.000196389343951043
S4_5923638 4 5927638 0.000224336089491619
S4_6058417 4 6062417 8.70421805101401e-06
S4_6091226 4 6095226 5.00391315724928e-05
S4_6091240 4 6095240 5.00391315724905e-05
S4_6091260 4 6095260 0.000488393409720557
S4_6091899 4 6095899 0.000131182991681705
S4_6091919 4 6095919 0.000131182991681703
S4_6112324 4 6116324 9.04910806078603e-06
S4_6177825 4 6181825 7.14762335470301e-05
S4_6190364 4 6194364 3.20313028528239e-07
S4_6209152 4 6213152 0.000618388794220329
S4_6212567 4 6216567 0.00038288052471642
S4_6223687 4 6227687 6.01446755564783e-08
S4_6223689 4 6227689 6.33514876766483e-08
S4_6223691 4 6227691 6.01446755564804e-08
S4_6223692 4 6227692 6.01446755564804e-08
S4_6223695 4 6227695 6.01446755564804e-08
S4_6225680 4 6229680 0.000325678459853888
S4_6229285 4 6233285 2.07810235066345e-06
S4_6248627 4 6252627 8.09900641218238e-05
S4_6252766 4 6256766 7.59078813971242e-05
S4_6252887 4 6256887 0.000985686527831864
S4_6252888 4 6256888 0.000880828487586989
S4_6252891 4 6256891 0.000985686527831864
S4_6252895 4 6256895 0.000829048626337062
S4_6252897 4 6256897 0.000829048626337114
S4_6252898 4 6256898 0.000880828487586989
S4_6252899 4 6256899 0.000880828487586989
S4_6252901 4 6256901 0.000985686527831864
S4_6252902 4 6256902 0.000985686527831864
S4_6328825 4 6332825 7.15630257190339e-05
S4_6329084 4 6333084 0.000544161313808104
S4_6334823 4 6338823 0.000475970074506887
S4_6355574 4 6359574 0.000670274235676262
S4_6412926 4 6416926 0.000663726928472367
S4_6461050 4 6465050 0.000916985267045889
S4_6516473 4 6520473 2.37486643882817e-05
S4_6516479 4 6520479 2.5825510596093e-05
S4_6561299 4 6565299 3.2459551341492e-05
S4_6606756 4 6610756 0.00030968313832568
S4_6612374 4 6616374 0.000104407330807705
S4_6624131 4 6628131 0.000124610227133619
S4_6749185 4 6753185 0.000227851244281873
S4_6749852 4 6753852 6.62913004167386e-05
S4_6878709 4 6882709 3.0645305120886e-05
S4_6925230 4 6929230 0.000461715981215442
S4_7073165 4 7077165 0.000523278201208056
S4_7310651 4 7314651 0.000483702078202432
S4_7343687 4 7347687 1.54275805905585e-05
S4_7353518 4 7357518 0.000464052097622643
S4_7381458 4 7385458 0.000556021140774753
S4_7469019 4 7473019 0.000771465649715847
S4_7507888 4 7511888 0.000827302627064491
S4_7551484 4 7555484 0.000210959578229903
S4_7595277 4 7599277 0.000305113426711483
S4_7639295 4 7643295 0.000830584953724151
S4_7919849 4 7923849 0.000831750143554682
S4_7953060 4 7957060 1.52301277339611e-05
S4_7972127 4 7976127 0.000365484879042128
S4_7983060 4 7987060 8.9941378406039e-05
S4_7985268 4 7989268 0.000674165150652144
S4_8022121 4 8026121 0.000101805937505535
S4_8111478 4 8115478 1.5914267045243e-06
S4_8111906 4 8115906 5.97084872614527e-07
S4_8153019 4 8157019 0.000151327312495085
S4_8165349 4 8169349 0.000109981974817482
S4_8741929 4 8745929 0.000613055979870129
S4_9392755 4 9396755 0.000107419069824327
S4_9579874 4 9583874 0.000530841043034359
S4_9593037 4 9597037 0.000431861797950399
S4_9607430 4 9611430 0.000805438765505712
S4_9691444 4 9695444 0.000320033024919076
S4_9691445 4 9695445 0.000320033024919076
S4_9834393 4 9838393 0.000479491194868947
S4_9834398 4 9838398 0.000479491194868919
S4_9893568 4 9897568 0.000143611839887514
S4_9893586 4 9897586 0.00014361183988751
S4_9893595 4 9897595 0.000235319836153171
S4_9893605 4 9897605 0.000143611839887514
S4_9991997 4 9995997 0.000380735596624601
S4_10230311 4 10234311 0.000447309167838657
S4_10433708 4 10437708 7.49086438108933e-05
S4_10486156 4 10490156 0.00058445121074442
S4_11125198 4 11129198 0.000713341673177781
S4_11252160 4 11256160 8.7372815591528e-05
S4_11273894 4 11277894 0.000157699864079394
S4_11273898 4 11277898 0.000157699864079394
S4_11278042 4 11282042 0.000275630607462822
S4_11301907 4 11305907 0.000656761512202325
S4_11395411 4 11399411 0.000418968742488979
S4_11526241 4 11530241 0.000737727503479588
S4_11526249 4 11530249 0.000250224390847737
S4_11571608 4 11575608 0.000619069691360378
S4_11571627 4 11575627 0.000619069691360378
S4_11614652 4 11618652 0.000854226674154771
S4_11614662 4 11618662 0.000505923973505493
S4_11614692 4 11618692 0.000854226674154771
S4_11618093 4 11622093 0.000125882325168448
S4_11618095 4 11622095 0.000125882325168448
S4_11618561 4 11622561 1.16744183768315e-06
S4_11618568 4 11622568 1.13885498708495e-06
S4_11618780 4 11622780 0.000146014180842935
S4_11628427 4 11632427 0.000736080460626151
S4_11628428 4 11632428 0.000793009634279645
S4_11628472 4 11632472 0.000736080460626151
S4_11628481 4 11632481 0.000736080460626195
S4_11646509 4 11650509 0.000182048286096896
S4_11684041 4 11688041 2.35696293532514e-05
S4_11684072 4 11688072 2.35696293532514e-05
S4_11684587 4 11688587 0.000453531326659346
S4_11690362 4 11694362 1.05656467900196e-05
S4_11695892 4 11699892 1.65363600345411e-05
S4_11703809 4 11707809 3.58083154581535e-05
S4_11709148 4 11713148 9.22716100376442e-05
S4_11751097 4 11755097 0.000187459680784218
S4_11756406 4 11760406 4.22365141291217e-05
S4_11804290 4 11808290 0.000671066833326875
S4_12004924 4 12008924 0.000120051300598493
S4_12058379 4 12062379 0.000537589848825236
S4_12126524 4 12130524 0.000643158761354119
S4_12168220 4 12172220 0.000129779493815826
S4_12168223 4 12172223 0.000129779493815834
S4_12168228 4 12172228 0.000129779493815826
S4_13476525 4 13480525 0.000227268232399575
S4_16600335 4 16604335 0.000112478163592204
S4_16776068 4 16780068 0.000502330465333905
S4_16869440 4 16873440 0.000668867894727888
S4_16950971 4 16954971 0.000789857673219771
S4_16951821 4 16955821 0.000126733287573982
S4_17081402 4 17085402 0.000598754672583333
S4_17156451 4 17160451 0.000333571032790915
S4_17192872 4 17196872 0.000854743347952303
S4_17193366 4 17197366 0.000834878495939389
S4_17420816 4 17424816 0.00090924545701663
S4_17420848 4 17424848 0.000852564873884257
S4_17481714 4 17485714 0.000856424082407035
S4_17483684 4 17487684 0.000963431719868176
S4_17574186 4 17578186 8.53940712054013e-05
S4_17596533 4 17600533 0.000797016251698776
S4_17679869 4 17683869 0.000146260134050733
S4_17706845 4 17710845 0.000277835080108046
S4_17828886 4 17832886 0.000310234020329306
S4_17898496 4 17902496 0.000841324395651621
S4_17943668 4 17947668 0.000146757341260622
S4_18069530 4 18073530 0.000901969551955194
S4_18072995 4 18076995 0.000372546779459441
S4_18134462 4 18138462 0.000938419330324456
S4_18134649 4 18138649 0.000793328537878507
S4_18134654 4 18138654 0.000793328537878507
S4_18134786 4 18138786 0.000587872545897859
S4_18153745 4 18157745 0.000456307267326646
S4_18153782 4 18157782 0.000372943797189701
S4_18251589 4 18255589 0.000837748136937
S4_18252516 4 18256516 0.000816871230469798
S4_18277230 4 18281230 0.000518042700532646
S4_18277232 4 18281232 0.000764284534758745
S4_18277244 4 18281244 0.000484837024586453
S4_18393683 4 18397683 0.000467224320777827
S4_18396500 4 18400500 0.000810746233105
S4_18577809 4 18581809 0.00026899113561899
S4_18969807 4 18973807 0.00057705441705367
S4_18984197 4 18988197 0.000407769504691057
S4_18984228 4 18988228 0.000231833380225978
S4_19132876 4 19136876 0.000178858747959589
S4_19142449 4 19146449 0.000103972789789894
S4_19235909 4 19239909 0.000423269568689338
S4_19356759 4 19360759 0.000409062018995136
S4_19371554 4 19375554 0.000377625968223968
S4_19392475 4 19396475 0.000105008461363536
S4_19435400 4 19439400 0.000744417648562861
S4_19482776 4 19486776 5.42142755172553e-05
S4_19484502 4 19488502 8.28257232378247e-05
S4_19491301 4 19495301 0.000124628830857827
S4_19543996 4 19547996 0.000357295901684639
S4_19555621 4 19559621 6.76111027219736e-05
S4_19555638 4 19559638 6.76111027219736e-05
S4_19572799 4 19576799 0.000744768977969577
S4_19589111 4 19593111 0.000449791974646122
S4_19593466 4 19597466 0.000293589468829492
S4_19595768 4 19599768 0.000101115981439901
S4_19610583 4 19614583 0.000863972562271873
S4_19623375 4 19627375 0.000693889942167186
S4_19717730 4 19721730 0.000258869294575398
S4_19761486 4 19765486 0.000279777769687616
S4_20056883 4 20060883 0.000455020151368335
S4_20068877 4 20072877 0.000481896712012708
S4_20068882 4 20072882 0.000315941259276024
S4_20068897 4 20072897 0.000481896712012708
S4_20116227 4 20120227 6.53256432114538e-05
S4_20161219 4 20165219 0.000560715699396557
S4_20232713 4 20236713 0.000274953409470486
S4_20293474 4 20297474 0.000572834013143446
S4_20358902 4 20362902 3.09486681159487e-05
S4_22663608 4 22667608 0.000569325722315925
S4_22847467 4 22851467 4.26587770194559e-06
S4_23260466 4 23264466 0.00058355031134117
S4_23275950 4 23279950 0.000433886161722499
S4_23292415 4 23296415 0.000149349485798164
S4_23998292 4 24002292 4.69942579711874e-05
S4_24011041 4 24015041 0.000385388770943413
S4_24022384 4 24026384 0.000991225814236653
S4_24138573 4 24142573 0.000678426731027983
S4_24346847 4 24350847 1.500452724384e-05
S4_24447431 4 24451431 4.46409510854514e-05
S4_24447548 4 24451548 0.000267210824813856
S4_34064351 4 34068351 0.000812009191569581
S4_36194131 4 36198131 0.000565601614655262
S4_37749231 4 37753231 0.000494975104204023
S4_40934489 4 40938489 0.000883868877413915
S4_40967936 4 40971936 7.76761603729779e-06
S4_40991677 4 40995677 0.000430544722207956
S4_41093602 4 41097602 0.000372453483995289
S4_41441414 4 41445414 0.000968385605382607
S4_42087654 4 42091654 0.000809532311906213
S4_43083438 4 43087438 2.23285859774025e-05
S4_43137824 4 43141824 0.000872770164380643
S4_44193015 4 44197015 0.000281270066406828
S4_44312038 4 44316038 0.000391841303031949
S4_44312207 4 44316207 0.000975948859054818
S4_44338144 4 44342144 0.000323512210475897
S4_44591920 4 44595920 0.000703203806991458
S4_45439224 4 45443224 0.000913557185942573
S4_45519771 4 45523771 4.17015529507727e-05
S4_45754720 4 45758720 2.93006460260134e-05
S4_46438533 4 46442533 0.000762356956167806
S4_48342424 4 48346424 0.000572384540793457
S4_48517911 4 48521911 2.19796066234614e-05
S4_48764602 4 48768602 0.000100853119557932
S4_48888273 4 48892273 2.53880528796784e-05
S4_48932411 4 48936411 0.000254604283767398
S4_49120629 4 49124629 9.38689101308606e-06
S4_49146540 4 49150540 0.000710035448927262
S4_49187965 4 49191965 0.000972938542476447
S4_49187966 4 49191966 0.000972938542476447
S4_49209030 4 49213030 0.000405995892495982
S4_49209031 4 49213031 0.000405995892495982
S4_49436121 4 49440121 0.000178219971812112
S4_49648295 4 49652295 0.000408892796545305
S4_49648610 4 49652610 0.00029076780539815
S4_49843923 4 49847923 2.11766473989551e-05
S4_49885451 4 49889451 0.000132505629383254
S4_49986464 4 49990464 0.000559443922143345
S4_49986491 4 49990491 0.000559443922143345
S4_50367651 4 50371651 0.000655605533709169
S4_50504580 4 50508580 6.62121041439823e-06
S4_50551767 4 50555767 3.97999378293564e-05
S4_50551768 4 50555768 4.69240990379985e-05
S4_50562369 4 50566369 0.000149216192255774
S4_50838594 4 50842594 0.000951616037994271
S4_51035947 4 51039947 0.000540418111749232
S4_51116142 4 51120142 0.000907725049010019
S4_51220080 4 51224080 0.00045415241024935
S4_51222651 4 51226651 0.000585063280539095
S4_51222653 4 51226653 0.000771415807486218
S4_51223334 4 51227334 0.000373161187820795
S4_51237665 4 51241665 0.000189794599091482
S4_51299219 4 51303219 0.000284400777644969
S4_51435280 4 51439280 0.000178618531788053
S4_51504681 4 51508681 3.17626792524797e-07
S4_51534081 4 51538081 0.000157744055459996
S4_51534099 4 51538099 6.1182207107722e-05
S4_51535929 4 51539929 1.8916996243326e-05
S4_51545342 4 51549342 5.56625880325434e-05
S4_51602183 4 51606183 0.000212102278449403
S4_51613784 4 51617784 7.93321044094364e-06
S4_51735572 4 51739572 0.000617428738202684
S4_51760940 4 51764940 7.20108806122983e-06
S4_52003667 4 52007667 0.000712851769765785
S4_52003672 4 52007672 0.00071285176976583
S4_52003675 4 52007675 0.000712851769765785
S4_52003678 4 52007678 0.00071285176976583
S4_52216904 4 52220904 0.000774354972578825
S4_52651955 4 52655955 9.34418730617106e-05
S4_53002623 4 53006623 0.000119098710918587
S4_53002649 4 53006649 0.000119098710918587
S4_53002672 4 53006672 0.000119098710918582
S4_53002717 4 53006717 0.000443824660393098
S4_53002747 4 53006747 0.000437583062012335
S4_53007067 4 53011067 0.000582214334211921
S4_53151354 4 53155354 4.77801333757129e-06
S4_53293055 4 53297055 0.000391328556589358
S4_53497626 4 53501626 0.000180934583100545
S4_53620201 4 53624201 4.49516553033109e-06
S4_53667389 4 53671389 0.000759268493168842
S4_53814276 4 53818276 7.11634296679747e-05
S4_53968885 4 53972885 0.000812563720986714
S4_53983159 4 53987159 0.000533209470116041
S4_53983222 4 53987222 0.000106001855264077
S4_54079332 4 54083332 2.02436780085964e-05
S4_54172475 4 54176475 0.000522494475667822
S4_54276755 4 54280755 0.000931377951954133
S4_54327028 4 54331028 0.000346479236124455
S4_54790482 4 54794482 6.85388169556896e-06
S4_54923635 4 54927635 6.30771709538057e-06
S4_55046887 4 55050887 1.38592807097048e-05
S4_55092511 4 55096511 0.000769786020006236
S4_55165238 4 55169238 0.000908321501834215
S4_55237709 4 55241709 0.000105751393460313
S4_55237751 4 55241751 0.000396629963717385
S4_55359984 4 55363984 0.000115634966892963
S4_55359987 4 55363987 0.000431147246783053
S4_55359995 4 55363995 0.000115634966892963
S4_55371781 4 55375781 0.000959404136842483
S4_55395507 4 55399507 0.000159026545387476
S4_55416147 4 55420147 0.000258924513515937
S4_55430487 4 55434487 0.000965552174444465
S4_55484410 4 55488410 6.54191566055595e-05
S4_55502043 4 55506043 8.40408215838068e-06
S4_55534413 4 55538413 0.000153527896056169
S4_55664156 4 55668156 0.000776802858591074
S4_55756524 4 55760524 7.91427910960996e-05
S4_55854829 4 55858829 5.01577733672178e-06
S4_55854830 4 55858830 5.01577733672095e-06
S4_55854832 4 55858832 5.01577733672178e-06
S4_55898396 4 55902396 0.000710793160318259
S4_55901943 4 55905943 6.15496498001056e-05
S4_56022916 4 56026916 0.000786111326590848
S4_56087427 4 56091427 0.000699415412602141
S4_56323904 4 56327904 0.000384493451268074
S4_56323916 4 56327916 0.000384493451268074
S4_56323941 4 56327941 0.000384493451268074
S4_56325625 4 56329625 0.000437837766635995
S4_56502758 4 56506758 3.92762691498834e-05
S4_56502762 4 56506762 3.92762691498834e-05
S4_56502763 4 56506763 3.92762691498834e-05
S4_56514082 4 56518082 0.000947680497772593
S4_56523403 4 56527403 0.000288860606474797
S4_56897044 4 56901044 0.00089213133643001
S4_56897056 4 56901056 0.00089213133643001
S4_57012170 4 57016170 0.000693747938285151
S4_57282059 4 57286059 0.00026832049822864
S4_57538665 4 57542665 5.66318306148669e-06
S4_57562566 4 57566566 0.000478849932071335
S4_57562619 4 57566619 3.4108744042222e-05
S4_57562654 4 57566654 3.93153404979126e-05
S4_57563469 4 57567469 1.66558933166881e-07
S4_57563481 4 57567481 1.66558933166881e-07
S4_57567304 4 57571304 0.000830302296856379
S4_57593580 4 57597580 0.000402999984382591
S4_57593583 4 57597583 0.000402999984382616
S4_57593584 4 57597584 0.000402999984382591
S4_57844376 4 57848376 0.000174014081056044
S4_57852408 4 57856408 0.000620353939278687
S4_57870104 4 57874104 0.000297898512023814
S4_57870105 4 57874105 0.000390801184825306
S4_58028772 4 58032772 4.94175142618832e-06
S4_58284870 4 58288870 6.3851078918091e-05
S4_58587317 4 58591317 1.4162894487944e-06
S4_58603730 4 58607730 0.00027446858117344
S4_58606167 4 58610167 4.65345304094365e-05
S4_58612032 4 58616032 0.000254227717740097
S4_58622348 4 58626348 0.000408136452069832
S4_58632117 4 58636117 0.000326845164931128
S4_58683783 4 58687783 2.46945650789313e-06
S4_58704499 4 58708499 0.00087802094338064
S4_58878263 4 58882263 0.00089864132309255
S4_59091316 4 59095316 0.000617030158481394
S4_59285360 4 59289360 0.000424694511702683
S4_59285405 4 59289405 0.000424694511702742
S4_59545994 4 59549994 0.000894967280290656
S4_59915495 4 59919495 0.000384940835595844
S4_60076136 4 60080136 2.49771265939063e-06
S4_60406644 4 60410644 0.000511272745398245
S4_60418862 4 60422862 2.7932175927393e-06
S4_60513362 4 60517362 3.03423668978124e-05
S4_60527471 4 60531471 0.000878610807276098
S4_60692016 4 60696016 0.000692015485937635
S4_60734347 4 60738347 0.00068476926877254
S4_60734350 4 60738350 0.00068476926877254
S4_60766611 4 60770611 0.00066629699203875
S4_60769073 4 60773073 0.000564423854618149
S4_60769638 4 60773638 8.17179636517254e-05
S4_60769702 4 60773702 6.34836679119885e-05
S4_60771586 4 60775586 8.4809581101524e-05
S4_60771600 4 60775600 6.57124203548015e-05
S4_60782515 4 60786515 4.05309172644764e-05
S4_60791158 4 60795158 0.000588645753293091
S4_60791178 4 60795178 0.000301337001747523
S4_60818922 4 60822922 0.000350609932607258
S4_61176600 4 61180600 0.000769740108237353
S4_61451326 4 61455326 0.000337085992012223
S4_61502898 4 61506898 4.95170191125114e-06
S4_61660335 4 61664335 0.000124129603178833
S4_61780447 4 61784447 0.000259559767911166
S4_61925048 4 61929048 0.000325680461677639
S4_62073179 4 62077179 0.000344453000545788
S4_62182410 4 62186410 0.000234930234294909
S4_62182412 4 62186412 0.000149890134881798
S4_62182413 4 62186413 0.000234930234294909
S4_62226861 4 62230861 0.000441552873045497
S4_62268229 4 62272229 0.000446974709116103
S4_62295410 4 62299410 0.000428048385586181
S4_62332300 4 62336300 6.98488032368729e-05
S4_62395573 4 62399573 9.85024447989658e-06
S4_62731225 4 62735225 0.000731944711392517
S4_62731228 4 62735228 0.000731944711392517
S4_62802114 4 62806114 2.39132778191535e-05
S4_62855835 4 62859835 5.5279619866103e-06
S4_63015669 4 63019669 0.000308428472091602
S4_63039624 4 63043624 0.000359624367517467
S4_63039645 4 63043645 0.000206950200409423
S4_63072709 4 63076709 0.000439032319155719
S4_63280124 4 63284124 0.000727982547213913
S4_63299257 4 63303257 0.000108159193545553
S4_63301330 4 63305330 0.000478686352732539
S4_63301835 4 63305835 0.000225555012467869
S4_63313260 4 63317260 0.000902477484584243
S4_63313348 4 63317348 0.000225221214005512
S4_63313438 4 63317438 0.000546957366689985
S4_63354802 4 63358802 3.56037739142537e-06
S4_63618922 4 63622922 5.1949768227103e-07
S4_63769163 4 63773163 0.000567991208958442
S4_63971837 4 63975837 1.60783578606211e-06
S4_64036252 4 64040252 0.000227509371117502
S4_64836032 4 64840032 5.38750518102554e-05
S4_65196415 4 65200415 0.000848826045891795
S4_65463684 4 65467684 0.000571182761532959
S4_65464874 4 65468874 0.000257820601207768
S4_65464876 4 65468876 0.00043691724201434
S4_65470756 4 65474756 1.08818264252867e-05
S4_65483470 4 65487470 0.000703117647658573
S4_65520070 4 65524070 1.84993971218709e-05
S4_65520221 4 65524221 5.82381667800069e-06
S4_65520222 4 65524222 5.82381667800069e-06
S4_65520223 4 65524223 5.82381667800069e-06
S4_65520224 4 65524224 5.56890235377196e-06
S4_65520591 4 65524591 0.000151494481319227
S4_65523883 4 65527883 5.49379995120689e-05
S4_65526406 4 65530406 0.000359594548070332
S4_65526411 4 65530411 0.000830105663710679
S4_65557592 4 65561592 1.85406761485711e-05
S4_65557759 4 65561759 9.40569748821673e-06
S4_65557783 4 65561783 9.40569748821673e-06
S4_65558151 4 65562151 1.9495770354347e-08
S4_65558162 4 65562162 2.01194642311226e-08
S4_65690270 4 65694270 0.000597010625454274
S4_65815278 4 65819278 2.10175883107287e-07
S4_65817374 4 65821374 0.000155621776138869
S4_65817384 4 65821384 0.000154802909703988
S4_65848820 4 65852820 0.000852702332845519
S4_65865926 4 65869926 1.96673927523877e-07
S4_65960323 4 65964323 0.000807206592803717
S4_66051392 4 66055392 0.000116091622276766
S4_66053298 4 66057298 0.000472253417877659
S4_66053334 4 66057334 0.000455349104864594
S4_66088204 4 66092204 0.000122094760831515
S4_66145453 4 66149453 3.50199330080546e-05
S4_66249077 4 66253077 0.000213611545884444
S4_66376027 4 66380027 0.000225085988512766
S4_66678260 4 66682260 0.000499919074554417
S4_66742847 4 66746847 0.000859653207602467
S4_66893758 4 66897758 0.00020509015256432
S4_67058159 4 67062159 0.00065799140867198
S4_67147709 4 67151709 5.06872552820823e-06
S4_67347333 4 67351333 0.00094695538194422
S4_67411232 4 67415232 0.000429439905224615
S4_67545023 4 67549023 0.000211701340470597
S4_67563964 4 67567964 0.000551613144245168
S4_67627523 4 67631523 8.87704971943913e-05
S4_67646174 4 67650174 8.37444008801888e-06
S4_67710101 4 67714101 0.000533006010973374
S4_67744818 4 67748818 2.55790434278353e-05
S4_67761202 4 67765202 0.000980026937278188
S4_67771498 4 67775498 0.000471155240310396
