Marker Chr Pos p
S7_25868 7 29868 0.000376820948988837
S7_131155 7 135155 0.000601907222932709
S7_131162 7 135162 0.000325727011902226
S7_156693 7 160693 0.000392721704796066
S7_166035 7 170035 0.000865212894766744
S7_170403 7 174403 1.37344388747512e-05
S7_243440 7 247440 0.000695637664943118
S7_262482 7 266482 0.000641610306023044
S7_303044 7 307044 0.00072460283934332
S7_324142 7 328142 2.0452755601554e-09
S7_346286 7 350286 3.84476543788369e-09
S7_402992 7 406992 0.000151484149471123
S7_403342 7 407342 0.000645797125570205
S7_408137 7 412137 5.77015615613435e-05
S7_408199 7 412199 0.000304924352306239
S7_408448 7 412448 9.6463440598224e-05
S7_408517 7 412517 0.000151695160723575
S7_408518 7 412518 0.000151695160723575
S7_408519 7 412519 0.000306643211981927
S7_408520 7 412520 0.000151695160723575
S7_408521 7 412521 0.000151695160723575
S7_408522 7 412522 0.000305065295926886
S7_413066 7 417066 1.42998678873333e-06
S7_439914 7 443914 0.000936935146063445
S7_496594 7 500594 0.00055304315000157
S7_504988 7 508988 2.53934148778763e-05
S7_504989 7 508989 2.53934148778763e-05
S7_504990 7 508990 2.53934148778763e-05
S7_504991 7 508991 2.53934148778763e-05
S7_504993 7 508993 2.53934148778763e-05
S7_542811 7 546811 5.708958619214e-05
S7_543027 7 547027 0.000113848700008749
S7_578924 7 582924 5.205683205735e-07
S7_581076 7 585076 1.9371505055196e-06
S7_610166 7 614166 5.08243492347322e-05
S7_610177 7 614177 0.000551278214949101
S7_618430 7 622430 0.000495187438537843
S7_619623 7 623623 2.84001980731652e-06
S7_643867 7 647867 0.000415129114724985
S7_681479 7 685479 2.22606324990368e-05
S7_720399 7 724399 0.000497692745180792
S7_796298 7 800298 0.000578607508986824
S7_807933 7 811933 9.53502307722208e-05
S7_807934 7 811934 9.53502307722208e-05
S7_807943 7 811943 9.53502307722208e-05
S7_808071 7 812071 0.000964546454452294
S7_808077 7 812077 0.000964546454452294
S7_808204 7 812204 2.13798647973452e-05
S7_808297 7 812297 0.00037891535698311
S7_817944 7 821944 0.000734145707069953
S7_817966 7 821966 0.000734145707069832
S7_824698 7 828698 0.000157022621647924
S7_840989 7 844989 0.000392079584115378
S7_902188 7 906188 0.000160843266033474
S7_1035827 7 1039827 0.000175325529918409
S7_1035839 7 1039839 0.000247238204283993
S7_1063810 7 1067810 8.33226946804214e-05
S7_1063826 7 1067826 8.33226946804109e-05
S7_1161551 7 1165551 0.000111428723757214
S7_1186078 7 1190078 0.00015780758593396
S7_1187935 7 1191935 0.000845174191017704
S7_1252977 7 1256977 0.000690864108530712
S7_1262412 7 1266412 9.41362265430763e-05
S7_1297917 7 1301917 0.000478007091784802
S7_1313761 7 1317761 0.000729046119205298
S7_1313806 7 1317806 0.000511196277927595
S7_1414212 7 1418212 5.04661268803404e-05
S7_1463134 7 1467134 0.000409591421921603
S7_1776386 7 1780386 9.65185692759546e-05
S7_1776428 7 1780428 9.65185692759546e-05
S7_1780917 7 1784917 0.000768550362267084
S7_1790668 7 1794668 1.46483159333408e-09
S7_1790706 7 1794706 1.46483159333408e-09
S7_1802953 7 1806953 5.54440213046484e-07
S7_1966913 7 1970913 0.000121112198304152
S7_1974670 7 1978670 0.000711625883818146
S7_1993995 7 1997995 1.12404360479549e-08
S7_2062315 7 2066315 0.00082553546356359
S7_2062316 7 2066316 0.000841977080860623
S7_2064452 7 2068452 4.36035903801777e-07
S7_2064596 7 2068596 0.0004494415172613
S7_2064691 7 2068691 0.000259943449636546
S7_2064728 7 2068728 6.43996329808493e-05
S7_2064944 7 2068944 0.000132074087314021
S7_2064949 7 2068949 0.000132074087314021
S7_2064975 7 2068975 0.000187984387211041
S7_2064977 7 2068977 0.000132074087314021
S7_2069584 7 2073584 0.000167846185478542
S7_2074433 7 2078433 0.000804157233832163
S7_2075514 7 2079514 0.000872944958991175
S7_2081120 7 2085120 2.18728675569658e-06
S7_2083560 7 2087560 3.75558436152345e-06
S7_2089460 7 2093460 5.83466853080695e-05
S7_2105902 7 2109902 0.000478452557633726
S7_2122313 7 2126313 0.000721720254847443
S7_2125400 7 2129400 7.58060948129469e-05
S7_2126393 7 2130393 0.000211432268072846
S7_2140942 7 2144942 0.000348127149476448
S7_2167718 7 2171718 0.000532010013710535
S7_2312343 7 2316343 0.000998960200981837
S7_2448813 7 2452813 5.22660214077661e-06
S7_2493638 7 2497638 0.000908951091172522
S7_2546502 7 2550502 0.000998227103418894
S7_2546541 7 2550541 0.000998227103418894
S7_2634748 7 2638748 1.72995783813513e-06
S7_2634760 7 2638760 0.000255339466109089
S7_2722019 7 2726019 1.11530632260647e-05
S7_2805964 7 2809964 0.000247421065693371
S7_2872933 7 2876933 0.000318384816357237
S7_2882119 7 2886119 0.00026211553235861
S7_2882120 7 2886120 0.00026211553235861
S7_2882121 7 2886121 0.00026211553235861
S7_2882123 7 2886123 0.000399481307070712
S7_2882370 7 2886370 0.000606969894824373
S7_2916890 7 2920890 0.000119048277702312
S7_2934577 7 2938577 0.000422939720371959
S7_3045134 7 3049134 5.68007492299369e-07
S7_3113251 7 3117251 0.000554714502875103
S7_3134784 7 3138784 0.000188128762155077
S7_3135992 7 3139992 0.00051814452547938
S7_3136225 7 3140225 0.000393476292724065
S7_3163708 7 3167708 0.000452360523902793
S7_3163734 7 3167734 0.000452360523902793
S7_3280769 7 3284769 0.000674978203128522
S7_3290358 7 3294358 2.55480448200844e-06
S7_3370743 7 3374743 0.000352508902808659
S7_3610974 7 3614974 0.000597989616923295
S7_3619835 7 3623835 0.000989432781175236
S7_3619873 7 3623873 0.000717292918640267
S7_3619892 7 3623892 9.21844811802552e-05
S7_3670178 7 3674178 0.00087253381808031
S7_3678477 7 3682477 0.000331974650578465
S7_3735294 7 3739294 6.47714722581245e-06
S7_3766343 7 3770343 0.00040327638903596
S7_3833439 7 3837439 0.000353172245320587
S7_3856121 7 3860121 0.000140658857683087
S7_3856223 7 3860223 4.12899474823384e-06
S7_3856227 7 3860227 4.30447949116225e-06
S7_3903891 7 3907891 9.49320376758438e-05
S7_3919597 7 3923597 0.000869189830006488
S7_4077879 7 4081879 1.16050674867173e-05
S7_4138881 7 4142881 0.00045465918459588
S7_4138886 7 4142886 0.000332536500211577
S7_4138887 7 4142887 0.000428376303837682
S7_4141730 7 4145730 0.000573156355988848
S7_4188329 7 4192329 0.00067278734530118
S7_4194663 7 4198663 0.000329001434461536
S7_4206236 7 4210236 0.000520881732467934
S7_4241732 7 4245732 0.000813467329633982
S7_4303617 7 4307617 5.15254692205666e-05
S7_4304525 7 4308525 0.000586371248182777
S7_4304526 7 4308526 0.000596252536083234
S7_4304783 7 4308783 4.43535676561477e-06
S7_4304784 7 4308784 6.54777593909527e-05
S7_4304787 7 4308787 4.43535676561477e-06
S7_4306923 7 4310923 6.13761938344623e-05
S7_4317845 7 4321845 6.40081263684506e-05
S7_4317846 7 4321846 6.40081263684506e-05
S7_4317880 7 4321880 6.40081263684506e-05
S7_4317895 7 4321895 6.40081263684506e-05
S7_4338713 7 4342713 0.000190235900208673
S7_4346488 7 4350488 2.27124710004549e-07
S7_4354878 7 4358878 0.000746186659989521
S7_4457958 7 4461958 0.000530011090032421
S7_4459218 7 4463218 2.61270423386657e-05
S7_4461010 7 4465010 4.13507801737749e-05
S7_4463080 7 4467080 1.44564151189075e-07
S7_4466434 7 4470434 5.70129587236565e-05
S7_4533696 7 4537696 0.000230522871221541
S7_4538206 7 4542206 0.000907531713177017
S7_4769397 7 4773397 0.000630289068137691
S7_4825677 7 4829677 0.000166151416154637
S7_4826990 7 4830990 0.000527919527745275
S7_4858795 7 4862795 9.55435624022003e-05
S7_4858828 7 4862828 2.5063200104255e-05
S7_4858829 7 4862829 2.39644162503783e-05
S7_4879761 7 4883761 0.000631003463115356
S7_4946258 7 4950258 2.49607186789768e-05
S7_4979737 7 4983737 0.000225310287991961
S7_4998987 7 5002987 4.93755871970059e-06
S7_4999002 7 5003002 1.71566831204145e-05
S7_5127336 7 5131336 0.000491338569508397
S7_5129659 7 5133659 0.000576793847482122
S7_5155562 7 5159562 0.000436587795276871
S7_5209783 7 5213783 7.05713609810842e-06
S7_5219977 7 5223977 0.000529608031987416
S7_5251351 7 5255351 0.000318768712743887
S7_5415137 7 5419137 9.5181101743761e-07
S7_5415575 7 5419575 5.16936410727116e-07
S7_5418413 7 5422413 0.000509078700715271
S7_5425871 7 5429871 0.000445058789038337
S7_5484227 7 5488227 4.211441495846e-08
S7_5498494 7 5502494 7.57184096219053e-05
S7_5502476 7 5506476 0.000775456269205528
S7_5507256 7 5511256 8.77936114024371e-05
S7_5517157 7 5521157 0.00083643369561005
S7_5547030 7 5551030 0.000144965768062821
S7_5548039 7 5552039 0.000206391675649208
S7_5612326 7 5616326 0.000168059451343436
S7_5612327 7 5616327 0.000144157601409826
S7_5612335 7 5616335 0.000142959617264836
S7_5623954 7 5627954 0.000566603212756458
S7_5657083 7 5661083 0.000224398173919961
S7_5659570 7 5663570 0.000433385363694063
S7_5659781 7 5663781 2.16824374670085e-05
S7_5665597 7 5669597 5.69278433223806e-05
S7_5669151 7 5673151 1.51662684113156e-08
S7_5821805 7 5825805 6.81894626258464e-09
S7_5827005 7 5831005 3.37152129477739e-05
S7_5870150 7 5874150 2.30369317484328e-07
S7_5886092 7 5890092 0.000190311764456135
S7_5910791 7 5914791 1.18135632251263e-05
S7_5917570 7 5921570 8.01137599248705e-06
S7_5923325 7 5927325 0.000148945461500441
S7_5923737 7 5927737 4.72886427479653e-05
S7_5929622 7 5933622 2.90474824993295e-05
S7_5952111 7 5956111 0.00043841128026355
S7_5953304 7 5957304 2.56208321306313e-05
S7_5953320 7 5957320 7.17975889239334e-05
S7_5986674 7 5990674 9.00068732147553e-05
S7_5986676 7 5990676 6.23109417780214e-05
S7_5986678 7 5990678 0.000132084391723753
S7_5986679 7 5990679 8.47249721824259e-05
S7_5986680 7 5990680 6.23109417780214e-05
S7_5986682 7 5990682 6.23109417780214e-05
S7_5986685 7 5990685 8.80935868392717e-05
S7_5986688 7 5990688 7.42786181377973e-05
S7_5986690 7 5990690 6.23109417780214e-05
S7_5986691 7 5990691 6.23109417780214e-05
S7_5986697 7 5990697 6.23109417780214e-05
S7_5986699 7 5990699 6.23109417780214e-05
S7_5986724 7 5990724 6.23109417780214e-05
S7_5990065 7 5994065 0.000577925747313265
S7_5990112 7 5994112 1.08203322715996e-05
S7_5990125 7 5994125 0.00029168528013172
S7_5990126 7 5994126 0.00029168528013172
S7_5990141 7 5994141 0.000318052117403163
S7_6033569 7 6037569 0.000721252598832634
S7_6304737 7 6308737 0.00013562673651601
S7_6329111 7 6333111 0.000663595722174618
S7_6428554 7 6432554 0.000880896396382693
S7_6428709 7 6432709 1.97992627373424e-05
S7_6437502 7 6441502 0.000641805465165662
S7_6624622 7 6628622 9.2371518056234e-06
S7_6726307 7 6730307 0.00015585626880665
S7_6765114 7 6769114 1.39179324642011e-05
S7_6786036 7 6790036 1.76017280069389e-05
S7_6786482 7 6790482 0.000741208248757916
S7_6865593 7 6869593 6.7924539407746e-05
S7_6961043 7 6965043 2.30198854979142e-05
S7_6989386 7 6993386 0.000836991694077021
S7_7082506 7 7086506 0.000309349921232446
S7_7089649 7 7093649 0.000197655769054784
S7_7089671 7 7093671 0.000197655769054784
S7_7097195 7 7101195 3.45442157223871e-05
S7_7103611 7 7107611 0.000215493271159369
S7_7103682 7 7107682 0.000760323871694155
S7_7108792 7 7112792 0.000116667860851686
S7_7362769 7 7366769 0.000248586314099653
S7_7492558 7 7496558 2.25750254698202e-05
S7_7543887 7 7547887 1.37404939544453e-08
S7_7580095 7 7584095 0.000676823180669263
S7_7743994 7 7747994 2.84177448656999e-06
S7_8023547 7 8027547 0.000542678893379978
S7_8025805 7 8029805 0.000436317145026923
S7_8099162 7 8103162 1.84435430273266e-05
S7_8127042 7 8131042 0.000400447432976281
S7_8197746 7 8201746 3.03070744279863e-09
S7_8357429 7 8361429 9.33210867421583e-06
S7_8415273 7 8419273 5.39097417190453e-06
S7_8439847 7 8443847 0.00030891216006646
S7_8473348 7 8477348 0.000780647114206632
S7_8473439 7 8477439 0.000383470946452459
S7_8473440 7 8477440 0.000612936174735547
S7_8477149 7 8481149 6.91149151379481e-06
S7_8477154 7 8481154 6.91149151379481e-06
S7_8609631 7 8613631 0.000377847049358067
S7_9086665 7 9090665 0.000188384946425622
S7_9316678 7 9320678 0.000136768386139175
S7_9316679 7 9320679 0.000164436603124733
S7_9316682 7 9320682 0.000225439722507037
S7_9441860 7 9445860 0.000435645024992307
S7_9605145 7 9609145 0.000671213715708631
S7_9616423 7 9620423 0.000271497543009256
S7_9639352 7 9643352 0.000247363616632556
S7_9659922 7 9663922 0.000214812801911516
S7_10278082 7 10282082 6.57520832524639e-06
S7_11120232 7 11124232 0.000581433506787316
S7_11973640 7 11977640 1.58356589611864e-09
S7_12142235 7 12146235 0.000227870450867032
S7_12217108 7 12221108 0.000337335259398016
S7_12218864 7 12222864 0.000444944076085636
S7_12254991 7 12258991 1.94898217473622e-06
S7_12301925 7 12305925 7.55178330019715e-09
S7_12330630 7 12334630 9.21344289866736e-06
S7_12373156 7 12377156 9.01289036034123e-09
S7_12373160 7 12377160 1.91730013649386e-08
S7_12427673 7 12431673 1.38011260147223e-07
S7_12537590 7 12541590 5.51372658404551e-07
S7_12575231 7 12579231 8.76249881081632e-05
S7_12575723 7 12579723 1.35531372687736e-05
S7_12575725 7 12579725 4.57761249530575e-06
S7_12575726 7 12579726 4.57761249530575e-06
S7_12575728 7 12579728 1.59239961692226e-05
S7_12575730 7 12579730 6.90078584767024e-06
S7_12588805 7 12592805 0.000268561227971591
S7_12710880 7 12714880 8.47242828885238e-09
S7_12711316 7 12715316 1.84189009311648e-05
S7_12712563 7 12716563 0.000450796261337707
S7_12729810 7 12733810 1.73660174710025e-07
S7_12739562 7 12743562 1.95645256561091e-05
S7_12793037 7 12797037 0.00028277098814488
S7_12817933 7 12821933 1.30373182163192e-07
S7_12836658 7 12840658 0.000864275842580589
S7_12836774 7 12840774 4.91665176248562e-06
S7_12836787 7 12840787 0.000179704745398248
S7_12865678 7 12869678 1.6089147871043e-05
S7_12889754 7 12893754 0.0004704683485365
S7_12925035 7 12929035 1.03681707311253e-06
S7_13046343 7 13050343 2.2774634087837e-08
S7_13072450 7 13076450 0.000622460583518082
S7_13086524 7 13090524 1.84222500169955e-10
S7_13086535 7 13090535 4.73899050848528e-10
S7_13086538 7 13090538 6.60027109150289e-10
S7_13113362 7 13117362 0.000646650789183853
S7_13131976 7 13135976 0.000365249777015576
S7_13138861 7 13142861 8.96703624814059e-10
S7_13140982 7 13144982 2.14315231155425e-07
S7_13249341 7 13253341 0.000128529109878896
S7_13249728 7 13253728 0.000764262672125369
S7_13249729 7 13253729 0.000489036133156955
S7_13249835 7 13253835 0.000324048130631406
S7_13280262 7 13284262 0.000725158842256466
S7_13377673 7 13381673 0.000620533770618942
S7_13458991 7 13462991 0.000639660219791619
S7_13639017 7 13643017 0.000962926949469484
S7_14061719 7 14065719 0.000640044646292641
S7_14107263 7 14111263 0.000731927642259276
S7_14143241 7 14147241 0.000227388603266704
S7_14143330 7 14147330 0.000520080088268138
S7_14178352 7 14182352 0.00056793693589151
S7_14184108 7 14188108 0.000454920333623107
S7_14211150 7 14215150 0.000291709021464965
S7_14221192 7 14225192 0.00062045482582413
S7_14259778 7 14263778 0.000805967831305571
S7_14382489 7 14386489 0.000167224473392328
S7_14385062 7 14389062 0.000409536996420209
S7_14386842 7 14390842 0.000102438238262004
S7_14387156 7 14391156 0.000621496874821576
S7_14398661 7 14402661 0.000541108575899725
S7_14727290 7 14731290 0.000984785465303866
S7_14917641 7 14921641 0.0003295012981115
S7_14978474 7 14982474 0.000822807633785073
S7_16492020 7 16496020 0.000773266483327464
S7_16492021 7 16496021 0.000773266483327464
S7_16492022 7 16496022 0.000773266483327464
S7_16534285 7 16538285 0.00056638168485096
S7_16813019 7 16817019 0.000544259547694934
S7_17133213 7 17137213 7.59334160432016e-05
S7_18389437 7 18393437 1.21166538533495e-06
S7_22604953 7 22608953 0.000315221021941099
S7_23307233 7 23311233 0.000796123494184353
S7_23607587 7 23611587 0.000537381663693247
S7_23665999 7 23669999 9.17738386661574e-05
S7_24139000 7 24143000 0.000581247182285865
S7_24825556 7 24829556 0.000410694193066652
S7_25159072 7 25163072 0.000488011208159631
S7_26973960 7 26977960 0.000107274622156384
S7_37745552 7 37749552 5.64129907366729e-05
S7_37745890 7 37749890 4.33917917527394e-06
S7_38739391 7 38743391 0.000392990981166245
S7_39350329 7 39354329 3.15434961262783e-05
S7_39697817 7 39701817 0.000299317912695884
S7_39700428 7 39704428 0.000189820217809748
S7_39975443 7 39979443 0.000163222785244465
S7_40158776 7 40162776 0.000134939957361934
S7_40912323 7 40916323 5.07184865289476e-05
S7_40943686 7 40947686 0.000114922576274195
S7_41608787 7 41612787 0.000647569504567555
S7_42150638 7 42154638 0.000399752212421629
S7_42605907 7 42609907 0.000403169111721152
S7_43047459 7 43051459 0.000632318668089023
S7_43750118 7 43754118 0.000421792100162054
S7_44123584 7 44127584 0.000404894363620675
S7_44123617 7 44127617 0.000404894363620363
S7_44967432 7 44971432 0.000581346940596884
S7_46057541 7 46061541 0.000727683775087082
S7_46196557 7 46200557 0.000777841587435861
S7_46197106 7 46201106 0.000650491498540631
S7_46208182 7 46212182 0.000759294825318641
S7_46683898 7 46687898 1.04387841595829e-05
S7_48835168 7 48839168 0.000769792116107327
S7_48853077 7 48857077 0.00049273130268655
S7_48853147 7 48857147 5.30153016572729e-05
S7_51568566 7 51572566 1.92064340863887e-07
S7_51661960 7 51665960 1.76849307190873e-06
S7_52011988 7 52015988 0.000801754364696946
S7_52146530 7 52150530 5.37305183118452e-05
S7_52611693 7 52615693 0.000792271768919833
S7_53208423 7 53212423 0.000489451199756845
S7_53284097 7 53288097 0.000982209205520593
S7_53331497 7 53335497 0.000166515137312168
S7_53441582 7 53445582 9.23576328795221e-07
S7_53495874 7 53499874 6.88613299364238e-09
S7_53501090 7 53505090 0.000986403497766621
S7_54095647 7 54099647 5.05203324578625e-06
S7_54152725 7 54156725 5.45565934374309e-06
S7_54152726 7 54156726 5.45565934374309e-06
S7_54173142 7 54177142 0.000159022160029734
S7_54180392 7 54184392 0.000312552036027365
S7_54322446 7 54326446 6.52834247985446e-06
S7_54324800 7 54328800 0.000810596651065848
S7_55253635 7 55257635 0.00071103759761015
S7_55254180 7 55258180 0.000355184905944597
S7_55256002 7 55260002 0.000397117077273173
S7_55269489 7 55273489 0.000977302939668751
S7_55309374 7 55313374 0.000143074271933128
S7_55325780 7 55329780 0.000270739348794004
S7_55325781 7 55329781 0.000267482441785923
S7_55332296 7 55336296 0.00057134031501306
S7_55332336 7 55336336 0.00057134031501306
S7_55332352 7 55336352 0.00057134031501306
S7_55341128 7 55345128 0.000827815202112618
S7_55341287 7 55345287 0.000228771035829304
S7_55367841 7 55371841 0.000122941623723423
S7_55382538 7 55386538 0.000280931471262981
S7_55395056 7 55399056 0.000384662436154419
S7_55409335 7 55413335 8.16435702285656e-06
S7_55409350 7 55413350 6.58784400815651e-05
S7_55463749 7 55467749 0.000355649088150113
S7_55463773 7 55467773 0.000355649088150113
S7_55525154 7 55529154 0.00023732886084216
S7_55525281 7 55529281 6.55930508582701e-06
S7_55576186 7 55580186 0.000813782406717973
S7_55666307 7 55670307 1.0187754095103e-05
S7_55700965 7 55704965 1.73148557703658e-06
S7_55712208 7 55716208 0.000114156990503274
S7_55731315 7 55735315 0.000588122467601324
S7_55833865 7 55837865 8.67312255505854e-05
S7_55857945 7 55861945 8.29531977406773e-05
S7_55926394 7 55930394 0.000267784194791699
S7_55934216 7 55938216 0.000179865184653511
S7_55941519 7 55945519 0.000131681525630624
S7_56061853 7 56065853 0.000102864334202809
S7_56061866 7 56065866 0.000100214569133895
S7_56061867 7 56065867 0.000100214569133912
S7_56061868 7 56065868 0.000100214569133895
S7_56061873 7 56065873 0.000100214569133895
S7_56080900 7 56084900 0.000624287927489004
S7_56108434 7 56112434 0.000693348191743522
S7_56196770 7 56200770 0.000295536603434077
S7_56196783 7 56200783 0.000295536603434077
S7_56211663 7 56215663 0.000119743909790744
S7_56211686 7 56215686 6.28472785560283e-05
S7_56216127 7 56220127 3.71034180604264e-05
S7_56216132 7 56220132 4.9447026619744e-05
S7_56216135 7 56220135 0.000625542285123598
S7_56271180 7 56275180 0.000327909361177047
S7_56287056 7 56291056 7.76503521956026e-05
S7_56372218 7 56376218 4.02517791798595e-05
S7_56405236 7 56409236 0.000154052541557772
S7_56468201 7 56472201 0.000121496298451297
S7_56468225 7 56472225 0.000121496298451316
S7_56520011 7 56524011 0.000261159814261718
S7_56522717 7 56526717 1.25053554901366e-05
S7_56626747 7 56630747 9.73883752059753e-05
S7_56693973 7 56697973 0.000132476488655734
S7_56752834 7 56756834 0.000266678912087476
S7_56761467 7 56765467 0.000239873844226825
S7_56761474 7 56765474 0.000337602409636245
S7_56772167 7 56776167 3.03522028890478e-05
S7_56813595 7 56817595 0.000757836930881058
S7_57137822 7 57141822 0.000328768087976742
S7_57532356 7 57536356 0.000867050275188006
S7_57821269 7 57825269 0.000624999370180891
S7_58428080 7 58432080 0.000553039481106364
S7_58443746 7 58447746 7.12864039517021e-05
S7_58455765 7 58459765 0.000469634007871264
S7_58479676 7 58483676 0.000973547396842267
S7_58743318 7 58747318 8.06682632567026e-05
S7_58743345 7 58747345 0.00014924900341478
S7_58744297 7 58748297 5.39184908091878e-05
S7_59054191 7 59058191 0.000406192820619283
S7_59054192 7 59058192 0.000406192820619283
S7_59479122 7 59483122 0.000857512668205809
S7_59531548 7 59535548 0.000495927140257005
S7_59573749 7 59577749 0.000184462428680614
S7_59678177 7 59682177 0.000626856958359763
S7_59915849 7 59919849 7.8617980629417e-05
S7_59915883 7 59919883 6.17091636811117e-05
S7_59924812 7 59928812 0.000317391060480329
S7_59948766 7 59952766 0.000616208017838433
S7_59948770 7 59952770 0.000616208017838433
S7_59964123 7 59968123 0.000287802673941531
S7_60030864 7 60034864 0.000620684484519462
S7_60353908 7 60357908 8.68885666833549e-10
S7_60409925 7 60413925 0.000250330704855494
S7_60418596 7 60422596 5.00320575568794e-05
S7_60448039 7 60452039 0.000878539478960662
S7_60469609 7 60473609 2.52479795692979e-08
S7_60490821 7 60494821 0.000920452824246882
S7_60493216 7 60497216 1.19129352425147e-05
S7_60493280 7 60497280 4.11444824604045e-05
S7_60558498 7 60562498 0.000536222799847717
S7_60641954 7 60645954 0.00069727548433061
S7_60915362 7 60919362 1.76670040924836e-06
S7_61120034 7 61124034 3.92461665208355e-05
S7_61139148 7 61143148 0.000809878450101771
S7_61285102 7 61289102 0.00084746816898477
S7_61309167 7 61313167 0.000111353230138535
S7_61314628 7 61318628 0.000136593564457592
S7_61364392 7 61368392 0.000199263547934594
S7_61466434 7 61470434 0.000204180658392404
S7_61841187 7 61845187 0.000626042740091913
S7_61902748 7 61906748 2.36761569345976e-06
S7_61902758 7 61906758 8.73469666752017e-05
S7_61902794 7 61906794 8.15303047801952e-07
S7_61902897 7 61906897 0.000124765629529941
S7_61937926 7 61941926 5.95123526612234e-06
S7_61995295 7 61999295 4.36397941001159e-06
S7_62006005 7 62010005 8.46650237610597e-05
S7_62006008 7 62010008 8.46650237610597e-05
S7_62025920 7 62029920 3.8394640763815e-05
S7_62070075 7 62074075 2.28920741616364e-06
S7_62085929 7 62089929 3.96526856468692e-06
S7_62177061 7 62181061 0.000243274769071842
S7_62330873 7 62334873 0.000539060496159552
S7_62348379 7 62352379 0.000270933462963658
S7_62400874 7 62404874 0.000892201117318345
S7_62400881 7 62404881 0.000892201117318111
S7_62400919 7 62404919 0.000301525862613815
S7_62409119 7 62413119 0.000665550556613846
S7_62409167 7 62413167 0.000665550556614063
S7_62846580 7 62850580 0.000330106075685657
S7_62892159 7 62896159 2.49665618538917e-05
S7_62892160 7 62896160 2.49665618538917e-05
S7_63163876 7 63167876 0.000100404148471045
S7_63665522 7 63669522 0.000443817312501884
S7_64115375 7 64119375 4.79998400927653e-07
S7_64197370 7 64201370 0.000364555914687784
S7_64284003 7 64288003 9.07336055367202e-05
