Marker Chr Pos p
S9_97075 9 101075 0.00054622855978094
S9_150987 9 154987 0.000122794767014691
S9_187910 9 191910 0.000146266108839628
S9_192221 9 196221 1.93895050338606e-05
S9_192522 9 196522 1.73964192326457e-05
S9_221233 9 225233 0.000168802908456816
S9_273938 9 277938 0.000853157006052871
S9_286015 9 290015 0.00034502442549172
S9_286066 9 290066 0.000300559129134518
S9_339899 9 343899 0.000780804670196461
S9_382161 9 386161 7.77684177689768e-05
S9_394320 9 398320 0.000357215601679068
S9_427863 9 431863 8.46206666936243e-06
S9_492805 9 496805 0.000772126498261308
S9_521226 9 525226 0.000100381895098673
S9_705885 9 709885 0.000220859565840371
S9_705886 9 709886 8.79313459774034e-05
S9_705905 9 709905 8.79313459774034e-05
S9_705922 9 709922 9.37987037607127e-05
S9_1000686 9 1004686 8.30648290146726e-05
S9_1037788 9 1041788 0.000137173379661041
S9_1063001 9 1067001 0.000189040042699443
S9_1200784 9 1204784 0.000200699774728624
S9_1207232 9 1211232 4.36078424829908e-05
S9_1209155 9 1213155 0.000207998290188236
S9_1237900 9 1241900 0.000237241316092499
S9_1238161 9 1242161 0.000207331903282516
S9_1521969 9 1525969 0.000669051709292322
S9_1521970 9 1525970 0.0004084349607358
S9_1528032 9 1532032 0.000871943273931258
S9_1534990 9 1538990 0.000212161421053148
S9_1568247 9 1572247 0.000906622125305773
S9_1697094 9 1701094 2.7468043219295e-05
S9_1807117 9 1811117 4.55320836357248e-05
S9_1817971 9 1821971 0.00092030953033522
S9_1827180 9 1831180 0.000831048425973479
S9_1839262 9 1843262 0.000327875000584234
S9_1890369 9 1894369 4.24940581445117e-05
S9_1890370 9 1894370 4.24940581445117e-05
S9_1890406 9 1894406 4.24940581445117e-05
S9_1912486 9 1916486 0.000589853318801378
S9_1948136 9 1952136 0.000461880450977486
S9_1948901 9 1952901 0.000121678863163915
S9_1953530 9 1957530 2.0662489527666e-06
S9_1968015 9 1972015 0.000175570440320101
S9_2072255 9 2076255 0.000332904898446083
S9_2072325 9 2076325 7.99581270231718e-06
S9_2083880 9 2087880 1.31055456343393e-06
S9_2128482 9 2132482 2.34522000319955e-06
S9_2137017 9 2141017 2.90521403631352e-07
S9_2163799 9 2167799 0.000406757237540585
S9_2271005 9 2275005 4.64541142472859e-05
S9_2271630 9 2275630 0.000125967951662809
S9_2272171 9 2276171 8.74179437371768e-07
S9_2274759 9 2278759 8.18493314235688e-07
S9_2275027 9 2279027 0.000203410120836073
S9_2275035 9 2279035 0.00028003201205847
S9_2275100 9 2279100 0.00048076658520507
S9_2275482 9 2279482 0.000131236846963003
S9_2276020 9 2280020 2.02994454560403e-05
S9_2276218 9 2280218 0.000597436057629236
S9_2276350 9 2280350 0.000120341858902123
S9_2298043 9 2302043 0.000917058915118424
S9_2310303 9 2314303 0.000832757866422807
S9_2310306 9 2314306 0.000992082352107416
S9_2310309 9 2314309 0.000832757866422807
S9_2318709 9 2322709 0.000378125726876814
S9_2328472 9 2332472 0.00026226025447247
S9_2538970 9 2542970 0.000401540895359576
S9_2651527 9 2655527 0.000236076455225639
S9_2710266 9 2714266 0.000106657530123945
S9_2802562 9 2806562 5.07689305569573e-05
S9_2808310 9 2812310 2.21622927842125e-07
S9_2875015 9 2879015 3.84938164406445e-06
S9_2937160 9 2941160 0.000486830706294441
S9_2985976 9 2989976 1.17569740787472e-05
S9_2985982 9 2989982 1.07552946805163e-05
S9_2993919 9 2997919 0.000683866511283881
S9_3001489 9 3005489 1.20211747737729e-06
S9_3001612 9 3005612 0.000572608361768475
S9_3001936 9 3005936 0.000133122287109186
S9_3032642 9 3036642 5.60352386799564e-06
S9_3032878 9 3036878 0.000185573607383747
S9_3083031 9 3087031 4.58256261225735e-09
S9_3091909 9 3095909 0.000451689789057825
S9_3102077 9 3106077 0.000188564112150629
S9_3115140 9 3119140 0.00047642488065368
S9_3298773 9 3302773 0.000609230222198974
S9_3298808 9 3302808 0.000609230222199127
S9_3303178 9 3307178 0.000882351285698946
S9_3387990 9 3391990 0.000961289607552207
S9_3388819 9 3392819 5.39457097743141e-05
S9_3388834 9 3392834 5.39457097743141e-05
S9_3388849 9 3392849 0.000854846104482839
S9_3391743 9 3395743 1.25500341929498e-06
S9_3391769 9 3395769 0.000227987695637572
S9_3392441 9 3396441 0.000908461348080181
S9_3554990 9 3558990 0.000163440191625856
S9_3847620 9 3851620 0.000287461007622684
S9_3864360 9 3868360 0.000767138063971757
S9_4044283 9 4048283 0.000910779322161528
S9_4044284 9 4048284 0.000910779322161528
S9_4044318 9 4048318 0.000910779322161895
S9_4135293 9 4139293 1.17634122994611e-05
S9_4279699 9 4283699 0.000512029921700779
S9_4350852 9 4354852 0.000444703327252272
S9_4414223 9 4418223 0.000210185007340183
S9_4486419 9 4490419 0.000118449661864595
S9_4579767 9 4583767 0.000176547260464749
S9_4583167 9 4587167 0.000222145950920845
S9_4603916 9 4607916 3.9772466679686e-05
S9_4606502 9 4610502 0.000423944114514154
S9_4614937 9 4618937 0.000483214260102189
S9_4653606 9 4657606 1.20233340404249e-05
S9_4691684 9 4695684 0.000157364300604676
S9_4699763 9 4703763 0.000830544984322173
S9_4717487 9 4721487 0.000119378980133234
S9_4719436 9 4723436 9.08818692560376e-05
S9_4734976 9 4738976 6.6411862724338e-05
S9_4738371 9 4742371 0.000224114304635299
S9_4741931 9 4745931 0.000910243133700234
S9_4761343 9 4765343 0.000253413149247221
S9_4763588 9 4767588 5.56730684400336e-05
S9_4808452 9 4812452 4.45091079305264e-06
S9_4813105 9 4817105 0.000238903024861749
S9_4819766 9 4823766 7.13008569583412e-05
S9_4821248 9 4825248 7.22934654746953e-05
S9_4827632 9 4831632 0.000726805932195687
S9_4827677 9 4831677 0.000726805932195687
S9_4840452 9 4844452 3.77843891058815e-05
S9_4841699 9 4845699 0.00019285230100629
S9_4884249 9 4888249 0.000630352398507915
S9_5111426 9 5115426 4.48480857745628e-05
S9_5198432 9 5202432 2.56850015600374e-05
S9_5198521 9 5202521 0.000716587978557097
S9_5199219 9 5203219 0.000756046050438432
S9_5278584 9 5282584 1.58704728601198e-05
S9_5301898 9 5305898 0.000321362982803154
S9_5320792 9 5324792 0.00073635957246593
S9_5401980 9 5405980 0.000913432783544166
S9_5424546 9 5428546 2.24791698529071e-05
S9_5424563 9 5428563 0.000137650998827857
S9_5424584 9 5428584 1.76305799957305e-05
S9_5468470 9 5472470 0.000802156143064905
S9_5483122 9 5487122 8.2278417770931e-07
S9_5484119 9 5488119 7.82361732208224e-06
S9_5485681 9 5489681 6.41656383221778e-05
S9_5550856 9 5554856 0.000611808763825221
S9_5562413 9 5566413 0.000279849838316816
S9_5576234 9 5580234 0.000217199910186022
S9_5576237 9 5580237 0.00021719991018598
S9_5601445 9 5605445 5.2025101764252e-05
S9_5626354 9 5630354 0.00031826219143522
S9_5636360 9 5640360 3.52740606809894e-05
S9_5691552 9 5695552 0.000817940540083906
S9_5725637 9 5729637 0.000124050365187636
S9_5761570 9 5765570 3.27466936578466e-06
S9_5762300 9 5766300 0.000249211200313961
S9_5766665 9 5770665 1.01609620888271e-06
S9_5767241 9 5771241 1.0515233428161e-05
S9_5767478 9 5771478 6.53089634989917e-06
S9_5768406 9 5772406 0.000237092462433728
S9_5796087 9 5800087 0.000450327108273523
S9_5819306 9 5823306 0.000695861751589492
S9_5822628 9 5826628 0.000683659828008781
S9_5880970 9 5884970 3.43683611015517e-06
S9_5881101 9 5885101 3.51244081652801e-08
S9_5881105 9 5885105 3.51244081652801e-08
S9_5881106 9 5885106 3.51244081652801e-08
S9_5881107 9 5885107 3.51244081652801e-08
S9_5881108 9 5885108 3.51244081652801e-08
S9_5881109 9 5885109 3.51244081652801e-08
S9_5881110 9 5885110 3.51244081652801e-08
S9_5881111 9 5885111 3.68738727566989e-08
S9_5884213 9 5888213 3.19825986337996e-07
S9_5923575 9 5927575 0.00020738458097331
S9_5962319 9 5966319 5.47875298371623e-05
S9_5998986 9 6002986 0.000128303972863088
S9_5999131 9 6003131 6.47036657804809e-07
S9_6048355 9 6052355 0.000129940008431709
S9_6048544 9 6052544 0.00029119304825649
S9_6080740 9 6084740 8.93497224714544e-05
S9_6114156 9 6118156 2.05558025045561e-06
S9_6114310 9 6118310 7.77654116943128e-07
S9_6118872 9 6122872 1.27088594129043e-05
S9_6122889 9 6126889 9.65666454069987e-05
S9_6164799 9 6168799 0.000171374517561622
S9_6164806 9 6168806 4.88116682245995e-05
S9_6164908 9 6168908 2.69622517674461e-05
S9_6236432 9 6240432 0.000652723410588874
S9_6238349 9 6242349 6.40075962133146e-05
S9_6280365 9 6284365 3.96658643129483e-05
S9_6293296 9 6297296 3.84082858761243e-07
S9_6448229 9 6452229 0.000683021375724736
S9_6605663 9 6609663 0.000929510107147131
S9_6605664 9 6609664 0.000866476626277625
S9_6616772 9 6620772 0.000373348132171839
S9_6666868 9 6670868 1.01393469888624e-05
S9_6690022 9 6694022 9.52144512689596e-05
S9_6705202 9 6709202 0.000620635280296016
S9_6709356 9 6713356 0.000919128470428681
S9_6805324 9 6809324 2.19971878895511e-05
S9_6839413 9 6843413 1.09872749815073e-05
S9_6910749 9 6914749 0.000169796095942523
S9_6939065 9 6943065 0.000343232164891356
S9_6943286 9 6947286 1.68299327071839e-05
S9_6946240 9 6950240 1.85411249836371e-05
S9_6950443 9 6954443 0.000278264997978794
S9_6991169 9 6995169 0.000281618334905424
S9_6991170 9 6995170 0.000281618334905424
S9_7035433 9 7039433 6.72909346638069e-05
S9_7204325 9 7208325 0.000245984231
S9_7204334 9 7208334 0.000245984231
S9_7224843 9 7228843 0.000817957477181578
S9_7237454 9 7241454 0.000703260039106154
S9_7237475 9 7241475 0.000703260039106154
S9_7309831 9 7313831 0.000549610357911096
S9_7309850 9 7313850 0.000299346787197051
S9_7331643 9 7335643 7.86476951401219e-07
S9_7345952 9 7349952 7.42316491398095e-06
S9_7350669 9 7354669 0.000870024979199814
S9_7350903 9 7354903 2.08086580238127e-10
S9_7351032 9 7355032 6.48413083951758e-09
S9_7379037 9 7383037 4.20494937276385e-08
S9_7379087 9 7383087 4.15456245548727e-09
S9_7379114 9 7383114 7.07229168657382e-05
S9_7379117 9 7383117 1.65895623413153e-08
S9_7379198 9 7383198 0.000311339141664015
S9_7379289 9 7383289 0.000905397335857325
S9_7379295 9 7383295 0.000905397335857325
S9_7379330 9 7383330 0.000905397335857325
S9_7382324 9 7386324 4.43966917696765e-06
S9_7382333 9 7386333 4.43966917696765e-06
S9_7382354 9 7386354 2.65660282331922e-05
S9_7383893 9 7387893 6.59049943710226e-07
S9_7386125 9 7390125 0.000208151202838335
S9_7386126 9 7390126 0.000208151202838335
S9_7386864 9 7390864 5.3838856894847e-05
S9_7387154 9 7391154 0.00046348883152864
S9_7387270 9 7391270 1.62155342643925e-05
S9_7387438 9 7391438 0.000860515783621249
S9_7387711 9 7391711 0.000534062358778419
S9_7387858 9 7391858 0.000961255919315472
S9_7388091 9 7392091 4.78985364733506e-06
S9_7394169 9 7398169 2.52694694279179e-05
S9_7405600 9 7409600 9.85080870082411e-05
S9_7410302 9 7414302 1.06048045715113e-05
S9_7415222 9 7419222 3.95147141049075e-05
S9_7503213 9 7507213 1.96348323526795e-05
S9_7511908 9 7515908 7.04033791124005e-05
S9_7556339 9 7560339 4.96417044145949e-05
S9_7566351 9 7570351 0.000626759964004752
S9_7566368 9 7570368 1.48685386157697e-05
S9_7566435 9 7570435 0.000263091448441916
S9_7573908 9 7577908 4.64721474850464e-05
S9_7616785 9 7620785 0.000524069841309088
S9_7624479 9 7628479 5.06762074048174e-05
S9_7764813 9 7768813 1.79057211602671e-06
S9_7776739 9 7780739 2.9549271097966e-05
S9_7776753 9 7780753 0.000327359868498425
S9_7787624 9 7791624 8.88967214407272e-06
S9_7820818 9 7824818 0.000999879617185228
S9_7820822 9 7824822 0.000972594540873847
S9_7820824 9 7824824 0.000999879617185228
S9_7822925 9 7826925 0.000867264088601958
S9_7824742 9 7828742 4.3462090125922e-06
S9_7831762 9 7835762 6.2136000302254e-10
S9_7834776 9 7838776 0.00027036527886969
S9_7847691 9 7851691 3.6134092461487e-05
S9_7878250 9 7882250 1.51019736551068e-05
S9_7878262 9 7882262 0.000803777763108081
S9_7878317 9 7882317 9.18961830740834e-06
S9_7878351 9 7882351 0.000224622886123627
S9_7887059 9 7891059 0.000232472231107857
S9_7919123 9 7923123 0.000646556850087089
S9_7921844 9 7925844 0.000406431245393689
S9_7921872 9 7925872 7.67023090635684e-06
S9_7921909 9 7925909 0.000186162333500906
S9_7944112 9 7948112 0.000709203886159271
S9_7968499 9 7972499 1.0863065415034e-05
S9_7988486 9 7992486 2.89185322627852e-06
S9_8043660 9 8047660 0.000372964268714432
S9_8049269 9 8053269 0.000106408925699598
S9_8049358 9 8053358 3.25394139286701e-06
S9_8056132 9 8060132 9.6545760620294e-06
S9_8080760 9 8084760 0.000750750697300171
S9_8086294 9 8090294 3.15619002225303e-06
S9_8138761 9 8142761 5.38015763598598e-06
S9_8143264 9 8147264 4.07488570148839e-05
S9_8147117 9 8151117 4.83256666093926e-06
S9_8153971 9 8157971 1.17229584233983e-05
S9_8154013 9 8158013 0.000190273735112089
S9_8154316 9 8158316 6.95508205450938e-06
S9_8156676 9 8160676 7.01147402867948e-05
S9_8156683 9 8160683 9.83212731765348e-06
S9_8179046 9 8183046 3.93666235549621e-05
S9_8179092 9 8183092 0.000160177842423454
S9_8190376 9 8194376 1.57477451275363e-05
S9_8210365 9 8214365 6.01367560311473e-05
S9_8210453 9 8214453 0.000450356709030644
S9_8210663 9 8214663 1.03704523916545e-05
S9_8240749 9 8244749 0.00051556487238542
S9_8240829 9 8244829 4.98263152464475e-05
S9_8284166 9 8288166 2.69323890281395e-05
S9_8284167 9 8288167 2.69323890281395e-05
S9_8295696 9 8299696 6.21813115280638e-06
S9_8309568 9 8313568 0.000206779829811643
S9_8363739 9 8367739 4.31670453566281e-07
S9_8363977 9 8367977 0.00011701759487211
S9_8364835 9 8368835 0.000152034533128511
S9_8364964 9 8368964 6.9876835397301e-06
S9_8364969 9 8368969 8.38369976487931e-06
S9_8373721 9 8377721 2.13850945066371e-05
S9_8373759 9 8377759 0.000105527392414463
S9_8373772 9 8377772 2.13850945066371e-05
S9_8382642 9 8386642 9.82944980888914e-07
S9_8387675 9 8391675 1.00235066301878e-05
S9_8394764 9 8398764 0.000669219746012577
S9_8396837 9 8400837 0.000380654155383147
S9_8396913 9 8400913 2.90363248796346e-05
S9_8397009 9 8401009 9.84119676707324e-06
S9_8404343 9 8408343 5.23530198284741e-05
S9_8404362 9 8408362 1.75012635324484e-05
S9_8404736 9 8408736 3.75761340857156e-05
S9_8427998 9 8431998 0.000408381128533069
S9_8432801 9 8436801 1.43768671030717e-05
S9_8436609 9 8440609 5.96370537404441e-05
S9_8436618 9 8440618 1.97769654839232e-06
S9_8436656 9 8440656 6.58641419384032e-05
S9_8436714 9 8440714 5.11477709001497e-06
S9_8449024 9 8453024 0.000522313833309465
S9_8502243 9 8506243 2.15749129743041e-06
S9_8502314 9 8506314 2.38068433421488e-05
S9_8502318 9 8506318 0.000946889697965972
S9_8502340 9 8506340 2.38068433421488e-05
S9_8528028 9 8532028 1.57608712523956e-07
S9_8528035 9 8532035 1.57608712523956e-07
S9_8528052 9 8532052 1.57608712523978e-07
S9_8528080 9 8532080 2.54716773096849e-08
S9_8528094 9 8532094 0.000119573311180369
S9_8528106 9 8532106 0.000343101648463494
S9_8532943 9 8536943 7.5627607341974e-07
S9_8532972 9 8536972 7.76247570181521e-07
S9_8532979 9 8536979 7.76247570181521e-07
S9_8579434 9 8583434 1.4846083498311e-09
S9_8579574 9 8583574 7.68471969209563e-08
S9_8611596 9 8615596 5.20301955019869e-06
S9_8613429 9 8617429 1.62118290756347e-06
S9_8614574 9 8618574 0.000550836193067721
S9_8614594 9 8618594 0.000503828963631694
S9_8642536 9 8646536 1.82236950382129e-06
S9_8644528 9 8648528 7.25839071077147e-10
S9_8660890 9 8664890 4.88992278335064e-09
S9_8664586 9 8668586 1.31014302907846e-05
S9_8664767 9 8668767 1.03795514087819e-06
S9_8665498 9 8669498 5.8914041723519e-06
S9_8710732 9 8714732 7.90940808521058e-08
S9_8733274 9 8737274 0.000108389608859234
S9_8748860 9 8752860 0.000169297647168001
S9_8760171 9 8764171 0.000586357863535422
S9_8760184 9 8764184 0.000580764934468544
S9_8797668 9 8801668 3.31677059546031e-05
S9_8797671 9 8801671 3.31677059546031e-05
S9_8797680 9 8801680 4.30472176571143e-06
S9_8797702 9 8801702 2.24647066453323e-06
S9_8801791 9 8805791 2.35077260702006e-08
S9_8801830 9 8805830 0.000369766752636053
S9_8801849 9 8805849 0.000369766752636053
S9_8803560 9 8807560 6.53799710436721e-08
S9_8822583 9 8826583 1.57900469663922e-08
S9_8822625 9 8826625 2.32700579910578e-08
S9_8867977 9 8871977 1.69951797881956e-07
S9_8903784 9 8907784 5.23840834542723e-08
S9_8903826 9 8907826 1.02344120606713e-06
S9_8903837 9 8907837 1.68699104381007e-06
S9_8904380 9 8908380 4.6668427158777e-06
S9_8904406 9 8908406 6.91184399998386e-06
S9_8904586 9 8908586 4.65749334696011e-07
S9_8905937 9 8909937 1.05687413602473e-06
S9_8919533 9 8923533 1.47433638909254e-06
S9_8942814 9 8946814 8.40369958644287e-08
S9_8942840 9 8946840 7.56792154154151e-07
S9_8970748 9 8974748 7.88355701411824e-05
S9_8970751 9 8974751 3.97226298954701e-05
S9_8970778 9 8974778 3.97226298954701e-05
S9_8970785 9 8974785 3.97226298954701e-05
S9_9003431 9 9007431 0.000673966306926077
S9_9003436 9 9007436 0.000673966306926077
S9_9022201 9 9026201 6.04973921052335e-08
S9_9022234 9 9026234 6.04973921052335e-08
S9_9022280 9 9026280 0.000256373168281404
S9_9922700 9 9926700 0.000726949629425522
S9_9922702 9 9926702 0.000726949629425522
S9_9935746 9 9939746 0.000279851357748226
S9_9944407 9 9948407 0.000131407099835317
S9_10217070 9 10221070 7.62665968877605e-05
S9_10400155 9 10404155 8.41986970234932e-06
S9_10403388 9 10407388 0.000411377876535162
S9_10403542 9 10407542 0.000379475041473229
S9_10412115 9 10416115 0.000786656579231178
S9_10440909 9 10444909 0.00077408533028379
S9_10459312 9 10463312 4.13477721142334e-07
S9_10468907 9 10472907 0.000418186269554089
S9_10502809 9 10506809 3.72162336817061e-07
S9_10561338 9 10565338 0.00010088259887028
S9_10652458 9 10656458 0.000467989423098145
S9_10692786 9 10696786 2.0129752750206e-05
S9_10721945 9 10725945 0.00051035469575352
S9_11009145 9 11013145 0.000282355642280773
S9_11210201 9 11214201 0.000784833026808679
S9_11362790 9 11366790 7.91005307545955e-05
S9_11374780 9 11378780 0.000380053456705662
S9_11490311 9 11494311 0.000257367788897963
S9_11672767 9 11676767 0.00010435153277971
S9_11682470 9 11686470 4.65988376873004e-06
S9_11703804 9 11707804 0.000856148285473036
S9_11703821 9 11707821 0.000856148285473036
S9_11730743 9 11734743 8.17833607710786e-05
S9_11814359 9 11818359 0.00028498572896268
S9_11814369 9 11818369 0.00028498572896268
S9_11814375 9 11818375 0.00028498572896268
S9_11951058 9 11955058 0.000333204103561924
S9_11951282 9 11955282 0.000318053038830182
S9_11951311 9 11955311 0.000337328173605739
S9_11977278 9 11981278 8.33546208650475e-05
S9_12036514 9 12040514 0.000320225346944338
S9_12053386 9 12057386 0.000405145727379057
S9_12053421 9 12057421 0.000405145727379057
S9_12054292 9 12058292 0.000189753006104957
S9_12054464 9 12058464 0.000977463775826331
S9_12054480 9 12058480 0.000977463775826331
S9_12054490 9 12058490 0.000994328032170006
S9_12061668 9 12065668 0.000131770151674705
S9_12104502 9 12108502 0.000129038758061577
S9_12177240 9 12181240 0.000121699568693825
S9_12271214 9 12275214 0.0001973644613933
S9_12274711 9 12278711 0.000163358542081826
S9_12275122 9 12279122 0.00088191094361608
S9_12769900 9 12773900 0.000191338497655965
S9_12772646 9 12776646 1.76842213873207e-06
S9_12774711 9 12778711 5.70028900670723e-06
S9_12810947 9 12814947 0.000157118923342674
S9_12845746 9 12849746 0.000370894307723106
S9_12992508 9 12996508 0.000143881373483791
S9_12992569 9 12996569 2.43972070894107e-05
S9_13075999 9 13079999 0.000715184611617744
S9_13079466 9 13083466 9.28162169708649e-06
S9_13082642 9 13086642 5.63421533014526e-05
S9_13111416 9 13115416 0.000290967674561529
S9_13141133 9 13145133 0.00031095387777247
S9_13141233 9 13145233 0.000537235318099386
S9_13141287 9 13145287 2.34847502023439e-05
S9_13154857 9 13158857 3.2182320390472e-07
S9_13154891 9 13158891 0.000703028295031589
S9_13240795 9 13244795 3.41018398891969e-07
S9_13249862 9 13253862 0.00058444385284662
S9_13272715 9 13276715 0.000148912610370186
S9_13356143 9 13360143 3.62233097038954e-06
S9_13416492 9 13420492 3.39929017700301e-05
S9_13431275 9 13435275 6.79363648728465e-06
S9_13431290 9 13435290 6.79363648728465e-06
S9_13451537 9 13455537 2.08864018422852e-05
S9_13485361 9 13489361 0.000373033750243279
S9_13485432 9 13489432 0.000187783888134863
S9_13497973 9 13501973 0.000996697595210206
S9_13561813 9 13565813 1.10009928438419e-05
S9_13566549 9 13570549 1.66117320642016e-06
S9_13586611 9 13590611 0.000164388130092099
S9_13587482 9 13591482 0.000891576435574497
S9_13628579 9 13632579 0.000108864037645839
S9_13628717 9 13632717 8.76677709928233e-06
S9_13628742 9 13632742 0.000642585440418822
S9_13630416 9 13634416 1.05314858604527e-07
S9_13630722 9 13634722 6.73940693101867e-07
S9_13643152 9 13647152 0.000131577859152326
S9_13647252 9 13651252 0.000987067440164958
S9_13647266 9 13651266 0.000395357704859785
S9_13647289 9 13651289 0.000671935081133502
S9_13691080 9 13695080 6.63708643676408e-06
S9_13772203 9 13776203 9.64470790900116e-06
S9_13772251 9 13776251 4.50372817165173e-06
S9_13772388 9 13776388 8.90170989923708e-05
S9_13772859 9 13776859 7.9612132651592e-05
S9_13778698 9 13782698 2.84813019937216e-05
S9_13778732 9 13782732 4.64139946924541e-05
S9_13838145 9 13842145 4.64353295522655e-05
S9_13851832 9 13855832 0.000639697173184358
S9_13855769 9 13859769 0.000148342431176617
S9_13856053 9 13860053 1.18512802674468e-05
S9_13908369 9 13912369 2.96087494804314e-05
S9_13908386 9 13912386 1.89503215872099e-05
S9_13908388 9 13912388 0.000103273142310026
S9_13917258 9 13921258 0.000294978660779887
S9_13937641 9 13941641 1.77611580572679e-05
S9_13937673 9 13941673 1.72232104476455e-05
S9_13975303 9 13979303 7.56533861250352e-05
S9_13982738 9 13986738 1.09941761586572e-05
S9_13982748 9 13986748 0.00028766182858153
S9_13982781 9 13986781 0.000276007611384478
S9_13997231 9 14001231 8.42778443905048e-05
S9_14087305 9 14091305 0.000158165820477641
S9_14093731 9 14097731 3.52613618670343e-05
S9_14093768 9 14097768 3.87549262975711e-07
S9_14094006 9 14098006 1.65615407420344e-05
S9_14094808 9 14098808 0.000362912150855629
S9_14107512 9 14111512 0.000225988931063972
S9_14107738 9 14111738 0.000674067322665609
S9_14117084 9 14121084 0.000514201793038663
S9_14131987 9 14135987 9.69544466870818e-05
S9_14132112 9 14136112 0.000490686788513538
S9_14210071 9 14214071 2.33300302819402e-05
S9_14252091 9 14256091 7.39941121252214e-05
S9_14347413 9 14351413 0.000276274100199488
S9_14481310 9 14485310 2.10635416529892e-05
S9_14481313 9 14485313 4.20821072645552e-05
S9_14526794 9 14530794 6.69541337786986e-05
S9_14654745 9 14658745 6.7372230086975e-05
S9_14681964 9 14685964 8.84939585089614e-06
S9_14719474 9 14723474 0.000279247924734167
S9_14742983 9 14746983 7.73287386073043e-06
S9_14798370 9 14802370 7.80307805891184e-05
S9_14809913 9 14813913 0.000177140829220597
S9_14833046 9 14837046 2.81678512827127e-05
S9_14875026 9 14879026 4.63915805475196e-05
S9_14885722 9 14889722 1.56256124302839e-05
S9_14925554 9 14929554 0.000702942367385974
S9_14949304 9 14953304 1.95858505044912e-05
S9_14949305 9 14953305 1.95858505044912e-05
S9_14953742 9 14957742 1.96839476687055e-05
S9_14953978 9 14957978 0.000960218320915879
S9_14983325 9 14987325 0.000196729777438075
S9_15045006 9 15049006 9.28620836883557e-05
S9_15071581 9 15075581 7.14715957411728e-05
S9_15071837 9 15075837 0.000122433035887153
S9_15110745 9 15114745 0.000184119966645828
S9_15110865 9 15114865 0.000808905548085185
S9_15111045 9 15115045 4.1860233623967e-05
S9_15132277 9 15136277 0.000461916087898785
S9_15276366 9 15280366 0.000844410408230445
S9_15276578 9 15280578 0.000809589295061537
S9_15312729 9 15316729 0.000782140542844632
S9_15320236 9 15324236 0.0006160306790324
S9_15373980 9 15377980 0.000799800167023541
S9_15374030 9 15378030 0.000799800167023622
S9_15565635 9 15569635 0.000431598637339364
S9_15594206 9 15598206 1.41978259204845e-05
S9_16174923 9 16178923 8.7179029974964e-05
S9_16388204 9 16392204 0.000487969875911935
S9_16388207 9 16392207 0.000583565093852233
S9_16438965 9 16442965 0.000782828784773693
S9_16562976 9 16566976 0.00053359291483282
S9_16770511 9 16774511 4.00666648517872e-05
S9_16825339 9 16829339 0.000224280329809026
S9_16839838 9 16843838 0.000304600550167243
S9_17001514 9 17005514 0.000858262887957074
S9_17028280 9 17032280 0.00093097801795213
S9_17081810 9 17085810 0.000305352179821337
S9_17082533 9 17086533 0.000120608195111259
S9_17083742 9 17087742 0.000251765364703157
S9_17083743 9 17087743 0.000251765364703157
S9_17260931 9 17264931 0.000794710993268661
S9_17357059 9 17361059 0.000426409142761372
S9_17358108 9 17362108 0.000313995223595712
S9_17475310 9 17479310 0.000183233354911089
S9_17512520 9 17516520 0.000506481133701941
S9_17615954 9 17619954 0.000686835188168368
S9_17615996 9 17619996 0.000809622588927237
S9_17616076 9 17620076 0.000393602807191829
S9_17676963 9 17680963 0.000130404990905028
S9_17685135 9 17689135 5.36863237321054e-05
S9_17749594 9 17753594 0.000264522667764336
S9_17961578 9 17965578 0.000186643947105038
S9_17985908 9 17989908 0.000277831538862067
S9_18018052 9 18022052 0.000267819361352417
S9_18128419 9 18132419 0.000700548061260059
S9_18260422 9 18264422 0.000486130395623498
S9_18302556 9 18306556 0.000205227671557317
S9_18392874 9 18396874 0.00033308609001487
S9_18423735 9 18427735 8.0612173942593e-05
S9_18447049 9 18451049 0.0009613995124872
S9_18482733 9 18486733 0.000629393764697066
S9_18590236 9 18594236 0.000623156939270655
S9_18604461 9 18608461 0.000237563359244021
S9_18655270 9 18659270 0.000322352766563614
S9_18684584 9 18688584 0.000381200874369211
S9_18692735 9 18696735 0.000110001723394803
S9_18712542 9 18716542 0.000254194153434421
S9_18774594 9 18778594 0.000279410356724964
S9_18811569 9 18815569 0.000377921055693289
S9_18931740 9 18935740 0.000388952758002704
S9_18932667 9 18936667 0.000381091876464882
S9_18976351 9 18980351 0.000729750169117487
S9_19104002 9 19108002 0.000195500561452501
S9_19135485 9 19139485 0.000329468179672943
S9_19139008 9 19143008 0.000697374371598958
S9_19224473 9 19228473 0.000220736208756394
S9_19536451 9 19540451 0.000487719579277161
S9_19640925 9 19644925 0.000528740278452962
S9_19853584 9 19857584 0.000592474041773658
S9_19892140 9 19896140 0.000318643990486381
S9_19892320 9 19896320 0.000517979244794243
S9_19902953 9 19906953 0.000218710409684015
S9_19904384 9 19908384 0.000312636771153511
S9_20138171 9 20142171 0.000349403905321342
S9_20271096 9 20275096 0.000370984873734171
S9_20275079 9 20279079 0.000495736494851712
S9_20275460 9 20279460 0.000349938840849777
S9_20275461 9 20279461 0.000349938840849777
S9_20339083 9 20343083 0.000485949726468187
S9_20534475 9 20538475 0.000461267527968214
S9_20534491 9 20538491 0.000226003113302698
S9_20582936 9 20586936 0.000783445216465063
S9_20652056 9 20656056 0.000360881699383772
S9_20734380 9 20738380 0.00097916511779989
S9_21367914 9 21371914 0.000179122141181358
S9_22004090 9 22008090 0.000853693241253905
S9_22075978 9 22079978 0.000443401081754202
S9_22077817 9 22081817 0.000394003378180251
S9_22115348 9 22119348 0.000146207587470297
S9_22287541 9 22291541 0.0006518165634838
S9_22328083 9 22332083 0.000239297634341101
S9_22530641 9 22534641 0.000607177566700667
S9_22532461 9 22536461 0.000475006171083876
S9_22634572 9 22638572 0.000455312680070689
S9_22682800 9 22686800 0.000203779999466124
S9_22687644 9 22691644 0.000611576308397564
S9_22804480 9 22808480 0.0003183350597751
S9_22805033 9 22809033 0.00030923552324834
S9_22935250 9 22939250 0.000386642312338931
S9_22959290 9 22963290 0.000291587912638386
S9_23018566 9 23022566 0.000768113918395196
S9_23076431 9 23080431 0.000267793722310861
S9_23083293 9 23087293 0.000840476787226623
S9_23160215 9 23164215 0.000371923207507746
S9_23160372 9 23164372 0.00091211295025658
S9_23174727 9 23178727 0.000304283879374548
S9_23359075 9 23363075 0.00080787565917535
S9_23504779 9 23508779 0.000390864248459037
S9_23526325 9 23530325 0.000246546752865275
S9_23648884 9 23652884 0.000918333562678859
S9_23913421 9 23917421 0.000253976212432962
S9_23942112 9 23946112 0.000343879669592046
S9_24010570 9 24014570 0.000156601412123547
S9_24322322 9 24326322 0.000670275440295884
S9_24604351 9 24608351 0.000315922265262596
S9_24605444 9 24609444 0.000852105304206945
S9_24671122 9 24675122 0.000481163619408448
S9_24821090 9 24825090 0.000286267528809913
S9_24988540 9 24992540 0.000540652465227912
S9_25149787 9 25153787 0.000434408843390641
S9_25149934 9 25153934 0.000492217100442926
S9_25230692 9 25234692 0.000129698632379906
S9_25275939 9 25279939 0.000290478816783543
S9_25290161 9 25294161 0.000692278609298637
S9_25494717 9 25498717 0.000251498699511928
S9_25494748 9 25498748 0.000251498699511974
S9_25687573 9 25691573 0.000161905632529985
S9_25735905 9 25739905 0.000107554034627828
S9_25792144 9 25796144 0.000558376181638557
S9_25814876 9 25818876 0.000252982866970004
S9_25866882 9 25870882 0.000517206432431479
S9_25890732 9 25894732 0.000945608281194046
S9_26051199 9 26055199 0.000174846165203634
S9_26137525 9 26141525 0.000173108606306088
S9_26149064 9 26153064 0.000430104388753806
S9_26264826 9 26268826 0.000626298421112885
S9_26276751 9 26280751 0.000111406692168547
S9_26410935 9 26414935 0.000304380821340738
S9_26636300 9 26640300 0.000221216554145188
S9_26643610 9 26647610 0.00083373268512649
S9_27118229 9 27122229 5.43436459290311e-05
S9_27118303 9 27122303 0.000668046771150154
S9_27186680 9 27190680 6.96084993158034e-05
S9_27398820 9 27402820 7.22830005087851e-05
S9_30764660 9 30768660 0.000252079652807286
S9_31009432 9 31013432 0.000231297486066011
S9_31264777 9 31268777 1.64545040589969e-05
S9_31343764 9 31347764 0.000287558831409211
S9_31515974 9 31519974 0.000537420981186323
S9_31653296 9 31657296 0.000962200323756043
S9_31654341 9 31658341 0.000186655049117555
S9_31654393 9 31658393 0.000477057137075966
S9_31929013 9 31933013 0.000999379708346343
S9_32035479 9 32039479 0.000264780764086342
S9_32395414 9 32399414 0.00013673248441301
S9_32534647 9 32538647 0.000180594704696838
S9_32831126 9 32835126 6.54738871322941e-06
S9_32855471 9 32859471 9.0545954683188e-05
S9_32910179 9 32914179 0.000242855363514723
S9_33140557 9 33144557 0.000194253033458503
S9_33147640 9 33151640 0.000789923310311032
S9_33445260 9 33449260 0.000136459937174424
S9_33575258 9 33579258 0.000598927256222069
S9_33598781 9 33602781 3.70912496917109e-05
S9_33599983 9 33603983 0.000278399223107307
S9_33600743 9 33604743 2.70516131139971e-05
S9_33698581 9 33702581 0.000480810164513656
S9_34202268 9 34206268 0.000105237902623515
S9_34208227 9 34212227 7.71487667116147e-05
S9_34584695 9 34588695 0.00022625156567419
S9_34590207 9 34594207 0.000233926844980388
S9_34698693 9 34702693 0.000108316241723773
S9_34709425 9 34713425 0.000426591538655545
S9_34739385 9 34743385 0.00016049577820808
S9_34740000 9 34744000 0.000296498232450542
S9_34808775 9 34812775 7.18217549932611e-05
S9_34814137 9 34818137 0.000175568349139007
S9_35101697 9 35105697 0.000486268037428281
S9_35117876 9 35121876 0.000105705127868158
S9_35202781 9 35206781 0.00018248008919267
S9_35359660 9 35363660 0.000242892454127848
S9_35404123 9 35408123 0.000122365319765103
S9_35404297 9 35408297 0.000444473137247662
S9_35657519 9 35661519 0.000141174509277315
S9_35659324 9 35663324 0.000917029419538586
S9_35842882 9 35846882 0.00026516198465178
S9_35842883 9 35846883 0.000259599648916404
S9_35842887 9 35846887 0.000586573093619193
S9_36047672 9 36051672 0.00091750815880014
S9_36165842 9 36169842 0.000543733583160061
S9_36166141 9 36170141 0.000102137099634245
S9_36563541 9 36567541 0.00015757650050025
S9_36658233 9 36662233 0.000133599349607981
S9_36802560 9 36806560 0.000919261661716211
S9_36821865 9 36825865 0.000104304238611109
S9_36993840 9 36997840 0.000258681742681266
S9_37109564 9 37113564 5.78107775864938e-05
S9_37290290 9 37294290 0.000766343703475862
S9_37524283 9 37528283 0.000177156092440309
S9_37685062 9 37689062 0.000272277884111994
S9_37685200 9 37689200 0.000639745417737913
S9_37737198 9 37741198 0.000146785208162016
S9_37750232 9 37754232 0.00022760176053079
S9_38158154 9 38162154 0.00037787212199991
S9_38319432 9 38323432 7.93132481735018e-05
S9_38468479 9 38472479 0.000201445373706783
S9_38471725 9 38475725 0.000199401912320386
S9_38694375 9 38698375 0.000274091041288933
S9_39179454 9 39183454 9.33428735226806e-05
S9_39179513 9 39183513 0.000221607298684727
S9_39271170 9 39275170 0.000301722027225329
S9_39321404 9 39325404 0.000598515842568902
S9_39325532 9 39329532 0.000151912626343222
S9_39325536 9 39329536 6.42178618940424e-06
S9_39327690 9 39331690 0.000107345623568249
S9_39362717 9 39366717 0.000271310607984629
S9_39362766 9 39366766 0.000186171362842307
S9_39419630 9 39423630 0.000666590850260041
S9_39499292 9 39503292 6.30994470842256e-06
S9_39541214 9 39545214 0.000230301497874644
S9_39562928 9 39566928 0.000217281159548711
S9_39584467 9 39588467 0.000707031474194301
S9_39590828 9 39594828 0.000140419090592482
S9_39590920 9 39594920 1.11114307709087e-05
S9_39621145 9 39625145 0.000713629318581849
S9_39623157 9 39627157 3.58931803930056e-06
S9_39634552 9 39638552 4.75706360683461e-05
S9_39635995 9 39639995 1.10766107402428e-05
S9_39636326 9 39640326 5.23476801557275e-05
S9_39652604 9 39656604 6.47764882381718e-05
S9_39655556 9 39659556 3.90080116460011e-05
S9_39671355 9 39675355 0.000665491229913932
S9_39741392 9 39745392 7.22718664478616e-06
S9_39742568 9 39746568 0.000176198987455738
S9_39831608 9 39835608 0.000242193788963441
S9_39857592 9 39861592 5.18266740462512e-06
S9_39860751 9 39864751 1.55772362512633e-05
S9_39860757 9 39864757 0.000100110041578053
S9_39938961 9 39942961 0.000352535928127864
S9_39943789 9 39947789 0.000801302464056535
S9_40010175 9 40014175 6.619035254657e-05
S9_40135600 9 40139600 0.000233523350405704
S9_40148517 9 40152517 1.43632369647823e-05
S9_40159075 9 40163075 7.26155467358166e-05
S9_40159329 9 40163329 3.49330522921689e-05
S9_40159408 9 40163408 1.96742081866363e-05
S9_40224048 9 40228048 0.000465249573972536
S9_40224063 9 40228063 0.000158405994418943
S9_40265638 9 40269638 0.00041874755334319
S9_40295779 9 40299779 9.30257774885759e-05
S9_40349300 9 40353300 0.000126842001076943
S9_40350836 9 40354836 0.000142768778148743
S9_40365406 9 40369406 0.000704130063119651
S9_40365414 9 40369414 0.000177896506974825
S9_40427872 9 40431872 0.000721527791778694
S9_40465556 9 40469556 9.19053964112839e-05
S9_40465585 9 40469585 9.19053964112556e-05
S9_40472896 9 40476896 0.000127092988853569
S9_40472925 9 40476925 0.00014024084843599
S9_40510533 9 40514533 0.000134793815222469
S9_40520245 9 40524245 0.000416225977242602
S9_40545413 9 40549413 0.000895041399433301
S9_40550698 9 40554698 0.00020182153390669
S9_40715579 9 40719579 0.000220970887288593
S9_40718257 9 40722257 0.000173719468531294
S9_40783893 9 40787893 0.000886749820173966
S9_40785002 9 40789002 0.000417541364227587
S9_40788799 9 40792799 0.00029224096112155
S9_40790027 9 40794027 0.000756022701407494
S9_40867414 9 40871414 0.000146813209613932
S9_40899026 9 40903026 0.0004907857185124
S9_40899212 9 40903212 0.00033225638639561
S9_40901397 9 40905397 0.000403764891888551
S9_40902320 9 40906320 0.00020810527223422
S9_40975107 9 40979107 0.000101693875858033
S9_40975204 9 40979204 0.000212655066509328
S9_40975240 9 40979240 0.000988387016728374
S9_40994548 9 40998548 0.00015206485517612
S9_41001230 9 41005230 0.00023227070615348
S9_41063122 9 41067122 0.000192674644867263
S9_41085564 9 41089564 0.000223129610232621
S9_41085568 9 41089568 0.000571529282468418
S9_41141838 9 41145838 0.000997433912679301
S9_41379032 9 41383032 0.000266999570365503
S9_41407574 9 41411574 0.000713822048791326
S9_41422236 9 41426236 0.00037826071795815
S9_41422252 9 41426252 0.00037826071795815
S9_41448827 9 41452827 0.000155436950055772
S9_41457283 9 41461283 0.000548409544597938
S9_41471954 9 41475954 0.000664829541425997
S9_41529227 9 41533227 0.000298471852341022
S9_41529923 9 41533923 0.000511623468365091
S9_41588056 9 41592056 5.34661592239023e-05
S9_41821654 9 41825654 1.77470588228882e-06
S9_41841890 9 41845890 0.00064190109265104
S9_41862816 9 41866816 3.97438259765991e-06
S9_42074577 9 42078577 0.000288466113338997
S9_42090589 9 42094589 0.000117063808537174
S9_42111285 9 42115285 1.99898547982294e-06
S9_42195996 9 42199996 0.000366294773042737
S9_42254901 9 42258901 0.000186802402732423
S9_42299523 9 42303523 0.000273363674376061
S9_42343518 9 42347518 0.000369670458329119
S9_42343626 9 42347626 2.17746106231966e-05
S9_42343631 9 42347631 2.17746106231966e-05
S9_42343658 9 42347658 9.62485572656954e-07
S9_42446120 9 42450120 0.000971776197980746
S9_42485961 9 42489961 0.000229484934923195
S9_42513985 9 42517985 0.000764293691861636
S9_42583695 9 42587695 0.000835640299073945
S9_42584603 9 42588603 0.000823580823849789
S9_42619690 9 42623690 0.000263619028646228
S9_42695587 9 42699587 4.82868117697957e-06
S9_42736067 9 42740067 0.000503227770261781
S9_42907872 9 42911872 4.84016478395289e-05
S9_42912289 9 42916289 0.000550400061272459
S9_43040317 9 43044317 0.000139635063755592
S9_43281306 9 43285306 0.000347889221357819
S9_43434764 9 43438764 0.000722554766636115
S9_43434778 9 43438778 0.000722554766636228
S9_44484117 9 44488117 0.000186365948709042
S9_44484140 9 44488140 0.000186365948709028
S9_44498013 9 44502013 9.03473913843725e-06
S9_44500502 9 44504502 4.31673163353538e-06
S9_44512081 9 44516081 5.27102691704336e-06
S9_44512099 9 44516099 8.78115622448122e-06
S9_44512264 9 44516264 0.000363484354155349
S9_44512273 9 44516273 0.000270666238205094
S9_44630981 9 44634981 0.000416675851943872
S9_44630986 9 44634986 0.000416675851943872
S9_44631021 9 44635021 0.000416675851943872
S9_44661814 9 44665814 0.000499806685239116
S9_44684719 9 44688719 0.000437706556887817
S9_44744796 9 44748796 0.0003435777593907
S9_44865403 9 44869403 6.13431922798166e-05
S9_44868415 9 44872415 8.74964289450747e-05
S9_44884409 9 44888409 0.000311112973904478
S9_44884410 9 44888410 0.000205796311369698
S9_44884413 9 44888413 0.000205796311369698
S9_44965785 9 44969785 0.00066340554029747
S9_45089627 9 45093627 0.000973320552385893
S9_45429503 9 45433503 0.000105815695752436
S9_45429537 9 45433537 0.000105815695752422
S9_45429549 9 45433549 0.000105815695752436
S9_45430577 9 45434577 0.000871373269121114
S9_45430619 9 45434619 0.000871373269121114
S9_45462279 9 45466279 4.38447490713271e-05
S9_45530034 9 45534034 0.000158321347812584
S9_45582860 9 45586860 0.000636103008585969
S9_45765108 9 45769108 4.63889575969993e-05
S9_45793386 9 45797386 3.1692519727908e-07
S9_45954336 9 45958336 0.000954224022344771
S9_45954337 9 45958337 0.000954224022344771
S9_45954339 9 45958339 0.000954224022344771
S9_46030186 9 46034186 6.46155258242669e-05
S9_46030205 9 46034205 6.46155258242669e-05
S9_46136401 9 46140401 0.000913032554505351
S9_46159786 9 46163786 0.000722191210327682
S9_46306435 9 46310435 2.28623780185509e-08
S9_46306448 9 46310448 1.07746543815504e-07
S9_46306473 9 46310473 2.28623780185509e-08
S9_46306488 9 46310488 2.28623780185474e-08
S9_46342651 9 46346651 0.000892780503587942
S9_46357790 9 46361790 0.000245596924344625
S9_46397143 9 46401143 6.67682209764284e-05
S9_46397302 9 46401302 0.000322830462713898
S9_46397320 9 46401320 0.00042507204118572
S9_46410037 9 46414037 0.000974948351079092
S9_46496056 9 46500056 4.62353132516622e-05
S9_46496367 9 46500367 0.000720635706864101
S9_46745492 9 46749492 0.000417495785877114
S9_46745537 9 46749537 1.6312390702274e-06
S9_46745538 9 46749538 1.63123907022758e-06
S9_46775945 9 46779945 0.000496147460477452
S9_46787942 9 46791942 0.000699630375710445
S9_46796129 9 46800129 5.40047255011207e-05
S9_46811397 9 46815397 2.46802320944743e-08
S9_46908586 9 46912586 0.000207091085327118
S9_46911290 9 46915290 1.93125643431744e-07
S9_46939648 9 46943648 0.000780929351562919
S9_46950734 9 46954734 1.82568074342674e-08
S9_46950735 9 46954735 1.82568074342674e-08
S9_46950835 9 46954835 0.000401487381020725
S9_46952058 9 46956058 5.7425854427174e-07
S9_46952095 9 46956095 5.7425854427174e-07
S9_46952097 9 46956097 5.7425854427174e-07
S9_46957092 9 46961092 0.000225073301519141
S9_46957447 9 46961447 5.0872410317962e-05
S9_46957448 9 46961448 5.27367847513183e-05
S9_46968220 9 46972220 7.10183547519942e-05
S9_46968282 9 46972282 0.000306813177351476
S9_46968362 9 46972362 1.42639033327276e-06
S9_47076044 9 47080044 8.97713335122277e-06
S9_47076200 9 47080200 1.22688043127686e-06
S9_47076206 9 47080206 1.22688043127686e-06
S9_47109295 9 47113295 0.000154499914476703
S9_47168827 9 47172827 0.000165765471801982
S9_47168829 9 47172829 0.000155393268907832
S9_47168830 9 47172830 8.10268005473341e-05
S9_47338741 9 47342741 1.50959122725435e-05
S9_47355690 9 47359690 1.57077902270604e-05
S9_47361728 9 47365728 0.000415836971475005
S9_47361778 9 47365778 3.37483550317926e-08
S9_47369471 9 47373471 0.000776565028647108
S9_47376089 9 47380089 7.38773338661261e-05
S9_47378901 9 47382901 9.90451490375838e-06
S9_47378906 9 47382906 5.19705608537337e-07
S9_47381806 9 47385806 4.37074295024604e-05
S9_47530155 9 47534155 0.000784745379058584
S9_47863085 9 47867085 6.55886993874837e-06
S9_47928071 9 47932071 0.000819693387359861
S9_47979983 9 47983983 0.000444734158615937
S9_48016988 9 48020988 0.000325604372926426
S9_48016992 9 48020992 0.000509494136152448
S9_48016994 9 48020994 0.000325604372926439
S9_48102187 9 48106187 0.000308692244405982
S9_48102205 9 48106205 0.000308692244405982
S9_48102241 9 48106241 0.000308692244405982
S9_48137238 9 48141238 0.000485144417851636
S9_48142675 9 48146675 0.00024658171224952
S9_48142676 9 48146676 0.00024658171224952
S9_48142685 9 48146685 4.11271423274996e-05
S9_48174994 9 48178994 9.37100326121954e-07
S9_48180390 9 48184390 3.59967810811007e-05
S9_48196068 9 48200068 0.00044038812733908
S9_48391444 9 48395444 5.25329780712075e-06
S9_48402967 9 48406967 0.000834147730822941
S9_48416525 9 48420525 1.41514696756114e-06
S9_48448804 9 48452804 0.000345362172563789
S9_48475852 9 48479852 5.64577689384854e-07
S9_48476583 9 48480583 3.95276591771067e-05
S9_48594405 9 48598405 0.000645711081511118
S9_48754259 9 48758259 0.00078883248978802
S9_48792512 9 48796512 0.000887227504282741
S9_48840571 9 48844571 0.000548379240018246
S9_48947725 9 48951725 0.000394594793237714
S9_49004329 9 49008329 0.000164662753742542
S9_49009146 9 49013146 8.52383593045503e-05
S9_49009147 9 49013147 8.52383593045503e-05
S9_49009343 9 49013343 0.000102885118081191
S9_49009692 9 49013692 3.49277305242322e-06
S9_49017370 9 49021370 0.000226355486206013
S9_49076922 9 49080922 0.000117441976915301
S9_49142614 9 49146614 2.11827012190157e-05
S9_49142622 9 49146622 4.03056754449751e-05
S9_49144226 9 49148226 3.31398128099573e-05
S9_49144426 9 49148426 0.000906567102679
S9_49144435 9 49148435 0.000906567102679
S9_49145761 9 49149761 4.8793900079666e-05
S9_49145875 9 49149875 3.67729138429904e-07
S9_49217389 9 49221389 7.71761782578919e-06
S9_49256751 9 49260751 3.56501442884464e-07
S9_49257320 9 49261320 0.000145764501882373
S9_49262229 9 49266229 0.000360686766597779
S9_49264982 9 49268982 0.000708994667951392
S9_49265379 9 49269379 2.84138939333161e-05
S9_49369479 9 49373479 2.3727564572709e-05
S9_49372562 9 49376562 2.21929540327464e-05
S9_49453840 9 49457840 3.0578998445866e-05
S9_49498816 9 49502816 0.000694262272464124
S9_49549798 9 49553798 0.000620650588168582
S9_49553712 9 49557712 0.000643399536616748
S9_49591452 9 49595452 0.000434920846451679
S9_49611859 9 49615859 0.000688557377346206
S9_49611874 9 49615874 0.000688557377346206
S9_49611875 9 49615875 0.000627988215484667
S9_49616171 9 49620171 0.000159050151510023
S9_49617664 9 49621664 0.000186197588096842
S9_49618111 9 49622111 0.000156913496781728
S9_49620264 9 49624264 0.000561037212133714
S9_49745110 9 49749110 0.000494585138105116
S9_49812200 9 49816200 0.000663647767645226
S9_49856199 9 49860199 9.65647303235864e-05
S9_49891157 9 49895157 9.41877802325887e-05
S9_49959126 9 49963126 0.000959647951257919
S9_50025433 9 50029433 0.000348541522229218
S9_50120044 9 50124044 0.00042300160304258
S9_50146132 9 50150132 0.000219994819506249
S9_50203326 9 50207326 0.00036099802227297
S9_50203327 9 50207327 0.00036099802227297
S9_50203328 9 50207328 0.000655727477097972
S9_50203329 9 50207329 0.00036099802227297
S9_50203333 9 50207333 0.00036099802227297
S9_50203337 9 50207337 0.00036099802227297
S9_50203341 9 50207341 0.00036099802227297
S9_50260985 9 50264985 0.000129225135123351
S9_50292510 9 50296510 0.000812240093695363
S9_50295924 9 50299924 0.000583196612344095
S9_50296287 9 50300287 0.000139145452980627
S9_50299055 9 50303055 4.62406739386969e-05
S9_50307961 9 50311961 0.000158367103284934
S9_50307977 9 50311977 0.000158367103284934
S9_50364353 9 50368353 4.74565726998597e-07
S9_50421940 9 50425940 0.000405017923377019
S9_50421964 9 50425964 0.000415651198431365
S9_50421984 9 50425984 0.000405017923377019
S9_50709657 9 50713657 0.000441239918440384
S9_50734063 9 50738063 0.000682647719023856
S9_50805268 9 50809268 0.000185330189102107
S9_50806670 9 50810670 0.000889081296957644
S9_50816214 9 50820214 0.000391431320199471
S9_50816216 9 50820216 0.000391431320199471
S9_50819455 9 50823455 1.70639676064396e-05
S9_50901562 9 50905562 2.5658314337482e-05
S9_50971959 9 50975959 4.87978543717049e-05
S9_50980588 9 50984588 2.05392124756304e-05
S9_51003161 9 51007161 0.000264576744493825
S9_51003536 9 51007536 1.73838301989005e-05
S9_51056397 9 51060397 0.000979286857603607
S9_51059526 9 51063526 0.000583741255123123
S9_51254999 9 51258999 0.00074868838058289
S9_51255001 9 51259001 0.000743956281104964
S9_51255002 9 51259002 0.000743956281104964
S9_51294900 9 51298900 0.000249563462214144
S9_51321517 9 51325517 0.000628601377338519
S9_51381346 9 51385346 0.000291056112575533
S9_51447401 9 51451401 7.48167939791438e-05
S9_51447925 9 51451925 0.000480876935184856
S9_51457156 9 51461156 0.00079406256432341
S9_51654239 9 51658239 0.000599183467766562
S9_51697197 9 51701197 5.16329812056566e-05
S9_51702436 9 51706436 3.37305654463175e-05
S9_51859567 9 51863567 0.000869022108312101
S9_51917863 9 51921863 0.000721074973572301
S9_51921661 9 51925661 5.11327057981769e-05
S9_51947588 9 51951588 0.000286840322799095
S9_51972109 9 51976109 0.000616192283022404
S9_51996042 9 52000042 8.06032283307261e-06
S9_52100069 9 52104069 0.000406948813904226
S9_52170295 9 52174295 7.91088832892025e-05
S9_52212919 9 52216919 0.000220480312915938
S9_52375245 9 52379245 7.41645019995331e-07
S9_52375647 9 52379647 0.000774517360482566
S9_52407257 9 52411257 1.55635617926201e-06
S9_52515049 9 52519049 0.000305375360888329
S9_52618060 9 52622060 0.000232894541427906
S9_52651650 9 52655650 0.000836693479368046
S9_52653437 9 52657437 6.20507560249367e-06
S9_52657801 9 52661801 1.13409284409956e-05
S9_52660156 9 52664156 0.000221649776697218
S9_52660172 9 52664172 0.000221649776697218
S9_52660181 9 52664181 0.000221649776697218
S9_52660376 9 52664376 4.21825850420862e-05
S9_52660392 9 52664392 4.21825850420862e-05
S9_52660395 9 52664395 7.22646799696068e-05
S9_52662744 9 52666744 0.000802588937927518
S9_52679979 9 52683979 6.30615082279321e-05
S9_52679986 9 52683986 0.000133309647920048
S9_52680051 9 52684051 0.000162809761843467
S9_52730426 9 52734426 0.000547993001234123
S9_52730440 9 52734440 0.000547993001234155
S9_52730450 9 52734450 0.000547993001234155
S9_52730457 9 52734457 0.000547993001234155
S9_52747076 9 52751076 0.000556124598341352
S9_52762589 9 52766589 1.09163287049672e-05
S9_52889919 9 52893919 0.000292012806093817
S9_52889925 9 52893925 0.000292012806093817
S9_52890009 9 52894009 0.000672477484686953
S9_52906286 9 52910286 0.000131193138013523
S9_52906695 9 52910695 0.000182391140959723
S9_52907314 9 52911314 0.000194636152226434
S9_52943372 9 52947372 0.000476464151247294
S9_52978205 9 52982205 1.80014983369665e-07
S9_52978206 9 52982206 4.15220349627278e-07
S9_52978704 9 52982704 1.30306290597603e-05
S9_52982833 9 52986833 0.000196831522668131
S9_52983077 9 52987077 0.000667140891670073
S9_52991723 9 52995723 9.24932976515098e-05
S9_52991787 9 52995787 9.32433157225806e-05
S9_53010547 9 53014547 0.000186317549683138
S9_53014476 9 53018476 3.97342569146067e-06
S9_53015591 9 53019591 3.87800591325922e-07
S9_53016038 9 53020038 1.28798197251539e-07
S9_53025669 9 53029669 1.28245758587754e-05
S9_53062875 9 53066875 1.53418474853318e-08
S9_53105851 9 53109851 7.92761225739396e-05
S9_53108152 9 53112152 1.03582520943195e-05
S9_53109303 9 53113303 0.000399837183874889
S9_53113163 9 53117163 1.31781984004887e-06
S9_53113174 9 53117174 1.0484973462641e-06
S9_53118075 9 53122075 3.89564666958132e-07
S9_53118128 9 53122128 5.7275022353386e-05
S9_53122746 9 53126746 0.000544730673454475
S9_53131348 9 53135348 1.62928564302044e-05
S9_53132250 9 53136250 1.68395364336633e-05
S9_53133779 9 53137779 2.06147768737737e-05
S9_53150956 9 53154956 0.000890309046078993
S9_53165781 9 53169781 0.000909134184684583
S9_53181052 9 53185052 0.000281120726462652
S9_53413977 9 53417977 8.59404144900682e-05
S9_53509284 9 53513284 0.0002804651361784
S9_53509285 9 53513285 0.000765464722499053
S9_53855566 9 53859566 0.000611808716883891
S9_53919040 9 53923040 0.000414720474181246
S9_54232251 9 54236251 0.000223413080608345
S9_54267092 9 54271092 0.00070310617037687
S9_54280266 9 54284266 0.000441509651633391
S9_54328425 9 54332425 0.000371238626378959
S9_54462237 9 54466237 0.000529490903603396
S9_54611393 9 54615393 0.000620630156332087
S9_54847124 9 54851124 0.000495829508560822
S9_54920456 9 54924456 0.000886535839900888
S9_54934722 9 54938722 0.000729409201289771
S9_55231079 9 55235079 0.00045619701582424
S9_55320562 9 55324562 0.000360459663869451
S9_55448800 9 55452800 0.000501132256144018
S9_55488942 9 55492942 4.6641426664639e-05
S9_55489039 9 55493039 0.000665152414809883
S9_55518272 9 55522272 0.00015989958019112
S9_55518274 9 55522274 0.000159899580191093
S9_55531508 9 55535508 0.000482532775683395
S9_55532275 9 55536275 6.7918019779334e-05
S9_55532312 9 55536312 0.000688679423371279
S9_55542096 9 55546096 0.000236475089421811
S9_55565795 9 55569795 3.07729961932825e-05
S9_55640768 9 55644768 0.000152351931387186
S9_55640769 9 55644769 0.000512886973283577
S9_56068927 9 56072927 0.000815115241165651
S9_56136320 9 56140320 0.000267953705394742
S9_56171508 9 56175508 0.000766198709193264
S9_56175290 9 56179290 0.000280235488091369
S9_56298683 9 56302683 1.87130288752897e-05
S9_56304044 9 56308044 0.000660944985149425
S9_56304635 9 56308635 8.23511975649762e-06
S9_56328848 9 56332848 0.000307940692468074
S9_56358945 9 56362945 0.00041349590782895
S9_56371855 9 56375855 4.8361662784995e-05
S9_56375315 9 56379315 6.6345186519795e-05
S9_56387765 9 56391765 0.000902789006063516
S9_56387879 9 56391879 0.000130221130879829
S9_56522031 9 56526031 0.000879944729994501
S9_56642256 9 56646256 0.000320283277652549
S9_56674653 9 56678653 1.43891425486632e-05
S9_56681292 9 56685292 0.000328753886917176
S9_56681801 9 56685801 0.000562974449446961
S9_56689357 9 56693357 0.000280331804379259
S9_56704474 9 56708474 0.000925400758982653
S9_56707703 9 56711703 0.000105369573633885
S9_56726973 9 56730973 8.44734243508216e-08
S9_56726974 9 56730974 1.31129808045872e-06
S9_56727155 9 56731155 3.81951483809403e-06
S9_56744588 9 56748588 0.000934027926026707
S9_56765899 9 56769899 6.00965524986756e-05
S9_56771140 9 56775140 0.000131803630914522
S9_56780494 9 56784494 1.54562702087936e-06
S9_56785375 9 56789375 0.0004254628587205
S9_56785425 9 56789425 0.000425462858720473
S9_56787002 9 56791002 8.84475982484432e-06
S9_56787005 9 56791005 8.84475982484432e-06
S9_56801004 9 56805004 3.22950309747145e-05
S9_56801016 9 56805016 3.22950309747145e-05
S9_56801034 9 56805034 3.22950309747145e-05
S9_56802185 9 56806185 0.000667266870093598
S9_56802452 9 56806452 5.22450409797309e-06
S9_56815255 9 56819255 0.000571294558296501
S9_56815307 9 56819307 0.000571294558296501
S9_56861702 9 56865702 7.80826567603585e-05
S9_56865503 9 56869503 0.000952650885407742
S9_56885253 9 56889253 0.00010789892168889
S9_56885487 9 56889487 1.12958410517158e-05
S9_56893172 9 56897172 0.000179888255828942
S9_56894488 9 56898488 0.000132152657636459
S9_56897498 9 56901498 2.23819633922929e-06
S9_56904682 9 56908682 0.00083321981235246
S9_57027430 9 57031430 7.14677334422797e-05
S9_57034835 9 57038835 0.00011604305045639
S9_57193039 9 57197039 0.000189259116406706
S9_57241929 9 57245929 4.57336171464531e-05
S9_57259904 9 57263904 0.000111574243345006
S9_57260020 9 57264020 0.000670512208825014
S9_57261485 9 57265485 0.000212088963399356
S9_57272079 9 57276079 0.000113023945132831
S9_57272120 9 57276120 6.76765621875816e-06
S9_57283393 9 57287393 0.000553804648711925
S9_57312217 9 57316217 5.03264117480144e-07
S9_57312426 9 57316426 1.80065299497169e-05
S9_57323887 9 57327887 0.000899138962900414
S9_57337415 9 57341415 1.30170233499282e-05
S9_57359816 9 57363816 0.000309301945227288
S9_57386261 9 57390261 0.000134676036775136
S9_57386549 9 57390549 0.00026858598684548
S9_57387792 9 57391792 0.000938600625180871
S9_57388220 9 57392220 0.000156968796931497
S9_57420634 9 57424634 0.000615313074108284
S9_57429243 9 57433243 0.000391090097914254
S9_57429250 9 57433250 0.000391090097914178
S9_57429257 9 57433257 0.000391090097914254
S9_57429258 9 57433258 0.000374365178645517
S9_57437800 9 57441800 1.41734888362384e-05
S9_57482568 9 57486568 0.000412388812956467
S9_57511565 9 57515565 0.000927661467361901
S9_57511566 9 57515566 0.000927661467361901
S9_57595348 9 57599348 0.000376930438686626
S9_57641496 9 57645496 0.00027655345797185
S9_57659562 9 57663562 0.000438299922102833
S9_57660657 9 57664657 1.92328845839801e-05
S9_57712276 9 57716276 0.000732334079096314
S9_57712277 9 57716277 0.000732334079096187
S9_57766979 9 57770979 0.000782571492667074
S9_57772866 9 57776866 1.44297198643854e-07
S9_57773092 9 57777092 2.7353187918919e-05
S9_57782914 9 57786914 0.000826481784163055
S9_57788448 9 57792448 6.89187782968516e-05
S9_57789360 9 57793360 0.000214653643364709
S9_57793335 9 57797335 1.87577660010664e-05
S9_57793344 9 57797344 2.97025749093114e-05
S9_57793546 9 57797546 0.000183927102856007
S9_57793550 9 57797550 0.000138866726021813
S9_57794409 9 57798409 0.000573066801277894
S9_57800206 9 57804206 0.000556047636210193
S9_57809678 9 57813678 0.000495056716404163
S9_57814957 9 57818957 8.67702071508594e-05
S9_57817957 9 57821957 6.5502832515118e-06
S9_57817990 9 57821990 0.000762474860449479
S9_57832185 9 57836185 5.34727099449952e-05
S9_57853992 9 57857992 6.67012515652774e-05
S9_57854006 9 57858006 6.67012515652774e-05
S9_57854033 9 57858033 6.67012515652774e-05
S9_57854912 9 57858912 7.94313706221231e-07
S9_57854977 9 57858977 0.000651302904302567
S9_57858119 9 57862119 0.000442365672249476
S9_57858123 9 57862123 0.000468576388046164
S9_57858807 9 57862807 0.000612715022852747
S9_57858808 9 57862808 0.000964694263219358
S9_57858809 9 57862809 0.000964694263219358
S9_57858811 9 57862811 0.000964694263219358
S9_57858843 9 57862843 0.000247762244249545
S9_57858853 9 57862853 0.000247762244249545
S9_57869245 9 57873245 0.000521052916773734
S9_57869258 9 57873258 0.000521052916773734
S9_57880913 9 57884913 0.00027187846625033
S9_57887927 9 57891927 0.000934046552338385
S9_57908592 9 57912592 0.000307680433704085
S9_57914569 9 57918569 0.000174873887751367
S9_57914636 9 57918636 0.000581723758729555
S9_57916222 9 57920222 0.000677669429439223
S9_57929076 9 57933076 2.88112676141556e-06
S9_57958750 9 57962750 6.62417741074574e-05
S9_57963483 9 57967483 0.000201971204370807
S9_57963486 9 57967486 0.000201971204370807
S9_57978377 9 57982377 0.000600401989489807
S9_57982627 9 57986627 6.90798498130824e-06
S9_57982636 9 57986636 1.75399626487122e-05
S9_57983032 9 57987032 0.000236105615981411
S9_58005175 9 58009175 0.000205301349317827
S9_58005176 9 58009176 0.000135218731054177
S9_58005177 9 58009177 0.000205301349317827
S9_58005178 9 58009178 0.000205301349317827
S9_58011108 9 58015108 8.24074199084913e-06
S9_58020473 9 58024473 1.10487432333561e-05
S9_58027853 9 58031853 0.000732401194982119
S9_58029706 9 58033706 0.000835789696320964
S9_58035469 9 58039469 0.000161057089417617
S9_58045446 9 58049446 0.0007241413978099
S9_58046471 9 58050471 0.000173900614411378
S9_58049058 9 58053058 0.000863177035524629
S9_58049107 9 58053107 0.000731359328596268
S9_58063615 9 58067615 1.00199822238106e-05
S9_58065477 9 58069477 8.36905752114796e-05
S9_58065492 9 58069492 8.36905752114796e-05
S9_58070685 9 58074685 0.000115439141952354
S9_58070691 9 58074691 1.47610946910938e-05
S9_58075721 9 58079721 0.000346696006270274
S9_58075819 9 58079819 0.00072451037630916
S9_58075820 9 58079820 0.00072451037630916
S9_58076691 9 58080691 7.08222284897464e-05
S9_58078318 9 58082318 0.000197928314853377
S9_58082663 9 58086663 0.000338724046025087
S9_58085785 9 58089785 0.000618817774089816
S9_58100824 9 58104824 0.000162520834649674
S9_58109573 9 58113573 0.000764917404539516
S9_58110006 9 58114006 0.000704360908978139
S9_58123980 9 58127980 0.000827916508153145
S9_58128062 9 58132062 6.85346421240739e-05
S9_58149513 9 58153513 0.000926962001870473
S9_58149528 9 58153528 0.000926962001870473
S9_58186786 9 58190786 0.00054878716944241
S9_58186799 9 58190799 0.00054878716944241
S9_58188167 9 58192167 0.000177004328756637
S9_58188224 9 58192224 0.000510775328391574
S9_58201075 9 58205075 2.87334590522756e-05
S9_58201528 9 58205528 2.86567267675989e-05
S9_58201638 9 58205638 1.38884149766043e-05
S9_58215030 9 58219030 0.000136930502588019
S9_58217102 9 58221102 6.96924196262779e-05
S9_58241971 9 58245971 0.000669174897841893
S9_58286429 9 58290429 0.000578943075343983
S9_58353531 9 58357531 0.000281747637415348
S9_58468124 9 58472124 0.000485411691347542
S9_58469724 9 58473724 1.75650889323003e-05
S9_58469754 9 58473754 5.00753856991539e-05
S9_58469771 9 58473771 5.00753856991539e-05
S9_58469834 9 58473834 7.11895895637783e-05
S9_58469981 9 58473981 1.35652516469419e-06
S9_58471593 9 58475593 0.000251762951631867
S9_58471702 9 58475702 6.78872981389487e-05
S9_58471798 9 58475798 0.000108491671686763
S9_58471840 9 58475840 0.000845448978887602
S9_58474391 9 58478391 9.11495097160342e-05
S9_58496819 9 58500819 0.000645769280015266
S9_58542148 9 58546148 2.09798941707551e-05
S9_58570449 9 58574449 0.000444701622848483
S9_58659331 9 58663331 1.52707855244165e-06
S9_58672359 9 58676359 0.000609233867337164
S9_58690655 9 58694655 0.000457595041169346
S9_58703646 9 58707646 0.00050523997211319
S9_58703690 9 58707690 0.00050523997211319
S9_58715133 9 58719133 5.88775226959907e-05
S9_58718700 9 58722700 6.81608001265397e-06
S9_58718701 9 58722701 1.11975867002176e-05
S9_58726387 9 58730387 0.000465515461029088
S9_58738913 9 58742913 0.000499646144037473
S9_58738922 9 58742922 0.000279327717324743
S9_58757062 9 58761062 0.000153992818966959
S9_58757247 9 58761247 1.58138162296353e-07
S9_58757282 9 58761282 2.10881541991837e-07
S9_58860261 9 58864261 0.000142480633585082
S9_58966257 9 58970257 0.000744014439288636
S9_59068023 9 59072023 0.000129022000528657
S9_59139266 9 59143266 0.000610015587715183
S9_59290317 9 59294317 6.56767369276599e-05
S9_59291438 9 59295438 0.000235793272482494
S9_59331322 9 59335322 0.000388422665462329
S9_59332283 9 59336283 0.000518120949828993
S9_59333870 9 59337870 0.000479274352809898
S9_59408335 9 59412335 0.000144719057343842
S9_59543759 9 59547759 0.000422182917081876
