Marker Chr Pos p
S5_56517 5 60517 9.639848127309e-06
S5_66836 5 70836 5.02822477902598e-06
S5_69235 5 73235 0.00091263130111003
S5_86852 5 90852 3.36506783171555e-06
S5_197332 5 201332 0.000414680676688956
S5_212880 5 216880 0.000521025832073778
S5_362585 5 366585 0.00051401686895096
S5_371613 5 375613 0.000114653582665386
S5_381379 5 385379 0.00014760971112152
S5_446173 5 450173 6.33536057094249e-05
S5_446174 5 450174 6.33536057094249e-05
S5_447577 5 451577 0.00029651732398351
S5_447610 5 451610 0.00029651732398351
S5_447886 5 451886 0.000409359008969363
S5_465439 5 469439 0.000198211544673749
S5_466308 5 470308 0.000572567698482584
S5_576532 5 580532 0.00065808464476037
S5_576551 5 580551 0.000272174838124341
S5_731922 5 735922 0.000250070737972763
S5_732194 5 736194 0.00011263821257509
S5_1122921 5 1126921 0.000294535447949714
S5_1123212 5 1127212 1.00529331643727e-07
S5_1123239 5 1127239 1.00529331643727e-07
S5_1123271 5 1127271 2.52208852568824e-06
S5_1123323 5 1127323 0.000456878741855692
S5_1123329 5 1127329 0.000456878741855692
S5_1449327 5 1453327 9.34690337136465e-05
S5_1546031 5 1550031 0.000599310343837927
S5_1546302 5 1550302 0.000305259035252525
S5_1546477 5 1550477 0.000178901173800472
S5_1549414 5 1553414 1.62919699877522e-05
S5_1560816 5 1564816 0.000167696751784912
S5_1560817 5 1564817 5.17031458333183e-05
S5_1561256 5 1565256 0.000644875113463269
S5_1561271 5 1565271 0.000596943721468103
S5_1579470 5 1583470 0.000297820729425356
S5_1579714 5 1583714 4.91451688378021e-05
S5_1586315 5 1590315 1.78492435745928e-05
S5_1604833 5 1608833 0.000441617438145372
S5_1604944 5 1608944 0.000186431755189782
S5_1604945 5 1608945 0.000186431755189782
S5_1611375 5 1615375 3.80571921052086e-07
S5_1611449 5 1615449 0.000187811101492181
S5_1612550 5 1616550 4.21139244483104e-06
S5_1612603 5 1616603 0.000376781991708356
S5_1613338 5 1617338 3.51727967507618e-05
S5_1645231 5 1649231 0.000249597928623396
S5_1645253 5 1649253 0.000249597928623396
S5_1646053 5 1650053 0.000366410291366923
S5_1649193 5 1653193 0.000292615549972444
S5_1649273 5 1653273 3.19727274548379e-05
S5_1649353 5 1653353 3.14679291106772e-05
S5_1649374 5 1653374 3.14679291106772e-05
S5_1683324 5 1687324 0.000774483066753405
S5_1802499 5 1806499 0.000630285153041141
S5_1857533 5 1861533 8.39732731237538e-08
S5_1916759 5 1920759 0.000561326576215181
S5_1916761 5 1920761 0.000561326576215181
S5_1927929 5 1931929 4.55741265062059e-06
S5_1939098 5 1943098 3.29260682153262e-07
S5_1939104 5 1943104 3.29260682153262e-07
S5_1939213 5 1943213 4.89983156090902e-05
S5_1948839 5 1952839 0.000134292223565665
S5_2005535 5 2009535 1.02108642980061e-06
S5_2013607 5 2017607 7.28870767333649e-05
S5_2027328 5 2031328 1.58019751610641e-06
S5_2082752 5 2086752 0.000292005832521634
S5_2083128 5 2087128 0.000230756302887909
S5_2101165 5 2105165 0.000253205478686486
S5_2186414 5 2190414 0.000213119021527169
S5_2250513 5 2254513 4.17098557760887e-08
S5_2250515 5 2254515 4.17098557760887e-08
S5_2250517 5 2254517 4.17098557760887e-08
S5_2250518 5 2254518 4.17098557760887e-08
S5_2250520 5 2254520 4.17098557760887e-08
S5_2250827 5 2254827 0.000160547962548281
S5_2255147 5 2259147 2.74948764951035e-05
S5_2270982 5 2274982 0.000732328735826455
S5_2408790 5 2412790 0.000274956830589975
S5_2410727 5 2414727 0.000119508656018021
S5_2410729 5 2414729 0.000119508656018021
S5_2692432 5 2696432 0.000337151231807199
S5_2704115 5 2708115 0.000400252641097333
S5_2704139 5 2708139 0.000568448630205884
S5_2704254 5 2708254 0.000908618413848288
S5_2705713 5 2709713 2.58757801950739e-06
S5_2705718 5 2709718 2.61080713074899e-06
S5_2707687 5 2711687 0.000841759516341342
S5_2717774 5 2721774 0.000547569813124085
S5_2717778 5 2721778 0.000547569813124085
S5_2903692 5 2907692 1.1324501146039e-05
S5_2933124 5 2937124 3.42101731358036e-05
S5_2939229 5 2943229 7.74196249781168e-05
S5_2939230 5 2943230 7.74196249781226e-05
S5_3000100 5 3004100 9.61969210780072e-05
S5_3016388 5 3020388 0.000509478338269469
S5_3023169 5 3027169 0.000756202134463678
S5_3051480 5 3055480 5.65701725184812e-05
S5_3051492 5 3055492 5.65701725184812e-05
S5_3079216 5 3083216 0.00039303983863928
S5_3079243 5 3083243 8.35338560287338e-05
S5_3158125 5 3162125 0.000569021099627673
S5_3231880 5 3235880 0.000699566399743978
S5_3266109 5 3270109 0.00076514386917603
S5_3440531 5 3444531 0.00026998565246693
S5_3690476 5 3694476 0.000123767760581057
S5_3690482 5 3694482 0.000123767760581057
S5_3709100 5 3713100 0.000349002217245505
S5_3709125 5 3713125 0.000304529386753808
S5_3721763 5 3725763 0.000579918406916627
S5_3723707 5 3727707 3.00454550558486e-05
S5_3724645 5 3728645 1.65736302949169e-05
S5_3724647 5 3728647 0.000119871431530524
S5_3727313 5 3731313 0.000126321284009914
S5_3744614 5 3748614 0.000786147738849165
S5_3767316 5 3771316 0.000385281541686369
S5_3773488 5 3777488 0.000162236718429002
S5_3773556 5 3777556 0.000914905617574999
S5_3773618 5 3777618 0.000113895311786724
S5_3773625 5 3777625 0.000115370447421183
S5_3773711 5 3777711 2.35279548087233e-05
S5_3774534 5 3778534 5.14113525074669e-06
S5_3774548 5 3778548 1.51477993361914e-06
S5_3774550 5 3778550 1.63229668414644e-06
S5_3835636 5 3839636 0.000779708364701873
S5_3835637 5 3839637 0.000779708364701873
S5_3841127 5 3845127 0.000981938857831346
S5_3857497 5 3861497 0.000622886275638081
S5_3922594 5 3926594 0.000263425654932223
S5_4063453 5 4067453 4.50040010136097e-07
S5_4100121 5 4104121 1.96773895719676e-05
S5_4102985 5 4106985 1.27161007774662e-06
S5_4126979 5 4130979 0.000402138215704667
S5_4167351 5 4171351 0.000125818638874941
S5_4167392 5 4171392 0.000379736968907267
S5_4240484 5 4244484 1.03268246861467e-06
S5_4254735 5 4258735 0.000302500969475163
S5_4255856 5 4259856 2.07253366880907e-06
S5_4546899 5 4550899 0.000113380453339116
S5_4734784 5 4738784 6.35194684386653e-05
S5_4734796 5 4738796 5.0278072023498e-05
S5_4734814 5 4738814 0.000141997482598837
S5_4755773 5 4759773 0.000594862256972598
S5_4760138 5 4764138 0.000144746122767876
S5_4760139 5 4764139 0.000162633229368088
S5_4766666 5 4770666 1.72777854975441e-05
S5_4812008 5 4816008 0.000647939089508108
S5_4813048 5 4817048 0.000941755448765308
S5_4815748 5 4819748 9.73411933165905e-07
S5_5112955 5 5116955 0.00044718398945735
S5_5159914 5 5163914 0.000548744605685224
S5_5159964 5 5163964 0.000548744605685224
S5_5164286 5 5168286 0.000240589214562701
S5_5273644 5 5277644 0.000160056864242424
S5_5306377 5 5310377 0.000541489506717882
S5_5316209 5 5320209 0.000588321559091828
S5_5349918 5 5353918 0.000657495065930932
S5_5364527 5 5368527 0.000344564543379594
S5_5370442 5 5374442 0.000970036830014993
S5_5372912 5 5376912 0.00060290820948654
S5_5556614 5 5560614 0.000509190783029142
S5_5557019 5 5561019 2.63766459559518e-05
S5_5687635 5 5691635 2.42700990464093e-05
S5_5687683 5 5691683 8.72157623886519e-06
S5_5687908 5 5691908 4.91813339620249e-06
S5_5687925 5 5691925 7.69061759364588e-05
S5_5687927 5 5691927 7.69061759364588e-05
S5_5689978 5 5693978 2.06339330706948e-05
S5_5768278 5 5772278 7.69861816524295e-05
S5_5768280 5 5772280 1.47070955028228e-05
S5_5768281 5 5772281 5.66912864739326e-05
S5_5768282 5 5772282 1.47070955028228e-05
S5_5772374 5 5776374 7.64696656031814e-05
S5_5775648 5 5779648 4.70233307578296e-06
S5_5786766 5 5790766 9.10639425008288e-06
S5_5788918 5 5792918 1.08732460476199e-05
S5_5795111 5 5799111 1.4788095103683e-05
S5_5795364 5 5799364 0.000165831523785674
S5_5819737 5 5823737 0.00062318002739892
S5_5819743 5 5823743 0.000845382061980041
S5_5819989 5 5823989 2.41475841002503e-09
S5_5820036 5 5824036 3.97034945779339e-08
S5_5820168 5 5824168 0.000396325157402444
S5_5820219 5 5824219 0.00040466788245064
S5_5841115 5 5845115 0.000632922965972258
S5_5846073 5 5850073 7.90240377861827e-05
S5_5846094 5 5850094 0.000107350572838278
S5_5846130 5 5850130 7.0459764274121e-05
S5_5890243 5 5894243 0.000187274221040075
S5_5917551 5 5921551 0.000361673985602195
S5_5933490 5 5937490 0.000483420602873989
S5_5948552 5 5952552 0.000124457600118116
S5_5961654 5 5965654 0.000105150681415761
S5_5961687 5 5965687 0.000935300183837221
S5_6094965 5 6098965 5.48584646906596e-05
S5_6094966 5 6098966 5.48584646906596e-05
S5_6112807 5 6116807 1.5436606356141e-05
S5_6112823 5 6116823 2.41372019049641e-05
S5_6113059 5 6117059 0.000110848010327347
S5_6116687 5 6120687 0.000210997411829025
S5_6117630 5 6121630 0.000101166672654632
S5_6185535 5 6189535 0.000184106417449219
S5_6230227 5 6234227 0.000111056820882677
S5_6230238 5 6234238 0.000124444625364121
S5_6279144 5 6283144 0.000155011983778288
S5_6285287 5 6289287 0.000367780963205822
S5_6287376 5 6291376 0.000216152306843171
S5_6403469 5 6407469 0.000488265842786147
S5_6403587 5 6407587 0.000132280246893688
S5_6889236 5 6893236 0.000478084390431302
S5_6958568 5 6962568 0.00075049741614027
S5_6958605 5 6962605 0.000450264652283964
S5_7170272 5 7174272 0.000364976280099048
S5_7176527 5 7180527 0.000812318262674246
S5_7189220 5 7193220 8.60844681064341e-06
S5_7194283 5 7198283 0.00063682676254976
S5_7194284 5 7198284 0.000169928608499782
S5_7252853 5 7256853 2.94668255769556e-05
S5_7279185 5 7283185 1.23148127165275e-05
S5_7287305 5 7291305 5.10891102902737e-05
S5_7296187 5 7300187 4.3346094035684e-05
S5_7296188 5 7300188 4.3346094035681e-05
S5_7296192 5 7300192 3.29916956983049e-05
S5_7296194 5 7300194 4.3346094035681e-05
S5_7426093 5 7430093 3.32291398508027e-05
S5_7426116 5 7430116 3.32291398507976e-05
S5_7426136 5 7430136 5.60093875640227e-05
S5_7439146 5 7443146 0.000688678092605098
S5_7473270 5 7477270 0.000687063082622273
S5_7518566 5 7522566 2.9386441176991e-05
S5_7622943 5 7626943 5.28711593785602e-05
S5_7746330 5 7750330 3.33686608309001e-06
S5_7766001 5 7770001 5.74763302213607e-05
S5_7771130 5 7775130 1.10704713743055e-08
S5_7771173 5 7775173 1.10704713743055e-08
S5_7771213 5 7775213 6.98796949596294e-07
S5_7780827 5 7784827 2.94281226507498e-05
S5_7780965 5 7784965 0.000111179378970097
S5_7803171 5 7807171 0.00099714389070062
S5_7803889 5 7807889 0.00029538109848274
S5_7803919 5 7807919 0.00029538109848274
S5_7803932 5 7807932 0.000211417881385128
S5_7819182 5 7823182 8.23382735854247e-05
S5_7819275 5 7823275 0.00028909017250511
S5_7821936 5 7825936 0.000143958173207988
S5_7828628 5 7832628 4.93133263009876e-09
S5_7883978 5 7887978 0.000146642109628027
S5_7940599 5 7944599 0.00040251930166571
S5_8003633 5 8007633 4.5645193915267e-05
S5_8004234 5 8008234 2.01715153459505e-06
S5_8005223 5 8009223 1.61732391882645e-05
S5_8076929 5 8080929 4.36366285125498e-05
S5_8085574 5 8089574 3.06311102843592e-07
S5_8132502 5 8136502 0.000633300070018802
S5_8141063 5 8145063 0.000685769754054709
S5_8174373 5 8178373 0.00026037599518255
S5_8174398 5 8178398 0.00026037599518255
S5_8238249 5 8242249 0.000393676818069334
S5_8308212 5 8312212 0.000863686919497581
S5_8313489 5 8317489 0.000457701614196205
S5_8316257 5 8320257 0.00016795949660131
S5_8317075 5 8321075 0.000289654931186767
S5_8375102 5 8379102 0.000863703732655921
S5_8385266 5 8389266 0.000685265967571537
S5_8385333 5 8389333 0.000584220164492307
S5_8404383 5 8408383 1.92104252614464e-05
S5_8463812 5 8467812 5.72676585525156e-05
S5_8488213 5 8492213 0.000184603554283296
S5_8530710 5 8534710 0.000839495824635403
S5_8745803 5 8749803 3.55740632032268e-05
S5_8748390 5 8752390 0.000491421342965149
S5_8755351 5 8759351 1.75614931718419e-06
S5_8755363 5 8759363 3.38203606827522e-06
S5_8755418 5 8759418 1.72890201291232e-05
S5_8755602 5 8759602 2.27006958670216e-06
S5_8755628 5 8759628 2.27006958670216e-06
S5_8767604 5 8771604 5.43636831638096e-06
S5_8778381 5 8782381 5.39093650497693e-05
S5_8816551 5 8820551 1.1580459455331e-06
S5_8816561 5 8820561 0.000479759312595207
S5_8826216 5 8830216 8.23997482564262e-05
S5_8829458 5 8833458 0.000178286803083863
S5_8829545 5 8833545 7.12044878089142e-05
S5_8833048 5 8837048 7.2454984429124e-06
S5_8833718 5 8837718 0.000263273942191587
S5_8835451 5 8839451 1.81610725992286e-05
S5_8854856 5 8858856 0.00033225016025729
S5_8857118 5 8861118 0.000384942011088307
S5_8884940 5 8888940 0.00034108245965918
S5_8926692 5 8930692 0.000211337225522195
S5_8949193 5 8953193 0.000505534191447435
S5_8957865 5 8961865 2.91003714379188e-05
S5_9047191 5 9051191 5.64181336759115e-05
S5_9087963 5 9091963 0.0005012660833777
S5_9307319 5 9311319 3.69913828000125e-06
S5_9347980 5 9351980 0.000180993796616167
S5_9348586 5 9352586 0.000480677205919424
S5_9395422 5 9399422 4.31774096888838e-05
S5_9395440 5 9399440 0.000173749633498153
S5_9481137 5 9485137 0.000103241080142548
S5_9484238 5 9488238 0.000194909691172113
S5_9500322 5 9504322 7.13012548818913e-05
S5_9502758 5 9506758 3.80901317489367e-05
S5_9535256 5 9539256 1.46590213818313e-08
S5_9546382 5 9550382 0.000871219573635581
S5_9550991 5 9554991 0.000397037898614505
S5_9588972 5 9592972 9.39831302951408e-07
S5_9589318 5 9593318 2.28292941632467e-06
S5_9589319 5 9593319 2.26156110416897e-06
S5_9589469 5 9593469 6.51429479893405e-08
S5_9589705 5 9593705 0.000543235507491581
S5_9589888 5 9593888 0.000346122714827605
S5_9589890 5 9593890 0.000346122714827605
S5_9616101 5 9620101 5.73307149100761e-08
S5_9658340 5 9662340 0.000183269870552247
S5_9658444 5 9662444 1.72993237167017e-05
S5_9658493 5 9662493 2.53013420428636e-05
S5_9726707 5 9730707 8.25241296492167e-06
S5_9726847 5 9730847 0.000237181625421779
S5_9726854 5 9730854 9.01780208611284e-05
S5_9726856 5 9730856 4.7317915417304e-06
S5_9726857 5 9730857 1.44703043083203e-09
S5_9726858 5 9730858 1.22906130006438e-06
S5_9726859 5 9730859 4.68208249595952e-06
S5_9728427 5 9732427 3.02525263435084e-08
S5_9728485 5 9732485 0.00080289545751126
S5_9728631 5 9732631 0.00029166037454021
S5_9743093 5 9747093 0.000315315691274781
S5_9743347 5 9747347 7.94725915222971e-05
S5_9743521 5 9747521 1.98000047232322e-05
S5_9755909 5 9759909 2.14228302573895e-05
S5_9756092 5 9760092 5.88974690097671e-07
S5_9778118 5 9782118 0.000151226096019824
S5_9834366 5 9838366 0.000264101984760116
S5_9838324 5 9842324 0.000934681294005857
S5_9841846 5 9845846 0.000544100344981465
S5_9851209 5 9855209 0.000161433614997984
S5_9853502 5 9857502 0.000732338555621919
S5_9853675 5 9857675 0.000115569172742712
S5_9855135 5 9859135 9.83723102316789e-05
S5_9855321 5 9859321 0.000935973281759418
S5_9856510 5 9860510 8.12468003264191e-05
S5_9856969 5 9860969 0.000953558424500233
S5_9864992 5 9868992 0.0002509813671662
S5_9880310 5 9884310 0.0003146732832537
S5_9942368 5 9946368 0.000366366010577872
S5_9942488 5 9946488 0.000217568385608684
S5_10008367 5 10012367 0.0006705028422303
S5_10064230 5 10068230 9.98434810890879e-06
S5_10107939 5 10111939 0.000208562526671972
S5_10119687 5 10123687 1.91433809275633e-05
S5_10119688 5 10123688 1.90910093710377e-05
S5_10150774 5 10154774 7.03501732816594e-06
S5_10150853 5 10154853 9.33517813978711e-05
S5_10151250 5 10155250 3.08202898602603e-05
S5_10151257 5 10155257 1.93478081357819e-05
S5_10151347 5 10155347 5.48357050821824e-05
S5_10151352 5 10155352 5.48357050821824e-05
S5_10151356 5 10155356 5.48357050821824e-05
S5_10151661 5 10155661 3.59423968496307e-05
S5_10151682 5 10155682 2.75108082230118e-05
S5_10151715 5 10155715 2.0886592268416e-05
S5_10151740 5 10155740 1.6537751333853e-05
S5_10151761 5 10155761 2.60309033566144e-05
S5_10216392 5 10220392 0.000168967223665638
S5_10254951 5 10258951 1.57134336214033e-07
S5_10326928 5 10330928 2.4883284498649e-07
S5_10351587 5 10355587 5.51612134477467e-06
S5_10359389 5 10363389 4.90944477073329e-07
S5_10581593 5 10585593 0.000763014775586196
S5_11185203 5 11189203 0.000285397736981353
S5_11185966 5 11189966 0.000308666697606866
S5_11191582 5 11195582 0.000151341234489411
S5_11192533 5 11196533 5.85350924603794e-05
S5_11194063 5 11198063 0.000134860335708036
S5_11195504 5 11199504 0.000232439246799522
S5_11239577 5 11243577 0.000221996207482705
S5_11240043 5 11244043 5.9131220900021e-05
S5_11244551 5 11248551 0.000935440078656173
S5_11251153 5 11255153 9.49082458531616e-05
S5_11256715 5 11260715 0.000894210208899789
S5_11264019 5 11268019 5.40748727994045e-05
S5_11264055 5 11268055 0.000962936497904823
S5_11264509 5 11268509 2.51944025215885e-05
S5_11265221 5 11269221 0.000225301304673047
S5_11307529 5 11311529 2.72911481707329e-05
S5_11320414 5 11324414 0.000598633517122108
S5_11320422 5 11324422 0.000559910721279856
S5_11320432 5 11324432 0.000718339422739318
S5_11329200 5 11333200 0.000415743899890399
S5_11470435 5 11474435 0.000117016551881619
S5_11479883 5 11483883 0.000110156842289975
S5_11556057 5 11560057 5.36237323408739e-06
S5_11556058 5 11560058 5.36237323408739e-06
S5_11559563 5 11563563 0.000407303627576256
S5_11584701 5 11588701 0.000282267170979833
S5_11593106 5 11597106 3.2340842230478e-06
S5_11646750 5 11650750 3.8400920839396e-06
S5_11653918 5 11657918 0.00017653606717934
S5_11653927 5 11657927 0.000672243947766373
S5_11653939 5 11657939 0.000672243947766238
S5_11670784 5 11674784 4.66778713734906e-05
S5_11722971 5 11726971 8.45260801079391e-05
S5_11725842 5 11729842 1.16498923497556e-06
S5_11726239 5 11730239 0.000983746278341306
S5_11733617 5 11737617 6.85144395074364e-05
S5_11740007 5 11744007 4.65004066708534e-05
S5_11742795 5 11746795 0.000114314385513579
S5_11742852 5 11746852 3.83093330802108e-05
S5_11742853 5 11746853 4.06606754301955e-05
S5_11751126 5 11755126 1.90467981094795e-05
S5_11771185 5 11775185 9.40801982865517e-08
S5_11808537 5 11812537 7.08179710235881e-07
S5_11810496 5 11814496 6.88228062758097e-06
S5_11831962 5 11835962 1.14381623398872e-06
S5_11837024 5 11841024 2.14706151356964e-05
S5_11837038 5 11841038 2.14706151356995e-05
S5_11937033 5 11941033 9.14632451376072e-06
S5_11937163 5 11941163 0.000379620423685242
S5_11937196 5 11941196 0.000106625463597427
S5_11944056 5 11948056 9.63992875944178e-07
S5_11944086 5 11948086 0.000148279001694555
S5_11944126 5 11948126 6.40765573359324e-08
S5_11947249 5 11951249 0.000598135274654344
S5_11947259 5 11951259 5.2525245261646e-05
S5_11947260 5 11951260 5.2525245261646e-05
S5_11947261 5 11951261 5.2525245261646e-05
S5_11947262 5 11951262 5.2525245261646e-05
S5_11958379 5 11962379 0.000819624275095168
S5_11973793 5 11977793 0.000672548814971856
S5_12086243 5 12090243 0.000562399903608592
S5_12241776 5 12245776 0.000134454905919796
S5_12294872 5 12298872 5.18680940399364e-06
S5_12310011 5 12314011 0.000120969419404884
S5_12324954 5 12328954 1.24915275402934e-05
S5_12325289 5 12329289 2.23161086273395e-06
S5_12347813 5 12351813 0.00030197291438059
S5_12384862 5 12388862 4.33486751180559e-05
S5_12426094 5 12430094 1.61161246861145e-05
S5_12426102 5 12430102 1.61161246861145e-05
S5_12426127 5 12430127 1.61161246861145e-05
S5_12427697 5 12431697 0.000956575175619182
S5_12429925 5 12433925 3.43491765062815e-05
S5_12438401 5 12442401 0.000975045671949083
S5_12438411 5 12442411 0.00023030316643793
S5_12447560 5 12451560 6.879439007993e-05
S5_12458431 5 12462431 6.70889883481061e-06
S5_12468428 5 12472428 3.67986601505773e-05
S5_12509466 5 12513466 0.000454081346252687
S5_12509468 5 12513468 0.000454081346252687
S5_12612213 5 12616213 2.35176957043588e-05
S5_12628370 5 12632370 2.460911584038e-05
S5_12677391 5 12681391 5.70881356847254e-05
S5_12677874 5 12681874 2.6445007606232e-09
S5_12677878 5 12681878 5.76833163389714e-05
S5_12749449 5 12753449 4.39425934334785e-05
S5_12756592 5 12760592 0.000830977424693491
S5_12840098 5 12844098 0.000281777124756369
S5_12856387 5 12860387 2.49307667796404e-05
S5_12858499 5 12862499 6.84781858311715e-05
S5_12883545 5 12887545 0.000861678442813802
S5_12887125 5 12891125 8.08799597102394e-06
S5_12934269 5 12938269 4.40113176526262e-06
S5_12968263 5 12972263 1.37226022636975e-05
S5_12977235 5 12981235 0.000592352737570462
S5_12977313 5 12981313 3.87593193550979e-05
S5_12998032 5 13002032 1.85426604924586e-05
S5_12998038 5 13002038 7.20602326777533e-06
S5_12998053 5 13002053 4.46713550897829e-06
S5_12998348 5 13002348 0.000253314947874219
S5_12999877 5 13003877 0.000176416917971641
S5_13655757 5 13659757 0.000471824080273582
S5_13746359 5 13750359 0.000101584240516753
S5_15895431 5 15899431 0.000751872176345898
S5_16190546 5 16194546 3.50178346417464e-06
S5_16190551 5 16194551 0.000604520240157745
S5_16194394 5 16198394 0.000507906207133074
S5_16977882 5 16981882 0.000964124916874937
S5_18223019 5 18227019 0.000838296355278541
S5_18223280 5 18227280 0.000179780249738971
S5_18601274 5 18605274 0.000311986666798255
S5_18946770 5 18950770 0.000305999452014255
S5_19507719 5 19511719 0.000482721719878716
S5_19672545 5 19676545 0.000358254164943097
S5_20038520 5 20042520 0.000149676856428832
S5_20753689 5 20757689 0.000173544625761451
S5_21116279 5 21120279 0.000217664896246612
S5_22739335 5 22743335 0.00038182411692913
S5_22739336 5 22743336 0.000594260240715552
S5_23638930 5 23642930 0.000239983604150335
S5_24147827 5 24151827 0.000159745529598983
S5_24147828 5 24151828 0.000210977278290877
S5_24223524 5 24227524 0.000309911717426079
S5_24731387 5 24735387 2.20978633030814e-05
S5_24979083 5 24983083 0.000176751406696102
S5_25059901 5 25063901 0.000508605441966872
S5_25491427 5 25495427 2.33293796463608e-05
S5_25496706 5 25500706 1.85539954570961e-05
S5_25551406 5 25555406 0.000290749565982237
S5_25582238 5 25586238 0.000692454125140324
S5_25582714 5 25586714 0.000167916780264517
S5_25996223 5 26000223 0.000206468175859426
S5_26199866 5 26203866 0.000583375379764325
S5_26467885 5 26471885 0.000110039389305983
S5_26487025 5 26491025 0.000347681919091066
S5_26558593 5 26562593 0.000495755495994517
S5_26688493 5 26692493 0.000976750052002273
S5_26747617 5 26751617 3.0903793087484e-05
S5_26867641 5 26871641 0.000442013720383732
S5_26974853 5 26978853 0.000152453986057879
S5_27031963 5 27035963 5.4703755861034e-06
S5_27032723 5 27036723 6.83943909463248e-06
S5_27032860 5 27036860 1.4598098499826e-06
S5_27032963 5 27036963 1.5470148257195e-05
S5_27174380 5 27178380 0.000170816093833563
S5_27185954 5 27189954 1.98281677151159e-05
S5_27187445 5 27191445 0.000894795471636052
S5_27187769 5 27191769 1.25443465991051e-05
S5_27209910 5 27213910 0.000102907284723287
S5_27316048 5 27320048 0.000171968297958978
S5_27324445 5 27328445 0.000268694623741312
S5_27356237 5 27360237 8.23000447436981e-05
S5_27545424 5 27549424 3.33087357340119e-05
S5_27746856 5 27750856 0.00014989063242795
S5_28621718 5 28625718 0.000111299558594141
S5_28975685 5 28979685 0.000413323646882919
S5_29542885 5 29546885 3.15912888605638e-05
S5_29609453 5 29613453 0.000142343840894041
S5_30151544 5 30155544 0.000257945859287398
S5_30478007 5 30482007 0.000442099518313559
S5_31262925 5 31266925 0.000772154954998883
S5_31345836 5 31349836 0.000235043519251706
S5_32102493 5 32106493 0.000653556407780066
S5_32102624 5 32106624 0.000179351443658162
S5_32106506 5 32110506 7.66564870294184e-05
S5_32581610 5 32585610 0.000974999093090166
S5_32872061 5 32876061 0.000104832433754076
S5_33672118 5 33676118 6.36185240666239e-05
S5_33821096 5 33825096 7.60085968902284e-05
S5_34241498 5 34245498 3.17105192718382e-05
S5_34241537 5 34245537 0.000901027968302879
S5_35437438 5 35441438 2.80313504207025e-05
S5_35702313 5 35706313 0.000557239254604548
S5_38403199 5 38407199 7.82010443568155e-05
S5_40960133 5 40964133 7.44094984272014e-07
S5_40960134 5 40964134 7.40550420828976e-07
S5_40960136 5 40964136 1.06245637611434e-06
S5_40977402 5 40981402 8.23624594519801e-05
S5_40978891 5 40982891 3.38011271932685e-09
S5_40978952 5 40982952 5.89342731614915e-07
S5_40991054 5 40995054 1.96850765902265e-05
S5_40993225 5 40997225 6.93893037271903e-06
S5_40993226 5 40997226 2.19259783905101e-06
S5_41047514 5 41051514 1.09455555552953e-07
S5_41047943 5 41051943 3.30873666774062e-05
S5_41048026 5 41052026 1.38317043395871e-05
S5_41048105 5 41052105 5.13340518792992e-05
S5_41048828 5 41052828 2.85691887399669e-06
S5_41050369 5 41054369 4.43971300413762e-05
S5_41050373 5 41054373 2.61419217076217e-05
S5_41050384 5 41054384 2.61419217076217e-05
S5_41050433 5 41054433 1.34794337110141e-05
S5_41050725 5 41054725 3.3343017280835e-05
S5_41050730 5 41054730 3.33430172808411e-05
S5_41050757 5 41054757 3.33430172808411e-05
S5_41089446 5 41093446 0.00079269446125256
S5_41089449 5 41093449 0.000209521656994182
S5_41091524 5 41095524 2.09681069458381e-07
S5_41091552 5 41095552 5.10609463244314e-06
S5_41091568 5 41095568 5.10609463244314e-06
S5_41091602 5 41095602 5.51209093948981e-06
S5_41128542 5 41132542 2.46430126680426e-07
S5_41136612 5 41140612 3.32858782435336e-08
S5_41149122 5 41153122 1.06342829508221e-06
S5_41162338 5 41166338 5.3971609528812e-07
S5_41162375 5 41166375 1.47983007773407e-08
S5_41163607 5 41167607 1.89873942889687e-06
S5_41163608 5 41167608 1.89873942889687e-06
S5_41163617 5 41167617 1.89873942889687e-06
S5_41165046 5 41169046 0.000162067002274331
S5_41212676 5 41216676 0.000960513806215796
S5_41326659 5 41330659 0.000101479908097624
S5_41447192 5 41451192 0.00010154270719498
S5_41447207 5 41451207 0.00010154270719498
S5_41447485 5 41451485 0.000651660557590255
S5_41447522 5 41451522 0.000542422599427428
S5_41454884 5 41458884 0.000387077359773614
S5_41455754 5 41459754 0.0001102556816158
S5_41488756 5 41492756 3.95723551855436e-05
S5_41488814 5 41492814 0.00019263352194243
S5_41488825 5 41492825 0.000139235657822368
S5_41488852 5 41492852 0.00019263352194243
S5_41488997 5 41492997 9.48163838195377e-06
S5_41530841 5 41534841 0.000212913105045104
S5_41591299 5 41595299 0.000645393361924842
S5_41675387 5 41679387 0.000566405789282187
S5_41675498 5 41679498 0.000537610624336319
S5_41684822 5 41688822 0.000172351467591961
S5_41701419 5 41705419 0.00097211176698676
S5_41781203 5 41785203 6.52361552296736e-05
S5_41903947 5 41907947 0.000253438369384325
S5_41904000 5 41908000 0.000253438369384325
S5_42087546 5 42091546 0.000791286347164708
S5_42246283 5 42250283 0.000115845895386922
S5_42262801 5 42266801 0.000924798019947638
S5_42691254 5 42695254 0.000471639481534609
S5_43113203 5 43117203 0.000694370114059948
S5_43141378 5 43145378 0.000438914982714512
S5_43165718 5 43169718 0.0003863856603277
S5_43225396 5 43229396 0.000121212477903864
S5_43329113 5 43333113 2.57829910855446e-07
S5_43473385 5 43477385 0.000733501850549385
S5_43521570 5 43525570 0.000776141212648686
S5_43704505 5 43708505 0.000311772935751889
S5_43758006 5 43762006 0.000738310552931375
S5_43761952 5 43765952 0.000414033401716186
S5_43828576 5 43832576 4.08078751858436e-05
S5_44057147 5 44061147 0.00066120245413978
S5_44057174 5 44061174 0.00066120245413978
S5_44086372 5 44090372 0.000528607911397643
S5_44131668 5 44135668 5.73961434342396e-07
S5_44131867 5 44135867 0.000333146097656177
S5_44319692 5 44323692 0.000906931266223691
S5_44390330 5 44394330 6.65273120139336e-05
S5_44395496 5 44399496 0.000425519723424849
S5_44526207 5 44530207 9.22675528790961e-05
S5_44534475 5 44538475 4.3125473409301e-05
S5_44543398 5 44547398 4.96972616424055e-06
S5_44545165 5 44549165 1.03440804438113e-05
S5_44545167 5 44549167 4.2683525470065e-06
S5_44605834 5 44609834 0.000769983514827755
S5_44992135 5 44996135 6.75166865609873e-06
S5_45163684 5 45167684 0.000261181528182618
S5_45163802 5 45167802 0.000106219931271573
S5_45173277 5 45177277 2.35992199220524e-05
S5_45173322 5 45177322 4.97664121823309e-08
S5_45221079 5 45225079 1.19100644603461e-05
S5_45230243 5 45234243 1.75596785666527e-07
S5_45230244 5 45234244 1.75596785666596e-07
S5_45245009 5 45249009 2.71095975249212e-05
S5_45245011 5 45249011 2.71095975249257e-05
S5_45595751 5 45599751 0.000975960009407374
S5_45595848 5 45599848 5.71384987618922e-06
S5_45595857 5 45599857 5.71384987618922e-06
S5_45674263 5 45678263 3.35150963144627e-06
S5_45693205 5 45697205 0.000196093517653157
S5_45693403 5 45697403 5.8442841735738e-07
S5_45693424 5 45697424 5.8442841735738e-07
S5_45701149 5 45705149 1.31782364968616e-05
S5_45737061 5 45741061 0.000682669139514928
S5_45807058 5 45811058 0.000484325758066584
S5_45937944 5 45941944 0.000378450921024303
S5_46083923 5 46087923 0.0002114819815834
S5_46092018 5 46096018 0.000658632674009532
S5_46092029 5 46096029 0.000321093072610127
S5_46261623 5 46265623 0.000996167233305926
S5_46261661 5 46265661 3.35098754596804e-06
S5_46261663 5 46265663 0.000996167233305926
S5_46279514 5 46283514 8.42041270611241e-07
S5_46479255 5 46483255 8.27738711916451e-07
S5_46506756 5 46510756 0.000553726701667367
S5_46520217 5 46524217 0.000198601103863023
S5_46520218 5 46524218 0.000109126353873094
S5_47635160 5 47639160 0.000146411553677484
S5_47711204 5 47715204 0.000751680921252503
S5_47815110 5 47819110 3.02868755833664e-05
S5_47820278 5 47824278 0.000275203517042777
S5_47985824 5 47989824 0.00098047580969228
S5_47985875 5 47989875 0.000293523650973176
S5_47985929 5 47989929 0.000226068782821353
S5_48179196 5 48183196 0.000993349113804178
S5_48234588 5 48238588 0.000533209501140636
S5_48264789 5 48268789 0.000460430410477204
S5_48272042 5 48276042 0.000115415946908432
S5_48602566 5 48606566 1.79078910426139e-05
S5_48786152 5 48790152 0.000159430885992402
S5_49432074 5 49436074 0.00037233731476669
S5_49656659 5 49660659 0.000656173832497699
S5_49663975 5 49667975 0.000100677667392003
S5_49682604 5 49686604 0.000626576888208972
S5_49691846 5 49695846 0.000104994683049928
S5_49889504 5 49893504 1.54262805919416e-05
S5_49934699 5 49938699 0.00062140373350615
S5_49948663 5 49952663 0.000809775946458339
S5_49948684 5 49952684 0.000809775946458292
S5_49948699 5 49952699 0.000809775946458339
S5_50081163 5 50085163 2.81544652713561e-05
S5_50084732 5 50088732 1.93948801722131e-08
S5_50094784 5 50098784 5.23974283203036e-05
S5_50138659 5 50142659 0.000150399010135341
S5_50145053 5 50149053 6.54227075440947e-05
S5_50264762 5 50268762 5.38413349058755e-05
S5_50674833 5 50678833 0.000609747725400211
S5_50728874 5 50732874 1.30930435372857e-05
S5_50874375 5 50878375 0.000359249669755494
S5_50878093 5 50882093 0.000687706732126379
S5_50884318 5 50888318 5.31348857092039e-05
S5_50889052 5 50893052 0.000427602270601936
S5_51029846 5 51033846 5.06779378317288e-05
S5_51030574 5 51034574 0.000238688571591132
S5_51030587 5 51034587 3.36351332546985e-05
S5_51030841 5 51034841 0.000390217242055116
S5_51030874 5 51034874 0.000390217242055116
S5_51063524 5 51067524 0.00055274367456414
S5_51063527 5 51067527 0.000552743674564256
S5_51063529 5 51067529 0.000551450921435216
S5_51107120 5 51111120 0.000386379320550026
S5_51113420 5 51117420 0.000869532692598787
S5_51115358 5 51119358 0.000831874607380925
S5_51117760 5 51121760 0.000560108037667547
S5_51123119 5 51127119 0.000354937551887807
S5_51124718 5 51128718 2.586334811482e-05
S5_51154445 5 51158445 0.000503548990432204
S5_51160487 5 51164487 0.000662186652383752
S5_51307177 5 51311177 0.000143795609399028
S5_51307231 5 51311231 0.000143795609399028
S5_51308040 5 51312040 0.000287785512476566
S5_51432649 5 51436649 2.19318018629063e-05
S5_51442716 5 51446716 0.000354830036962126
S5_51442737 5 51446737 0.000303941915685226
S5_51451703 5 51455703 0.000806109300908797
S5_51451712 5 51455712 0.000806109300908797
S5_51519335 5 51523335 7.85363120003129e-05
S5_51536133 5 51540133 0.000955590078433463
S5_51538904 5 51542904 0.000163816981818412
S5_51551977 5 51555977 0.000245527355248636
S5_51552046 5 51556046 3.50388754291123e-05
S5_51552089 5 51556089 0.000746380901929984
S5_51555694 5 51559694 8.20361626352968e-05
S5_51555720 5 51559720 4.08213827522851e-05
S5_51575137 5 51579137 0.000948032543617133
S5_51575207 5 51579207 0.000100551625669219
S5_51577445 5 51581445 0.000629092416125861
S5_51577512 5 51581512 0.000497607262422961
S5_51577648 5 51581648 0.000152245577218097
S5_51600332 5 51604332 0.000745203479290923
S5_51602634 5 51606634 0.000499612296266964
S5_51602636 5 51606636 0.000474736961308756
S5_51602662 5 51606662 0.000826275040951622
S5_51602708 5 51606708 0.000104143192752111
S5_51603555 5 51607555 0.000655370689706719
S5_51635695 5 51639695 0.000699584968416504
S5_51635700 5 51639700 0.000699584968416504
S5_51635724 5 51639724 0.000699584968416504
S5_51636053 5 51640053 0.000184006990016897
S5_51636196 5 51640196 0.000916154174052299
S5_51636228 5 51640228 0.000386258491711638
S5_51636298 5 51640298 8.54086998599731e-05
S5_51636304 5 51640304 8.54086998599731e-05
S5_51636326 5 51640326 8.54086998599731e-05
S5_51636341 5 51640341 8.54086998599731e-05
S5_51638082 5 51642082 7.32583825019265e-05
S5_51638572 5 51642572 0.000221330154281068
S5_51638592 5 51642592 0.000221330154281068
S5_51638598 5 51642598 0.000400993220867489
S5_51639771 5 51643771 0.000357614704456514
S5_51639782 5 51643782 0.000404148312371512
S5_51639792 5 51643792 0.000404148312371512
S5_51639973 5 51643973 0.000640793105059736
S5_51640004 5 51644004 0.000872234293891325
S5_51640005 5 51644005 0.000640793105059736
S5_51642625 5 51646625 1.93639259091696e-05
S5_51642928 5 51646928 0.000779758860009516
S5_51650138 5 51654138 0.000929696475224954
S5_51658800 5 51662800 2.12956767362532e-06
S5_51659073 5 51663073 0.000355425714469314
S5_51659087 5 51663087 0.000243831170752795
S5_51659088 5 51663088 0.000243831170752795
S5_51659097 5 51663097 1.85957722448413e-05
S5_51679618 5 51683618 5.84769736130955e-05
S5_51679670 5 51683670 0.000168004141867523
S5_51679751 5 51683751 3.28284774515854e-05
S5_51679759 5 51683759 5.18477340231571e-05
S5_51680976 5 51684976 9.00372888549644e-05
S5_51689530 5 51693530 0.000970522320850924
S5_51723895 5 51727895 0.000531564215758217
S5_51735339 5 51739339 0.000717408402615921
S5_51757707 5 51761707 1.5906037325008e-05
S5_51757747 5 51761747 1.72874730337474e-05
S5_51763037 5 51767037 5.0050893481361e-05
S5_51774645 5 51778645 0.00017743836363188
S5_51778563 5 51782563 0.00046345626060652
S5_51796488 5 51800488 3.69397439313696e-05
S5_51796515 5 51800515 2.02406398732507e-05
S5_51806026 5 51810026 4.64974493403045e-05
S5_51806047 5 51810047 2.87426863367217e-05
S5_51829344 5 51833344 6.27660874327489e-05
S5_51829450 5 51833450 0.000118852748171997
S5_51829654 5 51833654 0.000778679815578338
S5_51829679 5 51833679 0.000578466313317291
S5_52032543 5 52036543 1.71427928386753e-05
S5_52035800 5 52039800 0.000165464679475959
S5_52056001 5 52060001 0.000503770952378542
S5_52239414 5 52243414 0.000204984890354769
S5_52301090 5 52305090 0.000108131027810633
S5_52341056 5 52345056 5.14625215671018e-06
S5_52379246 5 52383246 0.000532533006052495
S5_52379321 5 52383321 0.000384756652085571
S5_52379484 5 52383484 9.38820758521998e-05
S5_52379504 5 52383504 8.07721426256248e-05
S5_52445651 5 52449651 1.98496308983338e-05
S5_52540430 5 52544430 0.000144154194162555
S5_52570602 5 52574602 0.000642263825731631
S5_52641253 5 52645253 4.92190328544141e-05
S5_52687435 5 52691435 0.000289032820193883
S5_52784077 5 52788077 0.000149601071836321
S5_52784092 5 52788092 0.000149601071836321
S5_52784114 5 52788114 0.000149601071836321
S5_52866858 5 52870858 1.2490379347019e-08
S5_52867940 5 52871940 1.09069801759788e-06
S5_52885784 5 52889784 0.000504063365919986
S5_52926086 5 52930086 3.11220055953032e-05
S5_52939682 5 52943682 0.000524360500048419
S5_52939684 5 52943684 0.000141853732788092
S5_52942287 5 52946287 0.000843100525933837
S5_53326712 5 53330712 2.60387238123951e-06
S5_53359299 5 53363299 0.000113971856203397
S5_53389115 5 53393115 2.22378349084864e-06
S5_53460253 5 53464253 0.000397451985021254
S5_53614246 5 53618246 4.290127892832e-05
S5_53614281 5 53618281 0.000381151502893755
S5_53774097 5 53778097 6.11459027323977e-07
S5_53811702 5 53815702 0.000396446245723223
S5_53881905 5 53885905 1.50886041676901e-07
S5_53881907 5 53885907 5.5329095560078e-06
S5_53882962 5 53886962 0.000354585089357096
S5_53882970 5 53886970 0.000591481735936283
S5_53934116 5 53938116 7.03412736251612e-05
S5_53969524 5 53973524 0.000241882594165333
S5_53998398 5 54002398 0.000103128429887494
S5_54056357 5 54060357 0.000623146496094262
S5_54056900 5 54060900 9.76002827768674e-06
S5_54059412 5 54063412 0.000269709340279108
S5_54060498 5 54064498 0.000168615762691583
S5_54061466 5 54065466 7.45799047761071e-07
S5_54152929 5 54156929 0.000894927242863309
S5_54155419 5 54159419 0.000473727756580364
S5_54155458 5 54159458 5.82953330583133e-05
S5_54161788 5 54165788 0.000233389096429512
S5_54216086 5 54220086 0.000765850093073644
S5_54283334 5 54287334 0.000835738015382668
S5_54287122 5 54291122 2.54737699123482e-05
S5_54297966 5 54301966 2.2388091580321e-05
S5_54299033 5 54303033 0.000795768070286493
S5_54307026 5 54311026 0.000212917990414466
S5_54318922 5 54322922 0.000816812214708644
S5_54326328 5 54330328 1.63401312291233e-06
S5_54341757 5 54345757 0.000761343693566815
S5_54341774 5 54345774 0.000761343693566815
S5_54369734 5 54373734 2.62602375596712e-05
S5_54376277 5 54380277 7.80919867418402e-05
S5_54378651 5 54382651 7.86102067281271e-06
S5_54387098 5 54391098 0.000165885347524235
S5_54388391 5 54392391 4.86059124520972e-05
S5_54388561 5 54392561 1.80798088855844e-05
S5_54461193 5 54465193 0.000135647339939402
S5_54461209 5 54465209 0.000428371179908778
S5_54461334 5 54465334 8.33902257706125e-05
S5_54470809 5 54474809 0.00015866870658361
S5_54473312 5 54477312 0.000317658422909986
S5_54478741 5 54482741 0.000878473597636003
S5_54506880 5 54510880 0.000674099029553021
S5_54509425 5 54513425 0.000238069822366415
S5_54509455 5 54513455 0.000338962670708715
S5_54509659 5 54513659 0.000108105364876655
S5_54517637 5 54521637 0.000978745477684253
S5_54520313 5 54524313 0.000235899514633279
S5_54525086 5 54529086 0.000758058642126831
S5_54525710 5 54529710 0.00013795367591538
S5_54526600 5 54530600 1.66550959367628e-06
S5_54573304 5 54577304 0.000319128391517487
S5_54573321 5 54577321 6.2265993849422e-05
S5_54579070 5 54583070 4.55010193396592e-05
S5_54579097 5 54583097 0.000853297615241197
S5_54579130 5 54583130 0.000853297615241197
S5_54592431 5 54596431 0.000204103114667617
S5_54594906 5 54598906 0.000353927394597202
S5_54668749 5 54672749 2.59449534659562e-05
S5_54681890 5 54685890 0.00011491750241503
S5_54681925 5 54685925 0.00010265304774364
S5_54683492 5 54687492 9.5962969426477e-06
S5_54692635 5 54696635 4.43220200221573e-05
S5_54776076 5 54780076 0.00049571962264254
S5_54927698 5 54931698 0.000395669569135039
S5_54994402 5 54998402 0.000260938428289016
S5_55054386 5 55058386 0.000662286412272779
S5_55083898 5 55087898 0.000723108700506493
S5_55148739 5 55152739 1.61242993424625e-05
S5_55169018 5 55173018 3.75491232308091e-06
S5_55169135 5 55173135 4.48319747484293e-07
S5_55172442 5 55176442 0.000450484117463225
S5_55294375 5 55298375 0.000973147792041687
S5_55307809 5 55311809 0.000562099834051427
S5_55317495 5 55321495 7.24814450853217e-05
S5_55319815 5 55323815 0.000852361894547297
S5_55366815 5 55370815 3.59131070954568e-05
S5_55402986 5 55406986 0.000875258900681642
S5_55403010 5 55407010 0.00034188021535349
S5_55416326 5 55420326 0.000277545380259469
S5_55416330 5 55420330 0.000277545380259447
S5_55612363 5 55616363 0.000267903345208583
S5_55700359 5 55704359 0.000431428717902375
S5_55822027 5 55826027 0.000941517703724214
S5_55825042 5 55829042 0.000520408513172351
S5_55922662 5 55926662 0.000110220933063711
S5_56251542 5 56255542 0.000840516830994116
S5_56272144 5 56276144 0.000872081159589983
S5_56314178 5 56318178 0.000554910875123892
S5_56314181 5 56318181 0.000554910875123892
S5_56359342 5 56363342 0.000295100445718927
S5_56364099 5 56368099 0.000804295655637939
S5_56364310 5 56368310 0.00015867315916592
S5_56373504 5 56377504 0.000145654891066489
S5_56400642 5 56404642 0.000300247586472845
S5_56419956 5 56423956 8.92949081689038e-05
S5_56582648 5 56586648 0.000811076133184909
S5_56690537 5 56694537 0.000698021289529229
S5_56852166 5 56856166 0.000345212030511664
S5_56962191 5 56966191 0.000645274169966549
S5_57039018 5 57043018 3.22100268741526e-05
S5_57053496 5 57057496 1.86308951855788e-06
S5_57138051 5 57142051 2.17959251871638e-05
S5_57303841 5 57307841 0.000640859876463947
S5_57370820 5 57374820 6.67300104625036e-06
S5_57370826 5 57374826 9.87025776353163e-07
S5_57370867 5 57374867 9.87025776353163e-07
S5_57371005 5 57375005 3.69420495227142e-05
S5_57371057 5 57375057 0.000595896662997617
S5_57371269 5 57375269 0.000441823599757603
S5_57371273 5 57375273 0.00068085562884455
S5_57371346 5 57375346 5.27391092861951e-06
S5_57381704 5 57385704 1.86551742729088e-05
S5_57381818 5 57385818 0.000217778141483863
S5_57403374 5 57407374 8.87460672984088e-05
S5_57411798 5 57415798 4.98277000692158e-05
S5_57417320 5 57421320 4.30739780831603e-05
S5_57417466 5 57421466 0.00025199010851783
S5_57430440 5 57434440 0.000940070973148456
S5_57460127 5 57464127 7.75125987479501e-06
S5_57461430 5 57465430 1.93147211598222e-07
S5_57481521 5 57485521 1.16799837017893e-05
S5_57481548 5 57485548 0.000503122232621292
S5_57500694 5 57504694 1.65149533680555e-05
S5_57508135 5 57512135 3.50563426749381e-06
S5_57510145 5 57514145 4.91289058982959e-06
S5_57510178 5 57514178 3.29089484628826e-06
S5_57678248 5 57682248 0.000931816232550833
S5_57825690 5 57829690 0.000428339499565286
S5_57846522 5 57850522 6.52256909970136e-05
S5_57846523 5 57850523 6.52256909970136e-05
S5_57865649 5 57869649 5.77818550768342e-05
S5_57889906 5 57893906 2.1049146152908e-05
S5_57891629 5 57895629 0.000213968534436983
S5_57910180 5 57914180 0.000284812292443552
S5_57952334 5 57956334 6.25565048327933e-05
S5_57955284 5 57959284 0.000817126391249368
S5_57974720 5 57978720 1.1259071108986e-05
S5_57986701 5 57990701 4.20511162638064e-05
S5_58018095 5 58022095 2.4066501807927e-07
S5_58043511 5 58047511 2.45199554855368e-12
S5_58049526 5 58053526 2.84674205130441e-06
S5_58058238 5 58062238 0.000152416408719318
S5_58058485 5 58062485 0.00066364230373165
S5_58058599 5 58062599 1.9056719709603e-05
S5_58064499 5 58068499 9.8886977357519e-06
S5_58064564 5 58068564 2.20018672777952e-06
S5_58064663 5 58068663 0.000642403278666992
S5_58064705 5 58068705 1.81041853800884e-05
S5_58066711 5 58070711 3.66473275433309e-05
S5_58073512 5 58077512 2.44564580287719e-07
S5_58077532 5 58081532 0.000426300699513949
S5_58077645 5 58081645 4.7498112723763e-08
S5_58087401 5 58091401 1.37195334299518e-08
S5_58087595 5 58091595 6.01913704435874e-05
S5_58087596 5 58091596 6.01913704435874e-05
S5_58087602 5 58091602 5.82871629821633e-05
S5_58087696 5 58091696 4.09057378070596e-08
S5_58087994 5 58091994 3.30625817430649e-08
S5_58088113 5 58092113 8.26804752673074e-08
S5_58088116 5 58092116 4.61769916149057e-07
S5_58088146 5 58092146 2.87093757738031e-07
S5_58093088 5 58097088 4.97665993759817e-06
S5_58097577 5 58101577 4.08262166998114e-08
S5_58101412 5 58105412 0.000592062328694337
S5_58124912 5 58128912 0.000495819361896887
S5_58124933 5 58128933 6.82187572429217e-06
S5_58130347 5 58134347 0.000307656683939276
S5_58161146 5 58165146 0.000377881881151883
S5_58195328 5 58199328 3.79999755118964e-05
S5_58196835 5 58200835 3.13855862051441e-09
S5_58210513 5 58214513 1.07388438178416e-07
S5_58215500 5 58219500 1.48184574139883e-07
S5_58215588 5 58219588 1.05343222987399e-09
S5_58218197 5 58222197 2.79390754240775e-05
S5_58218203 5 58222203 2.79390754240775e-05
S5_58218207 5 58222207 2.79390754240775e-05
S5_58218872 5 58222872 2.06080940342502e-05
S5_58231848 5 58235848 0.000680202659728714
S5_58231849 5 58235849 0.000680202659728714
S5_58240579 5 58244579 3.41385305795836e-06
S5_58241993 5 58245993 1.57330039201351e-05
S5_58242130 5 58246130 4.84787243635674e-05
S5_58283132 5 58287132 0.000787507466830456
S5_58328918 5 58332918 0.000432754143025307
S5_58328937 5 58332937 0.000432754143025307
S5_58328954 5 58332954 0.000432754143025307
S5_58347053 5 58351053 0.000162994070837211
S5_58361406 5 58365406 0.000224175408396288
S5_58361669 5 58365669 2.59141975346115e-05
S5_58367911 5 58371911 5.12218381910972e-05
S5_58369405 5 58373405 4.07087583203914e-06
S5_58369763 5 58373763 2.03048375791216e-05
S5_58371315 5 58375315 0.000152204582411123
S5_58373767 5 58377767 7.75051787443618e-06
S5_58374933 5 58378933 8.84014571444305e-06
S5_58377502 5 58381502 0.000682807616418524
S5_58452934 5 58456934 0.000745733869820466
S5_58456732 5 58460732 0.000255499364288321
S5_58467006 5 58471006 6.04880404403628e-05
S5_58467088 5 58471088 3.46100702148731e-06
S5_58471362 5 58475362 2.18294880537509e-05
S5_58471395 5 58475395 0.000163415992722159
S5_58471442 5 58475442 0.000163415992722159
S5_58501156 5 58505156 8.9390301552522e-05
S5_58511192 5 58515192 0.000123133551468329
S5_58511710 5 58515710 2.56458687247893e-05
S5_58580486 5 58584486 0.000613557110598961
S5_58580910 5 58584910 0.000781695888704151
S5_58586831 5 58590831 5.48437960466374e-06
S5_58591796 5 58595796 0.000491174620510309
S5_58787350 5 58791350 8.11241631887382e-05
S5_59417119 5 59421119 6.06281594161046e-05
S5_59670926 5 59674926 3.42991020575488e-05
S5_59796699 5 59800699 5.50957658229232e-05
S5_59828054 5 59832054 2.95807503477048e-06
S5_59926806 5 59930806 6.09614853639678e-05
S5_59926813 5 59930813 6.09614853639678e-05
S5_59960473 5 59964473 2.61498347012986e-06
S5_59979851 5 59983851 0.000190848599936427
S5_59979887 5 59983887 0.00099292102522547
S5_59983197 5 59987197 1.25137404107962e-05
S5_59983563 5 59987563 6.20799285217285e-05
S5_59983564 5 59987564 4.37782210412382e-05
S5_60000097 5 60004097 0.000483036240929678
S5_60005411 5 60009411 0.000104115629410472
S5_60044442 5 60048442 0.000544659269897683
S5_60044651 5 60048651 0.000457437990430021
S5_60044665 5 60048665 0.000457437990430021
S5_60044674 5 60048674 0.000457437990430021
S5_60045009 5 60049009 0.000160270232482332
S5_60045973 5 60049973 0.000486122759315686
S5_60045979 5 60049979 0.000267318164259239
S5_60067363 5 60071363 0.000755287467135642
S5_60067395 5 60071395 0.000755287467135642
S5_60067552 5 60071552 0.000549024012897548
S5_60101031 5 60105031 0.000288559132734318
S5_60110479 5 60114479 0.000662261020943331
S5_60137740 5 60141740 0.000254334363215629
S5_60158694 5 60162694 0.000965764529341389
S5_60160503 5 60164503 1.63372497873798e-05
S5_60214508 5 60218508 0.000805834682866543
S5_60256503 5 60260503 0.000785128984816705
S5_60265170 5 60269170 0.000934186329744333
S5_60265223 5 60269223 0.000509378024164321
S5_60271282 5 60275282 0.000107928628663049
S5_60271322 5 60275322 0.000269557010647856
S5_60271363 5 60275363 0.000297073877748068
S5_60317777 5 60321777 0.000379581730962063
S5_60342480 5 60346480 0.000148799515325034
S5_60417549 5 60421549 0.000924501029021507
S5_60438800 5 60442800 0.000277662947364438
S5_60448508 5 60452508 0.000471943712557892
S5_60480450 5 60484450 0.000109986539711178
S5_60480451 5 60484451 8.01897739509379e-05
S5_60480453 5 60484453 0.000172860078732228
S5_60480457 5 60484457 8.1327986519188e-05
S5_60480462 5 60484462 8.01897739509379e-05
S5_60486633 5 60490633 0.000736984155296432
S5_60503337 5 60507337 0.000716855397160554
S5_60580375 5 60584375 0.000271433457615848
S5_60619757 5 60623757 0.000383975996469928
S5_60720924 5 60724924 0.000675890834981675
S5_60772821 5 60776821 0.000380853603880865
S5_60808362 5 60812362 0.000588596674532063
S5_60823613 5 60827613 0.000651531184304942
S5_60823630 5 60827630 0.00057884060512847
S5_60823657 5 60827657 0.000552328828378867
S5_60862757 5 60866757 0.00070366128648703
S5_60888658 5 60892658 0.000194674523944704
S5_60898491 5 60902491 8.54454120457321e-05
S5_60910044 5 60914044 0.000802634494183757
S5_60910045 5 60914045 0.000802634494183757
S5_60910046 5 60914046 0.000802634494183757
S5_60910049 5 60914049 0.000802634494183757
S5_61109768 5 61113768 0.000872705512568954
S5_61109775 5 61113775 0.000872705512568918
S5_61122463 5 61126463 0.000436992828885345
S5_61129544 5 61133544 0.00027382936757181
S5_61129554 5 61133554 0.000292321545558205
S5_61129570 5 61133570 0.000292321545558205
S5_61129648 5 61133648 0.000112786682153909
S5_61129660 5 61133660 0.000120637903392672
S5_61153166 5 61157166 3.33210463510843e-05
S5_61153186 5 61157186 3.4143269925452e-05
S5_61153277 5 61157277 1.70623467529325e-05
S5_61155925 5 61159925 0.000321887878543826
S5_61156192 5 61160192 0.00080966906423283
S5_61156527 5 61160527 0.000789134129757543
S5_61156772 5 61160772 3.8391329921953e-07
S5_61172424 5 61176424 9.24143625620399e-05
S5_61172459 5 61176459 9.24143625620399e-05
S5_61172726 5 61176726 0.000835395300496344
S5_61173597 5 61177597 6.46162920758108e-05
S5_61173598 5 61177598 6.40143637030935e-05
S5_61173618 5 61177618 6.40143637030935e-05
S5_61173991 5 61177991 0.000150966641479224
S5_61174027 5 61178027 0.000106165659772753
S5_61174069 5 61178069 9.12897116614164e-05
S5_61174073 5 61178073 9.12897116614164e-05
S5_61174086 5 61178086 0.000110730043285153
S5_61174438 5 61178438 1.17594503951396e-07
S5_61174445 5 61178445 0.000121096332900179
S5_61175049 5 61179049 0.000312719754697363
S5_61175050 5 61179050 5.37453280854719e-06
S5_61175069 5 61179069 5.37453280854719e-06
S5_61205569 5 61209569 5.86031775730478e-05
S5_61212031 5 61216031 0.00018066184678956
S5_61217303 5 61221303 0.000363483379310203
S5_61217315 5 61221315 0.000162287068210042
S5_61217338 5 61221338 8.20499808795407e-05
S5_61217362 5 61221362 4.2714649233536e-05
S5_61217374 5 61221374 1.38655474315773e-05
S5_61231046 5 61235046 4.92337037110334e-06
S5_61282476 5 61286476 0.000109589753314301
S5_61282479 5 61286479 1.03213641421542e-05
S5_61282562 5 61286562 0.000299259755244286
S5_61457930 5 61461930 0.000137223918957
S5_61458150 5 61462150 0.000463208444683038
S5_61652672 5 61656672 0.000991768875241933
S5_61713693 5 61717693 0.000545485108524064
S5_61844174 5 61848174 0.000518471241252395
S5_61900561 5 61904561 0.000757687808362873
S5_62040482 5 62044482 0.000276092004521668
S5_62083518 5 62087518 0.000565517751499701
S5_62181464 5 62185464 0.000274300709696162
S5_62182516 5 62186516 0.000336335263631734
S5_62185875 5 62189875 0.000524229494016844
S5_62185972 5 62189972 0.000881248146084758
S5_62188462 5 62192462 0.000107333020293765
S5_62196269 5 62200269 0.000327142892257571
S5_62231005 5 62235005 0.000908912589039082
S5_62257762 5 62261762 3.94540630344311e-05
S5_62257763 5 62261763 3.92279933517316e-05
S5_62261142 5 62265142 0.000132004384327397
S5_62281864 5 62285864 0.000533792403699027
S5_62281865 5 62285865 0.000533792403699027
S5_62347639 5 62351639 0.000991492954761295
