Marker Chr Pos p
S4_129959 4 133959 0.000622419007721491
S4_130146 4 134146 0.000971581672227892
S4_159123 4 163123 1.91600670527133e-05
S4_159124 4 163124 4.58204380555545e-05
S4_189355 4 193355 0.000896776704048184
S4_218957 4 222957 6.50148326155102e-06
S4_220760 4 224760 0.000228319886213652
S4_223857 4 227857 0.000655827638341684
S4_272973 4 276973 0.000503610480492645
S4_295987 4 299987 5.91797698718301e-05
S4_296097 4 300097 1.05195357184441e-05
S4_351585 4 355585 1.36706448585171e-06
S4_439036 4 443036 3.81236205377758e-05
S4_470180 4 474180 2.30350270157835e-05
S4_472936 4 476936 0.000791092719104281
S4_485146 4 489146 0.000487662786083235
S4_515596 4 519596 0.000789314791872684
S4_537382 4 541382 0.000977579555248135
S4_557206 4 561206 0.00018026020814989
S4_557230 4 561230 0.000206457292400138
S4_576624 4 580624 0.000889463317800165
S4_577319 4 581319 0.000108743089967809
S4_577320 4 581320 0.000169503684330406
S4_792721 4 796721 0.00092799440414692
S4_1007583 4 1011583 0.000407360503129569
S4_1026133 4 1030133 0.00012178945892713
S4_1137941 4 1141941 0.000322994488005304
S4_1139804 4 1143804 0.000488580200300787
S4_1144696 4 1148696 7.38787222658902e-05
S4_1145769 4 1149769 0.000990303283380952
S4_1156891 4 1160891 0.000319563081457165
S4_1173207 4 1177207 0.000344448669331447
S4_1173498 4 1177498 1.55328801711852e-07
S4_1173543 4 1177543 9.36943375770795e-07
S4_1191029 4 1195029 9.85755681824932e-10
S4_1196187 4 1200187 0.000630238593816709
S4_1209687 4 1213687 0.000382585892859338
S4_1256162 4 1260162 6.69810362594263e-06
S4_1358359 4 1362359 0.000962425102611661
S4_1386754 4 1390754 2.61080241122416e-06
S4_1402844 4 1406844 3.32538068456579e-07
S4_1467455 4 1471455 8.30650178253064e-05
S4_1477071 4 1481071 0.000404894799978848
S4_1487402 4 1491402 0.000908929914507648
S4_1528096 4 1532096 5.07662013190268e-06
S4_1613656 4 1617656 0.000564752337576118
S4_1620853 4 1624853 0.000166562198765419
S4_1626275 4 1630275 0.000390818782773474
S4_1627290 4 1631290 1.47866085713899e-05
S4_1631471 4 1635471 0.000499806867214958
S4_1682878 4 1686878 0.0004418132175853
S4_1682887 4 1686887 0.0004418132175853
S4_1688155 4 1692155 0.000311493351990239
S4_1730191 4 1734191 0.000869342275645151
S4_1731462 4 1735462 6.28428804777105e-05
S4_1748643 4 1752643 0.000865564577839357
S4_1748695 4 1752695 0.000194528691240113
S4_1809305 4 1813305 0.000114884169853791
S4_1893239 4 1897239 0.000362461773640277
S4_1893406 4 1897406 1.77283492671211e-06
S4_1919199 4 1923199 0.000740663921658284
S4_1919334 4 1923334 0.00069720053034403
S4_1920277 4 1924277 1.77050227702189e-05
S4_1961291 4 1965291 0.000748626735125862
S4_1961600 4 1965600 0.000227188820656379
S4_2014360 4 2018360 3.48038934299395e-06
S4_2150445 4 2154445 0.000530465263986917
S4_2182638 4 2186638 0.000160503104602477
S4_2246487 4 2250487 7.64870813237644e-05
S4_2770078 4 2774078 7.53475760684395e-05
S4_2819981 4 2823981 2.37491508763304e-06
S4_2820012 4 2824012 2.37491508763304e-06
S4_2828923 4 2832923 0.000460088785794765
S4_2837594 4 2841594 0.000477740014456032
S4_2857295 4 2861295 4.25372481059843e-05
S4_2995927 4 2999927 0.000111363353313285
S4_3126783 4 3130783 5.07744651106221e-05
S4_3182515 4 3186515 0.000309396529576747
S4_3192620 4 3196620 7.7145366543938e-05
S4_3311103 4 3315103 1.43543359824699e-05
S4_3311104 4 3315104 1.43543359824699e-05
S4_3469008 4 3473008 1.93632114893777e-05
S4_3475491 4 3479491 0.0007771712134363
S4_3667950 4 3671950 0.000834375251976727
S4_3668721 4 3672721 1.19181903245304e-07
S4_3684821 4 3688821 9.34844440686003e-05
S4_3684822 4 3688822 9.38173572878055e-05
S4_3684823 4 3688823 9.38173572878055e-05
S4_3684859 4 3688859 0.000808313149407405
S4_3684861 4 3688861 0.000808313149407405
S4_3684908 4 3688908 0.000760222545385733
S4_3699224 4 3703224 0.000947741420145034
S4_3731173 4 3735173 0.000132417381123097
S4_3761611 4 3765611 1.7330621634432e-05
S4_3768268 4 3772268 0.000385592123179491
S4_3879225 4 3883225 0.000108312576470012
S4_3912745 4 3916745 0.00014585096676641
S4_3943321 4 3947321 0.000739795722668723
S4_3954533 4 3958533 1.12066298192711e-06
S4_3956038 4 3960038 4.40853105317711e-06
S4_3956063 4 3960063 4.40853105317711e-06
S4_3956065 4 3960065 4.40853105317711e-06
S4_3984140 4 3988140 5.97464759916089e-05
S4_4082624 4 4086624 0.00028063435951767
S4_4083200 4 4087200 6.37697971629993e-06
S4_4088247 4 4092247 0.000472428466144337
S4_4138522 4 4142522 1.06350331235461e-05
S4_4205983 4 4209983 1.93489830930287e-06
S4_4251088 4 4255088 3.85506450421904e-05
S4_4256092 4 4260092 0.000510369156026172
S4_4584846 4 4588846 0.000647463598014071
S4_4633221 4 4637221 0.000794664973385408
S4_4694056 4 4698056 1.20531060041095e-05
S4_4863168 4 4867168 0.000574633483761083
S4_5003086 4 5007086 0.000684455550429603
S4_5131868 4 5135868 0.000102459031374944
S4_5185488 4 5189488 0.000518927955241506
S4_5250955 4 5254955 0.00028269610384038
S4_5255470 4 5259470 0.000881192110235467
S4_5255471 4 5259471 0.000881192110235467
S4_5255472 4 5259472 0.000881192110235467
S4_5457074 4 5461074 1.50646807046753e-07
S4_5580190 4 5584190 8.2007919958205e-05
S4_5629891 4 5633891 0.000233875190774465
S4_5661333 4 5665333 0.000421486473388628
S4_5692259 4 5696259 0.000177843725869342
S4_5703547 4 5707547 0.000176428146833116
S4_5723712 4 5727712 0.000205901612411644
S4_5723722 4 5727722 0.000205901612411689
S4_5723735 4 5727735 0.000205901612411689
S4_5730497 4 5734497 0.000439122522880434
S4_5730498 4 5734498 0.000439122522880434
S4_5732307 4 5736307 0.000178657563424551
S4_5732325 4 5736325 0.000178657563424551
S4_5777365 4 5781365 1.7356540372076e-05
S4_5827372 4 5831372 3.55540659065835e-06
S4_5937525 4 5941525 2.6815558914874e-05
S4_6027871 4 6031871 3.13382240734988e-06
S4_6071011 4 6075011 0.000181895775693464
S4_6128106 4 6132106 0.000203392465134002
S4_6158151 4 6162151 0.000103162499495382
S4_6158170 4 6162170 0.000116208455606246
S4_6158189 4 6162189 2.07010956108202e-07
S4_6190364 4 6194364 0.000896284930347395
S4_6211318 4 6215318 0.000551243197936223
S4_6211510 4 6215510 1.19718397956767e-05
S4_6212286 4 6216286 0.00013839403014835
S4_6231077 4 6235077 1.56192456937388e-05
S4_6234444 4 6238444 1.52424887104801e-06
S4_6248634 4 6252634 0.000389838937145228
S4_6248641 4 6252641 0.000389838937145228
S4_6252085 4 6256085 1.17633107255119e-05
S4_6293700 4 6297700 0.000757652524081318
S4_6293722 4 6297722 0.000620511265971908
S4_6294652 4 6298652 0.000951013044564369
S4_6295265 4 6299265 7.2545434771295e-05
S4_6295294 4 6299294 7.2545434771295e-05
S4_6295335 4 6299335 0.000211268178908049
S4_6327432 4 6331432 0.000345866373460132
S4_6328099 4 6332099 3.93800333100494e-05
S4_6328100 4 6332100 3.9380033310055e-05
S4_6328102 4 6332102 3.9380033310055e-05
S4_6328103 4 6332103 3.9380033310055e-05
S4_6328104 4 6332104 3.93800333100494e-05
S4_6328105 4 6332105 3.9380033310055e-05
S4_6328106 4 6332106 3.93800333100494e-05
S4_6328107 4 6332107 3.9380033310055e-05
S4_6353115 4 6357115 1.20130457294581e-05
S4_6366996 4 6370996 9.1675109454332e-05
S4_6412502 4 6416502 0.000633984587309762
S4_6412732 4 6416732 4.30336093350244e-05
S4_6413008 4 6417008 8.30395521691974e-06
S4_6413242 4 6417242 2.30361642602069e-05
S4_6426225 4 6430225 0.000971729594415237
S4_6503009 4 6507009 2.41245442143792e-05
S4_6555485 4 6559485 0.000571327176913819
S4_6560143 4 6564143 0.000144975565155922
S4_6560157 4 6564157 0.000144975565155867
S4_6560163 4 6564163 0.000144975565155867
S4_6851989 4 6855989 0.000499609333047816
S4_6878663 4 6882663 0.000447962583411488
S4_6878978 4 6882978 3.71789620908034e-05
S4_7035720 4 7039720 0.000570417740539571
S4_7164572 4 7168572 4.33825552275212e-06
S4_7170911 4 7174911 0.000566042420639959
S4_7237032 4 7241032 0.000681795181434106
S4_7237033 4 7241033 0.000681795181434106
S4_7342736 4 7346736 9.2628869164274e-06
S4_7380355 4 7384355 1.10465468263527e-07
S4_7381458 4 7385458 1.80246086970892e-06
S4_7381539 4 7385539 4.87001341911773e-07
S4_7382647 4 7386647 3.05419089428478e-05
S4_7382663 4 7386663 3.05419089428433e-05
S4_7382664 4 7386664 3.05419089428478e-05
S4_7425536 4 7429536 3.18241103200021e-06
S4_7482245 4 7486245 5.77680417079025e-05
S4_7497053 4 7501053 6.41400187827783e-05
S4_7594318 4 7598318 0.000625692592310714
S4_7691820 4 7695820 0.000562675304153352
S4_7743430 4 7747430 0.00027141917591826
S4_7743456 4 7747456 0.000271419175918297
S4_7904282 4 7908282 0.00032402539550913
S4_7919849 4 7923849 0.000688065710702239
S4_7923881 4 7927881 0.000179484554901082
S4_7943738 4 7947738 4.81028859686846e-05
S4_7976052 4 7980052 6.66368662429892e-05
S4_8253942 4 8257942 3.08430097986966e-05
S4_8344883 4 8348883 1.57903792498418e-05
S4_8383994 4 8387994 0.000287076115412763
S4_8389665 4 8393665 5.884586218902e-05
S4_8389674 4 8393674 5.884586218902e-05
S4_8456384 4 8460384 8.23931619692238e-05
S4_8458338 4 8462338 2.42723263166296e-06
S4_8491371 4 8495371 3.52719003695175e-05
S4_8491401 4 8495401 3.52719003695236e-05
S4_8584712 4 8588712 0.000189137807598467
S4_8651933 4 8655933 7.61611678746407e-05
S4_8651936 4 8655936 7.61611678746407e-05
S4_8652198 4 8656198 0.000314602449820716
S4_8797148 4 8801148 0.000248470026561809
S4_8812272 4 8816272 5.00212045285713e-05
S4_8889187 4 8893187 0.000126663222446915
S4_9311512 4 9315512 0.000527111505169843
S4_9362419 4 9366419 0.000691394397708635
S4_9392755 4 9396755 4.63630787532876e-05
S4_9465346 4 9469346 0.000450874163218455
S4_9575904 4 9579904 1.39180045797795e-05
S4_9640968 4 9644968 0.000292685579545807
S4_9640973 4 9644973 0.000292685579545769
S4_9688953 4 9692953 3.0655609911549e-05
S4_9729771 4 9733771 0.000770347305257775
S4_9787450 4 9791450 0.000300801154190399
S4_9893568 4 9897568 0.000120760782386768
S4_9893586 4 9897586 0.000120760782386768
S4_9893605 4 9897605 0.000120760782386768
S4_9964272 4 9968272 8.36092309880716e-05
S4_10011063 4 10015063 0.000595418766645631
S4_10062853 4 10066853 0.000114891101619531
S4_10182365 4 10186365 0.000699414753014738
S4_10265937 4 10269937 0.000210269212282417
S4_10365174 4 10369174 0.000932628204401103
S4_10391304 4 10395304 0.000161727665160152
S4_10468305 4 10472305 0.000962092128068616
S4_10486266 4 10490266 3.27225973713506e-05
S4_10503008 4 10507008 0.000137681125585541
S4_10503403 4 10507403 0.000996806034909392
S4_10582102 4 10586102 0.000393098596132913
S4_10645775 4 10649775 0.000240517629089366
S4_10808961 4 10812961 0.000625228522950694
S4_11018606 4 11022606 6.74613631462211e-07
S4_11125416 4 11129416 0.000178681169645436
S4_11150514 4 11154514 0.000440595669534837
S4_11191980 4 11195980 5.57861808513088e-05
S4_11205880 4 11209880 3.40048918392034e-05
S4_11241030 4 11245030 0.000106916175036112
S4_11252160 4 11256160 0.000838922647453261
S4_11273894 4 11277894 0.000159439939879159
S4_11273898 4 11277898 0.000159439939879159
S4_11292172 4 11296172 0.000375154605952619
S4_11292214 4 11296214 0.000375154605952619
S4_11292819 4 11296819 0.000609137668971616
S4_11301748 4 11305748 0.000132770228484271
S4_11334453 4 11338453 8.86497911680535e-05
S4_11628460 4 11632460 9.80476704710136e-05
S4_11957652 4 11961652 1.84213534635915e-05
S4_12058361 4 12062361 0.000571577849515407
S4_12172258 4 12176258 5.22611951573662e-05
S4_12268327 4 12272327 0.000732358230917148
S4_12268334 4 12272334 0.000807990943124892
S4_12452286 4 12456286 2.48318947312607e-06
S4_12452312 4 12456312 4.32680867747327e-06
S4_12516871 4 12520871 0.000689911632300363
S4_12516874 4 12520874 0.0004320602581864
S4_14111626 4 14115626 0.000575904820085229
S4_14111630 4 14115630 0.000721033243224111
S4_14266551 4 14270551 0.000825135670509015
S4_14909067 4 14913067 0.000722130555882877
S4_14953138 4 14957138 0.000819633475555291
S4_14973517 4 14977517 0.000985659394390459
S4_14983308 4 14987308 1.42366731861816e-05
S4_15134827 4 15138827 0.000100633006636837
S4_15196239 4 15200239 0.000373267973252102
S4_15381951 4 15385951 0.000834397334432827
S4_15395261 4 15399261 0.000757084460543549
S4_15435057 4 15439057 0.000536888513028658
S4_15435073 4 15439073 0.000536888513028658
S4_15519151 4 15523151 0.000928500194035747
S4_15519214 4 15523214 0.000340638403778441
S4_15604182 4 15608182 0.000786442390559436
S4_15648823 4 15652823 0.000560762022314646
S4_15909723 4 15913723 0.000790993406016157
S4_19117837 4 19121837 0.000290824186504714
S4_20123638 4 20127638 0.000123982011697171
S4_20448289 4 20452289 7.41092708093851e-05
S4_20449050 4 20453050 0.000808939308251713
S4_20741690 4 20745690 3.5125331224281e-05
S4_21163214 4 21167214 0.00015549483346566
S4_21648048 4 21652048 0.000574267782872376
S4_22927603 4 22931603 1.58637264632092e-05
S4_23676176 4 23680176 0.000197882254659227
S4_24782490 4 24786490 0.000949759485789079
S4_25644288 4 25648288 9.13853618956405e-05
S4_25953045 4 25957045 0.000575901161860296
S4_26761104 4 26765104 0.000618447886054766
S4_27139067 4 27143067 0.00090128897976021
S4_27226141 4 27230141 0.000683249151355446
S4_32435513 4 32439513 0.000872635506026872
S4_32989507 4 32993507 5.24366190021498e-05
S4_33341779 4 33345779 0.000192448932853046
S4_33341830 4 33345830 0.000192448932853046
S4_33636306 4 33640306 0.000744813594063521
S4_33797669 4 33801669 0.000477199430261523
S4_35045173 4 35049173 0.000341919892291393
S4_35617009 4 35621009 0.000282116846739493
S4_35999047 4 36003047 0.000265912687551277
S4_36662966 4 36666966 0.000700757670723572
S4_37626520 4 37630520 0.000953288592864338
S4_37977162 4 37981162 0.000685556552789945
S4_38011310 4 38015310 6.15481392564901e-05
S4_38362806 4 38366806 0.000199388332269808
S4_38363000 4 38367000 1.33297548006512e-05
S4_38765691 4 38769691 9.29840712145129e-06
S4_39018394 4 39022394 0.000882073550789036
S4_39048614 4 39052614 0.000806353591062155
S4_39345188 4 39349188 0.000796187701340501
S4_39349705 4 39353705 0.000500215845864749
S4_39467181 4 39471181 0.000285455853309734
S4_39518289 4 39522289 0.000471534300787
S4_39604381 4 39608381 0.000980800552510068
S4_39623021 4 39627021 0.00085760788839448
S4_39637263 4 39641263 0.000121020508720834
S4_39693480 4 39697480 9.39313001554034e-05
S4_40017170 4 40021170 0.000882471431879548
S4_40017445 4 40021445 0.000335873140315144
S4_40019304 4 40023304 0.000262691139385629
S4_40066041 4 40070041 0.000920344012739036
S4_40137874 4 40141874 0.000173247719005613
S4_40173786 4 40177786 0.000138352192331321
S4_40483036 4 40487036 0.000511087864707107
S4_40637648 4 40641648 0.000139904013494065
S4_40637718 4 40641718 0.000341715637423246
S4_40711487 4 40715487 0.000181252263957797
S4_40776929 4 40780929 0.00055500893887071
S4_40840489 4 40844489 0.000347112462703736
S4_40932328 4 40936328 0.000204633223451337
S4_40932368 4 40936368 0.000204633223451309
S4_40934452 4 40938452 2.19499762641347e-05
S4_41087290 4 41091290 0.000526089064418424
S4_41103972 4 41107972 0.000472306330290117
S4_41120913 4 41124913 0.000144033817519468
S4_41313929 4 41317929 0.000959490895231714
S4_41343038 4 41347038 0.000743284024187162
S4_41349820 4 41353820 0.000463607906627561
S4_41569676 4 41573676 0.000876197702953386
S4_41637401 4 41641401 0.000347503482396099
S4_41638074 4 41642074 6.12584100612241e-05
S4_41715389 4 41719389 0.000452281158664688
S4_42086473 4 42090473 0.000546763403472824
S4_42269537 4 42273537 0.000203057117856334
S4_42399698 4 42403698 0.00073455887403747
S4_42435165 4 42439165 0.000723377705531996
S4_42870656 4 42874656 0.00018464331571405
S4_43188377 4 43192377 0.000483403124414105
S4_43279512 4 43283512 0.000667123560534829
S4_43286333 4 43290333 0.000147150846879841
S4_43467908 4 43471908 0.00017487685774006
S4_43498886 4 43502886 6.14710961919607e-05
S4_43505268 4 43509268 0.000770168097893251
S4_43562289 4 43566289 0.000550115608303524
S4_43562359 4 43566359 0.000546616774437155
S4_43562618 4 43566618 5.33458967064022e-05
S4_43564701 4 43568701 0.000312962578785004
S4_43617487 4 43621487 0.00095971120419191
S4_43618238 4 43622238 4.20100581350977e-05
S4_43645859 4 43649859 0.000166556590430226
S4_43811733 4 43815733 0.000159624094736855
S4_43841395 4 43845395 0.00029429030119981
S4_43841520 4 43845520 0.000113480425945854
S4_43859293 4 43863293 8.67619574805359e-05
S4_43897845 4 43901845 0.000125725767465592
S4_43935122 4 43939122 0.000220674822337877
S4_43998182 4 44002182 0.000362798731551636
S4_43999384 4 44003384 0.000624234352124035
S4_44311761 4 44315761 0.00089534122137726
S4_44336793 4 44340793 0.0009793330254127
S4_44894959 4 44898959 0.000516010422217026
S4_45079025 4 45083025 0.000715010971038027
S4_45286598 4 45290598 0.000162664089748958
S4_45516285 4 45520285 3.69612750970369e-05
S4_45732128 4 45736128 0.000810072868806167
S4_45865956 4 45869956 0.000255857461426213
S4_45903747 4 45907747 0.000179405446820702
S4_46042723 4 46046723 5.30556268795645e-06
S4_46103914 4 46107914 0.000109075706376758
S4_46508121 4 46512121 1.36799303819847e-05
S4_48082442 4 48086442 4.07456486878407e-05
S4_48219371 4 48223371 0.000555604309905741
S4_48315004 4 48319004 4.59701716086971e-05
S4_48587017 4 48591017 0.000192712646589936
S4_48666249 4 48670249 0.000542533204546617
S4_48674670 4 48678670 3.97613414326356e-06
S4_48686685 4 48690685 0.000404399460246326
S4_48801514 4 48805514 5.22464424398692e-05
S4_48831154 4 48835154 0.000417938046251253
S4_48919558 4 48923558 0.000119737232765736
S4_49051730 4 49055730 0.000241864159136721
S4_49139963 4 49143963 0.000363281847192814
S4_49147657 4 49151657 0.000271280454836884
S4_49147859 4 49151859 0.000467067100492551
S4_49188347 4 49192347 6.83379858331813e-05
S4_49458230 4 49462230 9.38916136615457e-07
S4_49786084 4 49790084 2.71908515969272e-05
S4_49798666 4 49802666 2.53224012978218e-05
S4_49815442 4 49819442 0.000760352210137749
S4_49831558 4 49835558 0.000299361445974591
S4_49831560 4 49835560 0.000299361445974591
S4_49837128 4 49841128 7.72759307619087e-05
S4_49842658 4 49846658 0.000497485419284031
S4_49842680 4 49846680 0.000497485419284031
S4_49842688 4 49846688 0.000497485419284031
S4_50003836 4 50007836 0.000418474946995445
S4_50093215 4 50097215 0.000620694934543775
S4_50166705 4 50170705 0.000803440893516842
S4_50220484 4 50224484 0.000464260789743224
S4_50281392 4 50285392 0.000229783826027939
S4_50370667 4 50374667 0.000312614500303493
S4_50370673 4 50374673 0.000885908915183586
S4_50379877 4 50383877 0.000309771100885842
S4_50380271 4 50384271 0.000648196537555507
S4_50380278 4 50384278 0.000648196537555507
S4_50380299 4 50384299 0.000648196537555507
S4_50532771 4 50536771 0.00086230339538846
S4_50608210 4 50612210 0.000571003622923147
S4_50813625 4 50817625 0.00033942975345084
S4_51051438 4 51055438 2.75279913773967e-07
S4_51069497 4 51073497 5.69467867226175e-06
S4_51104912 4 51108912 2.9673533407074e-06
S4_51104938 4 51108938 2.9673533407074e-06
S4_51104939 4 51108939 2.9673533407074e-06
S4_51104963 4 51108963 2.9673533407074e-06
S4_51167357 4 51171357 0.00027320048537642
S4_51167401 4 51171401 0.0004525893888778
S4_51275208 4 51279208 0.000306062566950225
S4_51355509 4 51359509 1.41087481327341e-05
S4_51449124 4 51453124 0.000156228723338489
S4_51449127 4 51453127 0.000156228723338489
S4_51449130 4 51453130 0.000156228723338495
S4_51449132 4 51453132 0.000156228723338489
S4_51504681 4 51508681 0.000142865487695553
S4_51534081 4 51538081 0.000499692766384498
S4_51534099 4 51538099 0.000101403464711352
S4_51582933 4 51586933 0.000796372271452689
S4_51645460 4 51649460 0.000882372911767984
S4_51645462 4 51649462 0.000882372911767984
S4_51645463 4 51649463 0.000882372911767984
S4_51645464 4 51649464 0.000891359572587789
S4_51692350 4 51696350 0.000432507838156566
S4_51888010 4 51892010 0.000290414556482629
S4_51909820 4 51913820 7.53134328147169e-06
S4_52075204 4 52079204 6.88003931196469e-06
S4_52080449 4 52084449 0.000980387402751329
S4_52157479 4 52161479 0.000400188166300544
S4_52157494 4 52161494 0.000400188166300482
S4_52191293 4 52195293 0.000838042631994659
S4_52191303 4 52195303 0.000276917467496249
S4_52297664 4 52301664 0.00017981267566122
S4_52355011 4 52359011 1.96080263454739e-05
S4_52598539 4 52602539 0.000229053937413736
S4_52621662 4 52625662 8.41049936057095e-05
S4_52700662 4 52704662 5.13355076709521e-05
S4_52700691 4 52704691 4.84423939032269e-05
S4_52863361 4 52867361 0.00010357431554543
S4_52877220 4 52881220 2.50287391540037e-06
S4_52877237 4 52881237 2.50287391540037e-06
S4_53067171 4 53071171 0.000659456978230918
S4_53088408 4 53092408 0.000171104139824576
S4_53105067 4 53109067 0.000151550550898242
S4_53237695 4 53241695 3.99534223348826e-07
S4_53237785 4 53241785 0.00019815524289794
S4_53274253 4 53278253 0.000389739939981675
S4_53296929 4 53300929 8.05842501533099e-05
S4_53331633 4 53335633 0.000243557462174902
S4_53388879 4 53392879 0.000131492287727156
S4_53424850 4 53428850 0.000123428060768218
S4_53534598 4 53538598 0.000823979566572023
S4_53534741 4 53538741 0.000734246513440866
S4_53752188 4 53756188 1.90986285794028e-07
S4_53876815 4 53880815 0.000191025516494076
S4_54078929 4 54082929 1.47040346663565e-05
S4_54189115 4 54193115 0.000758732661124891
S4_54189131 4 54193131 0.000758732661124775
S4_54244165 4 54248165 1.09912751902121e-06
S4_54375236 4 54379236 4.57082624776195e-08
S4_54493549 4 54497549 0.000268164229328668
S4_55119444 4 55123444 2.08926106243974e-05
S4_55359984 4 55363984 0.000455618256063539
S4_55359987 4 55363987 0.000306021229128613
S4_55359995 4 55363995 0.000455618256063539
S4_55476921 4 55480921 0.000551537681838815
S4_55477059 4 55481059 0.000192010686857599
S4_55544608 4 55548608 6.73028023449241e-05
S4_55701100 4 55705100 4.48301171147501e-05
S4_55712804 4 55716804 1.49556057752941e-05
S4_55712811 4 55716811 1.49556057752941e-05
S4_55712825 4 55716825 1.49556057752941e-05
S4_55734102 4 55738102 2.56908081035479e-06
S4_55759527 4 55763527 0.00076672403731536
S4_55760426 4 55764426 0.000297374689904865
S4_55870557 4 55874557 0.000273548906378054
S4_55882656 4 55886656 8.59566168849565e-05
S4_55910180 4 55914180 0.000379100571881785
S4_55929800 4 55933800 0.000194245305305667
S4_55942973 4 55946973 6.64915823287353e-05
S4_56200445 4 56204445 0.000331002259768995
S4_56262389 4 56266389 0.000484333827560394
S4_56274011 4 56278011 0.000114524749258587
S4_56307077 4 56311077 0.000413779081745714
S4_56317746 4 56321746 5.3603852270074e-05
S4_56317801 4 56321801 0.000135904340164638
S4_56323904 4 56327904 4.15632800040962e-05
S4_56323916 4 56327916 4.15632800040962e-05
S4_56323941 4 56327941 4.15632800040962e-05
S4_56324048 4 56328048 0.00059036987589749
S4_56325625 4 56329625 3.67899548975179e-05
S4_56325695 4 56329695 0.000883909559187201
S4_56363191 4 56367191 0.000796708093632134
S4_56363294 4 56367294 6.75153745136703e-05
S4_56363318 4 56367318 0.000702505661383566
S4_56515631 4 56519631 0.000206432322049697
S4_56535074 4 56539074 0.000868797931200343
S4_56598773 4 56602773 0.000241417692513008
S4_57010710 4 57014710 0.000105302258033693
S4_57012072 4 57016072 0.000712628589703717
S4_57252386 4 57256386 2.14867390292951e-05
S4_57281304 4 57285304 0.000167893196879033
S4_57462173 4 57466173 1.35495118013446e-05
S4_57558803 4 57562803 0.000112843092180995
S4_57558804 4 57562804 0.000112843092180995
S4_57560275 4 57564275 2.16946176834022e-05
S4_57564201 4 57568201 0.000121813963130345
S4_57576831 4 57580831 2.2750621062647e-05
S4_57619809 4 57623809 1.19667899581397e-05
S4_57665599 4 57669599 0.00035494470547234
S4_57727369 4 57731369 2.27692580344673e-06
S4_57786451 4 57790451 2.80521780826437e-05
S4_57795589 4 57799589 1.90249938137678e-05
S4_57807530 4 57811530 0.000528933389947869
S4_57892337 4 57896337 0.000949887170089294
S4_58359699 4 58363699 4.28800030137322e-05
S4_58378564 4 58382564 0.000259005901207228
S4_58474569 4 58478569 5.65498716290848e-06
S4_58617063 4 58621063 0.000310340048850349
S4_58632117 4 58636117 0.000222436348341445
S4_58660337 4 58664337 0.00062845526273361
S4_58683671 4 58687671 0.000103715493509187
S4_58683673 4 58687673 0.000103715493509187
S4_58683677 4 58687677 0.000104106450798303
S4_58693493 4 58697493 0.000552816183749076
S4_58809126 4 58813126 0.000491826849077062
S4_58906455 4 58910455 0.000274491446751999
S4_58923944 4 58927944 2.48531140115196e-06
S4_59229556 4 59233556 0.000588969894900856
S4_59267961 4 59271961 0.0005568642122624
S4_59268464 4 59272464 0.000505584373978579
S4_59332114 4 59336114 0.000487250696876385
S4_59423577 4 59427577 0.000461004277777866
S4_59456183 4 59460183 0.000315426843432524
S4_59507556 4 59511556 8.42163533053257e-05
S4_59553868 4 59557868 0.000611649433164762
S4_59564089 4 59568089 0.000480919690916254
S4_59624997 4 59628997 0.000572468729470759
S4_59629611 4 59633611 0.000545409613329006
S4_59644937 4 59648937 0.000661245882115101
S4_59802846 4 59806846 0.000499760592628132
S4_59802869 4 59806869 0.000499760592627844
S4_59818372 4 59822372 0.000441128604064939
S4_59868498 4 59872498 0.000743611917310231
S4_59915552 4 59919552 0.000668671454074321
S4_59933418 4 59937418 0.000655087891558143
S4_59972365 4 59976365 0.000209223620547071
S4_59972366 4 59976366 0.00020922362054705
S4_59972381 4 59976381 0.000209223620547071
S4_60061340 4 60065340 0.000500223573467425
S4_60071994 4 60075994 0.000594825776510448
S4_60077678 4 60081678 5.39942768215548e-06
S4_60118192 4 60122192 0.000173278117942145
S4_60326379 4 60330379 0.000219061446663638
S4_60350983 4 60354983 0.000539441730137952
S4_60357132 4 60361132 3.69651047715653e-06
S4_60361131 4 60365131 0.000786801538632558
S4_60361154 4 60365154 0.000786801538632558
S4_60361169 4 60365169 0.000786801538632558
S4_60375864 4 60379864 0.000271606486717426
S4_60375875 4 60379875 0.000268582570433864
S4_60409187 4 60413187 0.000132426657020647
S4_60421252 4 60425252 0.000108100504834478
S4_60430201 4 60434201 0.000411895323574554
S4_60431920 4 60435920 6.22283854344604e-06
S4_60454421 4 60458421 7.32966103881314e-05
S4_60482220 4 60486220 2.77294121483427e-05
S4_60482331 4 60486331 2.38289951664056e-05
S4_60482346 4 60486346 2.34120759062084e-05
S4_60498888 4 60502888 0.000494740993095963
S4_60788421 4 60792421 2.20991174991559e-05
S4_60798291 4 60802291 2.29321243739931e-05
S4_60802483 4 60806483 6.81281043102101e-06
S4_61082977 4 61086977 0.000789950574097027
S4_61087701 4 61091701 0.000635261435652692
S4_61091366 4 61095366 0.000347590486459481
S4_61170168 4 61174168 0.000889007255213858
S4_61180081 4 61184081 0.000251781524796991
S4_61387934 4 61391934 1.16771173071845e-05
S4_61519448 4 61523448 0.000229403672673947
S4_61542681 4 61546681 0.000703509340996663
S4_61548136 4 61552136 2.19429638553915e-05
S4_61551730 4 61555730 1.23528163644171e-05
S4_61551731 4 61555731 1.23528163644188e-05
S4_61566860 4 61570860 2.32505146004321e-05
S4_61674544 4 61678544 0.000996356402072653
S4_61674562 4 61678562 0.000996356402072551
S4_61740136 4 61744136 0.000889901773804143
S4_61800189 4 61804189 0.000459039420093497
S4_61955166 4 61959166 3.06905908449321e-06
S4_61955890 4 61959890 8.43192090498643e-07
S4_61970924 4 61974924 0.000269675283354608
S4_62370173 4 62374173 3.47160310619159e-05
S4_62565311 4 62569311 0.00050665119111409
S4_62565519 4 62569519 0.00024351124131053
S4_62808471 4 62812471 0.000101304515509059
S4_62901051 4 62905051 0.00084662331520606
S4_62997161 4 63001161 9.82845721456257e-05
S4_63044555 4 63048555 0.000989336617970503
S4_63064357 4 63068357 5.38221362676772e-05
S4_63064358 4 63068358 5.38221362676772e-05
S4_63064381 4 63068381 5.38221362676772e-05
S4_63299259 4 63303259 0.000560369405185212
S4_63301792 4 63305792 0.00092363252068039
S4_63362113 4 63366113 2.53621659179015e-05
S4_63426024 4 63430024 0.000914826233869821
S4_63426058 4 63430058 0.000914826233869821
S4_63708524 4 63712524 1.96327280797221e-05
S4_63782708 4 63786708 0.000320913869059588
S4_63802935 4 63806935 0.000857055276292071
S4_63911401 4 63915401 1.97717130232781e-05
S4_63981925 4 63985925 0.000286986302720623
S4_63981930 4 63985930 0.000286986302720623
S4_64019466 4 64023466 1.39300713336252e-05
S4_64116355 4 64120355 0.000665602276380042
S4_64116383 4 64120383 0.000665602276380042
S4_64363932 4 64367932 0.00064906337653394
S4_64371887 4 64375887 0.000441856878018366
S4_64413107 4 64417107 7.60050331548432e-05
S4_64420615 4 64424615 0.000546532625123621
S4_64439548 4 64443548 0.000400858713683006
S4_64552950 4 64556950 5.53104246246479e-10
S4_64587380 4 64591380 0.000157085682976433
S4_64588439 4 64592439 0.000505869566945358
S4_64647413 4 64651413 0.000852301786870913
S4_64758068 4 64762068 8.30754052512793e-05
S4_64758069 4 64762069 7.9974449205854e-05
S4_64843244 4 64847244 0.000831960804512091
S4_64846546 4 64850546 0.000279828721660086
S4_64846547 4 64850547 0.000279828721660086
S4_64915250 4 64919250 8.1703069123785e-06
S4_64919774 4 64923774 3.19684934061584e-05
S4_65200805 4 65204805 0.000135741380515428
S4_65215317 4 65219317 0.000267468004423573
S4_65227642 4 65231642 8.5015662391273e-05
S4_65403696 4 65407696 0.000141881847096585
S4_65520221 4 65524221 3.50388553757159e-05
S4_65520222 4 65524222 3.50388553757159e-05
S4_65520223 4 65524223 3.50388553757159e-05
S4_65520224 4 65524224 4.81575945444575e-05
S4_65520591 4 65524591 0.000582549993349397
S4_65523883 4 65527883 0.000270946085577717
S4_65558151 4 65562151 0.000674447752791158
S4_65558162 4 65562162 0.00065698157764835
S4_65592008 4 65596008 0.000623949249110895
S4_65626732 4 65630732 0.000695114896463813
S4_65627568 4 65631568 0.000433164383830598
S4_65637917 4 65641917 0.000473986952052708
S4_65670499 4 65674499 0.000330070228120725
S4_65678505 4 65682505 3.60495563582684e-05
S4_65815278 4 65819278 0.000283507697673821
S4_65865926 4 65869926 6.59878107566454e-05
S4_65960314 4 65964314 0.000414596795120129
S4_66162190 4 66166190 0.000121940569227067
S4_66277743 4 66281743 1.99379494182103e-05
S4_66368449 4 66372449 4.03125939474565e-05
S4_66375135 4 66379135 0.000275968312156324
S4_66379268 4 66383268 0.000291436908361305
S4_66590555 4 66594555 8.04094014176321e-05
S4_66703042 4 66707042 0.000459600337377982
S4_66703644 4 66707644 0.000111871274944731
S4_66718650 4 66722650 5.1762970347379e-05
S4_66733724 4 66737724 0.000104941065199526
S4_66789469 4 66793469 2.24854855414056e-05
S4_66940482 4 66944482 0.000904611989663522
S4_66940490 4 66944490 0.000904611989663714
S4_66956967 4 66960967 0.000711358187273024
S4_66969569 4 66973569 0.000590860788939687
S4_66981772 4 66985772 0.00083844766582208
S4_66981918 4 66985918 0.000623825210564009
S4_66982782 4 66986782 0.000484075885063616
S4_66982795 4 66986795 5.29821845811629e-06
S4_66982796 4 66986796 5.29821845811629e-06
S4_66982798 4 66986798 0.000484075885063499
S4_67009443 4 67013443 0.000667448115860622
S4_67009462 4 67013462 0.000667448115860443
S4_67219918 4 67223918 0.000364701812360969
S4_67222812 4 67226812 1.96882711183659e-05
S4_67320918 4 67324918 0.000389788154211399
S4_67345270 4 67349270 1.09520494742371e-06
S4_67355243 4 67359243 4.31846899363257e-06
S4_67355359 4 67359359 1.80385074594752e-05
S4_67362362 4 67366362 1.42576244372439e-05
S4_67370092 4 67374092 1.7304406798789e-07
S4_67370093 4 67374093 1.7304406798789e-07
S4_67406111 4 67410111 4.89828528455873e-05
S4_67472449 4 67476449 1.22879475507802e-07
S4_67492572 4 67496572 1.53572204786662e-06
S4_67497189 4 67501189 0.000214572950996706
S4_67646202 4 67650202 0.000347346246295285
S4_67646220 4 67650220 0.000347346246295244
S4_67646249 4 67650249 0.000347346246295244
