Marker Chr Pos p
S2_375170 2 379170 0.000750401605175432
S2_467414 2 471414 0.000113005030029883
S2_479677 2 483677 1.75923428926086e-05
S2_500815 2 504815 0.00034413627188654
S2_518271 2 522271 1.35962589461003e-05
S2_673802 2 677802 0.000148868150998601
S2_683785 2 687785 1.98303131949952e-07
S2_735743 2 739743 0.000575315708684383
S2_768406 2 772406 7.82320497219956e-06
S2_788682 2 792682 1.859082536966e-07
S2_790560 2 794560 5.23211475921155e-10
S2_791611 2 795611 1.80175773761347e-05
S2_794419 2 798419 1.79515061943473e-06
S2_808910 2 812910 1.90613133605133e-06
S2_815810 2 819810 0.000200444831486082
S2_819887 2 823887 2.58182925321387e-06
S2_820428 2 824428 4.92810864130271e-05
S2_824245 2 828245 0.00038799137212093
S2_1009068 2 1013068 0.000508037174877226
S2_1011422 2 1015422 0.000572475871349592
S2_1033692 2 1037692 1.18230651920551e-07
S2_1130246 2 1134246 7.95209642100098e-05
S2_1158946 2 1162946 3.32853982977126e-07
S2_1158986 2 1162986 3.32853982977126e-07
S2_1298038 2 1302038 3.47164191282067e-08
S2_1386232 2 1390232 7.1904974744363e-05
S2_1485195 2 1489195 0.000743383273015441
S2_1487293 2 1491293 7.89743407753207e-05
S2_1519702 2 1523702 9.21817577918119e-06
S2_1741397 2 1745397 6.93354592809845e-05
S2_1741398 2 1745398 8.00091431381353e-05
S2_1745784 2 1749784 1.48726287117318e-08
S2_1924270 2 1928270 0.000953552213304567
S2_1991171 2 1995171 0.000687836691770365
S2_2054466 2 2058466 2.89306514009321e-05
S2_2054469 2 2058469 2.89306514009321e-05
S2_2210441 2 2214441 0.000296210375346268
S2_2257612 2 2261612 0.000259232363793391
S2_2302782 2 2306782 0.00094504218597144
S2_2329799 2 2333799 6.92836343702611e-05
S2_2333642 2 2337642 4.31030146856561e-07
S2_2525772 2 2529772 0.000130414074917789
S2_2620625 2 2624625 0.000274248134657802
S2_2764081 2 2768081 0.000154672126709816
S2_2773025 2 2777025 9.24790190436902e-05
S2_2833503 2 2837503 0.000408661023939853
S2_3075094 2 3079094 0.000773795258762393
S2_3383337 2 3387337 2.10438814093662e-05
S2_3490205 2 3494205 2.74157918130382e-05
S2_3652807 2 3656807 1.18758353481707e-05
S2_3652818 2 3656818 6.00814939428479e-06
S2_3716114 2 3720114 0.000207202319617462
S2_3898566 2 3902566 7.54994378998854e-05
S2_3918566 2 3922566 0.00014172539375808
S2_3918569 2 3922569 0.00014172539375808
S2_3935077 2 3939077 0.000170432698672952
S2_4055785 2 4059785 0.000925749570871137
S2_4055788 2 4059788 0.000925749570871137
S2_4056848 2 4060848 8.02949426339491e-05
S2_4056850 2 4060850 8.02949426339491e-05
S2_4223173 2 4227173 1.21428914265196e-05
S2_4291788 2 4295788 0.000713735806251965
S2_4332807 2 4336807 0.000556231486199712
S2_4630010 2 4634010 4.84638866835809e-06
S2_4712681 2 4716681 0.00062811698662633
S2_4804395 2 4808395 2.86866753208649e-06
S2_4804396 2 4808396 2.8578627389421e-06
S2_4906786 2 4910786 0.000284913423715564
S2_4942182 2 4946182 3.54949806221232e-05
S2_4963586 2 4967586 1.3848185443057e-05
S2_4967590 2 4971590 0.000246922857851102
S2_5234539 2 5238539 4.01038140204258e-05
S2_5297329 2 5301329 7.47860782581331e-05
S2_5323629 2 5327629 0.000102863265742375
S2_5326045 2 5330045 0.000598518382406332
S2_5399704 2 5403704 0.000862465429647466
S2_5436707 2 5440707 0.000105164650790789
S2_5452359 2 5456359 4.54121428720312e-05
S2_5471429 2 5475429 0.000702301025148782
S2_5565584 2 5569584 0.000814743028692522
S2_5653147 2 5657147 0.000388811923824956
S2_5682393 2 5686393 0.000115583929349381
S2_5794190 2 5798190 0.000989409566074766
S2_5909529 2 5913529 0.000202737484669902
S2_6018946 2 6022946 8.44837883785755e-05
S2_6018981 2 6022981 4.45938509893121e-08
S2_6023319 2 6027319 6.2658938432705e-06
S2_6249005 2 6253005 4.51525209965812e-05
S2_6249017 2 6253017 3.07211428711889e-05
S2_6450176 2 6454176 5.67948907693844e-05
S2_6450198 2 6454198 5.67948907693844e-05
S2_6450518 2 6454518 8.07545257624343e-06
S2_6463657 2 6467657 9.39088806401795e-05
S2_6499236 2 6503236 3.63437240453883e-06
S2_6606378 2 6610378 0.000174163680409602
S2_6693078 2 6697078 1.64408698633697e-05
S2_6859542 2 6863542 0.000180090800383594
S2_6903054 2 6907054 1.37664717826784e-05
S2_6903079 2 6907079 1.37664717826784e-05
S2_6903081 2 6907081 1.37664717826784e-05
S2_6934449 2 6938449 2.65519238343253e-05
S2_6960779 2 6964779 0.000274052175341349
S2_6971050 2 6975050 0.000266280199679186
S2_6971071 2 6975071 0.000752944444613633
S2_7009509 2 7013509 6.38144784398182e-07
S2_7014670 2 7018670 2.96785307228895e-05
S2_7024942 2 7028942 0.000508056372910582
S2_7024948 2 7028948 0.000508056372910582
S2_7025179 2 7029179 0.000700524138156788
S2_7033193 2 7037193 0.000131613504254336
S2_7037473 2 7041473 3.31768632563523e-06
S2_7041038 2 7045038 4.62492733514225e-05
S2_7053570 2 7057570 0.000726673359047437
S2_7091372 2 7095372 0.000552751331859474
S2_7102906 2 7106906 1.20321143543908e-05
S2_7108470 2 7112470 4.85207773564131e-06
S2_7141599 2 7145599 0.00087056830268354
S2_7285005 2 7289005 0.000340807903569902
S2_7655036 2 7659036 0.000787374201210168
S2_7655037 2 7659037 0.000787374201210168
S2_7705600 2 7709600 0.000265332407925063
S2_7852960 2 7856960 4.23055488969122e-06
S2_8193988 2 8197988 0.000315107825950966
S2_8232596 2 8236596 0.000305942953449263
S2_8557664 2 8561664 0.00084151171694438
S2_8619422 2 8623422 0.000685604393972315
S2_8626384 2 8630384 0.000569889877159533
S2_8650338 2 8654338 0.000431339948876971
S2_8681537 2 8685537 0.000161964071936248
S2_8733302 2 8737302 0.00033581160767459
S2_8733305 2 8737305 0.000332066625233801
S2_8733332 2 8737332 0.000532395803780706
S2_8760323 2 8764323 1.31863871447234e-05
S2_8827323 2 8831323 2.37933364726211e-05
S2_8852743 2 8856743 4.36699662446916e-05
S2_8852771 2 8856771 0.000664867735734333
S2_8914399 2 8918399 0.000102105122438731
S2_9001075 2 9005075 0.000388959217363013
S2_9314040 2 9318040 1.87858176889434e-05
S2_9329400 2 9333400 9.76916027746662e-05
S2_9330842 2 9334842 1.82886644874336e-05
S2_9383332 2 9387332 4.01917648261754e-07
S2_9492626 2 9496626 0.000407223841299435
S2_9524745 2 9528745 0.000213356509590407
S2_9525549 2 9529549 1.85480274156913e-06
S2_9608495 2 9612495 5.29633167777826e-05
S2_9655871 2 9659871 4.8458982438825e-05
S2_9804225 2 9808225 0.000446261263562613
S2_9947289 2 9951289 1.14197433171811e-05
S2_10187276 2 10191276 0.000846257715749849
S2_10215035 2 10219035 0.000399224736064962
S2_10215056 2 10219056 0.000399224736064962
S2_10643870 2 10647870 7.99728777204197e-05
S2_10878449 2 10882449 0.000394512987541864
S2_10902103 2 10906103 3.36746946780337e-06
S2_10932102 2 10936102 0.000296382656764592
S2_10946951 2 10950951 0.000933948712787123
S2_11346611 2 11350611 1.67680250306659e-05
S2_11450769 2 11454769 9.210472827449e-06
S2_11604042 2 11608042 0.000477240838714406
S2_11703958 2 11707958 4.86600221732116e-05
S2_11703967 2 11707967 4.97664429479011e-05
S2_11910652 2 11914652 0.000379493352405564
S2_12012974 2 12016974 0.000970586846365297
S2_12013010 2 12017010 0.000970586846365297
S2_12016261 2 12020261 0.000802216298764418
S2_12134608 2 12138608 0.000715427725777486
S2_12134710 2 12138710 0.00082267010127085
S2_12429421 2 12433421 0.000360802821803363
S2_12431753 2 12435753 1.04682125321486e-05
S2_12725938 2 12729938 0.000248322688177284
S2_12725983 2 12729983 0.000245540941440658
S2_12813629 2 12817629 0.000413984782258521
S2_12813647 2 12817647 0.000413984782258521
S2_12814857 2 12818857 2.37579747703077e-06
S2_12854026 2 12858026 0.000915603757566166
S2_12915405 2 12919405 1.47334911378905e-05
S2_12915411 2 12919411 1.45910864379629e-05
S2_12915428 2 12919428 1.45910864379629e-05
S2_12915449 2 12919449 1.45910864379629e-05
S2_13571777 2 13575777 0.000883353343502674
S2_13589342 2 13593342 0.000407874849786091
S2_14432783 2 14436783 0.000208099744897913
S2_14464781 2 14468781 2.07341759142066e-05
S2_14645434 2 14649434 0.000177576160391465
S2_14694908 2 14698908 9.98627045730044e-05
S2_14699473 2 14703473 0.000126364178096153
S2_14782074 2 14786074 0.000129515584283275
S2_14845056 2 14849056 0.000494847116532697
S2_14853542 2 14857542 3.16634992981141e-07
S2_14853543 2 14857543 3.58252966710648e-08
S2_14856312 2 14860312 0.000736959242781038
S2_14908041 2 14912041 0.000523326601810086
S2_15059421 2 15063421 0.000759942134612278
S2_16353180 2 16357180 0.000549754290511154
S2_16353229 2 16357229 0.00056884684346151
S2_16448822 2 16452822 5.68330056748101e-09
S2_16448832 2 16452832 3.72897249920729e-09
S2_16448847 2 16452847 3.72897249920729e-09
S2_16879718 2 16883718 3.11993077091154e-05
S2_17114697 2 17118697 4.18209190362297e-05
S2_18007500 2 18011500 0.000302886572978591
S2_18092976 2 18096976 0.000813167213159042
S2_18122275 2 18126275 0.000954813595913803
S2_18587566 2 18591566 0.000440903929774672
S2_18992748 2 18996748 0.000567285485508017
S2_19385082 2 19389082 6.96906430283852e-05
S2_19576038 2 19580038 0.00010051694144549
S2_19823491 2 19827491 0.000141941395524587
S2_19823800 2 19827800 0.000408782569327824
S2_19847906 2 19851906 0.000791949962992901
S2_20101462 2 20105462 5.61216248911686e-06
S2_20155797 2 20159797 0.000781297083656294
S2_20253883 2 20257883 0.000124160139925858
S2_20258038 2 20262038 0.000211629794474534
S2_20258283 2 20262283 0.000165694540535992
S2_20280254 2 20284254 0.00088815527289518
S2_20280535 2 20284535 0.000879472163375902
S2_20592968 2 20596968 0.00024219364614639
S2_20592992 2 20596992 0.0001877480809627
S2_20716967 2 20720967 4.68629039720641e-05
S2_20716975 2 20720975 1.89672286213722e-05
S2_20882172 2 20886172 9.31217743064782e-06
S2_20919590 2 20923590 0.000214168112120473
S2_20920101 2 20924101 0.000221779700975275
S2_20927387 2 20931387 4.62964705894161e-05
S2_21072520 2 21076520 5.22824835763106e-05
S2_21326359 2 21330359 0.000557882183556616
S2_21365050 2 21369050 0.000188989358208175
S2_21531614 2 21535614 7.95138458778955e-05
S2_21724881 2 21728881 7.16002010187968e-05
S2_21739215 2 21743215 0.000254867876896386
S2_22138635 2 22142635 6.45305339828828e-05
S2_22258436 2 22262436 0.000603082263510056
S2_22345940 2 22349940 0.000477886034329471
S2_22471954 2 22475954 0.000194823607950662
S2_22491501 2 22495501 7.36716561706493e-05
S2_23854908 2 23858908 0.00048972230035663
S2_24968870 2 24972870 0.00096738087391395
S2_26259252 2 26263252 0.000512533245327931
S2_26409341 2 26413341 1.52909639161334e-05
S2_26409357 2 26413357 4.92143986596759e-05
S2_28680023 2 28684023 6.90890981148554e-05
S2_29342884 2 29346884 0.000319972141510575
S2_29773899 2 29777899 0.000465184583068757
S2_29919145 2 29923145 1.31149612935161e-05
S2_30866259 2 30870259 0.000429158369887271
S2_31003649 2 31007649 1.79264783770134e-05
S2_31910683 2 31914683 0.000507579362965861
S2_32879494 2 32883494 9.84465493853144e-05
S2_34880836 2 34884836 2.27366109999294e-05
S2_35225051 2 35229051 0.000361054932735453
S2_35800760 2 35804760 0.000463064016512703
S2_36490606 2 36494606 0.000443092431649037
S2_36874698 2 36878698 0.000408985586361855
S2_36978859 2 36982859 0.000136708988669624
S2_37089568 2 37093568 0.000113325805959775
S2_37089576 2 37093576 0.000113325805959832
S2_37261929 2 37265929 0.000468780781737202
S2_37317741 2 37321741 0.000292281213974969
S2_37615675 2 37619675 3.35017126065259e-05
S2_37940189 2 37944189 5.09695315969999e-05
S2_38561151 2 38565151 6.66181819815912e-05
S2_38869041 2 38873041 6.85230494063417e-05
S2_39438752 2 39442752 0.000253123564827446
S2_39631756 2 39635756 0.000181870720141968
S2_40185607 2 40189607 7.12737057249698e-06
S2_40377055 2 40381055 5.80033008766218e-05
S2_41699986 2 41703986 8.56030579983246e-05
S2_42162302 2 42166302 0.00080312706522857
S2_42282489 2 42286489 0.000151173519605207
S2_42695280 2 42699280 0.000184996705474292
S2_43104483 2 43108483 0.000534113262965562
S2_43626933 2 43630933 0.000330150536945976
S2_44255383 2 44259383 0.000119009078345535
S2_44434526 2 44438526 0.000713157113429503
S2_44545271 2 44549271 0.000436587213799248
S2_45039888 2 45043888 0.000647385624664917
S2_45402508 2 45406508 0.000100236620341977
S2_45519532 2 45523532 0.000210658036880494
S2_45873489 2 45877489 3.8391720659164e-06
S2_45999765 2 46003765 0.000946047126660678
S2_45999766 2 46003766 0.000946047126660678
S2_46291730 2 46295730 0.000170048374774669
S2_46466670 2 46470670 0.000282395401410188
S2_46690174 2 46694174 0.000707123545612547
S2_46690177 2 46694177 0.000707123545612547
S2_46798212 2 46802212 0.000164688688965255
S2_46864814 2 46868814 4.00197895938015e-06
S2_46882330 2 46886330 7.93034722617716e-05
S2_47760164 2 47764164 0.000181482210448868
S2_48206805 2 48210805 5.36472526368785e-05
S2_48643639 2 48647639 5.32646431754894e-05
S2_49538105 2 49542105 3.13341465845126e-05
S2_49538109 2 49542109 3.13341465845126e-05
S2_49538111 2 49542111 3.67696869537531e-05
S2_49538112 2 49542112 8.57317142612543e-06
S2_49538113 2 49542113 3.13341465845126e-05
S2_49538115 2 49542115 3.13341465845126e-05
S2_49771756 2 49775756 0.00054173134235411
S2_50075240 2 50079240 0.00033308494652319
S2_50176486 2 50180486 2.54970926783408e-05
S2_50209576 2 50213576 0.000216660808845835
S2_50223789 2 50227789 0.000585085149403313
S2_50363866 2 50367866 4.93942182417574e-05
S2_50394213 2 50398213 0.000439819508886665
S2_50600051 2 50604051 5.30310418448284e-05
S2_50800692 2 50804692 0.000244863823295237
S2_50831663 2 50835663 0.00063291770404179
S2_51246026 2 51250026 3.05907749039316e-06
S2_51516846 2 51520846 0.000121607497812997
S2_51974386 2 51978386 0.000309917900047419
S2_52036816 2 52040816 0.000100182929298529
S2_52036834 2 52040834 0.000100182929298508
S2_53507243 2 53511243 0.000114872983803453
S2_53507247 2 53511247 3.04958612300186e-06
S2_53541115 2 53545115 0.000916165532143743
S2_53602289 2 53606289 1.83021881631196e-05
S2_53793438 2 53797438 0.00051108601851435
S2_53793463 2 53797463 0.00051108601851435
S2_53816363 2 53820363 1.91141881164913e-05
S2_53920955 2 53924955 0.000157810122951454
S2_53920980 2 53924980 0.000460368169658377
S2_54082601 2 54086601 0.000321886552820429
S2_54313468 2 54317468 0.000574460430676949
S2_54313480 2 54317480 0.000574460430676949
S2_54313486 2 54317486 0.000574460430677028
S2_54601221 2 54605221 0.00018124525345713
S2_54635879 2 54639879 2.30544045909143e-05
S2_54649221 2 54653221 9.55883543872025e-05
S2_54666116 2 54670116 0.000646586848924003
S2_55424981 2 55428981 0.000932101889071332
S2_55676008 2 55680008 0.000479949998431314
S2_55792841 2 55796841 0.000234850548281161
S2_55833437 2 55837437 0.000188412084064018
S2_56203305 2 56207305 4.37537497974772e-05
S2_56233707 2 56237707 3.99223885749747e-05
S2_56369533 2 56373533 0.000732459473840681
S2_56369559 2 56373559 0.000189676661086454
S2_56369569 2 56373569 0.000189676661086454
S2_56369583 2 56373583 0.000193489297470916
S2_56443037 2 56447037 0.000389583617620603
S2_56537453 2 56541453 0.000184482534788911
S2_56671283 2 56675283 0.000122666995960703
S2_56696852 2 56700852 2.37827795446122e-05
S2_56766413 2 56770413 0.000463378310958898
S2_56789916 2 56793916 2.06122811692413e-06
S2_56829711 2 56833711 9.4362409636146e-05
S2_56882792 2 56886792 1.40574705099313e-05
S2_56882796 2 56886796 4.44852636364263e-06
S2_56923866 2 56927866 4.69846710150287e-06
S2_56925704 2 56929704 7.58292380359434e-05
S2_56926493 2 56930493 0.000517549508429183
S2_56926494 2 56930494 0.000515188083477839
S2_56963268 2 56967268 0.000527618214708881
S2_56963277 2 56967277 7.72000857267863e-12
S2_56963287 2 56967287 0.000527618214708881
S2_57036926 2 57040926 0.000308311638367556
S2_57142833 2 57146833 0.000607917799623366
S2_57252572 2 57256572 1.88580637693194e-05
S2_57264201 2 57268201 9.9833130463486e-05
S2_57264202 2 57268202 9.9833130463486e-05
S2_57518554 2 57522554 0.000610611693370864
S2_57803723 2 57807723 1.18381981057998e-06
S2_58023733 2 58027733 0.000621975802086487
S2_58209473 2 58213473 0.000838525577830482
S2_58568876 2 58572876 0.00048719393640576
S2_58867983 2 58871983 0.000741974513145234
S2_58873011 2 58877011 4.29976401753516e-05
S2_58904279 2 58908279 0.000134493260509512
S2_58997925 2 59001925 1.41443735701109e-05
S2_59084278 2 59088278 0.00080194372978787
S2_59134841 2 59138841 1.50797796334733e-07
S2_59157949 2 59161949 0.000677111116041158
S2_59157965 2 59161965 0.000677111116041158
S2_59158546 2 59162546 1.35374393455368e-05
S2_59208526 2 59212526 0.000443638652372813
S2_59240834 2 59244834 2.58733872666328e-08
S2_59252135 2 59256135 0.000139358861021543
S2_59253689 2 59257689 6.85038018055865e-05
S2_59589362 2 59593362 0.0005568852283523
S2_59600060 2 59604060 0.000583480567776103
S2_59610243 2 59614243 0.000863058167430569
S2_59619523 2 59623523 0.000801040300853924
S2_59620028 2 59624028 0.000621066755588471
S2_59644973 2 59648973 7.07977688098646e-06
S2_59657450 2 59661450 0.000296246133237575
S2_59697337 2 59701337 0.000123085351533137
S2_59709007 2 59713007 0.000155977329109409
S2_59724563 2 59728563 0.000468174416998936
S2_59727243 2 59731243 3.20557365393162e-05
S2_59734479 2 59738479 9.57627363066041e-05
S2_59739259 2 59743259 4.50832970014311e-05
S2_59795137 2 59799137 0.000574490036596147
S2_59806538 2 59810538 1.03381874589895e-08
S2_59856283 2 59860283 0.000789830908417509
S2_59921969 2 59925969 2.30514217999691e-05
S2_60032850 2 60036850 2.41646452413497e-06
S2_60037988 2 60041988 0.000312341761007908
S2_60098175 2 60102175 0.0002151359355986
S2_60288158 2 60292158 8.99644886089687e-05
S2_60450334 2 60454334 0.000207096832876741
S2_60589438 2 60593438 0.000259097711963139
S2_60596917 2 60600917 0.000155960005151844
S2_60759109 2 60763109 0.000734330155467321
S2_60872562 2 60876562 3.75302718570951e-05
S2_60876223 2 60880223 0.000208524557647096
S2_60876573 2 60880573 0.000809439675831613
S2_61097455 2 61101455 0.00022444436824853
S2_61099072 2 61103072 0.000237499363430045
S2_61104358 2 61108358 0.000269977789045798
S2_61123200 2 61127200 2.78987472922156e-06
S2_61123230 2 61127230 2.78987472922156e-06
S2_61125583 2 61129583 0.000187830054728197
S2_61160038 2 61164038 0.000539425488550374
S2_61161662 2 61165662 0.000231715809790648
S2_61161683 2 61165683 0.000231715809790648
S2_61165830 2 61169830 9.6595004753488e-06
S2_61165845 2 61169845 9.6595004753488e-06
S2_61173417 2 61177417 0.000135837606054837
S2_61173458 2 61177458 0.000135837606054837
S2_61224282 2 61228282 0.000582150667848108
S2_61258765 2 61262765 0.000370173634279774
S2_61331815 2 61335815 5.79531133515313e-05
S2_61354263 2 61358263 0.000531900491393955
S2_61369482 2 61373482 0.000696282181747745
S2_61428463 2 61432463 0.000127583314572935
S2_61444341 2 61448341 0.000311893559191873
S2_61448165 2 61452165 0.000393571719458836
S2_61462503 2 61466503 8.62845714616278e-06
S2_61536363 2 61540363 9.93143264808937e-06
S2_61539608 2 61543608 4.08402902453317e-05
S2_61543248 2 61547248 5.8903774512687e-05
S2_61572370 2 61576370 0.000400168727154584
S2_61574032 2 61578032 0.000941643712965266
S2_61575492 2 61579492 8.45352756726366e-05
S2_61582954 2 61586954 0.000618838596617678
S2_61582965 2 61586965 0.000621462089318847
S2_61614426 2 61618426 9.37795810850887e-05
S2_61614427 2 61618427 0.000127560414992577
S2_61616376 2 61620376 5.99991844892445e-05
S2_61620367 2 61624367 8.43241305578518e-06
S2_61670159 2 61674159 0.000733072150640205
S2_61684525 2 61688525 0.000576873233760896
S2_61762786 2 61766786 6.84160574975896e-05
S2_61765512 2 61769512 0.000409188729345483
S2_61774298 2 61778298 3.50515546486064e-05
S2_61811259 2 61815259 0.000481412279631314
S2_61813036 2 61817036 0.000819981616780065
S2_61828141 2 61832141 1.35040796508487e-10
S2_61989279 2 61993279 0.000192592083080958
S2_62028894 2 62032894 0.000752891262921885
S2_62063896 2 62067896 0.000523765203440355
S2_62080000 2 62084000 0.000444593541658038
S2_62107372 2 62111372 0.0005200906495222
S2_62116827 2 62120827 0.000448753297138025
S2_62117053 2 62121053 0.000207772151603067
S2_62117562 2 62121562 0.000407168590560509
S2_62122124 2 62126124 0.000878339224862573
S2_62124082 2 62128082 0.000340034763838907
S2_62482269 2 62486269 2.13207977555616e-10
S2_62515217 2 62519217 5.24948720727884e-05
S2_62607700 2 62611700 0.000647828467024715
S2_62677128 2 62681128 4.60335794796926e-07
S2_62768407 2 62772407 0.000638210565574411
S2_62776920 2 62780920 1.91089541081032e-05
S2_62915527 2 62919527 0.000779122184628754
S2_62950481 2 62954481 0.000947161288381234
S2_62955077 2 62959077 0.000775513691538625
S2_62973669 2 62977669 7.44748074806439e-05
S2_63220768 2 63224768 0.000416032021741257
S2_63546544 2 63550544 0.000918780194271354
S2_63546545 2 63550545 0.000918780194271354
S2_63546546 2 63550546 0.000918780194271354
S2_63546548 2 63550548 0.000918780194271354
S2_63546556 2 63550556 0.000918780194271354
S2_63600200 2 63604200 0.000858905428729398
S2_63712381 2 63716381 0.000551704547363422
S2_63712398 2 63716398 0.000281936826416146
S2_64126618 2 64130618 0.000664703096473471
S2_64206431 2 64210431 8.21165787330476e-05
S2_64268322 2 64272322 6.19922912875023e-06
S2_64288224 2 64292224 0.000435226063827729
S2_64553406 2 64557406 0.000370308089072664
S2_64554727 2 64558727 0.000119331665328013
S2_64729801 2 64733801 0.000835095059581168
S2_64876001 2 64880001 1.24863961177772e-05
S2_64981953 2 64985953 9.46007603766585e-05
S2_65149470 2 65153470 7.65602282121685e-07
S2_65172719 2 65176719 0.000297521267243533
S2_65172768 2 65176768 0.000287342393709563
S2_65172783 2 65176783 3.16984491825261e-05
S2_65176896 2 65180896 0.000887375022829297
S2_65176904 2 65180904 0.000887375022829297
S2_65177412 2 65181412 0.000145095549300522
S2_65177632 2 65181632 0.00052017474723461
S2_65177654 2 65181654 0.00052017474723461
S2_65202828 2 65206828 5.32220123773667e-07
S2_65270806 2 65274806 0.000280823680337179
S2_65270809 2 65274809 0.000332813795891881
S2_65286666 2 65290666 0.000126001686711206
S2_65547950 2 65551950 0.000232911865163911
S2_65547958 2 65551958 0.000232012463923824
S2_65564055 2 65568055 0.000949396077780335
S2_65591313 2 65595313 0.000897624737555909
S2_65621852 2 65625852 0.000712715778588786
S2_65694131 2 65698131 6.61960851490701e-05
S2_65735254 2 65739254 1.71172813625109e-05
S2_65735291 2 65739291 1.71172813625109e-05
S2_65804129 2 65808129 9.78839202054425e-06
S2_65804242 2 65808242 0.000396817202932188
S2_65849816 2 65853816 0.000572897364576835
S2_65953672 2 65957672 0.000351963887209634
S2_66065228 2 66069228 4.11075971183932e-05
S2_66085511 2 66089511 0.000388677121475783
S2_66085764 2 66089764 0.000487370712104626
S2_66085784 2 66089784 0.000487370712104626
S2_66225695 2 66229695 0.00019983900928581
S2_66272496 2 66276496 7.43653385449794e-06
S2_66293865 2 66297865 0.00077339084789455
S2_66303270 2 66307270 8.82028817274251e-05
S2_66367614 2 66371614 0.000156084433858884
S2_66483458 2 66487458 1.52657370165922e-05
S2_66567410 2 66571410 2.72135340509252e-05
S2_67000388 2 67004388 0.00034638844287671
S2_67005639 2 67009639 0.000712168279223438
S2_67078225 2 67082225 4.91195140208439e-06
S2_67114055 2 67118055 0.000509324806535286
S2_67144398 2 67148398 0.000459267936375292
S2_67152665 2 67156665 0.00010414304901954
S2_67152667 2 67156667 0.00010414304901954
S2_67198755 2 67202755 1.61172766628029e-05
S2_67198780 2 67202780 2.73559052501626e-06
S2_67425402 2 67429402 0.000719261525683741
S2_67608537 2 67612537 7.94392828612754e-05
S2_67608562 2 67612562 7.94392828612754e-05
S2_67608687 2 67612687 0.000293216976802449
S2_67608694 2 67612694 0.000293216976802366
S2_67608699 2 67612699 0.000293216976802366
S2_67652907 2 67656907 0.00023009789624184
S2_67709802 2 67713802 0.000633028507851497
S2_67810089 2 67814089 0.000220208109364852
S2_67844998 2 67848998 0.000547228300933186
S2_68059702 2 68063702 7.61247366946288e-08
S2_68089028 2 68093028 0.000233579442906675
S2_68110517 2 68114517 0.000493471230567066
S2_68110519 2 68114519 0.000493471230566999
S2_68319177 2 68323177 1.80103880597708e-05
S2_68355792 2 68359792 0.000172372216415342
S2_68535030 2 68539030 0.000860255229944946
S2_68577431 2 68581431 7.27684395034487e-05
S2_68661749 2 68665749 5.53857406338317e-05
S2_68661753 2 68665753 5.53857406338723e-05
S2_68960459 2 68964459 4.80481685617939e-05
S2_68960470 2 68964470 4.14546625722666e-05
S2_68960531 2 68964531 0.000840705943930739
S2_68960539 2 68964539 0.000676396876917631
S2_69016350 2 69020350 3.26822250389117e-05
S2_69207829 2 69211829 2.91408846430998e-05
S2_69218908 2 69222908 0.000144956834454311
S2_69218933 2 69222933 0.000148062221630002
S2_69254549 2 69258549 3.0581566322854e-06
S2_69254553 2 69258553 3.0581566322854e-06
S2_69276535 2 69280535 1.73712495325917e-05
S2_69340169 2 69344169 0.0002569972233403
S2_69604328 2 69608328 5.48453745449025e-05
S2_69608652 2 69612652 8.41106858559459e-07
S2_69608653 2 69612653 8.41106858559459e-07
S2_69615185 2 69619185 4.18753809248836e-06
S2_69640859 2 69644859 0.000500924379999928
S2_69642015 2 69646015 2.30008425007092e-05
S2_69684790 2 69688790 0.000675112443336011
S2_69684797 2 69688797 0.000675112443336011
S2_69684799 2 69688799 0.000675112443336142
S2_69714301 2 69718301 0.000318775520157477
S2_69738488 2 69742488 2.99451250682313e-06
S2_69738491 2 69742491 6.65309842769605e-07
S2_69739310 2 69743310 3.04862997111971e-05
S2_69739311 2 69743311 0.000542283301055909
S2_69739447 2 69743447 0.000640472379386833
S2_69803792 2 69807792 8.63765516788396e-05
S2_69820498 2 69824498 1.32281471353275e-07
S2_69820499 2 69824499 6.88076257260099e-07
S2_69858055 2 69862055 2.36431268471476e-06
S2_69859850 2 69863850 1.05426884460429e-05
S2_69869592 2 69873592 0.000610769848064345
S2_69889548 2 69893548 5.71356067947097e-09
S2_69891842 2 69895842 0.000118946349033829
S2_69897201 2 69901201 0.000712994473292716
S2_69921295 2 69925295 4.26768346560452e-06
S2_69921302 2 69925302 4.26768346560452e-06
S2_69922727 2 69926727 0.000260791127210739
S2_69926511 2 69930511 0.000276150708182951
S2_69938401 2 69942401 0.000152441030273953
S2_69944208 2 69948208 8.0184872385977e-05
S2_69944225 2 69948225 0.000301700392835831
S2_69971094 2 69975094 0.000492330465727047
S2_69995183 2 69999183 0.000168144701695878
S2_70010801 2 70014801 2.41702163619728e-05
S2_70010807 2 70014807 0.00076218903394612
S2_70029386 2 70033386 0.000657728329137669
S2_70033844 2 70037844 0.000557412878023649
S2_70049249 2 70053249 1.26440209313178e-07
S2_70049906 2 70053906 2.8566458399496e-10
S2_70052873 2 70056873 0.000199474017034317
S2_70053732 2 70057732 0.000194393433129987
S2_70053812 2 70057812 5.7277140775763e-08
S2_70055775 2 70059775 0.000101077977338628
S2_70055782 2 70059782 1.14044775756403e-13
S2_70055943 2 70059943 0.000776335926705207
S2_70056165 2 70060165 4.52034403426806e-07
S2_70057997 2 70061997 0.000237170898748631
S2_70058012 2 70062012 0.000237170898748631
S2_70058927 2 70062927 7.57128729858707e-05
S2_70061697 2 70065697 0.000195121326007998
S2_70061991 2 70065991 8.31299957623456e-06
S2_70067186 2 70071186 9.28159350831245e-05
S2_70077331 2 70081331 0.000987769474132187
S2_70083467 2 70087467 0.000795779686938576
S2_70084674 2 70088674 1.81065723744234e-05
S2_70086766 2 70090766 4.94851170118019e-07
S2_70086767 2 70090767 4.94851170118019e-07
S2_70093876 2 70097876 0.000804545777652543
S2_70093877 2 70097877 0.000575079870910014
S2_70102823 2 70106823 3.37046053216104e-05
S2_70112560 2 70116560 0.000150622453313837
S2_70112576 2 70116576 0.000889967808977759
S2_70148173 2 70152173 0.000708623042269903
S2_70237928 2 70241928 1.33480636903556e-05
S2_70237934 2 70241934 0.000380710832571701
S2_70237935 2 70241935 0.000380710832571701
S2_70237939 2 70241939 0.000380710832571701
S2_70237971 2 70241971 2.00602627821162e-05
S2_70237973 2 70241973 2.00602627821162e-05
S2_70237988 2 70241988 0.000250221268139378
S2_70281984 2 70285984 0.000145102980922691
S2_70318782 2 70322782 0.000205335684534052
S2_70366146 2 70370146 5.57748943759623e-07
S2_70366150 2 70370150 9.49095883489612e-08
S2_70369221 2 70373221 0.000529767996598028
S2_70370726 2 70374726 0.000806815280385695
S2_70382653 2 70386653 0.000451436626408691
S2_70411483 2 70415483 0.00019474241687945
S2_70423334 2 70427334 1.29901705850016e-05
S2_70460871 2 70464871 0.000526660490176396
S2_70460890 2 70464890 1.39450630160093e-11
S2_70460892 2 70464892 6.47166814507351e-06
S2_70463736 2 70467736 3.36354925261496e-05
S2_70517105 2 70521105 3.23889409849503e-05
S2_70517110 2 70521110 4.2012059151167e-05
S2_70517378 2 70521378 4.57463790897361e-05
S2_70521787 2 70525787 0.000223296568305436
S2_70534151 2 70538151 1.89310290032619e-05
S2_70534160 2 70538160 1.89310290032619e-05
S2_70554653 2 70558653 0.000682978688981926
S2_70584618 2 70588618 0.000110216095148438
S2_70625214 2 70629214 0.000355175573816541
S2_70687741 2 70691741 3.96314298565219e-07
S2_70716973 2 70720973 0.000176810120580651
S2_70723320 2 70727320 0.000188402321945028
S2_70723330 2 70727330 2.70037935249961e-05
S2_70723339 2 70727339 0.000188402321945028
S2_70723360 2 70727360 1.4417361173277e-06
S2_70724438 2 70728438 2.56683405484508e-05
S2_70733506 2 70737506 0.000596090624340036
S2_70747599 2 70751599 0.000779725601768568
S2_70749288 2 70753288 1.92984948019316e-07
S2_70750192 2 70754192 0.000991492677380449
S2_70764303 2 70768303 0.000139668015853451
S2_70764636 2 70768636 0.000982966387601294
S2_70851088 2 70855088 0.00096857762510915
S2_70854720 2 70858720 0.00059904952852252
S2_70855067 2 70859067 0.000603530595718574
S2_70855174 2 70859174 0.000931592269306131
S2_70856424 2 70860424 0.000819643531151515
S2_70885787 2 70889787 1.04782758446049e-05
S2_70900443 2 70904443 0.000544829509868001
S2_70903749 2 70907749 0.000261909419206866
S2_70903799 2 70907799 0.000642306831571016
S2_70903868 2 70907868 0.000115949252393784
S2_70903882 2 70907882 0.000127604204057226
S2_70903883 2 70907883 0.000115949252393784
S2_70903923 2 70907923 0.000374715070960974
S2_70907553 2 70911553 3.90055543821891e-05
S2_70909541 2 70913541 0.000544723617286617
S2_70918596 2 70922596 2.63881909545794e-07
S2_70944313 2 70948313 5.40052455952188e-05
S2_70947189 2 70951189 1.06217166059409e-05
S2_71001680 2 71005680 0.000624807561191594
S2_71009900 2 71013900 0.000191062419874973
S2_71014032 2 71018032 2.80876237536864e-06
S2_71128779 2 71132779 5.56061129509067e-06
S2_71263303 2 71267303 0.000980414990107217
S2_71390451 2 71394451 0.000749221150879144
S2_71419274 2 71423274 0.000317804800719534
S2_71420647 2 71424647 0.000886730645590398
S2_71420664 2 71424664 0.000886730645590398
S2_71420678 2 71424678 0.000886730645590398
S2_71430064 2 71434064 4.84118211745938e-05
S2_71430067 2 71434067 0.000951539823488054
S2_71431030 2 71435030 5.99316001254873e-06
S2_71431064 2 71435064 5.99316001254873e-06
S2_71439039 2 71443039 0.000598766695576894
S2_71455546 2 71459546 7.64426318735049e-07
S2_71458490 2 71462490 0.000260409189241899
S2_71458494 2 71462494 0.000207457849908784
S2_71458517 2 71462517 0.000207457849908784
S2_71461823 2 71465823 1.26105696882644e-05
S2_71463984 2 71467984 2.070959927879e-07
S2_71464052 2 71468052 0.000171472899294643
S2_71467826 2 71471826 0.000630992631000273
S2_71467860 2 71471860 1.97901732501723e-05
S2_71509370 2 71513370 0.000373528421362706
S2_71509408 2 71513408 4.51167783702288e-06
S2_71640328 2 71644328 0.00041676876839656
S2_71670187 2 71674187 0.00098760380525055
S2_71749938 2 71753938 1.04949257893402e-06
S2_71756315 2 71760315 0.000111296996083954
S2_71772882 2 71776882 0.00061009432982224
S2_71773005 2 71777005 0.000407377971972952
S2_71773135 2 71777135 0.000524226415023994
S2_71827091 2 71831091 0.000198472822392486
S2_71827770 2 71831770 0.00014903464516029
S2_71827771 2 71831771 0.00038926010701798
S2_71827772 2 71831772 7.67741272427283e-05
S2_71827778 2 71831778 0.000251808359386735
S2_71828542 2 71832542 9.15728799035989e-05
S2_71830698 2 71834698 0.000140495062504615
S2_71831912 2 71835912 0.000352400119140228
S2_71843690 2 71847690 0.000352650887537919
S2_71851544 2 71855544 0.000394372438981717
S2_71878125 2 71882125 0.000974002325933887
S2_71879350 2 71883350 0.000969946577047726
S2_71945061 2 71949061 0.000122308504912265
S2_72365363 2 72369363 0.000640899586991697
S2_72454481 2 72458481 0.000364527533215993
S2_72527644 2 72531644 0.000872342944776165
S2_72540429 2 72544429 0.000173435114594765
S2_72547272 2 72551272 0.000122429950393839
S2_72547286 2 72551286 0.000589779932329155
S2_72668782 2 72672782 8.40256054870023e-06
S2_72670979 2 72674979 0.000238319140526164
S2_72711934 2 72715934 6.88002978441587e-05
S2_72725520 2 72729520 1.92159442320731e-05
S2_72727617 2 72731617 0.000363046149124205
S2_72781043 2 72785043 2.85103348805326e-05
S2_72831927 2 72835927 0.00031156913224178
S2_72831942 2 72835942 0.000623187602211758
S2_72883912 2 72887912 0.000452038105789711
S2_72906838 2 72910838 8.0340245852239e-05
S2_72936501 2 72940501 0.000139669649608017
S2_73009075 2 73013075 0.000178748409067267
S2_73045228 2 73049228 0.000154407658555187
S2_73054226 2 73058226 2.60274601292745e-06
S2_73241138 2 73245138 1.15508564837373e-05
S2_73241143 2 73245143 1.15508564837443e-05
S2_73306235 2 73310235 1.93632330036701e-06
S2_73306944 2 73310944 0.000615526452647093
S2_73495573 2 73499573 1.64365327490054e-05
S2_73509559 2 73513559 0.000348348044435365
S2_73509595 2 73513595 0.000348348044435365
S2_73509601 2 73513601 0.000348348044435365
S2_73513103 2 73517103 0.00041003544296921
S2_73616119 2 73620119 5.11169905485328e-05
S2_73632326 2 73636326 0.000174815519008699
S2_73654629 2 73658629 0.000484887116218367
S2_73654857 2 73658857 5.80124635545845e-09
S2_73655833 2 73659833 4.11592906935725e-05
S2_73693968 2 73697968 1.17137133002487e-07
S2_73693980 2 73697980 1.17137133002487e-07
S2_73694319 2 73698319 0.000871752827980765
S2_73714417 2 73718417 0.000265553305367666
S2_73766819 2 73770819 0.000963259521926306
S2_73794918 2 73798918 3.01935901998028e-09
S2_73798289 2 73802289 3.28813554763819e-13
S2_73798290 2 73802290 5.45480546249573e-14
S2_73798291 2 73802291 5.45480546249573e-14
S2_73802943 2 73806943 0.000421832301067455
S2_73802970 2 73806970 0.000421832301067455
S2_73802979 2 73806979 0.000421832301067455
S2_73893171 2 73897171 0.00039925972141831
S2_73893272 2 73897272 3.29446287919027e-06
S2_73963338 2 73967338 0.000974642987231032
S2_73964645 2 73968645 0.000202751763203454
S2_73964881 2 73968881 0.000110857368834365
S2_73964904 2 73968904 1.94590798946259e-05
S2_74042834 2 74046834 0.000103105471802617
S2_74042898 2 74046898 0.000131148894027486
S2_74092076 2 74096076 7.53237047063043e-05
S2_74172333 2 74176333 0.000604027138243569
S2_74214404 2 74218404 0.000191126818178041
S2_74236050 2 74240050 0.000701192295509689
S2_74244123 2 74248123 0.00097000462586936
S2_74307111 2 74311111 5.31199742047628e-05
S2_74418849 2 74422849 0.000597735317341403
S2_74482412 2 74486412 0.000225804129683707
S2_74707645 2 74711645 2.17624038421419e-06
S2_74707669 2 74711669 4.16326912944574e-05
S2_74707676 2 74711676 6.61417602079754e-05
S2_74707691 2 74711691 2.17624038421419e-06
S2_74937832 2 74941832 0.000544561724331077
S2_74960970 2 74964970 0.000204953974962783
S2_75037811 2 75041811 6.5740688302478e-05
S2_75103906 2 75107906 4.90406452127278e-08
S2_75147458 2 75151458 2.00687535417585e-06
S2_75165642 2 75169642 8.91855331958984e-07
S2_75175075 2 75179075 0.000155711608186215
S2_75203786 2 75207786 4.38801955037843e-05
S2_75243875 2 75247875 5.88231463369901e-09
S2_75410930 2 75414930 0.000877655043812566
S2_75411288 2 75415288 7.61983242266347e-05
S2_75534896 2 75538896 0.000359148751795203
S2_75569820 2 75573820 7.76728099500942e-06
S2_75575844 2 75579844 7.86227214194844e-05
S2_75576700 2 75580700 1.60532131548903e-05
S2_75602119 2 75606119 6.63643427757886e-05
S2_75613942 2 75617942 0.000194807553616435
S2_75616100 2 75620100 5.07092322199885e-06
S2_75622312 2 75626312 0.000314056148084458
S2_75622339 2 75626339 0.000314056148084458
S2_75639012 2 75643012 0.000277884093961592
S2_75642474 2 75646474 0.000449764745402026
S2_75661097 2 75665097 0.00082418711155799
S2_75668720 2 75672720 5.92287418203262e-06
S2_75688228 2 75692228 9.17509549371444e-05
S2_75688234 2 75692234 9.17509549371444e-05
S2_75688244 2 75692244 9.17509549371444e-05
S2_75688580 2 75692580 3.58020213624121e-06
S2_75688621 2 75692621 3.58020213624121e-06
S2_75695533 2 75699533 1.23794731111395e-05
S2_75723856 2 75727856 3.69470912213448e-06
S2_75783890 2 75787890 4.9733678199012e-05
S2_75788124 2 75792124 0.000120939239868471
S2_75788215 2 75792215 0.000907273068757732
S2_75805283 2 75809283 4.40998671388452e-05
S2_75805416 2 75809416 9.11499639390002e-06
S2_75835344 2 75839344 2.53754534103658e-05
S2_75843964 2 75847964 1.61391052837461e-05
S2_75844211 2 75848211 1.00709778951856e-05
S2_75844243 2 75848243 1.00709778951856e-05
S2_75892745 2 75896745 7.82403983513465e-06
S2_75924396 2 75928396 0.000713652354760736
S2_75962970 2 75966970 4.61841899312057e-05
S2_76233202 2 76237202 0.000146338050400937
S2_76380415 2 76384415 8.28608150055894e-05
S2_76383669 2 76387669 0.00033160925448498
S2_76447569 2 76451569 0.000804981872903456
S2_76484822 2 76488822 0.000183863279772048
S2_76637849 2 76641849 0.000597827852797352
S2_76637871 2 76641871 0.000606845842071965
S2_76671118 2 76675118 1.68342377172625e-08
S2_76898241 2 76902241 5.61783222775632e-05
S2_76970764 2 76974764 4.46449084886046e-05
S2_76970804 2 76974804 4.46449084886046e-05
S2_77050173 2 77054173 0.000696586598226205
S2_77323904 2 77327904 0.0007071924260532
S2_77349501 2 77353501 0.000322811653725185
S2_77361436 2 77365436 8.70391704204284e-06
S2_77672971 2 77676971 0.000523428857608638
S2_77797032 2 77801032 0.000112324906597595
S2_77845189 2 77849189 0.000112739297067943
S2_77848247 2 77852247 0.000657206262145835
