Marker Chr Pos p
S6_304007 6 308007 3.4838513966856e-05
S6_504393 6 508393 9.12008078263755e-05
S6_538713 6 542713 0.000852816460374204
S6_549680 6 553680 0.000242547266658516
S6_798712 6 802712 0.000304886817466014
S6_1049989 6 1053989 0.000546983407978916
S6_1276036 6 1280036 0.000375449112343826
S6_1493171 6 1497171 7.43965776392311e-05
S6_1522210 6 1526210 5.1811340596356e-05
S6_1522223 6 1526223 5.1811340596356e-05
S6_1522251 6 1526251 0.000384781439829056
S6_1608451 6 1612451 0.000159068502941074
S6_1638833 6 1642833 0.000482957068594914
S6_1701260 6 1705260 0.000119207715067493
S6_1714202 6 1718202 0.00062270821664773
S6_1877685 6 1881685 0.000878128838610638
S6_1877692 6 1881692 4.16938737798524e-06
S6_1930455 6 1934455 0.000739611731365331
S6_2086902 6 2090902 4.27585562259346e-05
S6_2557909 6 2561909 0.000497741260718429
S6_2604721 6 2608721 1.64520778252191e-05
S6_2911607 6 2915607 8.13527970427878e-05
S6_2939703 6 2943703 0.000108685356408327
S6_2959450 6 2963450 0.000132948588160652
S6_3044543 6 3048543 2.71583689476549e-05
S6_3361378 6 3365378 3.82334486797195e-06
S6_3361407 6 3365407 3.82334486797195e-06
S6_3372385 6 3376385 6.54173989996992e-05
S6_3662441 6 3666441 2.72025333939003e-05
S6_3861700 6 3865700 0.000962544312461884
S6_3899047 6 3903047 0.000156210203760524
S6_4090893 6 4094893 0.000817451764127564
S6_4442852 6 4446852 0.000883961426787033
S6_4442874 6 4446874 0.00025063341403269
S6_4442919 6 4446919 0.000386067243694002
S6_4442929 6 4446929 0.000391194092595279
S6_4482678 6 4486678 0.000476812773104035
S6_5668619 6 5672619 0.00010385561516349
S6_5696995 6 5700995 0.000102173815994345
S6_6022908 6 6026908 0.00054214331561068
S6_6453039 6 6457039 0.000758186994110995
S6_6688879 6 6692879 6.44546252911854e-05
S6_8647999 6 8651999 8.99878749437845e-05
S6_9008591 6 9012591 0.00050937699295848
S6_14234793 6 14238793 1.74873153893589e-05
S6_15360403 6 15364403 0.000186144406861384
S6_18786977 6 18790977 5.58917693027312e-05
S6_30550620 6 30554620 0.000139101420313849
S6_30601482 6 30605482 0.000489087464904546
S6_30601492 6 30605492 0.000489087464904546
S6_31151808 6 31155808 0.000133254236261761
S6_31673491 6 31677491 0.000603645401572905
S6_31726859 6 31730859 0.000167817282431819
S6_31830473 6 31834473 0.000358886125290295
S6_31973322 6 31977322 0.000719129345896835
S6_35046340 6 35050340 8.27421495821673e-05
S6_36154676 6 36158676 0.000332517574460282
S6_39106683 6 39110683 0.000696544099576998
S6_40208658 6 40212658 0.000220340464514973
S6_40341928 6 40345928 0.000772750130419633
S6_41510693 6 41514693 0.000122737417601627
S6_41941905 6 41945905 8.37779836939973e-07
S6_41970042 6 41974042 6.37956292395325e-09
S6_41970084 6 41974084 0.000127083482347702
S6_42203809 6 42207809 0.000307717852587944
S6_42374461 6 42378461 5.00850814584317e-06
S6_42646702 6 42650702 1.05947164308892e-06
S6_42646714 6 42650714 1.00992231728706e-06
S6_43340299 6 43344299 0.000963889954872744
S6_43953162 6 43957162 0.0009986035512497
S6_44076675 6 44080675 0.000137346470705034
S6_44537201 6 44541201 6.98256435307918e-05
S6_44906815 6 44910815 0.00085635430857825
S6_44906818 6 44910818 0.00085635430857876
S6_45264991 6 45268991 0.000128905933233138
S6_45306290 6 45310290 0.000178817360553951
S6_45612686 6 45616686 1.79433930341972e-06
S6_45714512 6 45718512 0.00028896939825175
S6_46069300 6 46073300 0.000181694909086904
S6_46073826 6 46077826 6.82926663002076e-05
S6_46120141 6 46124141 0.000153418739265822
S6_46194191 6 46198191 0.000413289262678707
S6_46488309 6 46492309 0.000751374373827288
S6_46802008 6 46806008 3.18616610477711e-05
S6_46853308 6 46857308 7.84927258746299e-07
S6_46861312 6 46865312 9.21503999140255e-05
S6_46935759 6 46939759 5.56032914012072e-05
S6_46991422 6 46995422 2.43198684801664e-05
S6_46991465 6 46995465 1.94866594634573e-06
S6_46998448 6 47002448 0.000853669662151838
S6_46998452 6 47002452 0.000853669662151838
S6_47147530 6 47151530 0.000518384193491913
S6_47208302 6 47212302 0.000989834684476389
S6_47208304 6 47212304 0.000470806925237938
S6_47249192 6 47253192 0.000662941146031606
S6_47487559 6 47491559 0.000959814234430629
S6_47614626 6 47618626 4.74816952838265e-06
S6_47614993 6 47618993 4.57338726736364e-05
S6_47682613 6 47686613 0.000291013766224915
S6_47783670 6 47787670 0.000728130807152057
S6_47806149 6 47810149 0.000204216994516003
S6_47957394 6 47961394 0.000344980848905369
S6_47957399 6 47961399 0.000344980848905369
S6_47969685 6 47973685 9.29382835046218e-05
S6_47976720 6 47980720 0.000132188570473323
S6_48037907 6 48041907 0.000622086675188441
S6_48070720 6 48074720 0.000187183168334931
S6_48093958 6 48097958 7.08976740160707e-05
S6_48099768 6 48103768 0.000216136605926007
S6_48220988 6 48224988 0.000355298049745332
S6_48221209 6 48225209 0.000605039149620932
S6_48245576 6 48249576 0.000132059753981877
S6_48323197 6 48327197 4.63988995381185e-05
S6_48342791 6 48346791 5.53372656564544e-06
S6_48342792 6 48346792 5.53372656564544e-06
S6_48342798 6 48346798 5.53372656564544e-06
S6_48357579 6 48361579 0.000197203488807874
S6_48415491 6 48419491 0.000552595946375251
S6_48431930 6 48435930 0.000143997307423013
S6_48431966 6 48435966 1.6194155584703e-05
S6_48433653 6 48437653 3.52282602455302e-06
S6_48531788 6 48535788 0.000526023208294648
S6_48556365 6 48560365 0.000938391739506387
S6_48557870 6 48561870 0.000931821293696862
S6_48587660 6 48591660 0.000470630134086004
S6_48590497 6 48594497 0.000442119855944902
S6_48665826 6 48669826 0.000981323048433434
S6_48670092 6 48674092 0.000180218827870878
S6_48724463 6 48728463 1.16669023786135e-05
S6_48727864 6 48731864 0.000963363964239142
S6_48727865 6 48731865 0.000956803750361746
S6_48748405 6 48752405 0.000120891985111463
S6_48883832 6 48887832 7.79177035312373e-05
S6_49071890 6 49075890 0.000388022087997148
S6_49088915 6 49092915 0.000984254561305362
S6_49167452 6 49171452 3.76413606066217e-05
S6_49170633 6 49174633 7.36340766869216e-07
S6_49173387 6 49177387 6.8680366586829e-05
S6_49360366 6 49364366 9.41374318551042e-05
S6_49553935 6 49557935 3.98658589906989e-05
S6_49561074 6 49565074 8.40051217284084e-05
S6_49573380 6 49577380 0.000504105325984021
S6_49632283 6 49636283 2.67977340959116e-05
S6_49820389 6 49824389 0.000219602474173647
S6_50068055 6 50072055 2.92042221298796e-05
S6_50714027 6 50718027 6.57050643491518e-05
S6_50718044 6 50722044 0.00030335733042926
S6_51102145 6 51106145 0.000473283652472138
S6_51486513 6 51490513 7.04345293859875e-07
S6_51492399 6 51496399 2.52641058659482e-06
S6_51499987 6 51503987 0.000325314441204722
S6_51549407 6 51553407 0.000250998417516059
S6_51574444 6 51578444 0.000336416572480675
S6_51574445 6 51578445 0.000336416572480675
S6_51609592 6 51613592 0.00082775271075624
S6_52053951 6 52057951 0.000923314001173226
S6_52142218 6 52146218 0.000165531275816119
S6_52144542 6 52148542 0.000927768668741904
S6_52145610 6 52149610 0.000349034013131749
S6_52204515 6 52208515 2.45360083714743e-11
S6_52251435 6 52255435 2.69060296307319e-05
S6_52289540 6 52293540 0.000829790569441823
S6_52627315 6 52631315 8.06313371519631e-05
S6_52627351 6 52631351 8.06313371519631e-05
S6_52627826 6 52631826 1.04353135455685e-05
S6_52800675 6 52804675 0.000611178513087121
S6_52800676 6 52804676 0.000740370457765483
S6_52830154 6 52834154 0.000339387445682651
S6_52844576 6 52848576 5.06570887603875e-06
S6_52845540 6 52849540 0.000148258248156216
S6_52854320 6 52858320 0.000314660239537146
S6_52869028 6 52873028 0.000263324479196276
S6_52871994 6 52875994 1.59632821021809e-05
S6_52914630 6 52918630 0.000245037531771235
S6_52959849 6 52963849 5.06584320874733e-05
S6_52993689 6 52997689 0.000164107345513594
S6_53029491 6 53033491 8.34945083821327e-05
S6_53029644 6 53033644 1.64460350371107e-05
S6_53029646 6 53033646 1.64460350371107e-05
S6_53029686 6 53033686 1.64460350371146e-05
S6_53029705 6 53033705 0.000236142967846264
S6_53098456 6 53102456 0.000932040535697684
S6_53105010 6 53109010 0.000959944424332072
S6_53105181 6 53109181 0.000475833123752955
S6_53127844 6 53131844 9.60675962448453e-05
S6_53131201 6 53135201 1.03134273951841e-05
S6_53131202 6 53135202 1.03134273951841e-05
S6_53131203 6 53135203 1.03134273951841e-05
S6_53254615 6 53258615 5.59796356241443e-06
S6_53329783 6 53333783 9.48923461199324e-05
S6_53570984 6 53574984 9.65690297729373e-05
S6_53649616 6 53653616 0.000951434778340342
S6_53671178 6 53675178 0.000781636337390975
S6_53748302 6 53752302 0.000494735500340706
S6_53772905 6 53776905 3.55427427104856e-05
S6_53775338 6 53779338 0.000302048502247589
S6_53787136 6 53791136 0.000265665524913006
S6_53797320 6 53801320 1.66073012804297e-05
S6_53804212 6 53808212 0.000927329960225821
S6_53842283 6 53846283 1.73449639778092e-05
S6_54125344 6 54129344 0.000880518063703791
S6_54162518 6 54166518 0.000134489344139913
S6_54170560 6 54174560 0.000776718709821421
S6_54192709 6 54196709 0.00012093276800395
S6_54204597 6 54208597 0.000635805779815674
S6_54211530 6 54215530 0.000264224343791121
S6_54211531 6 54215531 0.000112268388006751
S6_54211539 6 54215539 0.000220103957425382
S6_54221186 6 54225186 0.000636062600683975
S6_54243331 6 54247331 0.000499795762350189
S6_54243333 6 54247333 0.000499795762350189
S6_54579915 6 54583915 0.0001454607342243
S6_54691982 6 54695982 2.34395912785165e-05
S6_54739082 6 54743082 0.000162471090696956
S6_54739946 6 54743946 0.000216731237362992
S6_54739949 6 54743949 0.000215941163651468
S6_54793473 6 54797473 0.000435745117175857
S6_54793474 6 54797474 0.000435745117175857
S6_54910615 6 54914615 0.00017416101809671
S6_55041367 6 55045367 0.0007032073843076
S6_55282199 6 55286199 0.000646950440161014
S6_55285662 6 55289662 0.00021458138890669
S6_55368626 6 55372626 4.94503028501435e-06
S6_55386833 6 55390833 0.000635565369366499
S6_55387662 6 55391662 8.09802926397806e-06
S6_55388786 6 55392786 1.72528833680336e-05
S6_55389659 6 55393659 4.24426454541744e-07
S6_55407099 6 55411099 0.00083024548265938
S6_55407765 6 55411765 0.000629566877046261
S6_55412769 6 55416769 0.000229278642235405
S6_55426776 6 55430776 0.000588261023696606
S6_55427381 6 55431381 2.32461078459221e-06
S6_55427539 6 55431539 0.000347673527685826
S6_55484237 6 55488237 0.000219052833678484
S6_55496989 6 55500989 3.799029272358e-11
S6_55505487 6 55509487 4.28011539530088e-07
S6_55505760 6 55509760 4.50317974282032e-05
S6_55506083 6 55510083 0.000648807288148952
S6_55539086 6 55543086 2.92338259076874e-09
S6_55539969 6 55543969 0.000121949271019504
S6_55540399 6 55544399 0.000162923471647779
S6_55540401 6 55544401 0.000159944996306546
S6_55551603 6 55555603 2.64401190555883e-05
S6_55563407 6 55567407 3.29985238790246e-05
S6_55660393 6 55664393 0.00064726649103751
S6_55714728 6 55718728 0.000242386358325636
S6_55714762 6 55718762 0.000242386358325636
S6_55724387 6 55728387 8.65073209804352e-05
S6_55898395 6 55902395 0.000693437889069579
S6_55903537 6 55907537 0.000149076255622307
S6_55952181 6 55956181 5.38556297280318e-06
S6_56005077 6 56009077 0.000257220596923926
S6_56005081 6 56009081 0.000280361271453737
S6_56005085 6 56009085 0.000257220596923926
S6_56033197 6 56037197 0.000349737182319803
S6_56059029 6 56063029 0.00047747693580365
S6_56197863 6 56201863 0.000948200253540536
S6_56235775 6 56239775 1.64243488114285e-05
S6_56245616 6 56249616 6.87968514866561e-06
S6_56245631 6 56249631 6.87968514866561e-06
S6_56255368 6 56259368 7.60913816189322e-06
S6_56255464 6 56259464 1.81895930369602e-05
S6_56263120 6 56267120 0.000195175264200249
S6_56291416 6 56295416 3.92493436860934e-06
S6_56433289 6 56437289 6.23267217651339e-05
S6_56496578 6 56500578 0.000784969787284587
S6_56532047 6 56536047 1.4339089659416e-05
S6_56745854 6 56749854 6.47652921789512e-05
S6_57222720 6 57226720 5.60037612766923e-05
S6_57328796 6 57332796 0.000958699804127712
S6_57461174 6 57465174 4.89360279502425e-06
S6_57471111 6 57475111 0.000343448787494612
S6_57972654 6 57976654 0.000344680448670218
S6_58216459 6 58220459 1.07378604381946e-05
S6_58218618 6 58222618 0.000529103378969151
S6_58218641 6 58222641 0.000510737217494942
S6_58227580 6 58231580 0.000136708299034209
S6_58230233 6 58234233 0.000431407347325849
S6_58276601 6 58280601 8.0407654765111e-05
S6_58281135 6 58285135 0.00090446622028612
S6_58281307 6 58285307 0.00046339122538343
S6_58399059 6 58403059 0.00052855063636742
S6_58410620 6 58414620 0.00053635786499567
S6_58410677 6 58414677 3.60094972436927e-05
S6_58411857 6 58415857 9.77671152509423e-06
S6_58413332 6 58417332 0.0006102135442421
S6_58413352 6 58417352 0.0006102135442421
S6_58420241 6 58424241 4.73285800317315e-06
S6_58423670 6 58427670 4.05827749573114e-06
S6_58503394 6 58507394 4.17139735532318e-05
S6_58504353 6 58508353 0.000975168481620334
S6_58576351 6 58580351 0.000237328858113098
S6_58581422 6 58585422 0.000860504015768183
S6_58733514 6 58737514 0.000987952404512513
S6_58809755 6 58813755 0.000658432248971378
S6_58945893 6 58949893 0.000297727786117874
S6_58950609 6 58954609 0.000156513544038782
S6_59058898 6 59062898 9.97798247077182e-06
S6_59063750 6 59067750 0.000239927547985967
S6_59096666 6 59100666 1.32155978490848e-05
S6_59107430 6 59111430 2.09211664908224e-05
S6_59273148 6 59277148 1.67702635993602e-05
S6_59273170 6 59277170 1.63090068568973e-05
S6_59315570 6 59319570 0.000809078896650951
S6_59315577 6 59319577 6.79141142873955e-07
S6_59386798 6 59390798 6.79808879713456e-05
S6_59493859 6 59497859 0.000108467235561735
S6_59595095 6 59599095 0.000104977656055731
S6_59843413 6 59847413 0.000532015767326413
S6_59843432 6 59847432 0.000532015767326413
S6_59959341 6 59963341 0.000343961480656514
S6_60021593 6 60025593 4.79727107851385e-06
S6_60450484 6 60454484 0.000434058664065542
S6_60461860 6 60465860 2.41750997275205e-05
S6_60499789 6 60503789 9.67667543628403e-05
S6_60507561 6 60511561 0.000789359829726963
S6_60523744 6 60527744 0.000188483037737391
S6_60535175 6 60539175 0.000181465938528595
S6_60535179 6 60539179 0.000181465938528595
S6_60545423 6 60549423 0.00029025386496513
S6_60551923 6 60555923 6.20587672443292e-06
S6_60575331 6 60579331 3.92573423902489e-05
S6_60594150 6 60598150 0.000517329840485018
S6_60602407 6 60606407 3.21609762983135e-05
S6_60608834 6 60612834 0.000483971390947179
S6_60611740 6 60615740 5.96136672975694e-05
S6_60613767 6 60617767 4.36674678876422e-06
S6_60659887 6 60663887 2.47894083496895e-05
S6_60659888 6 60663888 2.47894083496862e-05
S6_61106849 6 61110849 1.44180177828775e-05
S6_61258529 6 61262529 0.000508023574491007
S6_61475869 6 61479869 3.26622275022699e-05
S6_61495553 6 61499553 0.000312306619384031
S6_61541200 6 61545200 0.000170535656204673
S6_61541223 6 61545223 0.000239633045285272
S6_61794308 6 61798308 0.000345998056394345
