Marker Chr Pos p
S1_112035 1 116035 0.000623424619548808
S1_112479 1 116479 0.000152232049660756
S1_115471 1 119471 0.00086847836583639
S1_119085 1 123085 0.000525307732460244
S1_165827 1 169827 7.73468892868452e-05
S1_166576 1 170576 0.000313536735048099
S1_175797 1 179797 2.37199797392552e-05
S1_198193 1 202193 0.000459517966837917
S1_198505 1 202505 0.00097288512108805
S1_198557 1 202557 8.7960490656365e-05
S1_248181 1 252181 7.75765521210297e-06
S1_248222 1 252222 1.22341841205884e-06
S1_253104 1 257104 0.000317443219661168
S1_265181 1 269181 5.23118916329162e-05
S1_281931 1 285931 2.15009525096994e-05
S1_283053 1 287053 6.16869909693608e-05
S1_301902 1 305902 1.32511736314826e-05
S1_301910 1 305910 0.000500827845963244
S1_336598 1 340598 2.15265351213626e-05
S1_336652 1 340652 9.52415045840185e-07
S1_338084 1 342084 0.000511205724198275
S1_372641 1 376641 9.54172875899773e-05
S1_381902 1 385902 0.000778128014879757
S1_399353 1 403353 0.0002673946272792
S1_569460 1 573460 9.39922340160868e-06
S1_704079 1 708079 7.23219823275415e-05
S1_922546 1 926546 4.37166909516128e-06
S1_943248 1 947248 2.21902998183277e-05
S1_1030481 1 1034481 0.000338616340014978
S1_1042800 1 1046800 1.04720497635142e-05
S1_1096683 1 1100683 0.000442042443504352
S1_1112883 1 1116883 5.10374238493376e-05
S1_1171830 1 1175830 0.000520646894702762
S1_1183420 1 1187420 0.000373304029318062
S1_1201840 1 1205840 0.000227835286982046
S1_1210002 1 1214002 5.18539784364498e-07
S1_1210125 1 1214125 0.000325977161957272
S1_1210127 1 1214127 0.000325977161957272
S1_1211700 1 1215700 2.22638616939524e-05
S1_1223395 1 1227395 0.000102897779008676
S1_1223474 1 1227474 1.87056177814528e-05
S1_1223520 1 1227520 0.00060694768872863
S1_1229594 1 1233594 0.000648332728197842
S1_1232724 1 1236724 3.40350762366611e-05
S1_1263619 1 1267619 0.000575337101285389
S1_1274914 1 1278914 0.000386918216621027
S1_1278409 1 1282409 0.000365192914397057
S1_1368043 1 1372043 0.000829094859706455
S1_1384972 1 1388972 3.06812449622258e-06
S1_1392639 1 1396639 4.97601909047414e-05
S1_1448091 1 1452091 0.000456002629091538
S1_1449790 1 1453790 0.000237788518806618
S1_1451972 1 1455972 0.000216376754213746
S1_1546172 1 1550172 0.000101312014559548
S1_1550007 1 1554007 0.000372696401218518
S1_1585850 1 1589850 0.000192692707367777
S1_1594171 1 1598171 0.000651736931488899
S1_1650498 1 1654498 0.00079812675296743
S1_1711598 1 1715598 3.93164017999964e-05
S1_1726685 1 1730685 0.000108878682697315
S1_1756512 1 1760512 0.000708994494135678
S1_1779335 1 1783335 0.000189826145889966
S1_1779362 1 1783362 0.000148923092276262
S1_1869088 1 1873088 8.50865386028334e-06
S1_1923187 1 1927187 3.16643248269168e-07
S1_1937181 1 1941181 0.000146241803330111
S1_2012070 1 2016070 0.000438891557014285
S1_2021189 1 2025189 0.000129651957384899
S1_2024697 1 2028697 0.000211387721042737
S1_2026952 1 2030952 0.00055393592329254
S1_2107333 1 2111333 5.14696497079987e-05
S1_2107349 1 2111349 5.14696497079843e-05
S1_2161203 1 2165203 1.93525304582723e-07
S1_2161204 1 2165204 1.9352530458274e-07
S1_2161235 1 2165235 0.000543022734641714
S1_2161266 1 2165266 0.000192110051818371
S1_2170025 1 2174025 3.79062862565706e-05
S1_2178175 1 2182175 8.50157819348732e-05
S1_2178176 1 2182176 0.000327293879970006
S1_2229603 1 2233603 3.83223146332355e-05
S1_2240976 1 2244976 0.000107635130757769
S1_2240979 1 2244979 0.000107635130757786
S1_2241920 1 2245920 0.000134216689043798
S1_2241930 1 2245930 0.000180195487533059
S1_2241943 1 2245943 0.000134216689043798
S1_2242624 1 2246624 0.000218882146487577
S1_2272076 1 2276076 0.000303660636641953
S1_2272103 1 2276103 0.000303660636641953
S1_2289765 1 2293765 0.000682215123649962
S1_2289780 1 2293780 0.000682215123649962
S1_2303690 1 2307690 0.000696942392876434
S1_2303859 1 2307859 0.000164544879568196
S1_2307505 1 2311505 3.23981664297183e-05
S1_2307634 1 2311634 0.000771358149229615
S1_2307661 1 2311661 0.000210401336643037
S1_2307665 1 2311665 0.000210401336642968
S1_2307910 1 2311910 0.000312127874950718
S1_2310736 1 2314736 0.000797990147546554
S1_2314839 1 2318839 0.0002000409909612
S1_2314864 1 2318864 0.0002000409909612
S1_2315419 1 2319419 0.0009943648782843
S1_2315453 1 2319453 0.0009943648782843
S1_2315458 1 2319458 0.000994364878284091
S1_2319643 1 2323643 0.000237600178895858
S1_2331424 1 2335424 0.000930224866554729
S1_2353423 1 2357423 5.38616192694106e-05
S1_2391444 1 2395444 0.000746911867274727
S1_2391466 1 2395466 0.000746911867274727
S1_2435984 1 2439984 5.74666979362073e-05
S1_2461228 1 2465228 0.000110819275489851
S1_2509913 1 2513913 0.000276709168127632
S1_2513650 1 2517650 3.0328387818803e-05
S1_2514901 1 2518901 0.000132447049225306
S1_2524764 1 2528764 4.61904322656205e-05
S1_2554643 1 2558643 0.000957692036742042
S1_2607292 1 2611292 0.000484939071118159
S1_2623299 1 2627299 1.36997996622114e-05
S1_2623549 1 2627549 0.000342824738717193
S1_2636908 1 2640908 3.82484546959428e-07
S1_2637131 1 2641131 0.000311176646386701
S1_2653963 1 2657963 1.98141532625539e-05
S1_2655174 1 2659174 0.000220395719902013
S1_2655177 1 2659177 0.0001331402220292
S1_2657733 1 2661733 0.000101269900584209
S1_2657743 1 2661743 1.62813055965811e-06
S1_2657784 1 2661784 8.79176243613998e-06
S1_2658076 1 2662076 0.00022763576506057
S1_2658089 1 2662089 0.000649482986775923
S1_2683576 1 2687576 1.91624334326278e-05
S1_2704429 1 2708429 0.000322711040663925
S1_2705297 1 2709297 0.000213692461277181
S1_2705341 1 2709341 1.11895914561971e-07
S1_2707758 1 2711758 9.48817021905532e-06
S1_2711219 1 2715219 3.58112118510411e-05
S1_2730468 1 2734468 0.000147563309643765
S1_2732064 1 2736064 5.45855614285772e-05
S1_2733972 1 2737972 0.000138181007666945
S1_2735359 1 2739359 3.43261497949027e-05
S1_2738994 1 2742994 0.000172871087230379
S1_2739004 1 2743004 0.000158296902645444
S1_2739008 1 2743008 1.48065280014985e-06
S1_2742231 1 2746231 8.22192888451836e-05
S1_2744805 1 2748805 0.000774012475968134
S1_2748334 1 2752334 2.094337515591e-05
S1_2748502 1 2752502 0.000304572343432744
S1_2783266 1 2787266 7.76668101112055e-05
S1_2786431 1 2790431 0.000626714775063794
S1_2812746 1 2816746 8.43439600643213e-05
S1_2834265 1 2838265 8.21267786137878e-06
S1_2835027 1 2839027 0.000997989984994572
S1_2836022 1 2840022 0.000193083408719508
S1_2839164 1 2843164 3.47231172203719e-05
S1_2839167 1 2843167 3.47231172203719e-05
S1_2857186 1 2861186 0.00061492715396607
S1_2877534 1 2881534 0.000459911627143765
S1_2905529 1 2909529 0.000483918908332183
S1_2918130 1 2922130 0.000225022843906965
S1_2969196 1 2973196 2.40961828774296e-05
S1_3076106 1 3080106 2.58767096900762e-05
S1_3106502 1 3110502 0.000425562320511151
S1_3467665 1 3471665 1.3094936514456e-08
S1_3515291 1 3519291 0.000615399428433706
S1_3515697 1 3519697 3.15736777996635e-06
S1_3515698 1 3519698 4.09835354060161e-05
S1_3682201 1 3686201 0.000407552660943605
S1_3876521 1 3880521 0.000698730739613475
S1_3976803 1 3980803 3.500789285339e-06
S1_4120502 1 4124502 0.000552240885675157
S1_4120527 1 4124527 0.000552240885675123
S1_4121121 1 4125121 3.69723398297433e-05
S1_4204493 1 4208493 0.00070412079774077
S1_4223496 1 4227496 0.000873221402884667
S1_4227308 1 4231308 3.93353341433973e-05
S1_4227989 1 4231989 0.000174228005902209
S1_4246705 1 4250705 0.000434311685565024
S1_4246893 1 4250893 5.98737296946768e-05
S1_4263235 1 4267235 0.000570288485708694
S1_4294508 1 4298508 0.000239903599747842
S1_4380159 1 4384159 7.69281784734652e-05
S1_4444308 1 4448308 0.000762295854579318
S1_4444648 1 4448648 0.000642719794759996
S1_4453796 1 4457796 0.00087944252210075
S1_4539677 1 4543677 0.000293495796583111
S1_4640573 1 4644573 0.000611220032425804
S1_4770117 1 4774117 0.000415643780381099
S1_4771738 1 4775738 0.000581978469912571
S1_4777634 1 4781634 0.000344854082613602
S1_4793170 1 4797170 0.000772375794708103
S1_4800018 1 4804018 6.95366079896855e-05
S1_4800019 1 4804019 6.95366079896855e-05
S1_4800146 1 4804146 0.000929973621998942
S1_4800157 1 4804157 0.000929973621998942
S1_4800179 1 4804179 0.000929973621998942
S1_4800192 1 4804192 0.000929973621998822
S1_4959491 1 4963491 6.31464026015214e-05
S1_4959492 1 4963492 6.31464026015214e-05
S1_4959494 1 4963494 6.31464026015214e-05
S1_4959497 1 4963497 6.31464026015214e-05
S1_4959498 1 4963498 6.31464026015214e-05
S1_4959499 1 4963499 6.31464026015214e-05
S1_5119358 1 5123358 0.000511927130621143
S1_5587613 1 5591613 2.33026036754748e-05
S1_5678069 1 5682069 0.000866499541588515
S1_5698128 1 5702128 0.000112672256813057
S1_5852164 1 5856164 0.000247647057808139
S1_5859773 1 5863773 3.14553745259032e-05
S1_5859961 1 5863961 0.00018876666945198
S1_5865595 1 5869595 0.000596849589096908
S1_5880323 1 5884323 9.74156456288234e-05
S1_5885594 1 5889594 0.000118977863283359
S1_5907087 1 5911087 0.000266292907061121
S1_5907100 1 5911100 1.06600853594715e-05
S1_5908872 1 5912872 0.000117277600047785
S1_5928856 1 5932856 0.00074655045953453
S1_5996373 1 6000373 8.16207518959554e-05
S1_6027566 1 6031566 3.98221618146368e-05
S1_6154278 1 6158278 1.91039758129291e-05
S1_6223812 1 6227812 0.000126974376076824
S1_6225108 1 6229108 8.42454712986139e-05
S1_6254085 1 6258085 0.000579197192394939
S1_6297450 1 6301450 0.000189658321962008
S1_6297452 1 6301452 0.000189658321962032
S1_6312969 1 6316969 0.000311196705680322
S1_6316047 1 6320047 0.000377829689937337
S1_6316060 1 6320060 0.000377829689937337
S1_6322861 1 6326861 4.70210927300111e-05
S1_6333710 1 6337710 2.6485553150677e-07
S1_6376151 1 6380151 0.000301732279511232
S1_6403695 1 6407695 0.000199625487393961
S1_6403700 1 6407700 2.15676439383227e-06
S1_6404912 1 6408912 0.000665772614062442
S1_6482872 1 6486872 7.76497664726911e-05
S1_6490127 1 6494127 0.000498843616622182
S1_6551978 1 6555978 0.000457042227864559
S1_6639128 1 6643128 3.33068990371431e-06
S1_6648174 1 6652174 0.000140078797202087
S1_6658561 1 6662561 0.000124957501998993
S1_6662637 1 6666637 0.000200184752052504
S1_6662668 1 6666668 1.05058372771699e-05
S1_6663111 1 6667111 2.52000537365668e-05
S1_6680776 1 6684776 0.000863240618780348
S1_6702458 1 6706458 0.000375373014094366
S1_6722222 1 6726222 9.66051376343143e-05
S1_6722818 1 6726818 0.000222488167862544
S1_6789073 1 6793073 8.84373249498127e-07
S1_6792067 1 6796067 8.88483174152352e-05
S1_6885986 1 6889986 0.000484290028379454
S1_6956310 1 6960310 4.33024880144761e-05
S1_6957375 1 6961375 0.000802039027432219
S1_6997106 1 7001106 0.000240238247468932
S1_7163460 1 7167460 3.08048636056386e-11
S1_7290336 1 7294336 1.30773912125572e-05
S1_7290392 1 7294392 2.85660132223029e-06
S1_7333442 1 7337442 0.000478630360816443
S1_7355255 1 7359255 7.01127198562297e-05
S1_7386355 1 7390355 0.000565920559281616
S1_7417319 1 7421319 0.00019283058177289
S1_7418317 1 7422317 0.000220034758083117
S1_7467344 1 7471344 0.000824363955847798
S1_7479000 1 7483000 0.000605776741236956
S1_7493199 1 7497199 1.02682525197149e-08
S1_7541755 1 7545755 0.000565531560063423
S1_7552056 1 7556056 0.00039242848066609
S1_7589162 1 7593162 0.000423541800387674
S1_7599456 1 7603456 0.000223411614656205
S1_7608318 1 7612318 0.000406904939743267
S1_7650508 1 7654508 0.000402670828751197
S1_7650544 1 7654544 0.000402670828751197
S1_7663769 1 7667769 0.000910739860569816
S1_7706324 1 7710324 2.13492305681582e-05
S1_7706325 1 7710325 2.13492305681657e-05
S1_7809489 1 7813489 1.1374795461283e-05
S1_7891348 1 7895348 1.17685825907062e-05
S1_7894158 1 7898158 0.000259155401967214
S1_7903488 1 7907488 0.000255577153960318
S1_7963253 1 7967253 0.000194331745660511
S1_8039999 1 8043999 1.62367948917415e-05
S1_8053876 1 8057876 0.000392199648823672
S1_8076743 1 8080743 5.14873833430909e-06
S1_8077033 1 8081033 3.76886625769259e-06
S1_8127539 1 8131539 0.00033512891465465
S1_8247692 1 8251692 0.000255292789526815
S1_8403048 1 8407048 0.000101679740062138
S1_8419298 1 8423298 0.000781390997861338
S1_8452988 1 8456988 0.000650449437351046
S1_8467640 1 8471640 0.00027265225080463
S1_8467668 1 8471668 0.00027265225080463
S1_8502886 1 8506886 0.00022695946484631
S1_8775572 1 8779572 0.000806171180690076
S1_8857641 1 8861641 0.000628593882224516
S1_8857642 1 8861642 0.000933006587278857
S1_8969356 1 8973356 0.00099500476728682
S1_8969439 1 8973439 0.000888813592138335
S1_9013734 1 9017734 0.00013267335057112
S1_9019921 1 9023921 0.000881931281916655
S1_9019948 1 9023948 0.000122168306425531
S1_9019974 1 9023974 0.000867296249596384
S1_9024187 1 9028187 0.000574709804916173
S1_9197152 1 9201152 1.49768043798524e-05
S1_9305109 1 9309109 0.000553153037026114
S1_9337879 1 9341879 1.99839780945354e-05
S1_9391147 1 9395147 0.000102678087909636
S1_9587800 1 9591800 0.000873343638729902
S1_9591942 1 9595942 0.000313083408762816
S1_9597371 1 9601371 0.000649666804049678
S1_9601331 1 9605331 0.000834826747696431
S1_9609661 1 9613661 0.000109028909841426
S1_9636580 1 9640580 0.000637279853355856
S1_9706027 1 9710027 5.72364855893568e-07
S1_9716342 1 9720342 0.000786999052495239
S1_9716351 1 9720351 0.000786999052495056
S1_9716438 1 9720438 0.000611863122485312
S1_9914408 1 9918408 0.000245960172494361
S1_9938961 1 9942961 0.000302174014718897
S1_9939070 1 9943070 0.000219540307232485
S1_10131517 1 10135517 1.78106574942021e-06
S1_10142987 1 10146987 0.00028384512518781
S1_10145244 1 10149244 0.000809575831120318
S1_10191775 1 10195775 1.52525792568715e-05
S1_10258773 1 10262773 5.46893054013438e-05
S1_10258787 1 10262787 6.38917647886839e-05
S1_10410639 1 10414639 0.000447454897846537
S1_10585201 1 10589201 9.6962320362903e-06
S1_10661404 1 10665404 5.60159738819956e-05
S1_10666482 1 10670482 0.00046425843051126
S1_10676913 1 10680913 4.94752632194595e-05
S1_10715709 1 10719709 5.50044409609118e-06
S1_10823414 1 10827414 8.62609508938019e-06
S1_10907045 1 10911045 2.91769075830957e-05
S1_10910537 1 10914537 0.00048186719350838
S1_10930027 1 10934027 0.000186828576983427
S1_10975336 1 10979336 2.90879741393193e-05
S1_11154003 1 11158003 4.78443518347666e-05
S1_11520674 1 11524674 0.000184611003632736
S1_11577471 1 11581471 0.000224280657673283
S1_11693741 1 11697741 0.000348322087024766
S1_11699773 1 11703773 0.000695443124500386
S1_11730985 1 11734985 0.000417979590799988
S1_11731038 1 11735038 0.000277275719393857
S1_11750601 1 11754601 1.63753664425969e-06
S1_11954812 1 11958812 6.07864369534398e-05
S1_11954824 1 11958824 6.07864369534398e-05
S1_12068536 1 12072536 1.60904499931279e-05
S1_12068544 1 12072544 1.60904499931279e-05
S1_12068565 1 12072565 1.60904499931279e-05
S1_12102497 1 12106497 0.000494202289614559
S1_12222595 1 12226595 0.000881134140163135
S1_12234134 1 12238134 3.32976678854235e-05
S1_12624768 1 12628768 0.000321812981754701
S1_12690081 1 12694081 0.000115006718002421
S1_12690118 1 12694118 0.000112526966275264
S1_12690130 1 12694130 0.000112526966275264
S1_12705370 1 12709370 6.18454077490546e-06
S1_12950272 1 12954272 0.000450080133675187
S1_12951494 1 12955494 0.000193789316771408
S1_13076602 1 13080602 0.00092007770936391
S1_13080847 1 13084847 0.000617275887420456
S1_13090088 1 13094088 0.000824170245561523
S1_13108132 1 13112132 0.000961795115984128
S1_13178700 1 13182700 0.000822895331093897
S1_13300984 1 13304984 2.86037434443328e-05
S1_13342961 1 13346961 5.66097766770011e-06
S1_13377913 1 13381913 0.00095900528493241
S1_13377922 1 13381922 0.000931887101703915
S1_13394167 1 13398167 0.000773014001387581
S1_13723553 1 13727553 0.000638496037990317
S1_13723554 1 13727554 0.000638496037990317
S1_13929328 1 13933328 0.00017914289064009
S1_14098004 1 14102004 0.000978020681343188
S1_14106040 1 14110040 2.5052906114307e-08
S1_14106043 1 14110043 2.24332931375107e-08
S1_14225770 1 14229770 0.000354292065569614
S1_14351816 1 14355816 0.00080789219609571
S1_14357989 1 14361989 0.00067486708604031
S1_14389576 1 14393576 0.000426060192684045
S1_14758751 1 14762751 8.99375323245491e-05
S1_15305004 1 15309004 9.59769360104909e-06
S1_15838058 1 15842058 0.000154010056814656
S1_15879362 1 15883362 2.54908693955295e-06
S1_16708133 1 16712133 0.000613072792387037
S1_16783737 1 16787737 0.000177087634025329
S1_17283250 1 17287250 6.47186211802533e-05
S1_17559800 1 17563800 4.71266454529745e-06
S1_17568829 1 17572829 5.68117129623822e-05
S1_17568854 1 17572854 5.68117129623911e-05
S1_17568862 1 17572862 5.68117129623911e-05
S1_17568949 1 17572949 3.46502472309117e-05
S1_17588006 1 17592006 1.15497251455613e-05
S1_17630973 1 17634973 0.000372752607030284
S1_17651187 1 17655187 0.000168858243154566
S1_17664967 1 17668967 0.000992921552291427
S1_17821531 1 17825531 4.33901994434319e-05
S1_17948478 1 17952478 0.000147336150954241
S1_18016894 1 18020894 0.000432637955125704
S1_18018594 1 18022594 0.000572875652838931
S1_18019839 1 18023839 0.000399176324106095
S1_18025455 1 18029455 9.5319090643481e-06
S1_18124525 1 18128525 3.52872033991365e-05
S1_18125409 1 18129409 0.000876442655411855
S1_18253828 1 18257828 6.07866143305096e-06
S1_18283671 1 18287671 6.57526968455189e-06
S1_18308481 1 18312481 1.1043552351815e-06
S1_18308515 1 18312515 1.10435523518132e-06
S1_18310079 1 18314079 0.000349937339437033
S1_18317039 1 18321039 0.000982940414946638
S1_18327265 1 18331265 7.14371681098618e-05
S1_18327332 1 18331332 0.000145277142540915
S1_18327336 1 18331336 0.000145277142540915
S1_18327441 1 18331441 5.90610521752423e-06
S1_18327629 1 18331629 2.11596736355155e-05
S1_18336445 1 18340445 0.000253138180436945
S1_18367447 1 18371447 0.000239268652002731
S1_18480469 1 18484469 8.97519793348168e-06
S1_18997303 1 19001303 0.000113090930847579
S1_19146911 1 19150911 4.58172345623768e-05
S1_19146932 1 19150932 5.83419190372967e-05
S1_19148762 1 19152762 0.000410048877757543
S1_19430847 1 19434847 0.000634272670067006
S1_19580359 1 19584359 0.000285453369974155
S1_19703293 1 19707293 0.00013337501950717
S1_19724188 1 19728188 0.000126223551654699
S1_20279026 1 20283026 0.000268601702639301
S1_20279028 1 20283028 0.000242703355951873
S1_20669206 1 20673206 5.76560189850026e-05
S1_20782671 1 20786671 3.621863781072e-05
S1_20782676 1 20786676 3.621863781072e-05
S1_20782709 1 20786709 0.000725095386715983
S1_20782714 1 20786714 3.621863781072e-05
S1_21262103 1 21266103 0.000384118740117815
S1_21414627 1 21418627 0.000153154117549978
S1_21547561 1 21551561 0.000109218957100459
S1_21547563 1 21551563 0.000109141974013568
S1_21547564 1 21551564 0.000109141974013568
S1_21585556 1 21589556 0.000233170694704733
S1_21625208 1 21629208 0.000538449798466391
S1_21676914 1 21680914 2.86741018256428e-05
S1_21710493 1 21714493 0.000256801492771509
S1_21752609 1 21756609 5.42459870972342e-05
S1_21780343 1 21784343 5.59983180859087e-05
S1_21843258 1 21847258 5.91408927817957e-05
S1_21843308 1 21847308 1.31637548864992e-05
S1_21893749 1 21897749 7.17241970138028e-05
S1_21895993 1 21899993 1.70332836292059e-05
S1_21907781 1 21911781 1.40401858932448e-05
S1_21945696 1 21949696 0.000118456307382023
S1_21962457 1 21966457 0.000174457713664191
S1_21996317 1 22000317 0.000667723428601424
S1_21996357 1 22000357 0.00036786908711597
S1_22010134 1 22014134 0.000216171243660911
S1_22122991 1 22126991 0.000805579481436994
S1_22343892 1 22347892 6.68285482672388e-07
S1_22521303 1 22525303 9.72910390077136e-05
S1_22564566 1 22568566 5.69939164965932e-06
S1_22576672 1 22580672 2.5890629436711e-07
S1_22596019 1 22600019 0.000955805939282121
S1_22596109 1 22600109 2.76429555776976e-11
S1_22596703 1 22600703 0.000360500324387763
S1_22700808 1 22704808 3.07948855623535e-11
S1_22700915 1 22704915 0.000224776168182472
S1_22796470 1 22800470 2.53110780504877e-06
S1_22806270 1 22810270 2.3657435933304e-05
S1_22883188 1 22887188 0.000156193325069845
S1_22909282 1 22913282 0.00017852152767972
S1_22978706 1 22982706 0.000107142568098472
S1_22979361 1 22983361 5.47399061088872e-05
S1_23568395 1 23572395 0.000645324363920208
S1_23568397 1 23572397 0.000645324363920411
S1_23583399 1 23587399 0.000262676855631342
S1_23806283 1 23810283 0.0005104061507351
S1_23817797 1 23821797 5.2020776257443e-06
S1_23963569 1 23967569 1.1457431769861e-05
S1_24036096 1 24040096 0.000605767599903041
S1_24056026 1 24060026 0.00011608971827013
S1_24601195 1 24605195 2.65582040280015e-05
S1_24774944 1 24778944 5.25247582154855e-05
S1_24886303 1 24890303 0.000684167315508824
S1_25050035 1 25054035 0.000643281991401048
S1_25054017 1 25058017 8.07275819789771e-07
S1_25055554 1 25059554 5.55181773161392e-05
S1_25113740 1 25117740 0.00033200541336588
S1_25187855 1 25191855 6.24284555620177e-05
S1_25469709 1 25473709 1.93467155510601e-08
S1_25582391 1 25586391 0.000505411866874688
S1_25634912 1 25638912 0.000986859509672321
S1_25826793 1 25830793 0.00019717277795116
S1_25828291 1 25832291 0.000268478167737736
S1_25965437 1 25969437 2.54850939636163e-06
S1_26030670 1 26034670 0.000515552412555652
S1_26137829 1 26141829 0.000574965510405438
S1_26138016 1 26142016 0.000241503339299976
S1_26178857 1 26182857 6.38916154926923e-05
S1_26201234 1 26205234 7.02818815593018e-06
S1_26254440 1 26258440 0.000155781975235403
S1_26306842 1 26310842 0.000684385619509479
S1_26306873 1 26310873 0.000257415402228492
S1_26306885 1 26310885 0.000257415402228492
S1_26375464 1 26379464 0.000503893940037642
S1_26384602 1 26388602 2.44177343678699e-05
S1_26389446 1 26393446 0.000479945785608103
S1_26390263 1 26394263 1.80420320976058e-05
S1_26423784 1 26427784 1.52299458337407e-05
S1_26695752 1 26699752 4.15082701675951e-05
S1_26820854 1 26824854 0.0005102368272506
S1_27083211 1 27087211 9.71335613447812e-05
S1_27084196 1 27088196 0.000788924800957638
S1_27310141 1 27314141 0.000700421599151284
S1_27402365 1 27406365 0.000606912660817627
S1_27413666 1 27417666 0.000442125934760211
S1_27419213 1 27423213 0.000333313885561894
S1_27427595 1 27431595 0.000191797055272109
S1_27515950 1 27519950 0.0001293674799727
S1_27533638 1 27537638 0.000265122036152365
S1_27570634 1 27574634 4.34995253092045e-05
S1_27570635 1 27574635 4.34995253092045e-05
S1_27570822 1 27574822 3.26577645940846e-05
S1_27675085 1 27679085 0.000630069597433616
S1_27677071 1 27681071 0.000319237834551161
S1_27688150 1 27692150 0.000727932437470078
S1_27741493 1 27745493 0.000788815694320158
S1_27778451 1 27782451 0.000806926732942188
S1_28182931 1 28186931 0.000212499226764389
S1_28186622 1 28190622 6.55624730627892e-05
S1_28205021 1 28209021 0.000322500507283225
S1_28232404 1 28236404 9.52066875908807e-05
S1_28262961 1 28266961 0.000196748535873422
S1_28283621 1 28287621 3.07107415824963e-05
S1_28297844 1 28301844 0.000497962430404265
S1_28333864 1 28337864 0.00015757762456862
S1_28493393 1 28497393 4.37742456374046e-05
S1_28500823 1 28504823 0.000675356540512545
S1_28528399 1 28532399 0.000158256583092311
S1_28528970 1 28532970 0.000743276357905557
S1_28533058 1 28537058 4.86364141667579e-05
S1_28979584 1 28983584 0.000199421866340869
S1_28981205 1 28985205 0.000166392511744951
S1_28981211 1 28985211 1.14167444891015e-05
S1_28981393 1 28985393 0.000273163126128252
S1_29055860 1 29059860 6.31395474014817e-05
S1_29094812 1 29098812 0.000845654046518508
S1_29111364 1 29115364 3.36061361209198e-06
S1_29255683 1 29259683 0.00022515172330739
S1_29373059 1 29377059 0.000501464301903646
S1_29374503 1 29378503 0.000606100784138122
S1_29376401 1 29380401 0.000134211868830839
S1_29391141 1 29395141 0.000129294185326077
S1_29397110 1 29401110 0.000856907027188644
S1_29401317 1 29405317 0.000345703944326179
S1_29419475 1 29423475 0.000258961124442596
S1_29420724 1 29424724 0.000140820467950064
S1_29448664 1 29452664 0.000872167410172804
S1_29448676 1 29452676 0.000872167410172804
S1_29461811 1 29465811 0.000116639378634152
S1_29531875 1 29535875 0.00068434982627936
S1_29594710 1 29598710 9.6903035057239e-05
S1_29594711 1 29598711 0.000838129491211402
S1_29616222 1 29620222 0.00067795584494956
S1_29694723 1 29698723 0.00020348063043043
S1_29694920 1 29698920 1.19283174149332e-05
S1_29827273 1 29831273 0.000855130509180973
S1_29883625 1 29887625 0.000136072595626538
S1_30023649 1 30027649 0.000264933214992623
S1_30031813 1 30035813 0.00090020052970981
S1_30069082 1 30073082 0.000381721741906389
S1_30079293 1 30083293 0.000278563407967963
S1_30160956 1 30164956 0.000807844239136609
S1_30557557 1 30561557 0.000443316010029081
S1_30573492 1 30577492 0.000121417572905866
S1_30615112 1 30619112 0.000661783689053478
S1_30836750 1 30840750 0.000473446900987476
S1_30873837 1 30877837 0.000436520502681681
S1_30873842 1 30877842 0.000436520502681681
S1_30930648 1 30934648 9.68738543305647e-05
S1_30932576 1 30936576 0.000181510614772354
S1_30945989 1 30949989 0.000614299204886594
S1_31115392 1 31119392 3.2035285012348e-05
S1_31127572 1 31131572 0.000382069710467592
S1_31190677 1 31194677 0.000584516858864213
S1_31388180 1 31392180 0.000332042806517223
S1_31389049 1 31393049 5.09539409126249e-05
S1_31389146 1 31393146 0.000264256963102945
S1_31673620 1 31677620 0.000303019758592881
S1_31756551 1 31760551 0.000494094532999246
S1_32404000 1 32408000 0.000670571434908992
S1_32506696 1 32510696 0.000164361670039656
S1_32546408 1 32550408 7.99234993455372e-05
S1_32582858 1 32586858 0.000132274632847376
S1_32710651 1 32714651 0.000702654018662349
S1_32738296 1 32742296 0.000891322219010278
S1_33133229 1 33137229 0.000775572453716783
S1_33133277 1 33137277 0.000767800710092561
S1_33153254 1 33157254 0.000724026388581601
S1_33181731 1 33185731 0.000721490328201046
S1_33202686 1 33206686 0.000421819237553346
S1_33263884 1 33267884 0.000326379639097661
S1_33263907 1 33267907 0.000740628138689124
S1_33406902 1 33410902 4.23671317368712e-05
S1_33592295 1 33596295 0.000101004311569684
S1_33648354 1 33652354 2.97180397579833e-07
S1_33657829 1 33661829 0.000507006007962014
S1_33678404 1 33682404 0.000713702743382045
S1_33683708 1 33687708 2.10436394873067e-05
S1_33724958 1 33728958 9.43977705464862e-05
S1_38637598 1 38641598 0.000931633046971632
S1_38767794 1 38771794 0.000836405373188467
S1_38855419 1 38859419 0.000238449145107514
S1_38936051 1 38940051 0.000255903762626092
S1_39391690 1 39395690 1.83778155241137e-07
S1_39515621 1 39519621 0.00021823507779018
S1_39531255 1 39535255 0.000319244743802056
S1_39595577 1 39599577 0.000309532202148338
S1_40119822 1 40123822 0.000694829591817904
S1_40383134 1 40387134 0.000188684317201529
S1_40553185 1 40557185 0.000378683542237542
S1_40805617 1 40809617 5.4442630809064e-05
S1_40889253 1 40893253 1.08744979701866e-06
S1_40889260 1 40893260 0.000255618259627827
S1_40991450 1 40995450 8.25410590127837e-05
S1_41955853 1 41959853 0.000418435361193456
S1_41955936 1 41959936 6.0098515077508e-06
S1_42266646 1 42270646 0.000421703414955818
S1_42266647 1 42270647 0.000417540070563608
S1_42266648 1 42270648 0.000417540070563608
S1_42330482 1 42334482 8.432209087612e-05
S1_42389714 1 42393714 0.000723223016797541
S1_42395845 1 42399845 0.000402681809243213
S1_42395883 1 42399883 0.000402681809243213
S1_42399954 1 42403954 0.000445555620797633
S1_42457251 1 42461251 0.00035381664815867
S1_42457391 1 42461391 0.00063413382257861
S1_42539456 1 42543456 0.000538851878657877
S1_42539468 1 42543468 0.00054973046716029
S1_42539508 1 42543508 0.000538851878657877
S1_43015059 1 43019059 0.000662535178257208
S1_43015078 1 43019078 0.00066253517825735
S1_43077868 1 43081868 0.000913357046230842
S1_43357094 1 43361094 0.000856544131397004
S1_43433153 1 43437153 0.00032863429094684
S1_43500274 1 43504274 1.86440433599407e-05
S1_43500275 1 43504275 1.86440433599344e-05
S1_43542224 1 43546224 0.000236618919735984
S1_43631202 1 43635202 0.000735987158903782
S1_43858199 1 43862199 8.18966040678969e-07
S1_44096798 1 44100798 8.35882854283548e-05
S1_44102041 1 44106041 0.000500563003633384
S1_44154292 1 44158292 0.000135443895580853
S1_44157589 1 44161589 0.000687281039393165
S1_44182834 1 44186834 9.13646030151965e-05
S1_44411338 1 44415338 0.000414654159433342
S1_44497351 1 44501351 0.000713698192050711
S1_44497352 1 44501352 0.000713698192050772
S1_44497378 1 44501378 4.86946912122966e-07
S1_44557995 1 44561995 0.000436257616991445
S1_44561688 1 44565688 4.52414606589773e-05
S1_44604085 1 44608085 0.000754514526927561
S1_44651690 1 44655690 7.12034685301737e-05
S1_44679813 1 44683813 0.000452250017378549
S1_44726798 1 44730798 0.000613932136472485
S1_44789048 1 44793048 0.000348748759482962
S1_44993771 1 44997771 0.000994715179128318
S1_45310644 1 45314644 0.000495732000518457
S1_45355680 1 45359680 0.000554130656313118
S1_45447692 1 45451692 3.10382248843252e-06
S1_45453432 1 45457432 0.000145268288051249
S1_45457765 1 45461765 0.000275731481458766
S1_45728923 1 45732923 3.44382518144546e-05
S1_45876193 1 45880193 0.000161866977615182
S1_45956364 1 45960364 7.50945361624026e-08
S1_46098339 1 46102339 0.000394669876622125
S1_46865378 1 46869378 5.44256887408386e-05
S1_46865410 1 46869410 5.44256887408519e-05
S1_46865700 1 46869700 0.000155694983497261
S1_46865751 1 46869751 0.000155694983497261
S1_46965873 1 46969873 1.72714993589265e-05
S1_46998278 1 47002278 0.000439280847527309
S1_47123374 1 47127374 0.000459475691913848
S1_47123407 1 47127407 5.75437589642418e-07
S1_47156339 1 47160339 0.000104969778088464
S1_47173070 1 47177070 2.92157742578987e-07
S1_47184181 1 47188181 0.00036791609756448
S1_47404635 1 47408635 8.1423071279032e-06
S1_47406251 1 47410251 0.000639457729296335
S1_47432276 1 47436276 0.000428602303523777
S1_47634204 1 47638204 0.000712043675725392
S1_47717834 1 47721834 2.209709727591e-05
S1_47757056 1 47761056 5.04285149136426e-05
S1_47757267 1 47761267 6.18467691472249e-05
S1_47795265 1 47799265 0.000687498397956946
S1_47865977 1 47869977 2.20444144846413e-05
S1_47989788 1 47993788 7.91827127540213e-05
S1_48001630 1 48005630 0.000321158065832936
S1_48045176 1 48049176 9.29844980047739e-05
S1_48065821 1 48069821 9.66391888900039e-05
S1_48065825 1 48069825 1.27124116756538e-05
S1_48065826 1 48069826 9.66391888900039e-05
S1_48084222 1 48088222 1.12232812514951e-05
S1_48084227 1 48088227 1.12232812514951e-05
S1_48163115 1 48167115 0.000494585609623802
S1_48231606 1 48235606 0.000435592287393097
S1_48231626 1 48235626 0.00021813823194732
S1_48252089 1 48256089 1.96036418909176e-05
S1_48308984 1 48312984 5.13361065032243e-05
S1_48330861 1 48334861 0.000997268093665999
S1_48416806 1 48420806 0.000237607976201213
S1_48416807 1 48420807 0.000237607976201213
S1_48512811 1 48516811 0.00011752015402917
S1_48512890 1 48516890 0.00087089107477967
S1_48512929 1 48516929 0.00087089107477967
S1_48540870 1 48544870 0.000343443616617439
S1_48540888 1 48544888 0.000240063802883615
S1_48631579 1 48635579 0.000255853114301429
S1_48631581 1 48635581 1.6502725279902e-05
S1_48651689 1 48655689 0.000667957122078338
S1_48741005 1 48745005 0.000287570468930516
S1_48756947 1 48760947 0.000953072467021392
S1_48780081 1 48784081 0.000896029137153907
S1_48780084 1 48784084 0.000271044522704247
S1_48785492 1 48789492 3.90442301209875e-05
S1_48822254 1 48826254 0.000303047437570765
S1_48998304 1 49002304 1.98455019887283e-05
S1_49240968 1 49244968 0.000771888071175101
S1_49357683 1 49361683 8.83815945776996e-05
S1_49486027 1 49490027 8.72536425424336e-06
S1_49640935 1 49644935 0.000970615715554188
S1_49640949 1 49644949 0.000610444799421023
S1_49707500 1 49711500 0.000473403504141535
S1_49712950 1 49716950 5.25852008411138e-05
S1_49712951 1 49716951 4.06745062314778e-05
S1_49712952 1 49716952 4.06745062314778e-05
S1_49712953 1 49716953 4.06745062314778e-05
S1_49712972 1 49716972 4.06745062314778e-05
S1_49723765 1 49727765 2.57975421989092e-05
S1_49879726 1 49883726 1.91371390610517e-05
S1_49879774 1 49883774 0.000604119276470495
S1_49995020 1 49999020 0.000351714425845336
S1_50021423 1 50025423 0.000763673472283226
S1_50068482 1 50072482 0.000141325792179678
S1_50068765 1 50072765 2.39984435096019e-05
S1_50225076 1 50229076 0.000549315473941923
S1_50226670 1 50230670 0.000280612824538387
S1_50264750 1 50268750 1.06952440711141e-05
S1_50271398 1 50275398 2.69088616154805e-05
S1_50299306 1 50303306 8.32987139951228e-06
S1_50338536 1 50342536 1.72582174508168e-05
S1_50381601 1 50385601 0.00077011074386579
S1_50404236 1 50408236 2.75070096519274e-05
S1_50404288 1 50408288 1.21901838862948e-05
S1_50406991 1 50410991 0.000399409427056302
S1_50424951 1 50428951 7.26577352560852e-06
S1_50440035 1 50444035 1.41128110863255e-07
S1_50487262 1 50491262 3.98648132515824e-06
S1_50487937 1 50491937 0.000145108851334749
S1_50488206 1 50492206 0.000532073436508965
S1_50556677 1 50560677 4.06803615293707e-06
S1_50568691 1 50572691 0.00049133728434546
S1_50578549 1 50582549 3.09762145622852e-06
S1_50578595 1 50582595 0.000301013238711673
S1_50578615 1 50582615 3.88805916412106e-06
S1_50578738 1 50582738 0.000120591542758198
S1_50579204 1 50583204 0.00063973637078435
S1_50579320 1 50583320 0.000945422480824611
S1_50579343 1 50583343 0.000945422480824792
S1_50579463 1 50583463 0.000335924163041753
S1_50579489 1 50583489 0.000511178797724481
S1_50579803 1 50583803 3.37603676704108e-08
S1_50722703 1 50726703 0.000508457703060263
S1_50935719 1 50939719 0.000345936703706772
S1_51125856 1 51129856 9.76063359496545e-07
S1_51377412 1 51381412 7.46314112770998e-05
S1_51395588 1 51399588 0.000717252249194607
S1_51420708 1 51424708 0.000327760179770135
S1_51420895 1 51424895 0.000834020774887003
S1_51420896 1 51424896 0.000834020774887003
S1_51440263 1 51444263 0.000462601230016002
S1_52248048 1 52252048 9.72617290880244e-05
S1_52248513 1 52252513 0.000671507127633098
S1_52448186 1 52452186 9.54944957144057e-05
S1_52452151 1 52456151 0.000296791157651098
S1_52452197 1 52456197 0.000296791157651136
S1_52456680 1 52460680 0.000255659903475578
S1_52550882 1 52554882 0.000347353401754748
S1_52550919 1 52554919 0.000681054461898529
S1_52555801 1 52559801 0.000737598843033374
S1_52570988 1 52574988 0.00063093305399882
S1_52570990 1 52574990 0.00063093305399882
S1_52578293 1 52582293 3.36427160698688e-06
S1_52782524 1 52786524 0.000174831995456317
S1_52866587 1 52870587 4.08708984164385e-05
S1_53077213 1 53081213 0.000742196551288918
S1_53258032 1 53262032 1.75085536080934e-05
S1_53494594 1 53498594 0.000554376469064637
S1_53516028 1 53520028 3.07353236473877e-07
S1_53566820 1 53570820 0.000292585822275428
S1_53566828 1 53570828 0.0005324136949054
S1_53604209 1 53608209 1.7345529457597e-09
S1_53620602 1 53624602 2.61845280034792e-05
S1_53643907 1 53647907 2.07632461007005e-08
S1_53646757 1 53650757 2.16379045512481e-05
S1_53674328 1 53678328 2.84980379601431e-07
S1_53675794 1 53679794 4.26996687954902e-05
S1_53700141 1 53704141 8.3670097220645e-06
S1_53721810 1 53725810 2.4956176055995e-05
S1_53746922 1 53750922 0.000977521890818141
S1_53752583 1 53756583 0.000614436246247567
S1_53761537 1 53765537 0.000322241767178994
S1_53761687 1 53765687 7.34013332633302e-06
S1_53785453 1 53789453 0.000286270076780785
S1_53977927 1 53981927 0.000681022129402427
S1_54117556 1 54121556 0.000277540412285139
S1_54224309 1 54228309 9.13165424614475e-06
S1_54235956 1 54239956 5.43352683391339e-07
S1_54235961 1 54239961 5.43352683391339e-07
S1_54332179 1 54336179 1.01436697273713e-05
S1_54332188 1 54336188 1.01436697273831e-05
S1_54416925 1 54420925 0.000226246947923801
S1_54474086 1 54478086 4.77909724724882e-06
S1_54501610 1 54505610 0.000139597156621032
S1_54501629 1 54505629 0.000139597156621032
S1_54501699 1 54505699 0.000655712948807474
S1_54501898 1 54505898 3.50135563348948e-05
S1_54501899 1 54505899 0.000107399968292477
S1_54508404 1 54512404 7.56930233325008e-06
S1_54548724 1 54552724 5.43021715581707e-06
S1_54550897 1 54554897 0.000224713146743676
S1_54589610 1 54593610 0.000755370171195995
S1_54644179 1 54648179 0.000757654896930764
S1_54646354 1 54650354 8.58306204489998e-07
S1_54651655 1 54655655 0.000731023295050582
S1_54714302 1 54718302 0.000138289996851421
S1_54743129 1 54747129 0.00012356081370045
S1_54921604 1 54925604 0.000419311126990389
S1_55354881 1 55358881 0.000738835694080157
S1_55604607 1 55608607 0.000191764958088113
S1_55626303 1 55630303 3.38302932628273e-05
S1_55783966 1 55787966 0.000192710929821233
S1_55874931 1 55878931 0.000165081669504861
S1_55900767 1 55904767 7.87474951092975e-05
S1_55905273 1 55909273 0.000152687418856004
S1_55914904 1 55918904 2.70436146057982e-06
S1_55915025 1 55919025 0.000535550362956604
S1_55915040 1 55919040 0.000535550362956604
S1_55915295 1 55919295 3.38438923574358e-09
S1_55943879 1 55947879 0.000105449624330924
S1_56068645 1 56072645 0.000369524106119637
S1_56202557 1 56206557 0.000860209214828948
S1_56229028 1 56233028 5.80670051756222e-05
S1_56253181 1 56257181 0.000113395376604459
S1_56253212 1 56257212 0.000113395376604459
S1_56253220 1 56257220 0.000113395376604459
S1_56310495 1 56314495 0.000474881195176127
S1_56399661 1 56403661 9.15246066743742e-05
S1_56578846 1 56582846 0.000929610331270791
S1_56810801 1 56814801 7.33302816492183e-06
S1_56822421 1 56826421 0.000422583570651085
S1_56822776 1 56826776 0.000958896426469865
S1_56957380 1 56961380 0.0003360404564298
S1_56957381 1 56961381 1.77970415674219e-06
S1_56961601 1 56965601 0.000898246113154638
S1_57022274 1 57026274 7.85526804448534e-05
S1_57141743 1 57145743 8.56549897722543e-08
S1_57141747 1 57145747 8.56549897722436e-08
S1_57142040 1 57146040 8.25780493378833e-07
S1_57142070 1 57146070 8.25780493378833e-07
S1_57142186 1 57146186 2.9609106263739e-07
S1_57142189 1 57146189 7.64009244431592e-07
S1_57143305 1 57147305 0.000192126190375527
S1_57155421 1 57159421 3.37175875764626e-05
S1_57155771 1 57159771 4.49885430126106e-05
S1_57155772 1 57159772 4.76631880105693e-05
S1_57250680 1 57254680 0.000515548197723813
S1_57250748 1 57254748 0.000202116738948688
S1_57273314 1 57277314 0.000675527738517894
S1_57289937 1 57293937 5.27017007508476e-05
S1_57292207 1 57296207 0.000442852852757574
S1_57332449 1 57336449 0.000567837510917006
S1_57333998 1 57337998 1.18449873569594e-05
S1_57353073 1 57357073 0.000193330905631192
S1_57379614 1 57383614 0.000788788282334293
S1_57506527 1 57510527 0.000168555556552355
S1_57539917 1 57543917 0.000962028046628722
S1_57690218 1 57694218 9.86720225655534e-05
S1_57690950 1 57694950 0.000184075617007753
S1_57690951 1 57694951 0.000184075617007753
S1_57762930 1 57766930 0.000161746117869267
S1_57767895 1 57771895 0.000182373828107405
S1_57864616 1 57868616 3.71971184337898e-05
S1_57974791 1 57978791 0.00064637033516203
S1_58108856 1 58112856 1.05572962782351e-06
S1_58108954 1 58112954 0.000159073690733893
S1_58109605 1 58113605 0.000115142543191091
S1_58114897 1 58118897 0.000760682052398792
S1_58114905 1 58118905 0.000711625839381921
S1_58231610 1 58235610 0.000831805487610744
S1_58352002 1 58356002 0.000518439641352338
S1_58710710 1 58714710 0.00022394284506317
S1_58919891 1 58923891 1.90914846997402e-05
S1_58921282 1 58925282 7.99451994350064e-05
S1_59200563 1 59204563 0.000115865071723802
S1_59227451 1 59231451 4.08435522980802e-05
S1_59369675 1 59373675 6.90824359514576e-05
S1_59403949 1 59407949 0.000553436796003108
S1_59462285 1 59466285 1.51557668761775e-06
S1_59553412 1 59557412 7.78068268994203e-05
S1_59557696 1 59561696 1.20651952475678e-05
S1_59557732 1 59561732 0.000181197442064758
S1_59558437 1 59562437 0.000953492584413134
S1_59761602 1 59765602 7.63845552231915e-05
S1_59819555 1 59823555 4.16140807589213e-05
S1_59952052 1 59956052 0.000247212312127483
S1_59952056 1 59956056 0.000247212312127483
S1_59977050 1 59981050 0.000261595852176878
S1_59977053 1 59981053 0.000770707052003899
S1_60073124 1 60077124 2.3630499151107e-05
S1_60087070 1 60091070 4.62791020358726e-05
S1_60237455 1 60241455 0.000343067837445753
S1_60237785 1 60241785 0.000919783615359784
S1_60428133 1 60432133 0.000175547924848114
S1_60428288 1 60432288 0.000367448357662268
S1_60454973 1 60458973 2.96894004081653e-05
S1_60469222 1 60473222 0.000495230905102289
S1_60510238 1 60514238 0.000326525570304829
S1_60510256 1 60514256 0.0003265255703048
S1_60510341 1 60514341 3.36825047947332e-05
S1_60516040 1 60520040 0.000532809324730257
S1_60554835 1 60558835 0.000458119753791398
S1_60584692 1 60588692 0.000190122898231947
S1_60607605 1 60611605 8.32880488817394e-05
S1_60641265 1 60645265 5.43796508522029e-05
S1_60641271 1 60645271 1.38982357791304e-05
S1_60672560 1 60676560 0.000753871133203778
S1_60677313 1 60681313 0.000533307844771039
S1_60692681 1 60696681 0.000543438604644384
S1_60692843 1 60696843 9.78240723818252e-05
S1_60693178 1 60697178 7.61285978862707e-06
S1_60693843 1 60697843 0.000125776673208816
S1_60693885 1 60697885 3.8833355071333e-06
S1_60708489 1 60712489 0.00038773842378906
S1_60708758 1 60712758 1.7453777050907e-05
S1_60775266 1 60779266 0.000123173115413298
S1_60775772 1 60779772 0.000697813787521117
S1_60816249 1 60820249 0.000241977632660137
S1_60904370 1 60908370 0.000818727491359676
S1_60939995 1 60943995 4.45987281993999e-06
S1_60944253 1 60948253 0.000197615128776213
S1_60947652 1 60951652 0.000533178880855124
S1_61009752 1 61013752 8.16273676605039e-06
S1_61023493 1 61027493 2.67170736156316e-05
S1_61052926 1 61056926 2.93574020583586e-06
S1_61052931 1 61056931 1.87255190417417e-05
S1_61052949 1 61056949 9.4272057228388e-05
S1_61053158 1 61057158 0.000387614076980397
S1_61056941 1 61060941 0.00029069445449376
S1_61058875 1 61062875 0.000358689691013619
S1_61062131 1 61066131 0.000628992654580668
S1_61131360 1 61135360 0.000574255713099567
S1_61192278 1 61196278 0.000369436043660793
S1_61205614 1 61209614 0.000493564895328987
S1_61237287 1 61241287 0.000169007760481381
S1_61244719 1 61248719 0.000125127779166571
S1_61246965 1 61250965 0.000303033757342596
S1_61288248 1 61292248 7.96519345148259e-05
S1_61293454 1 61297454 0.000594422222703705
S1_61365198 1 61369198 0.00075874215209365
S1_61365214 1 61369214 0.00075874215209365
S1_61365234 1 61369234 0.00075874215209365
S1_61365250 1 61369250 9.39272476926747e-05
S1_61365272 1 61369272 9.39272476926747e-05
S1_61636178 1 61640178 0.000436864026930678
S1_61647967 1 61651967 1.3059292534719e-06
S1_61675789 1 61679789 0.000399665921724627
S1_61681203 1 61685203 0.000860308243604089
S1_61681212 1 61685212 0.000860308243604089
S1_61681230 1 61685230 0.000860308243604089
S1_61681373 1 61685373 0.000121415770389014
S1_61681377 1 61685377 0.000121415770389014
S1_61681433 1 61685433 0.000455188302854169
S1_61685468 1 61689468 0.000266587167519786
S1_61687282 1 61691282 0.000623701084392062
S1_61769706 1 61773706 1.68888595856108e-05
S1_61815188 1 61819188 0.000421298039346399
S1_61844109 1 61848109 0.000505720524987765
S1_61945251 1 61949251 5.58570446032345e-05
S1_61945278 1 61949278 5.58570446032345e-05
S1_61958335 1 61962335 8.9423585181716e-05
S1_62106273 1 62110273 0.000915051639866085
S1_62153846 1 62157846 4.79262948141304e-05
S1_62298694 1 62302694 0.000260966336599098
S1_62364162 1 62368162 0.000423165794308365
S1_62381077 1 62385077 0.000404156328867457
S1_62427351 1 62431351 2.25908874862183e-06
S1_62555729 1 62559729 0.000471401697515574
S1_62555730 1 62559730 0.000470784113967958
S1_62560806 1 62564806 0.000314050942735425
S1_62689974 1 62693974 6.9963251011749e-05
S1_62765708 1 62769708 9.2219408609278e-05
S1_62795171 1 62799171 0.00057335214101426
S1_62798752 1 62802752 0.000369687004904366
S1_62817677 1 62821677 0.000377222648982735
S1_62817788 1 62821788 1.94217376214368e-06
S1_62819177 1 62823177 0.000539175779222186
S1_62834811 1 62838811 0.000853203425612439
S1_62844603 1 62848603 4.64690793001116e-05
S1_63127714 1 63131714 9.2711882830525e-05
S1_63130675 1 63134675 0.000266140138540734
S1_63149240 1 63153240 1.85553983445436e-05
S1_63161171 1 63165171 0.000173687728424661
S1_63271230 1 63275230 0.000900409803772383
S1_63290091 1 63294091 0.000135843389499191
S1_63293828 1 63297828 6.66503593174953e-05
S1_63294257 1 63298257 0.000174405485016119
S1_63337642 1 63341642 0.000202454280457059
S1_63400226 1 63404226 0.000871118851894941
S1_63559851 1 63563851 8.09194555922772e-05
S1_63715500 1 63719500 0.000877428537813621
S1_63799885 1 63803885 0.000209902258287542
S1_63799908 1 63803908 0.000908192006730072
S1_63827661 1 63831661 0.000252206806185248
S1_63827696 1 63831696 9.0374557168042e-05
S1_63875720 1 63879720 0.000743741614473874
S1_63879961 1 63883961 0.000384316313054018
S1_63922959 1 63926959 0.000264101492892968
S1_63948833 1 63952833 0.000190560389569301
S1_63984218 1 63988218 0.00047598720311322
S1_63991862 1 63995862 6.3831899005764e-05
S1_63991865 1 63995865 6.3831899005764e-05
S1_64271239 1 64275239 0.000403525393549944
S1_64374734 1 64378734 0.000471224010762058
S1_64432286 1 64436286 5.13009176037998e-05
S1_64438669 1 64442669 0.000486494269196962
S1_64439709 1 64443709 4.4779744348401e-05
S1_64448874 1 64452874 2.42245810401821e-06
S1_64477738 1 64481738 0.000233988724567865
S1_64482659 1 64486659 2.18777998820676e-05
S1_64488068 1 64492068 5.58303184989791e-05
S1_64502732 1 64506732 0.000450757873838621
S1_64505545 1 64509545 0.000282772864820121
S1_64547929 1 64551929 0.000109594461995203
S1_64552934 1 64556934 0.000880640547363252
S1_64553732 1 64557732 0.000475807181241306
S1_64641573 1 64645573 4.64674286048467e-05
S1_64659479 1 64663479 7.8500758562079e-05
S1_64735605 1 64739605 9.34865407032742e-05
S1_64841717 1 64845717 0.00018753181481082
S1_64841934 1 64845934 3.75769180420899e-05
S1_64902961 1 64906961 6.51198829579568e-05
S1_64926046 1 64930046 2.01714535352626e-06
S1_64934287 1 64938287 7.27454351188513e-10
S1_64935547 1 64939547 1.2890210954274e-06
S1_64935564 1 64939564 4.7098453135203e-05
S1_65023519 1 65027519 0.000204805287345509
S1_65046103 1 65050103 3.44177347658939e-05
S1_65063697 1 65067697 6.89011665084297e-06
S1_65068772 1 65072772 0.000133262291119708
S1_65080430 1 65084430 0.000333691728940106
S1_65084814 1 65088814 1.49331385494971e-13
S1_65084846 1 65088846 6.45416503158315e-09
S1_65104446 1 65108446 0.000323577503446226
S1_65110874 1 65114874 6.88818360668499e-05
S1_65111836 1 65115836 3.00000287394164e-06
S1_65117491 1 65121491 3.54133210315278e-05
S1_65121242 1 65125242 9.15143291897161e-06
S1_65124815 1 65128815 8.57151747196819e-07
S1_65140737 1 65144737 3.22805864516459e-05
S1_65150962 1 65154962 0.000288394490076361
S1_65160807 1 65164807 1.07153966478914e-05
S1_65161278 1 65165278 0.000134423701061492
S1_65174933 1 65178933 3.73282250623453e-05
S1_65178259 1 65182259 9.14140895068444e-06
S1_65221272 1 65225272 1.25893426400833e-05
S1_65225307 1 65229307 0.000271137610161554
S1_65225447 1 65229447 6.03721847212921e-08
S1_65225451 1 65229451 5.38179464740594e-06
S1_65253289 1 65257289 6.34191689358127e-05
S1_65362784 1 65366784 0.000251292592996795
S1_65372782 1 65376782 0.00013413902273733
S1_65468926 1 65472926 0.000853474175319044
S1_65475902 1 65479902 0.000279824052847529
S1_65539475 1 65543475 1.20023530877183e-05
S1_65555651 1 65559651 9.99399572647761e-09
S1_65565763 1 65569763 5.90806848159439e-06
S1_65674742 1 65678742 4.23607489625276e-05
S1_65674768 1 65678768 6.64190131139491e-05
S1_65682805 1 65686805 1.580044612116e-05
S1_65707935 1 65711935 0.000318602904514245
S1_65717256 1 65721256 1.45631000475547e-05
S1_65727374 1 65731374 0.000107865139658075
S1_65729079 1 65733079 0.000872052245373085
S1_65749545 1 65753545 2.34302223509286e-05
S1_65750785 1 65754785 5.9735060277145e-10
S1_65857663 1 65861663 3.92460500593879e-08
S1_65935315 1 65939315 0.000494614750907046
S1_66044781 1 66048781 1.29378245112087e-05
S1_66130482 1 66134482 0.000269422768054815
S1_66303576 1 66307576 0.000731860648005957
S1_66353382 1 66357382 0.000291111152950184
S1_66432496 1 66436496 3.29600491769144e-05
S1_66434789 1 66438789 0.000629757656757129
S1_66438381 1 66442381 1.97268228747422e-05
S1_66463165 1 66467165 0.000603734283213193
S1_66657143 1 66661143 0.000477614346168493
S1_66657160 1 66661160 0.000366004261376993
S1_66881799 1 66885799 8.34834930537634e-06
S1_66891047 1 66895047 0.000211870750252353
S1_66949814 1 66953814 9.35492375096941e-05
S1_67224800 1 67228800 0.000598882638152146
S1_67224856 1 67228856 0.000676868970380129
S1_67249435 1 67253435 1.14119077602002e-06
S1_67472484 1 67476484 3.59975178101561e-07
S1_67472491 1 67476491 5.71312382764702e-06
S1_67489817 1 67493817 0.000466055082108571
S1_67499251 1 67503251 0.000603215018770886
S1_67566494 1 67570494 2.95244989488001e-05
S1_67686111 1 67690111 4.17666671767217e-08
S1_67714334 1 67718334 0.000643368289605377
S1_67719742 1 67723742 0.000388921671347292
S1_67723302 1 67727302 8.79526774230247e-05
S1_67781153 1 67785153 0.000601136333739522
S1_68028288 1 68032288 0.000284826830302019
S1_68063171 1 68067171 5.05588825885688e-05
S1_68082429 1 68086429 0.000118943295274039
S1_68090896 1 68094896 0.000148036472020673
S1_68104240 1 68108240 4.42599100450186e-06
S1_68104270 1 68108270 0.000220318191298941
S1_68155291 1 68159291 0.000420134134807574
S1_68155295 1 68159295 3.08568989121251e-05
S1_68334339 1 68338339 3.76473977564357e-05
S1_68348719 1 68352719 0.000417405817354097
S1_68360937 1 68364937 2.10267339467931e-05
S1_68430126 1 68434126 0.000694561207943453
S1_68511338 1 68515338 3.87902461699602e-05
S1_68675083 1 68679083 0.000532639492381661
S1_68675085 1 68679085 0.000532639492381661
S1_68681713 1 68685713 4.89647151385043e-06
S1_68740411 1 68744411 0.000786733923615267
S1_68838567 1 68842567 9.9404211828134e-05
S1_68905310 1 68909310 0.00081814832546029
S1_69320030 1 69324030 0.000309146172026015
S1_69415646 1 69419646 0.000187036048957334
S1_69678025 1 69682025 0.000721652499526353
S1_69678026 1 69682026 0.000721652499526353
S1_70199910 1 70203910 0.000405540729506
S1_70259838 1 70263838 0.000641176028585065
S1_70358688 1 70362688 9.44147465863989e-06
S1_70454323 1 70458323 1.16407502940755e-07
S1_70512745 1 70516745 1.02086634584072e-05
S1_70512764 1 70516764 1.02086634584072e-05
S1_70548042 1 70552042 4.46214087530323e-05
S1_70571938 1 70575938 0.000604862339211579
S1_70578724 1 70582724 1.7658961839674e-05
S1_70672309 1 70676309 0.000283544949346081
S1_70702687 1 70706687 0.000498612721222062
S1_70828358 1 70832358 0.000581728827004723
S1_70884798 1 70888798 0.000568034161986163
S1_70915361 1 70919361 3.60845430316826e-05
S1_71033875 1 71037875 2.71422951580482e-05
S1_71155571 1 71159571 0.000967038589321917
S1_71170643 1 71174643 0.000249915158483496
S1_71190002 1 71194002 2.84609766852836e-06
S1_71206879 1 71210879 8.72716499749396e-06
S1_71210272 1 71214272 9.21285550960394e-05
S1_71210453 1 71214453 4.18601519948898e-05
S1_71210491 1 71214491 5.85848368485311e-06
S1_71292744 1 71296744 0.000307187562368651
S1_71302216 1 71306216 0.000170868368916392
S1_71302333 1 71306333 0.00031111650768066
S1_71302334 1 71306334 0.000128776379892651
S1_71302335 1 71306335 0.000138067966679553
S1_71302336 1 71306336 0.000138067966679553
S1_71302339 1 71306339 0.000138067966679553
S1_71371926 1 71375926 0.000538828683678465
S1_71412810 1 71416810 0.000110119512572591
S1_71532849 1 71536849 0.000606134512747605
S1_71607560 1 71611560 0.000596424104521069
S1_71617685 1 71621685 0.000162044440925676
S1_71624003 1 71628003 0.000953264442666457
S1_71626743 1 71630743 3.5445161786519e-07
S1_71626788 1 71630788 6.3507573612156e-08
S1_71626813 1 71630813 4.5341905549165e-05
S1_71626816 1 71630816 1.32591205246969e-06
S1_71626856 1 71630856 6.1669979260132e-05
S1_71627149 1 71631149 9.08667732311331e-06
S1_71627160 1 71631160 1.28538447034702e-07
S1_71630747 1 71634747 2.97500235352887e-05
S1_71658369 1 71662369 0.000317806861400577
S1_71686207 1 71690207 0.000730241049913529
S1_71717822 1 71721822 0.000770230204964246
S1_71778382 1 71782382 0.000266379115772151
S1_71791095 1 71795095 0.000671312858786679
S1_71797473 1 71801473 0.000662169146809017
S1_72090110 1 72094110 6.9917443758016e-05
S1_72090146 1 72094146 0.000113843061387516
S1_72099638 1 72103638 0.000789838119247413
S1_72099650 1 72103650 0.000791516493037327
S1_72128468 1 72132468 0.000470700476344186
S1_72172132 1 72176132 0.000751847555062199
S1_72206336 1 72210336 0.000648595798573747
S1_72206338 1 72210338 0.000659191899576846
S1_72210377 1 72214377 0.000867098011338402
S1_72216838 1 72220838 0.0005091244651943
S1_72216864 1 72220864 0.000509124465194145
S1_72217589 1 72221589 0.000665696398427143
S1_72217715 1 72221715 0.000900236161044519
S1_72217716 1 72221716 0.000900236161044519
S1_72217717 1 72221717 0.000900236161044519
S1_72217753 1 72221753 0.000900236161044519
S1_72334198 1 72338198 0.000313834675043076
S1_72334199 1 72338199 0.000313834675043076
S1_72334201 1 72338201 0.000313834675043076
S1_72334205 1 72338205 0.000313834675043076
S1_72352261 1 72356261 0.000183588260033477
S1_72352340 1 72356340 0.000261184967623926
S1_72353804 1 72357804 3.75143544772363e-05
S1_72353827 1 72357827 3.72793894182419e-05
S1_72362296 1 72366296 4.34602352603653e-06
S1_72363910 1 72367910 0.000908600751295607
S1_72363961 1 72367961 0.000908600751295733
S1_72372724 1 72376724 7.81208602710785e-07
S1_72372736 1 72376736 7.81208602710785e-07
S1_72396172 1 72400172 1.57394321905678e-05
S1_72396216 1 72400216 6.27487023573798e-06
S1_72411757 1 72415757 3.75641005311042e-06
S1_72420696 1 72424696 0.000222079861131692
S1_72434040 1 72438040 0.00091226751132507
S1_72437626 1 72441626 0.000217284011745286
S1_72468980 1 72472980 0.000334433399408364
S1_72503675 1 72507675 3.12600311312189e-05
S1_72503677 1 72507677 3.12600311312189e-05
S1_72557413 1 72561413 3.81679494137135e-05
S1_72569239 1 72573239 0.000443063696762008
S1_72572025 1 72576025 2.26742747875701e-05
S1_72589783 1 72593783 2.62276435882025e-05
S1_72591670 1 72595670 6.1030682604064e-05
S1_72611586 1 72615586 1.29314522947956e-05
S1_72808301 1 72812301 1.99568025859675e-05
S1_72899424 1 72903424 6.38674006077486e-06
S1_72899432 1 72903432 6.38674006077486e-06
S1_72899443 1 72903443 6.38674006077486e-06
S1_73009638 1 73013638 3.01899506792387e-05
S1_73025381 1 73029381 2.79251896448545e-09
S1_73025605 1 73029605 1.83613872428583e-05
S1_73186332 1 73190332 0.000749742785980886
S1_73239981 1 73243981 0.000643087125854943
S1_73239982 1 73243982 0.000634899142879185
S1_73320839 1 73324839 8.93623879635631e-05
S1_73491067 1 73495067 5.94977301589705e-05
S1_73637210 1 73641210 1.95572360901701e-05
