Marker Chr Pos p
S7_29739 7 33739 0.000842512411862761
S7_29743 7 33743 0.000842512411862761
S7_29792 7 33792 0.000842512411862031
S7_78638 7 82638 6.81503459733057e-05
S7_131162 7 135162 8.82462519116941e-05
S7_133604 7 137604 1.0803338521301e-05
S7_147083 7 151083 0.000104111998116671
S7_157532 7 161532 0.000480203066726116
S7_170403 7 174403 0.000443777763710242
S7_179228 7 183228 8.95522091547598e-05
S7_262384 7 266384 8.09137866931359e-06
S7_281958 7 285958 0.000318154766954598
S7_324142 7 328142 1.22357282792926e-08
S7_346286 7 350286 7.3327730689443e-08
S7_403321 7 407321 0.000383962342160468
S7_403342 7 407342 0.000263412198097083
S7_408517 7 412517 0.000740311272599515
S7_408518 7 412518 0.000740311272599515
S7_408520 7 412520 0.000740311272599515
S7_408521 7 412521 0.000740311272599515
S7_408522 7 412522 0.000920720856356303
S7_413066 7 417066 2.29662501891756e-06
S7_415181 7 419181 0.000664629183576075
S7_458271 7 462271 0.000615811041915983
S7_458273 7 462273 0.000438624571027706
S7_504988 7 508988 8.08415937624157e-05
S7_504989 7 508989 8.08415937624157e-05
S7_504990 7 508990 8.08415937624157e-05
S7_504991 7 508991 8.08415937624157e-05
S7_504993 7 508993 8.08415937624157e-05
S7_535383 7 539383 0.000883694182046432
S7_535400 7 539400 0.000707265107603524
S7_543526 7 547526 0.000127761996000888
S7_543543 7 547543 0.000127761996000847
S7_559145 7 563145 3.18647600838874e-06
S7_578924 7 582924 0.000373063637268603
S7_581076 7 585076 0.000240354658951877
S7_612137 7 616137 1.84369519300206e-05
S7_615529 7 619529 8.11612106050004e-05
S7_619623 7 623623 2.39464085341999e-08
S7_681479 7 685479 5.36437621990036e-05
S7_764333 7 768333 0.000335258760394955
S7_796298 7 800298 0.000180185303019886
S7_807928 7 811928 4.79451904090068e-08
S7_807933 7 811933 0.000222112977009799
S7_807934 7 811934 0.000222112977009799
S7_807943 7 811943 0.000222112977009799
S7_808071 7 812071 0.000373505038209139
S7_808077 7 812077 0.000373505038209139
S7_808204 7 812204 0.000582628089394047
S7_808297 7 812297 0.000815117862060726
S7_846914 7 850914 4.09038820486576e-05
S7_877468 7 881468 0.00040976198956326
S7_910980 7 914980 0.000144946892281711
S7_1004211 7 1008211 0.000943223521467056
S7_1186078 7 1190078 0.000162114618523157
S7_1414212 7 1418212 3.8094623739541e-07
S7_1790668 7 1794668 1.37714939866416e-09
S7_1790706 7 1794706 1.37714939866416e-09
S7_1802953 7 1806953 0.000174828094264961
S7_1808923 7 1812923 2.01546975574605e-05
S7_1817166 7 1821166 0.000989626247830996
S7_1974691 7 1978691 0.000569652708674166
S7_1993995 7 1997995 9.37089823216055e-07
S7_2062339 7 2066339 0.0003782922524872
S7_2062342 7 2066342 0.0003782922524872
S7_2075914 7 2079914 8.13821694927468e-05
S7_2199552 7 2203552 0.000974037216910612
S7_2373734 7 2377734 4.59807681794042e-05
S7_2577977 7 2581977 0.000609328307447506
S7_2586112 7 2590112 0.000321544402740052
S7_2634748 7 2638748 0.000769505381146268
S7_2674580 7 2678580 7.27960950412623e-05
S7_2722019 7 2726019 0.000163558384829999
S7_2858928 7 2862928 0.00061215673234883
S7_3045134 7 3049134 1.04816997155764e-06
S7_3065818 7 3069818 0.000935421052256782
S7_3068399 7 3072399 0.000384463529544749
S7_3068751 7 3072751 0.000514874145922779
S7_3068765 7 3072765 0.000514874145922779
S7_3223960 7 3227960 0.000373581739582907
S7_3285384 7 3289384 5.512066299956e-05
S7_3297176 7 3301176 0.000452684422820766
S7_3352961 7 3356961 2.58913454548516e-05
S7_3619873 7 3623873 0.000733886197583399
S7_3667314 7 3671314 0.000968281914901341
S7_3678477 7 3682477 0.000326549718965304
S7_3735294 7 3739294 2.22331029814262e-05
S7_3832664 7 3836664 0.000390779821628225
S7_3832676 7 3836676 0.000390779821628225
S7_3856223 7 3860223 0.000808824766033424
S7_3856227 7 3860227 0.000843918630796854
S7_3937104 7 3941104 0.000675248177376586
S7_4188329 7 4192329 8.70634567496891e-06
S7_4206236 7 4210236 0.000510427142759683
S7_4373677 7 4377677 7.75516505528035e-05
S7_4373706 7 4377706 7.75516505528035e-05
S7_4373709 7 4377709 7.75516505528035e-05
S7_4390122 7 4394122 0.00058508880767052
S7_4463080 7 4467080 0.000956248158301618
S7_4495849 7 4499849 0.00081920595473773
S7_4825614 7 4829614 0.00023542600929925
S7_4858828 7 4862828 0.00052649645889657
S7_4858829 7 4862829 0.00052035930563608
S7_4945275 7 4949275 4.76291454531254e-05
S7_4975366 7 4979366 5.63222162718166e-05
S7_5154600 7 5158600 0.000735017189705444
S7_5231595 7 5235595 0.000617283226811285
S7_5415137 7 5419137 0.000784039555013974
S7_5415575 7 5419575 7.57818634045344e-05
S7_5484227 7 5488227 8.8485557475644e-05
S7_5498910 7 5502910 0.000734414374771905
S7_5500441 7 5504441 6.15482108881212e-07
S7_5500504 7 5504504 4.53463172057348e-05
S7_5612327 7 5616327 0.000823545128461112
S7_5612335 7 5616335 0.00051969128209671
S7_5656712 7 5660712 0.000516633810559981
S7_5821805 7 5825805 5.41349430004769e-05
S7_5846458 7 5850458 0.000189659585896276
S7_5846459 7 5850459 0.000189659585896262
S7_5917570 7 5921570 9.43486016653946e-05
S7_6094806 7 6098806 0.000716325871147295
S7_6304640 7 6308640 1.34921448819974e-05
S7_6324649 7 6328649 0.000460033991265304
S7_6428120 7 6432120 0.00081392405918818
S7_6520576 7 6524576 0.000690959300517263
S7_6520597 7 6524597 4.93595367766678e-05
S7_6557696 7 6561696 0.000426382068397381
S7_6557701 7 6561701 0.000426382068397381
S7_6624622 7 6628622 5.01231108487677e-05
S7_6701552 7 6705552 0.000473745494008823
S7_6740790 7 6744790 0.000454153780681942
S7_6740798 7 6744798 0.000454153780681841
S7_6865593 7 6869593 0.000676495123771014
S7_6989386 7 6993386 3.54752900486828e-07
S7_7034817 7 7038817 0.000388588311042557
S7_7460130 7 7464130 9.25656357865269e-05
S7_7539131 7 7543131 9.41762542000442e-05
S7_7539169 7 7543169 9.32287567601728e-05
S7_7539175 7 7543175 9.32287567601728e-05
S7_7543887 7 7547887 1.81136136022534e-06
S7_8838079 7 8842079 0.00059052903498022
S7_8871955 7 8875955 0.000153722044117275
S7_8871987 7 8875987 0.000153722044117275
S7_9086665 7 9090665 0.000220475214946614
S7_9729522 7 9733522 0.000949829724428701
S7_9969875 7 9973875 0.000730027607151791
S7_9969881 7 9973881 0.000730027607151791
S7_10278082 7 10282082 7.42137926862271e-05
S7_10932241 7 10936241 0.000860381519377457
S7_11267128 7 11271128 1.34635520995493e-06
S7_11973640 7 11977640 0.000330397244920735
S7_12217606 7 12221606 0.000269771419305215
S7_12254991 7 12258991 7.4833996000839e-06
S7_12301925 7 12305925 0.000204862060003486
S7_12373156 7 12377156 6.84887570473838e-10
S7_12373160 7 12377160 4.10113688759886e-05
S7_12575730 7 12579730 4.8533359459143e-05
S7_12645868 7 12649868 0.000265075013014862
S7_12710880 7 12714880 2.53116074094835e-07
S7_12711316 7 12715316 1.90103441934961e-05
S7_12729810 7 12733810 1.92727941822645e-08
S7_12739562 7 12743562 1.19323986122174e-07
S7_12817933 7 12821933 7.70552039322831e-08
S7_12836774 7 12840774 6.3811086528345e-06
S7_12836787 7 12840787 0.00048701032021576
S7_12865678 7 12869678 7.24817910186705e-09
S7_12925035 7 12929035 1.14782607344082e-10
S7_13046343 7 13050343 2.94483184299885e-07
S7_13086524 7 13090524 1.17538805840418e-07
S7_13086535 7 13090535 1.38239491542041e-08
S7_13086538 7 13090538 1.71878593716169e-08
S7_13138861 7 13142861 2.76538232797468e-11
S7_13140982 7 13144982 7.84737791033631e-09
S7_14107783 7 14111783 3.46995829666392e-06
S7_14247229 7 14251229 0.000836244889548283
S7_14921948 7 14925948 3.42000471914169e-05
S7_14921989 7 14925989 3.42000471914169e-05
S7_16519405 7 16523405 0.000367691365167446
S7_17133213 7 17137213 0.000804218670688665
S7_17787694 7 17791694 9.06466935489594e-05
S7_18268334 7 18272334 0.000955572076043737
S7_18388214 7 18392214 0.000871794400122789
S7_18388710 7 18392710 0.000834374657685375
S7_18415845 7 18419845 0.000340277222391111
S7_18501943 7 18505943 0.000976293233964736
S7_18531867 7 18535867 0.000946201873487756
S7_18537790 7 18541790 0.000701166233644119
S7_18571311 7 18575311 0.000887489273955655
S7_18701648 7 18705648 0.000938825687343688
S7_18701655 7 18705655 0.000938825687343688
S7_18857711 7 18861711 0.000987733572243162
S7_18940143 7 18944143 0.000704412655521009
S7_18949998 7 18953998 0.000488830421158668
S7_18968317 7 18972317 0.000952663307804992
S7_19183411 7 19187411 0.000823042911176756
S7_19317036 7 19321036 0.000988647156385184
S7_19348966 7 19352966 0.000114899417384389
S7_19560692 7 19564692 0.000428725988359836
S7_19562770 7 19566770 0.00034402924624192
S7_19572886 7 19576886 0.000367383468273413
S7_19584269 7 19588269 0.000972072197224738
S7_19595308 7 19599308 0.000134969720949102
S7_19800998 7 19804998 6.56390265214169e-05
S7_20117004 7 20121004 0.000434617500886863
S7_20117023 7 20121023 0.000434617500886817
S7_21343944 7 21347944 0.000484105676866991
S7_21487285 7 21491285 0.000979210793801011
S7_21567660 7 21571660 0.000951800595469247
S7_22189496 7 22193496 0.000871283467709147
S7_22194720 7 22198720 0.000912620932146052
S7_22194732 7 22198732 0.000912620932146052
S7_22246693 7 22250693 0.000817553914936297
S7_22256744 7 22260744 5.91127405670395e-06
S7_22295814 7 22299814 3.41114812977304e-06
S7_22297085 7 22301085 0.000857551802295631
S7_22323899 7 22327899 0.000945374657002916
S7_22456492 7 22460492 5.22143159930389e-05
S7_22503393 7 22507393 4.91631280382626e-06
S7_22602764 7 22606764 0.000213157015738616
S7_22689139 7 22693139 0.000977502893673878
S7_22771352 7 22775352 0.000409769942408169
S7_22838829 7 22842829 4.01119958242205e-06
S7_22884242 7 22888242 0.00025008000967656
S7_22978046 7 22982046 1.2199434316399e-05
S7_23074404 7 23078404 4.09672874536084e-06
S7_23115143 7 23119143 0.000382999657987172
S7_23204968 7 23208968 0.000498654560393453
S7_23298641 7 23302641 4.81832397304689e-06
S7_23316032 7 23320032 0.000816424635640614
S7_23316042 7 23320042 0.000816424635640614
S7_23421307 7 23425307 0.000113434738776824
S7_23428811 7 23432811 3.29292494979248e-06
S7_23429288 7 23433288 0.000860764118058453
S7_23467010 7 23471010 3.50639726878523e-05
S7_23497846 7 23501846 0.000910377103284729
S7_23669111 7 23673111 0.000881542092875611
S7_23725323 7 23729323 0.000415059481687326
S7_23887459 7 23891459 4.15720386636208e-05
S7_23918498 7 23922498 0.000355611927437498
S7_23918944 7 23922944 2.55722054267238e-06
S7_23918955 7 23922955 2.55722054267238e-06
S7_24002341 7 24006341 1.09862498551078e-05
S7_24147616 7 24151616 0.000412080243253968
S7_24165571 7 24169571 9.04177509894299e-06
S7_24207593 7 24211593 0.000865738515429747
S7_24208522 7 24212522 5.87136974649023e-05
S7_24208523 7 24212523 5.65160624164122e-05
S7_24217513 7 24221513 0.000525374052762675
S7_24217515 7 24221515 0.000525374052762675
S7_24341991 7 24345991 3.46624003983371e-05
S7_24353783 7 24357783 0.000976334169463276
S7_24354102 7 24358102 1.05579571505623e-06
S7_24354106 7 24358106 1.05579571505747e-06
S7_24436013 7 24440013 0.0008073679398891
S7_24440681 7 24444681 0.000857413191970711
S7_24441545 7 24445545 4.56214030579915e-05
S7_24473299 7 24477299 0.000467292330407404
S7_24473300 7 24477300 0.000467292330407404
S7_24474168 7 24478168 0.000415708501014305
S7_24474371 7 24478371 4.3420518110488e-05
S7_24524134 7 24528134 0.000161802035707859
S7_24524159 7 24528159 0.000161802035707859
S7_24541727 7 24545727 0.000770819939211701
S7_24568406 7 24572406 3.90324217070734e-06
S7_24568409 7 24572409 3.90324217070734e-06
S7_24568456 7 24572456 3.21122761740451e-05
S7_24586649 7 24590649 0.000190181996285999
S7_24784548 7 24788548 3.54865445749946e-05
S7_24784566 7 24788566 3.54865445749946e-05
S7_25239671 7 25243671 0.000485496561193842
S7_25898564 7 25902564 0.000678542209145821
S7_26267244 7 26271244 1.39833939035739e-05
S7_26364491 7 26368491 6.06866851722897e-06
S7_26386016 7 26390016 0.000867468690502285
S7_26403284 7 26407284 2.6239672527991e-05
S7_26409375 7 26413375 6.4034964515998e-05
S7_26416351 7 26420351 2.41309043210321e-05
S7_26438201 7 26442201 5.2658131577304e-05
S7_26438583 7 26442583 0.000161521868309099
S7_26440575 7 26444575 2.18897687054893e-05
S7_26582018 7 26586018 2.31575771169001e-05
S7_26582021 7 26586021 2.3157577116903e-05
S7_26584536 7 26588536 2.2893182125214e-05
S7_26612215 7 26616215 0.000629517790853048
S7_26638480 7 26642480 0.000124100706850148
S7_26972809 7 26976809 0.000808041336038378
S7_26973960 7 26977960 0.000636936211751051
S7_27074707 7 27078707 0.000850015799821063
S7_27074726 7 27078726 4.85416692626607e-05
S7_29268321 7 29272321 0.000665973854027027
S7_30092434 7 30096434 8.29975050805292e-06
S7_30673713 7 30677713 0.000157617719066396
S7_36553302 7 36557302 0.000116971186833838
S7_37360121 7 37364121 0.000205945210427232
S7_37470229 7 37474229 0.000691449402703319
S7_37706275 7 37710275 0.000438670021964452
S7_38872604 7 38876604 0.000177647874183854
S7_39672901 7 39676901 1.88503922925385e-05
S7_39673916 7 39677916 3.64790126696493e-05
S7_42249384 7 42253384 2.7154527483454e-05
S7_42422330 7 42426330 0.000237572276909505
S7_42488890 7 42492890 5.99487588935212e-06
S7_42561231 7 42565231 9.19546641098385e-06
S7_42756392 7 42760392 0.000117962715179861
S7_42756404 7 42760404 0.000117962715179861
S7_42756429 7 42760429 0.000115732932008315
S7_46028429 7 46032429 0.000115916263484062
S7_46057456 7 46061456 0.000850227825506722
S7_46408392 7 46412392 0.000155690653595166
S7_46683857 7 46687857 0.000137123747754099
S7_48010531 7 48014531 0.000582026285845424
S7_48988930 7 48992930 0.000197815511661181
S7_49535593 7 49539593 0.00027822120294363
S7_49623030 7 49627030 0.000934954071401501
S7_50011541 7 50015541 1.01106724268452e-05
S7_50204286 7 50208286 0.000179987816063934
S7_50357888 7 50361888 4.26304933633359e-05
S7_50373897 7 50377897 6.94221580631318e-06
S7_50772698 7 50776698 0.000153129862804205
S7_51066918 7 51070918 4.37763331260163e-07
S7_51066963 7 51070963 4.37763331260163e-07
S7_51110208 7 51114208 0.000683018194825337
S7_51661960 7 51665960 0.000596155603864699
S7_51931613 7 51935613 8.78473491009328e-05
S7_51931665 7 51935665 5.93679189408798e-05
S7_51938838 7 51942838 2.27995269258841e-05
S7_52146530 7 52150530 8.75891836557149e-05
S7_52584966 7 52588966 0.000255302631608657
S7_52667900 7 52671900 0.000241800218409358
S7_52779540 7 52783540 2.9608092418897e-06
S7_52865960 7 52869960 0.000294088066294654
S7_52922561 7 52926561 4.53989350485296e-05
S7_52922572 7 52926572 4.5398935048523e-05
S7_53495874 7 53499874 2.0661794771931e-09
S7_53573464 7 53577464 0.000274142024598927
S7_53663327 7 53667327 5.64529631728443e-06
S7_53702006 7 53706006 0.000568635793672401
S7_53876202 7 53880202 4.05469864027412e-06
S7_53921722 7 53925722 2.77791898023399e-06
S7_53932568 7 53936568 0.000272513438014198
S7_54043970 7 54047970 0.000128292852123919
S7_54095647 7 54099647 3.08655013391192e-05
S7_54098198 7 54102198 0.000749793558259229
S7_54180354 7 54184354 0.000134463056230826
S7_54263780 7 54267780 2.16319279302786e-05
S7_54539806 7 54543806 0.000149264387918399
S7_54543049 7 54547049 0.000795099170990175
S7_54743090 7 54747090 0.000327303132414929
S7_54864273 7 54868273 1.17158580560388e-05
S7_54921556 7 54925556 3.98572187086365e-07
S7_54988772 7 54992772 2.76853524181907e-05
S7_55025699 7 55029699 5.9628332828759e-05
S7_55045230 7 55049230 0.000768669254272526
S7_55151391 7 55155391 2.77259599384305e-05
S7_55324800 7 55328800 0.000821022182260704
S7_55325779 7 55329779 0.000365747468563299
S7_55325780 7 55329780 0.000147078617708787
S7_55325781 7 55329781 0.00014024763884148
S7_55332313 7 55336313 0.000739720329878188
S7_55341287 7 55345287 0.000487193605431244
S7_55344817 7 55348817 0.000289051349773586
S7_55344834 7 55348834 0.000302773064801759
S7_55349020 7 55353020 0.00076694451495211
S7_55525281 7 55529281 9.02182854407704e-05
S7_55525314 7 55529314 6.81578000177442e-05
S7_55547135 7 55551135 1.83039279140513e-06
S7_55552962 7 55556962 1.47053182467914e-06
S7_55595289 7 55599289 1.10947483385739e-05
S7_55700965 7 55704965 3.07665681069283e-08
S7_55727275 7 55731275 3.67153576820872e-05
S7_55744499 7 55748499 6.67924166735248e-06
S7_55832871 7 55836871 0.000819608164427138
S7_55870886 7 55874886 2.04932279802018e-05
S7_56030066 7 56034066 3.92291172787548e-06
S7_56061853 7 56065853 0.000491474959219171
S7_56061866 7 56065866 0.000490216797825331
S7_56061867 7 56065867 0.000490216797825417
S7_56061868 7 56065868 0.000490216797825331
S7_56061873 7 56065873 0.000490216797825331
S7_56062379 7 56066379 7.40131304049752e-06
S7_56062380 7 56066380 7.97907891317297e-06
S7_56196770 7 56200770 0.000305392121764067
S7_56196783 7 56200783 0.000305392121764067
S7_56216017 7 56220017 9.61625956418591e-05
S7_56216063 7 56220063 2.18088941456267e-05
S7_56271180 7 56275180 0.000296686902555277
S7_56314145 7 56318145 0.000954263656531909
S7_56346163 7 56350163 2.75890228475572e-06
S7_56372218 7 56376218 0.000263102266739717
S7_56522717 7 56526717 9.12457129463089e-05
S7_56624396 7 56628396 1.59842587796538e-05
S7_56624415 7 56628415 8.53340358121582e-05
S7_56626747 7 56630747 7.68690566006362e-05
S7_56656324 7 56660324 1.87878083146878e-06
S7_56656336 7 56660336 1.87878083146878e-06
S7_56699949 7 56703949 0.000727051737712341
S7_56705860 7 56709860 0.000594453940513052
S7_56872956 7 56876956 0.000781462191029672
S7_56919233 7 56923233 0.00027211964409746
S7_57367131 7 57371131 0.000381750603154097
S7_57382050 7 57386050 0.000342176751756885
S7_57390315 7 57394315 4.26332595620201e-09
S7_57438271 7 57442271 5.76763498372994e-05
S7_57456629 7 57460629 0.000884996548046722
S7_57456862 7 57460862 9.59654259025223e-05
S7_57480876 7 57484876 0.000343293702946047
S7_57496018 7 57500018 9.39551074068668e-05
S7_57512354 7 57516354 4.21229088239718e-05
S7_57532356 7 57536356 1.77707631628832e-06
S7_57559048 7 57563048 3.16564599927738e-05
S7_57634208 7 57638208 0.00053706712437947
S7_57814876 7 57818876 0.000433518185520524
S7_57821269 7 57825269 0.000242687542169371
S7_57832258 7 57836258 0.000647204448158618
S7_57855185 7 57859185 0.000620463632472586
S7_58033126 7 58037126 5.85494914717003e-05
S7_58033140 7 58037140 5.85494914717105e-05
S7_58068425 7 58072425 2.08805570350181e-05
S7_58272395 7 58276395 7.72781474860585e-06
S7_58386011 7 58390011 7.91627494523531e-05
S7_58590688 7 58594688 0.000887627897898707
S7_58744508 7 58748508 4.82373346217533e-05
S7_58815948 7 58819948 0.000517507524901621
S7_59035723 7 59039723 0.00084711335402069
S7_59062128 7 59066128 7.73368505575448e-06
S7_59062131 7 59066131 7.73368505575173e-06
S7_59063226 7 59067226 0.000118440919659258
S7_59171031 7 59175031 0.000426465649983893
S7_59454373 7 59458373 0.000959882778824035
S7_59615610 7 59619610 8.62878297562036e-05
S7_59686955 7 59690955 0.00065999421234205
S7_59691857 7 59695857 0.000290566353197742
S7_59715384 7 59719384 2.3415809627965e-05
S7_59715390 7 59719390 2.3415809627965e-05
S7_59752015 7 59756015 0.000138926207582386
S7_59760133 7 59764133 5.62157915353109e-07
S7_59804195 7 59808195 0.000722969583206073
S7_59814081 7 59818081 6.05167488495003e-05
S7_59850040 7 59854040 0.000350388630825031
S7_59915822 7 59919822 2.03780939639461e-05
S7_59924812 7 59928812 0.000436521539872205
S7_59948766 7 59952766 0.000116286395753041
S7_59948770 7 59952770 0.000116286395753041
S7_60319735 7 60323735 0.000565198919436635
S7_60353908 7 60357908 2.78192139037752e-05
S7_60410012 7 60414012 0.000442572304433253
S7_60418596 7 60422596 9.05270422643464e-05
S7_60493280 7 60497280 0.000150487625115132
S7_60557109 7 60561109 0.000268979221545798
S7_60558498 7 60562498 1.92197847774086e-05
S7_60629608 7 60633608 0.000102301525982567
S7_60636509 7 60640509 7.53260907418089e-05
S7_60641954 7 60645954 2.03510040169535e-06
S7_60642071 7 60646071 7.30226807668239e-05
S7_60649860 7 60653860 0.00035013457029731
S7_60649874 7 60653874 0.00035013457029731
S7_60855733 7 60859733 6.84007445846927e-05
S7_60855738 7 60859738 6.55217863664809e-05
S7_60855769 7 60859769 6.84007445846927e-05
S7_60883762 7 60887762 0.00035540153927565
S7_60928349 7 60932349 0.000133550542331733
S7_60940685 7 60944685 9.77656909219337e-05
S7_61296525 7 61300525 0.000291969676407323
S7_61318646 7 61322646 0.000973600736139231
S7_61341345 7 61345345 0.000815646438238828
S7_61568603 7 61572603 0.000736943937155299
S7_61568648 7 61572648 0.000736943937155299
S7_62070075 7 62074075 0.000873654503682513
S7_62085929 7 62089929 7.08350165005131e-05
S7_62400652 7 62404652 3.31454505753435e-06
S7_62400667 7 62404667 3.31454505753435e-06
S7_62400874 7 62404874 3.68162575069123e-05
S7_62400881 7 62404881 3.68162575069091e-05
S7_62400919 7 62404919 3.49063443025694e-05
S7_62401009 7 62405009 0.000112680894872025
S7_62409119 7 62413119 6.30472396833849e-05
S7_62409167 7 62413167 6.30472396834012e-05
S7_62410948 7 62414948 0.000308679213454039
S7_62425545 7 62429545 0.000893120559436247
S7_62438390 7 62442390 0.00014049821948659
S7_62438632 7 62442632 0.000473801724693476
S7_62438635 7 62442635 0.000473801724693476
S7_62560882 7 62564882 3.96195971523748e-05
S7_62838329 7 62842329 0.000139847605746085
S7_62838381 7 62842381 0.000103282828666156
S7_63121919 7 63125919 7.67255352407536e-05
S7_63229971 7 63233971 1.14870991195357e-05
S7_63352069 7 63356069 5.64986583656492e-06
S7_63638123 7 63642123 3.66453951611461e-05
S7_63779130 7 63783130 1.30505344604397e-05
S7_63893048 7 63897048 1.22631187757921e-05
S7_64220299 7 64224299 7.75803992792293e-06
S7_64220851 7 64224851 1.70670799375278e-05
S7_64220903 7 64224903 1.73014600302636e-05
