Marker Chr Pos p
S2_122004 2 126004 2.73415878053393e-06
S2_148046 2 152046 6.75776661958738e-05
S2_148401 2 152401 1.32206172636297e-05
S2_357876 2 361876 0.000462337057782459
S2_371587 2 375587 1.61624532312371e-05
S2_371589 2 375589 1.61624532312371e-05
S2_371593 2 375593 2.93813333807709e-06
S2_371601 2 375601 1.61624532312491e-05
S2_439470 2 443470 2.58417396702717e-05
S2_451293 2 455293 2.68360699257718e-05
S2_457112 2 461112 1.08901778892024e-05
S2_488710 2 492710 4.2457043118287e-05
S2_501260 2 505260 1.07319092314048e-05
S2_501261 2 505261 1.09015358971498e-05
S2_501365 2 505365 2.31013464590719e-07
S2_511635 2 515635 0.000662689286538847
S2_518271 2 522271 5.1308833270381e-05
S2_541150 2 545150 7.28096023607106e-05
S2_549315 2 553315 0.000635176419268694
S2_569740 2 573740 7.56217668603638e-06
S2_572901 2 576901 0.000247412918075164
S2_581325 2 585325 0.000811874556903584
S2_584311 2 588311 7.56715652902212e-05
S2_589724 2 593724 3.37815499181338e-05
S2_598205 2 602205 3.53809399279646e-07
S2_598206 2 602206 3.53809399279646e-07
S2_602438 2 606438 3.55017586353707e-05
S2_673587 2 677587 0.000484788162211107
S2_713103 2 717103 6.26811988206171e-06
S2_744145 2 748145 0.000636264651105919
S2_788682 2 792682 3.96551458536847e-05
S2_790490 2 794490 1.20443554610381e-06
S2_790493 2 794493 1.20443554610381e-06
S2_793965 2 797965 0.00047620072810272
S2_794419 2 798419 0.000157699955218339
S2_796355 2 800355 0.000514951879418249
S2_819887 2 823887 0.000313449008088726
S2_820428 2 824428 6.47787819558412e-06
S2_824097 2 828097 0.000314257367262285
S2_824245 2 828245 5.00554183875356e-05
S2_887571 2 891571 0.000315031605683532
S2_893762 2 897762 6.82810148607502e-05
S2_956465 2 960465 0.000187646849474011
S2_968417 2 972417 2.34969312405296e-07
S2_973191 2 977191 8.60416280067133e-05
S2_973499 2 977499 0.000120078330936922
S2_1014224 2 1018224 0.000885802003211114
S2_1015554 2 1019554 2.38289178845385e-06
S2_1042719 2 1046719 0.000191598946772775
S2_1138036 2 1142036 0.000739738965451065
S2_1253503 2 1257503 0.000729010004871478
S2_1253568 2 1257568 0.000646497527242247
S2_1308989 2 1312989 0.000164222721007875
S2_1333146 2 1337146 0.00079004724096037
S2_1371620 2 1375620 2.89388947676394e-05
S2_1387572 2 1391572 4.08630930625252e-05
S2_1406547 2 1410547 2.47641712228272e-06
S2_1449156 2 1453156 0.000469990624879154
S2_1506776 2 1510776 0.000252758659602536
S2_1506794 2 1510794 9.4557180290725e-05
S2_1534020 2 1538020 0.000210090520296681
S2_1538015 2 1542015 0.000278421227639792
S2_1559493 2 1563493 0.000716018822329961
S2_1561709 2 1565709 7.13732974325343e-06
S2_1561724 2 1565724 7.79226458202454e-05
S2_1561748 2 1565748 1.16998241494265e-07
S2_1593049 2 1597049 0.000166055391716404
S2_1605956 2 1609956 9.05816289976909e-05
S2_1616222 2 1620222 0.00034849963161671
S2_1621028 2 1625028 0.000187802601034957
S2_1698736 2 1702736 0.000258873876974173
S2_1727223 2 1731223 0.000379410491703961
S2_1727883 2 1731883 0.000776725885761667
S2_1741441 2 1745441 0.00015974546303362
S2_1825628 2 1829628 0.00058285323472543
S2_2039027 2 2043027 0.000725855441159449
S2_2054466 2 2058466 8.3358205030605e-06
S2_2054469 2 2058469 8.3358205030605e-06
S2_2069223 2 2073223 8.98336159998733e-05
S2_2081487 2 2085487 0.00024204596006132
S2_2116656 2 2120656 0.000169004607202575
S2_2117532 2 2121532 0.00016959311460306
S2_2117700 2 2121700 9.07639945200852e-05
S2_2117729 2 2121729 9.07639945201088e-05
S2_2118462 2 2122462 0.000282322698854111
S2_2118483 2 2122483 0.000282322698854075
S2_2118668 2 2122668 0.000375825426328769
S2_2118673 2 2122673 3.06765953719948e-05
S2_2132288 2 2136288 2.21969829325743e-05
S2_2144905 2 2148905 3.98146916320263e-05
S2_2178381 2 2182381 0.000739793840498063
S2_2187841 2 2191841 0.000323267914838003
S2_2191827 2 2195827 0.000425399827897682
S2_2191829 2 2195829 1.46953985294931e-05
S2_2195314 2 2199314 1.79425046785609e-05
S2_2209607 2 2213607 0.0002255048535729
S2_2216532 2 2220532 5.6268316612758e-07
S2_2222441 2 2226441 0.000106729393141408
S2_2245613 2 2249613 9.59536695265103e-06
S2_2292957 2 2296957 1.50781305219808e-05
S2_2293379 2 2297379 0.000742641810371025
S2_2297380 2 2301380 5.53692139813631e-06
S2_2297749 2 2301749 3.64989520945547e-05
S2_2299769 2 2303769 0.000751058692261152
S2_2308465 2 2312465 0.000229171090741332
S2_2319970 2 2323970 5.39787133446775e-05
S2_2323996 2 2327996 7.29013619835707e-05
S2_2383386 2 2387386 0.00042519542956764
S2_2383665 2 2387665 0.00028798017637359
S2_2404506 2 2408506 0.000736570196212201
S2_2408332 2 2412332 9.68846549635546e-06
S2_2446446 2 2450446 0.000505177169166707
S2_2446827 2 2450827 7.73137790596238e-05
S2_2448918 2 2452918 5.41029130091342e-05
S2_2448922 2 2452922 5.41029130091147e-05
S2_2453796 2 2457796 2.46552750342568e-08
S2_2459942 2 2463942 0.000142819188696616
S2_2460025 2 2464025 0.000741128065712656
S2_2471761 2 2475761 0.000156667034612646
S2_2478237 2 2482237 0.000592588271519341
S2_2478249 2 2482249 0.000592588271519341
S2_2518584 2 2522584 2.00404097596301e-05
S2_2529948 2 2533948 4.22446209830591e-05
S2_2561084 2 2565084 1.01879977388059e-05
S2_2563044 2 2567044 0.000359234865587457
S2_2563071 2 2567071 0.000199896904525405
S2_2569147 2 2573147 2.88068416954825e-06
S2_2580247 2 2584247 0.000533548835179584
S2_2637434 2 2641434 7.42415238176376e-05
S2_2643987 2 2647987 1.22406166325255e-06
S2_2644004 2 2648004 1.22406166325239e-06
S2_2644007 2 2648007 1.22406166325239e-06
S2_2644009 2 2648009 1.22406166325255e-06
S2_2647529 2 2651529 4.15280921109971e-05
S2_2647553 2 2651553 4.21403879382093e-05
S2_2647601 2 2651601 2.31363600470476e-06
S2_2664489 2 2668489 2.21217878123705e-06
S2_2664530 2 2668530 1.74055390489781e-06
S2_2666244 2 2670244 0.000237405697585606
S2_2666262 2 2670262 8.22518140462783e-05
S2_2666263 2 2670263 8.22518140462885e-05
S2_2667721 2 2671721 0.000280657737646663
S2_2670317 2 2674317 2.91221536459071e-07
S2_2670576 2 2674576 8.06805645724345e-07
S2_2721500 2 2725500 0.000270316679809869
S2_2721502 2 2725502 0.000276627156906251
S2_2721625 2 2725625 4.63404782591733e-06
S2_2740917 2 2744917 4.16914348615191e-05
S2_2764081 2 2768081 1.21233005786934e-09
S2_2770551 2 2774551 0.000357185732039036
S2_2773025 2 2777025 1.37881010656759e-06
S2_2799515 2 2803515 3.70359376963159e-08
S2_2808679 2 2812679 5.29186828034867e-05
S2_2822553 2 2826553 1.55734333930143e-05
S2_2837872 2 2841872 0.000661723181772189
S2_2838296 2 2842296 0.00018491911787692
S2_2839439 2 2843439 0.000901634301601556
S2_2839444 2 2843444 0.000824905538885119
S2_2839784 2 2843784 4.80217262785087e-05
S2_2839918 2 2843918 1.19782767458236e-09
S2_2839919 2 2843919 1.1978276745825e-09
S2_2903601 2 2907601 2.28537844210654e-06
S2_2905220 2 2909220 1.15745147130483e-09
S2_2938060 2 2942060 7.24452395070295e-05
S2_2938068 2 2942068 9.87331231921655e-08
S2_2938129 2 2942129 5.9078698832943e-06
S2_3028302 2 3032302 0.000228795438237453
S2_3029603 2 3033603 1.06351198785742e-05
S2_3082595 2 3086595 5.56728244105038e-05
S2_3107747 2 3111747 0.000149323344954696
S2_3123275 2 3127275 5.32437963256241e-05
S2_3123972 2 3127972 1.18494634344394e-08
S2_3123977 2 3127977 0.000899017539411369
S2_3126447 2 3130447 0.00041096540878763
S2_3133552 2 3137552 3.1489156103292e-06
S2_3324439 2 3328439 4.75889229357431e-09
S2_3331625 2 3335625 4.22589411255588e-06
S2_3336126 2 3340126 4.30519373877221e-05
S2_3395647 2 3399647 0.000114811783052375
S2_3620265 2 3624265 0.00019579862294233
S2_3659084 2 3663084 0.000539758957943148
S2_3716114 2 3720114 5.78273158153427e-05
S2_3773235 2 3777235 3.23174253839341e-08
S2_3785981 2 3789981 6.06119063773807e-06
S2_3792464 2 3796464 2.35926966110021e-05
S2_3794311 2 3798311 4.95124987788075e-05
S2_3794348 2 3798348 0.000119973594041272
S2_3800174 2 3804174 6.02350729755659e-05
S2_3800217 2 3804217 1.49917388626221e-05
S2_3807361 2 3811361 4.66825818561701e-05
S2_3897129 2 3901129 4.80290665906665e-06
S2_3929114 2 3933114 0.000547245849406241
S2_4000057 2 4004057 1.29871422447976e-05
S2_4000184 2 4004184 8.38621866872707e-07
S2_4047247 2 4051247 0.000865216742420939
S2_4074288 2 4078288 7.3324909850956e-06
S2_4145088 2 4149088 5.38480783669169e-05
S2_4153023 2 4157023 0.000542342331835787
S2_4327685 2 4331685 0.000806938821103255
S2_4380317 2 4384317 0.000800838365900771
S2_4393667 2 4397667 8.97758253240028e-05
S2_4469827 2 4473827 0.00060884562125292
S2_4602194 2 4606194 0.000981419194902321
S2_4877966 2 4881966 0.000238608538113456
S2_4963627 2 4967627 0.000150601789722693
S2_4963628 2 4967628 0.000150601789722693
S2_4963629 2 4967629 0.000148763975797296
S2_4971738 2 4975738 0.00060689172351284
S2_4983682 2 4987682 0.000125107676271005
S2_4983708 2 4987708 0.000125107676271005
S2_5093949 2 5097949 0.000613169467868514
S2_5093965 2 5097965 0.000514531314893133
S2_5099444 2 5103444 0.000113696061881993
S2_5113072 2 5117072 0.000970096679302295
S2_5113116 2 5117116 7.73744560080673e-05
S2_5120395 2 5124395 2.83710546620757e-05
S2_5227050 2 5231050 0.000595703764993331
S2_5238893 2 5242893 0.000855735373813066
S2_5238927 2 5242927 9.7141299407866e-05
S2_5249938 2 5253938 9.70001120846349e-06
S2_5279225 2 5283225 4.69844447432299e-05
S2_5279547 2 5283547 5.37188762449071e-05
S2_5293280 2 5297280 0.000329467108346515
S2_5297240 2 5301240 0.000919305800118018
S2_5297561 2 5301561 0.000546338831746816
S2_5311722 2 5315722 0.000965836649931423
S2_5335485 2 5339485 0.00048414944181223
S2_5388522 2 5392522 0.000775690131718074
S2_5427077 2 5431077 0.000165792628813889
S2_5430039 2 5434039 0.000564082982437333
S2_5445750 2 5449750 2.13585277434011e-05
S2_5445755 2 5449755 0.000237415216085918
S2_5481769 2 5485769 4.05156658876197e-05
S2_5495563 2 5499563 0.000383085230166976
S2_5496186 2 5500186 7.30406121838114e-06
S2_5502623 2 5506623 2.01865113519185e-05
S2_5522586 2 5526586 6.27031563940593e-05
S2_5530070 2 5534070 2.00636237080473e-05
S2_5531095 2 5535095 9.46218079098339e-05
S2_5542824 2 5546824 0.00010346117517259
S2_5558309 2 5562309 0.000957752705263687
S2_5558310 2 5562310 0.000957752705263809
S2_5565923 2 5569923 2.55515522044018e-05
S2_5744693 2 5748693 0.000184893950148102
S2_5744795 2 5748795 1.19516989715183e-05
S2_5755255 2 5759255 0.000914204920954698
S2_5800333 2 5804333 0.000134073702853073
S2_5832137 2 5836137 0.000107951994215461
S2_5930476 2 5934476 2.48416973417221e-05
S2_6167261 2 6171261 0.000225268595734823
S2_6234081 2 6238081 0.000326334189893051
S2_6249240 2 6253240 0.000422443292672956
S2_6446868 2 6450868 5.3373770906796e-05
S2_6446899 2 6450899 5.33737709067941e-05
S2_6446901 2 6450901 5.33737709067941e-05
S2_6472418 2 6476418 0.000577412636342421
S2_6474591 2 6478591 0.000620434934070139
S2_6474769 2 6478769 0.000520623496852194
S2_6474773 2 6478773 0.000520623496852194
S2_6484994 2 6488994 0.00073408263443524
S2_6498185 2 6502185 0.000207906702433885
S2_6504967 2 6508967 7.72839931786153e-05
S2_6506649 2 6510649 0.000802055960390658
S2_6511161 2 6515161 1.98959808080442e-06
S2_6693078 2 6697078 0.000516629063881158
S2_6698352 2 6702352 8.21091204303624e-05
S2_6702031 2 6706031 0.000438649018533294
S2_6702035 2 6706035 0.000438649018533294
S2_6702049 2 6706049 0.000443232955060355
S2_6702052 2 6706052 0.000443232955060299
S2_6762885 2 6766885 0.000207857668013104
S2_6845769 2 6849769 0.000145931336248971
S2_6902823 2 6906823 0.00086306979472536
S2_6920839 2 6924839 4.7580263767307e-06
S2_6931646 2 6935646 1.4700816905507e-06
S2_6931684 2 6935684 0.000131866996414173
S2_7014670 2 7018670 1.76646473420506e-05
S2_7035681 2 7039681 0.000397152574742685
S2_7041010 2 7045010 3.27009815395959e-05
S2_7050600 2 7054600 0.000288341980870734
S2_7050601 2 7054601 0.000288341980870734
S2_7050602 2 7054602 0.000244209963772825
S2_7069928 2 7073928 1.04914586176346e-05
S2_7091555 2 7095555 6.77492980053581e-06
S2_7345842 2 7349842 2.50186994962607e-05
S2_7373822 2 7377822 0.000765325837670164
S2_7482754 2 7486754 0.000407369851886599
S2_7558573 2 7562573 0.000886700885369971
S2_7568742 2 7572742 0.000162167985402965
S2_7571671 2 7575671 5.88352864781633e-06
S2_7571701 2 7575701 0.000132264671634228
S2_7571714 2 7575714 0.000325429277929652
S2_7637425 2 7641425 0.000105110347479311
S2_7701502 2 7705502 2.44589410506622e-10
S2_7705600 2 7709600 4.52618693134019e-05
S2_7714104 2 7718104 0.000509223016711336
S2_7714106 2 7718106 0.000509223016711336
S2_7714123 2 7718123 0.000509223016711394
S2_7733913 2 7737913 1.73490049689362e-05
S2_7797191 2 7801191 0.000328123646402106
S2_7900215 2 7904215 0.000229427215706821
S2_7973029 2 7977029 0.000701577142133606
S2_7982254 2 7986254 0.00014233455105212
S2_8000415 2 8004415 0.000229945418791959
S2_8116837 2 8120837 0.000575722068802663
S2_8117105 2 8121105 0.000548112806777315
S2_8118295 2 8122295 0.000543710363190025
S2_8244474 2 8248474 0.000463707729966423
S2_8244479 2 8248479 0.000463707729966423
S2_8322972 2 8326972 0.000221376033529052
S2_8478477 2 8482477 0.000368705976362459
S2_8478661 2 8482661 0.000136237475132836
S2_8478699 2 8482699 0.000892690650404812
S2_8478911 2 8482911 0.000162586830134964
S2_8478918 2 8482918 8.94902201240146e-05
S2_8487661 2 8491661 0.000167752789553745
S2_8521685 2 8525685 0.000946161979200234
S2_8521704 2 8525704 0.000178797974742763
S2_8521718 2 8525718 0.000236746562614674
S2_8521725 2 8525725 0.000178797974742763
S2_8827323 2 8831323 7.08400452902762e-06
S2_8845542 2 8849542 0.000617454218341674
S2_8845545 2 8849545 0.000617454218341674
S2_8917117 2 8921117 0.000421051723635293
S2_8957557 2 8961557 0.000324916063904117
S2_9000963 2 9004963 0.000565840023656842
S2_9042638 2 9046638 2.07614213419055e-06
S2_9070275 2 9074275 3.70815546064382e-05
S2_9087835 2 9091835 0.000200112414075599
S2_9096875 2 9100875 0.000794127652533337
S2_9107416 2 9111416 0.000289053409024932
S2_9248243 2 9252243 0.000306378497260369
S2_9384084 2 9388084 0.000411430074481863
S2_9492683 2 9496683 0.000388248765155738
S2_9509620 2 9513620 0.000418645290595178
S2_9512223 2 9516223 2.93635861610025e-05
S2_9512244 2 9516244 2.93635861610058e-05
S2_9512250 2 9516250 2.93635861610058e-05
S2_9513478 2 9517478 0.000396336056116437
S2_9517843 2 9521843 2.02795527254463e-05
S2_9524745 2 9528745 9.30671836597091e-07
S2_9524789 2 9528789 0.000197942563270186
S2_9608495 2 9612495 6.63286673010883e-05
S2_9655871 2 9659871 0.000275780876831622
S2_9667745 2 9671745 0.000339840639143734
S2_9688803 2 9692803 1.90731775243705e-06
S2_9702387 2 9706387 0.000306480880627034
S2_9754935 2 9758935 0.00079653277816153
S2_9755056 2 9759056 4.48715615142721e-05
S2_9823912 2 9827912 0.000160375919446891
S2_9847268 2 9851268 2.37655282981139e-07
S2_9856175 2 9860175 6.75754925132107e-06
S2_9870852 2 9874852 4.17742037938824e-08
S2_9879327 2 9883327 0.000443656794186494
S2_9884012 2 9888012 7.92753541303072e-08
S2_9887978 2 9891978 6.26771466528132e-06
S2_9951118 2 9955118 0.000116996893390393
S2_9978351 2 9982351 0.000119313184631143
S2_10003784 2 10007784 0.000147176071497888
S2_10015507 2 10019507 0.000320805039162382
S2_10015540 2 10019540 0.000156481950313036
S2_10019643 2 10023643 1.96742510477767e-05
S2_10029717 2 10033717 5.16343278234418e-05
S2_10033710 2 10037710 0.000480876597837862
S2_10033939 2 10037939 0.000542535944884294
S2_10052429 2 10056429 2.47691517105867e-05
S2_10052460 2 10056460 4.99175592551273e-05
S2_10052480 2 10056480 3.64705574346046e-06
S2_10053727 2 10057727 0.000144208169488854
S2_10053753 2 10057753 0.000144208169488854
S2_10067907 2 10071907 0.000521301040043499
S2_10068908 2 10072908 0.000206601005985119
S2_10096754 2 10100754 3.18195482815893e-05
S2_10099252 2 10103252 1.596869892004e-07
S2_10104017 2 10108017 1.56113685929709e-05
S2_10203158 2 10207158 1.46658348289997e-06
S2_10500199 2 10504199 2.72296212581501e-05
S2_10501076 2 10505076 0.000268895068384757
S2_10542084 2 10546084 0.000272527319102189
S2_10586573 2 10590573 0.000192184699880095
S2_10587153 2 10591153 0.000953339997127773
S2_10636829 2 10640829 4.62811832119046e-08
S2_10683268 2 10687268 2.98970431049917e-05
S2_10683409 2 10687409 0.000200479255140686
S2_10703515 2 10707515 0.000301884601182286
S2_10708474 2 10712474 0.000196139931402568
S2_10810133 2 10814133 2.07241302065023e-06
S2_10819374 2 10823374 1.00526264986675e-06
S2_10825970 2 10829970 0.000382810313738157
S2_10829488 2 10833488 3.50569869601161e-05
S2_10838856 2 10842856 0.000351246599620594
S2_10847348 2 10851348 0.000470104372334358
S2_10850478 2 10854478 1.55991311054364e-06
S2_10850506 2 10854506 2.55611945659909e-05
S2_10876144 2 10880144 0.00060713876626872
S2_10878534 2 10882534 5.14185047377317e-06
S2_10889366 2 10893366 1.1971966960469e-09
S2_10902453 2 10906453 0.00021462907278661
S2_10944648 2 10948648 5.42348720651504e-05
S2_10951698 2 10955698 2.19594273965819e-05
S2_10951851 2 10955851 0.000351745298578282
S2_10951891 2 10955891 0.000230587024647789
S2_10953986 2 10957986 8.08893732269878e-05
S2_11131081 2 11135081 6.31945868947834e-06
S2_11133329 2 11137329 8.60367894270388e-05
S2_11133333 2 11137333 8.60367894270333e-05
S2_11133433 2 11137433 2.82283152351805e-05
S2_11133441 2 11137441 1.11736085654173e-05
S2_11133452 2 11137452 1.11736085654173e-05
S2_11133485 2 11137485 1.11736085654173e-05
S2_11136963 2 11140963 0.000173154107161016
S2_11136964 2 11140964 0.000395639379299505
S2_11138150 2 11142150 1.39414052587199e-06
S2_11138165 2 11142165 1.39414052587182e-06
S2_11138166 2 11142166 1.39414052587182e-06
S2_11142663 2 11146663 6.38011073322961e-06
S2_11147077 2 11151077 0.00042436964947505
S2_11147274 2 11151274 9.72638796356179e-06
S2_11147386 2 11151386 2.28860404487372e-05
S2_11151316 2 11155316 8.73974603059409e-05
S2_11186394 2 11190394 0.000569772455765542
S2_11186455 2 11190455 0.000182271190558608
S2_11187227 2 11191227 0.000728867187012521
S2_11273504 2 11277504 0.000342698196849998
S2_11294095 2 11298095 0.000738000943334619
S2_11334279 2 11338279 8.77114230238167e-05
S2_11334346 2 11338346 0.000842160937485691
S2_11375377 2 11379377 0.000132033369089364
S2_11375394 2 11379394 0.000132033369089364
S2_11375403 2 11379403 0.000132033369089364
S2_11377907 2 11381907 0.000520142100585785
S2_11377913 2 11381913 0.000520142100585785
S2_11380002 2 11384002 0.000501446555680492
S2_11399607 2 11403607 0.00033054641162853
S2_11450557 2 11454557 0.00013321642249861
S2_11523856 2 11527856 0.000185614962963097
S2_11587360 2 11591360 0.000712378646509751
S2_11609285 2 11613285 2.68976117889227e-05
S2_11609286 2 11613286 4.20398829985248e-05
S2_11609298 2 11613298 2.75522196943282e-05
S2_11609338 2 11613338 2.68976117889259e-05
S2_11904262 2 11908262 0.000703623390287768
S2_12383531 2 12387531 0.000264530556380624
S2_12383604 2 12387604 0.000349645512753231
S2_12420656 2 12424656 0.000421285953483745
S2_12431364 2 12435364 0.000941180794193136
S2_12489599 2 12493599 0.000104755342708471
S2_12492066 2 12496066 5.25235778205024e-06
S2_12545697 2 12549697 3.52149762400165e-05
S2_12564253 2 12568253 1.6257031303213e-09
S2_12647378 2 12651378 9.55035354060663e-06
S2_12647394 2 12651394 9.55035354060605e-06
S2_12647476 2 12651476 0.000660692056537514
S2_12648097 2 12652097 4.30142269865387e-05
S2_12658611 2 12662611 1.91626997725513e-05
S2_12663711 2 12667711 4.58904995142159e-06
S2_12712011 2 12716011 3.32583689500035e-09
S2_12726403 2 12730403 0.000947118018752866
S2_12727369 2 12731369 2.34979758531631e-06
S2_12741167 2 12745167 0.000666560385746658
S2_12789375 2 12793375 0.000186712732443251
S2_12792372 2 12796372 7.86584300526187e-06
S2_12803218 2 12807218 1.60441324794273e-06
S2_13279826 2 13283826 1.66577994766457e-05
S2_13731264 2 13735264 0.000197722279316938
S2_13861346 2 13865346 0.000634343102687953
S2_13863283 2 13867283 0.000142878123420563
S2_13937404 2 13941404 0.000200416982964131
S2_13952745 2 13956745 0.000723999982140737
S2_14015335 2 14019335 3.61223057636243e-05
S2_14016073 2 14020073 0.000669776315562516
S2_14045910 2 14049910 0.000298688445774971
S2_14079017 2 14083017 9.63327240226979e-08
S2_14428042 2 14432042 5.83631711007063e-05
S2_14441480 2 14445480 8.78581425289847e-06
S2_14446153 2 14450153 0.000272922149508186
S2_14455424 2 14459424 2.28567355338312e-09
S2_14464810 2 14468810 7.99149285369473e-06
S2_14522270 2 14526270 0.000661602915602953
S2_14545121 2 14549121 0.00018461876293542
S2_14643958 2 14647958 0.000925378477353701
S2_14848004 2 14852004 4.11131951109652e-05
S2_14848423 2 14852423 8.19774162410512e-05
S2_14848430 2 14852430 8.19774162410415e-05
S2_14848431 2 14852431 8.19774162410415e-05
S2_14853542 2 14857542 0.000756698718933151
S2_14853543 2 14857543 0.000893222816455724
S2_14888402 2 14892402 1.50831107759344e-06
S2_14938913 2 14942913 0.000599260949536146
S2_14944601 2 14948601 0.00043328778390072
S2_14944602 2 14948602 0.00043328778390072
S2_14948298 2 14952298 6.15844482372842e-06
S2_15009759 2 15013759 0.000544624361496342
S2_15016545 2 15020545 5.44309596266395e-06
S2_15017634 2 15021634 0.000273359214973381
S2_15033862 2 15037862 0.00034881961676237
S2_15033863 2 15037863 0.000378916635407405
S2_15244185 2 15248185 5.8967504271019e-06
S2_15274348 2 15278348 0.000643720029662891
S2_15328475 2 15332475 0.000260809907781938
S2_15389838 2 15393838 0.000913340171329646
S2_15390019 2 15394019 0.000859434133837618
S2_15533796 2 15537796 0.000444987702801028
S2_15783864 2 15787864 9.87203987087931e-06
S2_16057944 2 16061944 0.000760925228655223
S2_16057946 2 16061946 0.000760925228655223
S2_16256281 2 16260281 0.000823813252088392
S2_16449638 2 16453638 0.000329260152686957
S2_16471234 2 16475234 0.000479980706137418
S2_16537953 2 16541953 0.000364049499474837
S2_16879549 2 16883549 0.000299170101376387
S2_16904690 2 16908690 0.000857935870210821
S2_16909529 2 16913529 0.000761123104195973
S2_16947669 2 16951669 8.0228807815129e-05
S2_16988914 2 16992914 0.000592522791830346
S2_17017347 2 17021347 0.000418078306206811
S2_17122920 2 17126920 0.000489220620194335
S2_17151455 2 17155455 0.000802518681520298
S2_17161015 2 17165015 6.36102922146845e-05
S2_17267165 2 17271165 2.38878835426872e-05
S2_17551314 2 17555314 0.000403926252787248
S2_17653904 2 17657904 0.00049676610045944
S2_17657143 2 17661143 0.000762209717312473
S2_17665951 2 17669951 0.000206614476698624
S2_17697161 2 17701161 0.000619870598187141
S2_17697357 2 17701357 0.000412934135336815
S2_17760418 2 17764418 9.13384708264852e-06
S2_17810424 2 17814424 6.02629835096145e-05
S2_17813717 2 17817717 5.65182881253599e-06
S2_17814237 2 17818237 0.000369299517036749
S2_17814264 2 17818264 0.000369299517036703
S2_17814483 2 17818483 5.83243138995944e-05
S2_17848503 2 17852503 0.000108019034518599
S2_17976492 2 17980492 6.20020495659638e-05
S2_17985314 2 17989314 7.34082327512172e-05
S2_18002359 2 18006359 0.000242992231362806
S2_18007500 2 18011500 6.69613860747923e-05
S2_18678987 2 18682987 0.000705661840295768
S2_18679043 2 18683043 0.000255892874071196
S2_18839386 2 18843386 7.10232851896168e-05
S2_18922838 2 18926838 3.00720074676487e-06
S2_19050943 2 19054943 3.00509980233141e-06
S2_19050978 2 19054978 2.85454306384582e-06
S2_19056179 2 19060179 0.00033947359180406
S2_19342783 2 19346783 0.00016948192399939
S2_19418661 2 19422661 0.000980097975902678
S2_19418721 2 19422721 8.73042481460638e-05
S2_19418759 2 19422759 3.31313285652019e-05
S2_19504377 2 19508377 0.0002179170893563
S2_19504389 2 19508389 0.0002179170893563
S2_19508290 2 19512290 0.000364114027803877
S2_19530777 2 19534777 0.000831596955988432
S2_19530838 2 19534838 0.000326461279905454
S2_19544464 2 19548464 2.84028810699301e-06
S2_19561083 2 19565083 0.000190901129435578
S2_19561951 2 19565951 0.000198813778067196
S2_19642128 2 19646128 0.000615122441157935
S2_19645165 2 19649165 5.38086229079619e-05
S2_19651835 2 19655835 1.7066062547879e-05
S2_19670228 2 19674228 9.2000686557663e-05
S2_19670242 2 19674242 0.000173346604495127
S2_19670279 2 19674279 0.000173346604495127
S2_19727375 2 19731375 0.000181156517443067
S2_19759240 2 19763240 0.000796738030807099
S2_19760070 2 19764070 1.70125360242602e-05
S2_19764980 2 19768980 7.56637781039043e-05
S2_19764982 2 19768982 2.35442966238734e-05
S2_19812233 2 19816233 0.00051259829562001
S2_19849519 2 19853519 1.72162134734894e-05
S2_19856280 2 19860280 0.000249536197336177
S2_19874590 2 19878590 0.000611391478623217
S2_19875255 2 19879255 5.7220958871088e-05
S2_19939318 2 19943318 0.000636248849787375
S2_20038920 2 20042920 0.000836300853445286
S2_20049874 2 20053874 7.15559526989296e-05
S2_20061606 2 20065606 0.000687209946274924
S2_20088430 2 20092430 0.000738593696154745
S2_20093692 2 20097692 2.07538789871369e-05
S2_20093770 2 20097770 1.00959380548975e-07
S2_20094729 2 20098729 7.78672153496817e-06
S2_20102342 2 20106342 0.000182766207811113
S2_20118462 2 20122462 0.000165036362832636
S2_20118506 2 20122506 4.9181238756194e-06
S2_20118638 2 20122638 0.00016689381903197
S2_20136121 2 20140121 3.2908323286563e-05
S2_20136346 2 20140346 1.91416369101537e-05
S2_20144432 2 20148432 0.000668430140674137
S2_20146970 2 20150970 0.000143947466662286
S2_20155796 2 20159796 0.000424700214443528
S2_20190833 2 20194833 3.71465946464803e-06
S2_20207078 2 20211078 0.000447100025179807
S2_20215830 2 20219830 1.36377609060392e-07
S2_20215859 2 20219859 0.000498458639217298
S2_20233992 2 20237992 1.1554720831646e-05
S2_20252731 2 20256731 0.000545478841623113
S2_20254055 2 20258055 4.70854862732175e-05
S2_20254865 2 20258865 1.87262908015576e-05
S2_20255094 2 20259094 3.78806035674046e-05
S2_20280232 2 20284232 0.000857188217397293
S2_20286539 2 20290539 1.76272347520406e-06
S2_20292177 2 20296177 0.000576634457355854
S2_20292272 2 20296272 0.000915668977793708
S2_20328700 2 20332700 1.45059628030922e-05
S2_20328711 2 20332711 0.00018384560598777
S2_20333377 2 20337377 2.29084196028326e-06
S2_20375060 2 20379060 8.39945986444195e-06
S2_20427665 2 20431665 0.000423204371482625
S2_20580560 2 20584560 5.70710352436332e-05
S2_20580569 2 20584569 5.70710352436418e-05
S2_20580580 2 20584580 5.70710352436418e-05
S2_20580589 2 20584589 5.70710352436418e-05
S2_20580696 2 20584696 0.000619116109127111
S2_20580792 2 20584792 7.50543630858327e-05
S2_20584886 2 20588886 1.41011503846006e-05
S2_20584910 2 20588910 1.41011503846006e-05
S2_20589532 2 20593532 0.000121652592324191
S2_20589533 2 20593533 0.000121652592324191
S2_20591086 2 20595086 5.87941385464812e-05
S2_20612343 2 20616343 0.0009441674720385
S2_20662430 2 20666430 2.83161506893336e-05
S2_20878376 2 20882376 6.0830784228813e-06
S2_20881298 2 20885298 6.42521230504347e-05
S2_20881340 2 20885340 1.95068890737902e-06
S2_20881384 2 20885384 8.68083195272095e-07
S2_20881714 2 20885714 1.20267170480186e-05
S2_20881751 2 20885751 1.65070013246923e-05
S2_20927387 2 20931387 6.82608949730464e-07
S2_20943494 2 20947494 5.1344756192468e-05
S2_20943496 2 20947496 0.000853877788630703
S2_20956322 2 20960322 1.74680096575141e-07
S2_20982433 2 20986433 2.32973865983368e-05
S2_20985050 2 20989050 0.000105178540749859
S2_20988867 2 20992867 0.000844364106743949
S2_20989101 2 20993101 1.5521387638684e-08
S2_20990799 2 20994799 0.00022732870469608
S2_21005761 2 21009761 0.00071467025253919
S2_21031340 2 21035340 0.000329720427888841
S2_21037697 2 21041697 1.96178489903717e-07
S2_21048543 2 21052543 0.000659779898509103
S2_21048548 2 21052548 8.28608903738058e-05
S2_21072388 2 21076388 4.35667203768458e-05
S2_21072389 2 21076389 4.35667203768458e-05
S2_21072390 2 21076390 4.35667203768458e-05
S2_21072924 2 21076924 3.31677877615266e-08
S2_21111510 2 21115510 2.13002917642931e-06
S2_21111530 2 21115530 6.99804273294637e-05
S2_21126279 2 21130279 1.50585795438738e-06
S2_21128075 2 21132075 1.67967450374637e-05
S2_21128087 2 21132087 1.02874685088038e-07
S2_21128184 2 21132184 1.58657300804015e-05
S2_21128261 2 21132261 0.00052335497112823
S2_21128338 2 21132338 7.46906931928633e-07
S2_21134431 2 21138431 1.22208213014201e-09
S2_21138253 2 21142253 0.000257791712313556
S2_21173914 2 21177914 4.4775535452255e-08
S2_21232498 2 21236498 4.15257385692759e-05
S2_21232523 2 21236523 4.15257385692759e-05
S2_21236555 2 21240555 4.54101899047496e-05
S2_21236558 2 21240558 1.03890018904267e-05
S2_21236774 2 21240774 4.29262460742205e-06
S2_21236915 2 21240915 1.68509029785822e-06
S2_21236930 2 21240930 1.68509029785822e-06
S2_21282770 2 21286770 6.61327942293198e-07
S2_21351301 2 21355301 0.000302207527795326
S2_21351334 2 21355334 0.000746367155746449
S2_21359860 2 21363860 3.92009758324388e-08
S2_21371355 2 21375355 9.38982269874829e-07
S2_21408007 2 21412007 4.3071129649057e-06
S2_21409001 2 21413001 1.04868258099573e-05
S2_21409017 2 21413017 0.000570122777602359
S2_21415832 2 21419832 5.4977214596484e-05
S2_21439395 2 21443395 6.04991852050182e-06
S2_21442730 2 21446730 3.47915628652679e-06
S2_21442751 2 21446751 3.47915628652702e-06
S2_21454028 2 21458028 9.49069491344161e-06
S2_21490877 2 21494877 2.56478202662211e-06
S2_21492418 2 21496418 0.000332229795544796
S2_21492745 2 21496745 9.66894431160258e-06
S2_21498796 2 21502796 2.9424202926514e-06
S2_21532140 2 21536140 8.47898839378241e-09
S2_21532206 2 21536206 1.09692515579122e-06
S2_21533241 2 21537241 2.77134166008552e-05
S2_21533515 2 21537515 1.52209691249749e-05
S2_21533613 2 21537613 6.17590957988393e-07
S2_21548450 2 21552450 1.31949203018747e-07
S2_21548459 2 21552459 2.41389117472523e-07
S2_21563462 2 21567462 0.000149933662950835
S2_21563465 2 21567465 4.90553215040685e-07
S2_21563468 2 21567468 4.90553215040685e-07
S2_21567927 2 21571927 1.21710744206105e-05
S2_21567934 2 21571934 0.000552779331615234
S2_21626245 2 21630245 0.000203472832073784
S2_21626247 2 21630247 0.000203472832073784
S2_21626249 2 21630249 0.000203472832073784
S2_21626260 2 21630260 0.000203472832073784
S2_21640561 2 21644561 9.18007718641681e-08
S2_21640597 2 21644597 1.59996884854321e-06
S2_21640698 2 21644698 0.000276050232560198
S2_21640712 2 21644712 2.92520551498709e-05
S2_21642044 2 21646044 0.000400308066384774
S2_21642050 2 21646050 8.70926246855724e-05
S2_21672310 2 21676310 3.97425581675023e-07
S2_21724695 2 21728695 1.84597125405417e-06
S2_21732653 2 21736653 1.79331226543111e-05
S2_21736843 2 21740843 5.24007376242692e-08
S2_21739221 2 21743221 3.86661314759994e-05
S2_21739222 2 21743222 4.86129110503578e-07
S2_21744653 2 21748653 1.56194515166214e-07
S2_21769600 2 21773600 5.68867965847998e-07
S2_21769693 2 21773693 4.36036964233785e-07
S2_21790065 2 21794065 1.49866603911299e-06
S2_21790204 2 21794204 0.000712268405034994
S2_21791677 2 21795677 1.34362981805267e-07
S2_21833386 2 21837386 0.000104105957515571
S2_21858536 2 21862536 0.000764179544596689
S2_21891223 2 21895223 4.50562650534605e-07
S2_21891459 2 21895459 1.25079625992091e-05
S2_21931774 2 21935774 6.38459523116483e-06
S2_22148113 2 22152113 7.76962642857968e-06
S2_22212345 2 22216345 2.62303499225609e-06
S2_22222095 2 22226095 5.25567081962321e-05
S2_22299899 2 22303899 6.10500168657567e-05
S2_22311744 2 22315744 2.1095152387055e-06
S2_22338373 2 22342373 2.14417147496552e-06
S2_22343743 2 22347743 3.22721305417948e-07
S2_22344247 2 22348247 1.53332328586986e-06
S2_22344278 2 22348278 0.000698287076041778
S2_22345621 2 22349621 3.10505685671633e-07
S2_22345662 2 22349662 0.0003762725314847
S2_22345906 2 22349906 6.26638757317432e-05
S2_22345969 2 22349969 2.82101132409821e-06
S2_22346018 2 22350018 9.05642616464574e-08
S2_22347088 2 22351088 7.822023305292e-05
S2_22360615 2 22364615 2.84093376054479e-06
S2_22457742 2 22461742 0.000202641839427659
S2_22457744 2 22461744 0.000202641839427659
S2_22459340 2 22463340 5.80168329329279e-06
S2_22471497 2 22475497 0.000688212198809477
S2_22493695 2 22497695 0.000271781232505343
S2_22493697 2 22497697 0.00027178123250538
S2_22502728 2 22506728 0.000596167905647511
S2_22627286 2 22631286 0.000627800339645892
S2_22634288 2 22638288 0.000396236290780144
S2_22634289 2 22638289 0.000402060981405302
S2_22634976 2 22638976 0.000523691803302687
S2_22635713 2 22639713 0.000234607822959522
S2_22650468 2 22654468 0.000575590396534073
S2_22827697 2 22831697 4.01969755163297e-05
S2_22827840 2 22831840 0.000160251676290848
S2_22889378 2 22893378 0.000123648015203354
S2_22889437 2 22893437 0.000106852772030592
S2_22969791 2 22973791 6.45941186995698e-06
S2_23126833 2 23130833 0.000733455565801487
S2_23150453 2 23154453 0.000349706511241377
S2_23323357 2 23327357 0.00018584701856478
S2_23397505 2 23401505 0.00038073158779402
S2_25746408 2 25750408 0.000902526429250351
S2_26208705 2 26212705 0.000397397265532255
S2_28424603 2 28428603 0.000536331257452789
S2_28567488 2 28571488 0.000924165137876491
S2_31253781 2 31257781 0.000370312360977104
S2_38499973 2 38503973 0.000279093867854062
S2_38840045 2 38844045 0.0006746269448468
S2_43261726 2 43265726 0.000707985042483935
S2_43953746 2 43957746 0.00021191520882894
S2_44292265 2 44296265 1.39543822016824e-05
S2_46272709 2 46276709 0.000386139574949844
S2_46774788 2 46778788 0.000793931486107797
S2_47300930 2 47304930 0.000562630012819999
S2_47428191 2 47432191 0.000675224560823667
S2_47636430 2 47640430 2.73265768603581e-05
S2_48705462 2 48709462 0.000384225270010943
S2_49699863 2 49703863 0.000627618304441991
S2_49748164 2 49752164 0.00032632121639017
S2_49748237 2 49752237 0.000393293951770937
S2_49762382 2 49766382 0.000109576525505314
S2_49795067 2 49799067 0.000198987528252463
S2_49871922 2 49875922 0.000620979550661008
S2_49890891 2 49894891 0.000425760126333964
S2_49891118 2 49895118 0.000877659005805335
S2_50565113 2 50569113 0.000286238299239454
S2_50660786 2 50664786 0.000799363704136563
S2_50790793 2 50794793 6.12442781209098e-05
S2_50798227 2 50802227 1.20387527803552e-05
S2_50798503 2 50802503 0.000412759166691918
S2_50800140 2 50804140 9.09843846089275e-05
S2_50828572 2 50832572 0.000422833309672243
S2_50831663 2 50835663 5.61220179932918e-05
S2_50904906 2 50908906 0.000803842931922879
S2_50989103 2 50993103 1.01867839584758e-05
S2_50996857 2 51000857 0.000188428478757782
S2_51005157 2 51009157 2.86931432343029e-05
S2_51088757 2 51092757 0.000991314269934325
S2_51088843 2 51092843 0.000204270415596722
S2_51112579 2 51116579 0.000345496353409234
S2_51112808 2 51116808 0.000269445919172829
S2_51116398 2 51120398 0.000535128815484073
S2_51127679 2 51131679 0.000180108009220982
S2_51183371 2 51187371 0.000802125507813177
S2_51210803 2 51214803 0.00018000667825879
S2_51239805 2 51243805 0.000508866065019372
S2_51240557 2 51244557 0.000733793810591244
S2_51246026 2 51250026 0.000310392493201233
S2_51342179 2 51346179 7.35723630797829e-05
S2_51638438 2 51642438 0.00063161980642118
S2_51714033 2 51718033 1.85968388415191e-05
S2_51754777 2 51758777 0.000294960513687308
S2_51769673 2 51773673 7.4049606846677e-05
S2_51769720 2 51773720 9.64253690612765e-05
S2_51769746 2 51773746 5.20207426697278e-05
S2_51769776 2 51773776 6.05405963543536e-05
S2_51769801 2 51773801 3.10035891595449e-06
S2_51769819 2 51773819 6.91801737407034e-07
S2_51769835 2 51773835 1.98010453964891e-06
S2_51769953 2 51773953 3.34694187570694e-09
S2_51769969 2 51773969 1.45612806498205e-09
S2_51770110 2 51774110 1.75878619770904e-08
S2_51770201 2 51774201 2.87448567317856e-07
S2_51770406 2 51774406 2.06542966861296e-05
S2_51974293 2 51978293 1.34570028937095e-05
S2_51974311 2 51978311 1.34570028937095e-05
S2_51974330 2 51978330 1.34570028937095e-05
S2_51974356 2 51978356 6.46898187371015e-07
S2_51974383 2 51978383 6.46898187371015e-07
S2_51974386 2 51978386 0.000770980369461826
S2_51995711 2 51999711 9.52897226910784e-06
S2_51995724 2 51999724 9.52897226910627e-06
S2_51995732 2 51999732 9.52897226910627e-06
S2_51995741 2 51999741 9.52897226910784e-06
S2_51995764 2 51999764 2.23839315402228e-05
S2_51995773 2 51999773 2.23839315402228e-05
S2_51995793 2 51999793 2.23839315402228e-05
S2_51995803 2 51999803 2.23839315402228e-05
S2_52032359 2 52036359 0.000250635623458053
S2_52032796 2 52036796 4.86194274379706e-06
S2_52032797 2 52036797 4.86194274379706e-06
S2_52032798 2 52036798 6.33315513291308e-06
S2_52034023 2 52038023 0.000174307917017915
S2_52428545 2 52432545 0.000849631969835966
S2_52647707 2 52651707 0.000394609522693411
S2_52682573 2 52686573 0.000884922832462383
S2_53492211 2 53496211 0.000169207331540241
S2_53666638 2 53670638 0.000159938457264293
S2_53696032 2 53700032 0.000328163854266279
S2_53913105 2 53917105 0.00044888393494546
S2_54135059 2 54139059 0.000315442113812168
S2_54407257 2 54411257 0.00013601594127359
S2_54412782 2 54416782 5.24599508631291e-05
S2_54575799 2 54579799 0.000188336993686851
S2_54579465 2 54583465 0.000486847420535268
S2_54579691 2 54583691 0.000680130945873352
S2_54593968 2 54597968 0.000176846284943494
S2_54593969 2 54597969 8.00577438201361e-05
S2_54601054 2 54605054 7.12390650682299e-05
S2_54601221 2 54605221 0.000404370716391757
S2_54657032 2 54661032 0.000346826787227222
S2_54657184 2 54661184 0.000955573227442859
S2_54657185 2 54661185 0.000955573227442859
S2_54657188 2 54661188 0.000955573227442753
S2_54657189 2 54661189 0.000955573227442753
S2_54772364 2 54776364 0.000180342705152805
S2_54772514 2 54776514 0.000149211725174608
S2_54781312 2 54785312 0.000516800479564299
S2_54937952 2 54941952 0.00018456178306442
S2_54938367 2 54942367 0.000939095845470565
S2_54938636 2 54942636 5.60467204329014e-06
S2_54940162 2 54944162 0.000253089004387466
S2_54941743 2 54945743 2.56348970751821e-05
S2_54941749 2 54945749 1.64020578737263e-05
S2_55005625 2 55009625 0.00010751511273227
S2_55005634 2 55009634 0.000329679594540267
S2_55006320 2 55010320 2.40361012927246e-06
S2_55006402 2 55010402 9.14347591770008e-05
S2_55006467 2 55010467 6.31157145308714e-05
S2_55006501 2 55010501 0.000161058902885751
S2_55006887 2 55010887 7.82474762782172e-06
S2_55043499 2 55047499 0.00014353415162587
S2_55043506 2 55047506 8.84836990289915e-05
S2_55043538 2 55047538 2.53534614972441e-05
S2_55043542 2 55047542 2.18226869925283e-05
S2_55043681 2 55047681 9.75525486858108e-05
S2_55043750 2 55047750 0.000277342796306237
S2_55072492 2 55076492 0.000228769075574702
S2_55072495 2 55076495 0.000158667763037817
S2_55072497 2 55076497 0.000402764540982427
S2_55072498 2 55076498 0.000228769075574702
S2_55072500 2 55076500 0.000228769075574702
S2_55078174 2 55082174 0.000107841462895772
S2_55078443 2 55082443 0.000678099247310671
S2_55086682 2 55090682 1.81942326810208e-06
S2_55171667 2 55175667 0.00068450598353755
S2_55213988 2 55217988 0.000440272298873962
S2_55214192 2 55218192 0.000181338433863198
S2_55214194 2 55218194 0.000181338433863198
S2_55214195 2 55218195 0.000181338433863198
S2_55214196 2 55218196 0.000181338433863198
S2_55235941 2 55239941 3.0772618260615e-06
S2_55235983 2 55239983 5.08037892796865e-06
S2_55236623 2 55240623 0.000890514277491206
S2_55236787 2 55240787 0.000438900620917974
S2_55391286 2 55395286 1.68235255521759e-05
S2_55517110 2 55521110 0.000155988486708254
S2_55517111 2 55521111 0.000240752028837225
S2_55518006 2 55522006 8.398307703882e-06
S2_55574129 2 55578129 9.23450922576279e-05
S2_55668639 2 55672639 0.000233122927799073
S2_55735375 2 55739375 1.11243179029298e-06
S2_55738531 2 55742531 0.000125537590011115
S2_55747293 2 55751293 7.12922340845624e-05
S2_55747294 2 55751294 8.47963600443181e-05
S2_55747297 2 55751297 7.12922340845624e-05
S2_55747300 2 55751300 7.12922340845624e-05
S2_55747554 2 55751554 2.15303976516967e-09
S2_55754880 2 55758880 0.000531212380376675
S2_55795798 2 55799798 0.00075585894223331
S2_55795830 2 55799830 0.000755858942233406
S2_55809341 2 55813341 2.37326193419661e-10
S2_55809366 2 55813366 2.37326193419608e-10
S2_55810924 2 55814924 0.000137998488326927
S2_55836483 2 55840483 6.11963207595495e-05
S2_55841636 2 55845636 0.00058920344797039
S2_55958468 2 55962468 6.82627285217344e-07
S2_55959917 2 55963917 2.20823661987176e-08
S2_55963607 2 55967607 0.000340977966864809
S2_56005737 2 56009737 0.000924396273685591
S2_56047964 2 56051964 0.000218615831206265
S2_56140214 2 56144214 0.000460612626758289
S2_56152591 2 56156591 0.000917541060723037
S2_56169105 2 56173105 6.76053379379692e-05
S2_56169119 2 56173119 6.76053379379692e-05
S2_56173629 2 56177629 0.000373848334727515
S2_56173710 2 56177710 0.000309764683679004
S2_56175168 2 56179168 0.000600500594493252
S2_56210766 2 56214766 0.000345171443294446
S2_56210790 2 56214790 0.00034191167683422
S2_56246293 2 56250293 0.00040243346465846
S2_56246298 2 56250298 0.000904834953714164
S2_56246370 2 56250370 0.000321247767173712
S2_56246494 2 56250494 0.000221450584151577
S2_56255051 2 56259051 6.47775776601205e-05
S2_56302383 2 56306383 5.72536506930468e-06
S2_56302400 2 56306400 5.72536506930468e-06
S2_56302404 2 56306404 5.72536506930468e-06
S2_56302461 2 56306461 1.92592912918251e-07
S2_56302482 2 56306482 1.74363387494212e-07
S2_56308262 2 56312262 0.00038767000405525
S2_56356356 2 56360356 7.31905032870531e-05
S2_56356397 2 56360397 8.61329458644997e-05
S2_56364529 2 56368529 0.000888793610049803
S2_56369559 2 56373559 6.6772026069163e-11
S2_56369569 2 56373569 6.6772026069163e-11
S2_56369583 2 56373583 6.59241999122743e-11
S2_56369811 2 56373811 0.000380857858011256
S2_56391365 2 56395365 0.000175958732844656
S2_56435388 2 56439388 0.000494580214144788
S2_56485257 2 56489257 0.000626087127393656
S2_56496093 2 56500093 0.000990469676427741
S2_56505417 2 56509417 0.000655888581645728
S2_56517988 2 56521988 0.000921979437109593
S2_56541850 2 56545850 1.40953412963216e-06
S2_56563715 2 56567715 6.34040596653987e-05
S2_56564290 2 56568290 7.70472076671186e-06
S2_56564292 2 56568292 1.95692275361927e-06
S2_56566217 2 56570217 0.000878236310697291
S2_56599023 2 56603023 0.000245968612101998
S2_56599026 2 56603026 0.000245968612101998
S2_56671259 2 56675259 0.000816547060983375
S2_56671282 2 56675282 0.000816547060983417
S2_56685640 2 56689640 0.00062233060977393
S2_56695906 2 56699906 0.000610668216970334
S2_56789916 2 56793916 6.7534216371676e-08
S2_56829711 2 56833711 5.80888945282836e-07
S2_56847741 2 56851741 0.000283298406619551
S2_56850859 2 56854859 3.04866843577989e-05
S2_56882792 2 56886792 0.000421459895489555
S2_56882796 2 56886796 0.000199182455547545
S2_56908507 2 56912507 5.92601064654927e-07
S2_56909979 2 56913979 0.000824207131807637
S2_56917446 2 56921446 0.000102770196706762
S2_56917482 2 56921482 9.06814311866413e-05
S2_56917483 2 56921483 0.000102770196706762
S2_56918230 2 56922230 0.000367166663597909
S2_56918233 2 56922233 0.000243314324444092
S2_56918236 2 56922236 0.000294971447265624
S2_56925529 2 56929529 0.000136360713268792
S2_56926432 2 56930432 0.000495371663098283
S2_56926493 2 56930493 0.000114117058763713
S2_56926494 2 56930494 0.000117911298470604
S2_56926569 2 56930569 0.000784904514526484
S2_56926570 2 56930570 0.000516712662605248
S2_56926612 2 56930612 0.000249766687965911
S2_56926800 2 56930800 0.000589595354808747
S2_56957885 2 56961885 1.95384354392288e-05
S2_56963277 2 56967277 1.32821438372603e-06
S2_56964506 2 56968506 1.21152918311195e-05
S2_56966489 2 56970489 0.000363796500804544
S2_56978960 2 56982960 0.000102174817638555
S2_57030968 2 57034968 2.1072078252375e-05
S2_57032863 2 57036863 7.4452306782502e-06
S2_57084969 2 57088969 0.000524163405193255
S2_57142833 2 57146833 0.000610057262175411
S2_57159347 2 57163347 2.70522878335932e-07
S2_57159349 2 57163349 9.73714167876633e-09
S2_57159350 2 57163350 5.3417991438908e-08
S2_57159351 2 57163351 9.73714167876633e-09
S2_57159352 2 57163352 9.73714167876633e-09
S2_57159353 2 57163353 3.81629090591201e-09
S2_57159354 2 57163354 5.60469036958687e-09
S2_57159355 2 57163355 0.000229632691554596
S2_57159356 2 57163356 0.000229632691554609
S2_57159357 2 57163357 0.000229632691554596
S2_57159358 2 57163358 0.000229632691554609
S2_57159360 2 57163360 0.000229632691554596
S2_57223898 2 57227898 5.72257119055656e-05
S2_57260204 2 57264204 0.000460024689358286
S2_57260257 2 57264257 0.000575218756051496
S2_57260260 2 57264260 0.000575218756051496
S2_57265206 2 57269206 2.65074210017677e-05
S2_57448195 2 57452195 0.000840864474947005
S2_57448219 2 57452219 0.000840864474947005
S2_57517526 2 57521526 0.00049201688934332
S2_57556756 2 57560756 0.000102096339604136
S2_57566020 2 57570020 3.4894242526084e-05
S2_57566029 2 57570029 5.25589628019907e-05
S2_57610561 2 57614561 0.00010935900353522
S2_57644830 2 57648830 0.000492429659083504
S2_57645073 2 57649073 0.000565967976227388
S2_57678951 2 57682951 0.000957539523151178
S2_57679247 2 57683247 0.000446536577301418
S2_57679565 2 57683565 1.14714241054311e-05
S2_57703534 2 57707534 0.000340017675807806
S2_57703570 2 57707570 0.000746810420106371
S2_57721902 2 57725902 4.38457149853948e-05
S2_57721916 2 57725916 1.4037968166849e-05
S2_57721957 2 57725957 4.01125268963491e-05
S2_57726523 2 57730523 2.8974480636018e-05
S2_57726615 2 57730615 8.0556629749949e-06
S2_57727065 2 57731065 0.00010464886756781
S2_57727066 2 57731066 0.00010464886756781
S2_57727196 2 57731196 9.60797734009499e-08
S2_57727421 2 57731421 1.61170390505859e-05
S2_57728715 2 57732715 4.23329828451825e-07
S2_57728916 2 57732916 9.20930209989969e-07
S2_57728934 2 57732934 1.18756888712087e-06
S2_57729868 2 57733868 1.7346055789077e-05
S2_57732524 2 57736524 0.000182642696246779
S2_57732869 2 57736869 0.000445333826475455
S2_57764975 2 57768975 0.000219525815497899
S2_57773460 2 57777460 5.51661465880113e-05
S2_57780837 2 57784837 0.000241738436809803
S2_57798825 2 57802825 6.20787661625488e-05
S2_57798832 2 57802832 0.000277966795257503
S2_57846842 2 57850842 0.000144654465720385
S2_57846910 2 57850910 0.000179003255503782
S2_57846980 2 57850980 0.000213387550171509
S2_57847112 2 57851112 0.000105067953376844
S2_57848371 2 57852371 8.48965777911094e-07
S2_57862738 2 57866738 8.62186715715994e-06
S2_57863101 2 57867101 2.53563596025953e-05
S2_57910775 2 57914775 0.000173567606472861
S2_57933774 2 57937774 5.53980901288922e-06
S2_57933808 2 57937808 7.03702442011658e-06
S2_57933900 2 57937900 2.79111007043315e-05
S2_57933927 2 57937927 9.06469445544497e-05
S2_57941730 2 57945730 2.83749062171773e-05
S2_57958088 2 57962088 5.06667551512033e-05
S2_57986863 2 57990863 0.000824442110238253
S2_57987073 2 57991073 0.000754546485374745
S2_57987216 2 57991216 1.083584207638e-05
S2_58006060 2 58010060 6.26306246965352e-05
S2_58006091 2 58010091 8.26553697683758e-05
S2_58006638 2 58010638 0.000363888108376156
S2_58010190 2 58014190 7.53500403664917e-05
S2_58010428 2 58014428 0.000232255692995797
S2_58010475 2 58014475 3.01523762050457e-05
S2_58015135 2 58019135 1.14208734717062e-06
S2_58021435 2 58025435 9.19573686745044e-07
S2_58072875 2 58076875 7.85410026866601e-05
S2_58111087 2 58115087 0.000667094436500143
S2_58111126 2 58115126 0.000667094436500143
S2_58173971 2 58177971 9.20628509468604e-05
S2_58200429 2 58204429 0.000816141084743294
S2_58219654 2 58223654 0.000266953546361632
S2_58289938 2 58293938 4.49401241194334e-05
S2_58301686 2 58305686 0.000227076932785556
S2_58407855 2 58411855 0.000303529138042167
S2_58430567 2 58434567 0.000390412307697464
S2_58556453 2 58560453 2.52213616975528e-06
S2_58573293 2 58577293 0.000849443793713436
S2_58573796 2 58577796 3.80828519894779e-06
S2_58590581 2 58594581 0.000826732913729425
S2_58590619 2 58594619 0.000169862996674703
S2_58597275 2 58601275 3.90884931409271e-05
S2_58597295 2 58601295 6.41709816608318e-05
S2_58598943 2 58602943 7.71765330948315e-05
S2_58598961 2 58602961 2.89877335376099e-05
S2_58598966 2 58602966 7.71765330948315e-05
S2_58598968 2 58602968 7.71765330948315e-05
S2_58602879 2 58606879 0.000210977201170899
S2_58603836 2 58607836 2.39022868629847e-05
S2_58639879 2 58643879 9.47479262911859e-06
S2_58688026 2 58692026 0.000585816134238525
S2_58688054 2 58692054 0.000585816134238525
S2_58688592 2 58692592 4.46210677670458e-05
S2_58692215 2 58696215 0.000806240776083573
S2_58746686 2 58750686 0.000994236222093238
S2_58755389 2 58759389 0.000485958806927028
S2_58756100 2 58760100 0.000921885441462971
S2_58757558 2 58761558 0.000891589521717574
S2_58844492 2 58848492 4.58665522307077e-07
S2_58846287 2 58850287 1.85065531276877e-06
S2_58847443 2 58851443 0.00093811359370032
S2_58867293 2 58871293 0.000627656380223244
S2_58904279 2 58908279 3.90801850962659e-05
S2_58910541 2 58914541 0.000279374374581826
S2_58955212 2 58959212 5.64562020032841e-05
S2_58963955 2 58967955 0.000382854401664246
S2_58997925 2 59001925 0.000444663344637051
S2_58998449 2 59002449 0.000403443081794272
S2_59067024 2 59071024 0.00050419401616858
S2_59134841 2 59138841 0.000408964014455031
S2_59142054 2 59146054 0.000894366390134534
S2_59158546 2 59162546 0.000232116173692289
S2_59226844 2 59230844 0.000130528474096217
S2_59252135 2 59256135 0.000106548810157187
S2_59265902 2 59269902 0.000138471336761921
S2_59343207 2 59347207 0.000254248050497941
S2_59375946 2 59379946 0.000390818961581011
S2_59388131 2 59392131 0.000252557584934763
S2_59620192 2 59624192 0.000888565799481244
S2_59713685 2 59717685 0.000787408564330688
S2_59726887 2 59730887 0.000660585301128878
S2_59915080 2 59919080 0.000421685716773014
S2_59921713 2 59925713 0.00071487236864677
S2_59947996 2 59951996 0.000140620799853139
S2_60230364 2 60234364 0.000193704015173199
S2_60250555 2 60254555 0.000752199127068546
S2_60296711 2 60300711 9.87300049888409e-05
S2_60296713 2 60300713 9.47885430195939e-05
S2_60355004 2 60359004 0.000187877508300444
S2_60355283 2 60359283 0.000346087882319088
S2_60429854 2 60433854 0.000542304027736883
S2_60433620 2 60437620 0.000647280284177968
S2_60433625 2 60437625 0.000594904897157324
S2_60434786 2 60438786 0.000960515562123717
S2_60452470 2 60456470 0.000967529751099785
S2_60452505 2 60456505 0.000967529751099785
S2_60452559 2 60456559 4.78607823017554e-08
S2_60457893 2 60461893 4.52515339414838e-05
S2_60457921 2 60461921 4.52515339414749e-05
S2_60464996 2 60468996 6.76295419458968e-05
S2_60511627 2 60515627 0.000988058011154099
S2_60530885 2 60534885 8.59801579128749e-05
S2_60551525 2 60555525 4.80686283995444e-05
S2_60574113 2 60578113 0.000295768630552846
S2_60582039 2 60586039 4.39522743105984e-05
S2_60595704 2 60599704 0.00050518986940361
S2_60645524 2 60649524 0.000117202007795832
S2_60695431 2 60699431 0.000590563139346981
S2_60705418 2 60709418 0.000766087762557794
S2_60711156 2 60715156 0.000930423919277526
S2_60713129 2 60717129 3.60851875266523e-05
S2_60721132 2 60725132 1.13429586645535e-09
S2_60759109 2 60763109 2.84762652779023e-06
S2_60849712 2 60853712 0.000188729942665911
S2_60856963 2 60860963 3.15207686476318e-07
S2_60857686 2 60861686 7.44224192067382e-05
S2_60986817 2 60990817 8.05732380490028e-05
S2_60986820 2 60990820 8.05732380489931e-05
S2_60998228 2 61002228 4.99820030774601e-06
S2_61002192 2 61006192 3.70281257810798e-06
S2_61018697 2 61022697 1.04918855042954e-05
S2_61018726 2 61022726 0.000486128285843904
S2_61037851 2 61041851 0.000653092930538822
S2_61044256 2 61048256 1.25590098290588e-05
S2_61044294 2 61048294 1.24527508364513e-05
S2_61059175 2 61063175 7.27192479769924e-05
S2_61066150 2 61070150 0.000947544284501568
S2_61097455 2 61101455 0.000124780443289368
S2_61104358 2 61108358 0.000109435097909499
S2_61117543 2 61121543 0.000379810769551238
S2_61118343 2 61122343 5.53385364894693e-05
S2_61123200 2 61127200 7.06972952694588e-08
S2_61123230 2 61127230 7.06972952694588e-08
S2_61126444 2 61130444 1.20202085686376e-06
S2_61130275 2 61134275 4.6329089336461e-07
S2_61138327 2 61142327 1.81391983643427e-07
S2_61138330 2 61142330 1.8606967343322e-07
S2_61138336 2 61142336 1.8606967343322e-07
S2_61138582 2 61142582 4.11036669864992e-07
S2_61138882 2 61142882 7.7660873891714e-06
S2_61138921 2 61142921 8.30128573603635e-06
S2_61139162 2 61143162 1.61626693607569e-06
S2_61139164 2 61143164 0.00015809188714457
S2_61140049 2 61144049 1.2934746962572e-05
S2_61148103 2 61152103 1.35503497371894e-06
S2_61148104 2 61152104 1.5236491866649e-05
S2_61148109 2 61152109 1.5236491866649e-05
S2_61148117 2 61152117 3.68828869207243e-05
S2_61153526 2 61157526 2.04395609931724e-10
S2_61153599 2 61157599 3.68264509873878e-10
S2_61160558 2 61164558 0.000431805133988023
S2_61160855 2 61164855 0.000452321771510483
S2_61160862 2 61164862 0.00012108596573809
S2_61160866 2 61164866 0.000452321771510483
S2_61161330 2 61165330 3.70713541272809e-08
S2_61161332 2 61165332 3.70713541272809e-08
S2_61165830 2 61169830 3.3460415456477e-06
S2_61165845 2 61169845 3.3460415456477e-06
S2_61165864 2 61169864 1.98730856001268e-06
S2_61166689 2 61170689 2.20714088626952e-08
S2_61223956 2 61227956 0.000456269945154771
S2_61258762 2 61262762 6.81096827604855e-05
S2_61274328 2 61278328 0.000354493471065476
S2_61304850 2 61308850 0.000461935958155835
S2_61318818 2 61322818 0.000856631636954353
S2_61331815 2 61335815 5.17585514987534e-10
S2_61338375 2 61342375 0.000755509663865533
S2_61354263 2 61358263 3.85084399552907e-07
S2_61369482 2 61373482 2.82276833414747e-10
S2_61408130 2 61412130 5.37247447276527e-05
S2_61413245 2 61417245 0.000148875117405506
S2_61428497 2 61432497 1.93294993741612e-07
S2_61448133 2 61452133 1.14720415168121e-06
S2_61448165 2 61452165 3.39885626221437e-06
S2_61462503 2 61466503 6.18112901689879e-05
S2_61468795 2 61472795 0.000298505943303613
S2_61536363 2 61540363 1.49827518766283e-09
S2_61536367 2 61540367 0.000258334222357361
S2_61539608 2 61543608 4.75595109151513e-10
S2_61543194 2 61547194 0.000396244530771619
S2_61543195 2 61547195 0.000396244530771678
S2_61543197 2 61547197 0.000396244530771619
S2_61543248 2 61547248 1.17564545635109e-09
S2_61572370 2 61576370 2.0725263395913e-07
S2_61572435 2 61576435 1.98514151422858e-07
S2_61574032 2 61578032 3.0034214446455e-09
S2_61575492 2 61579492 2.78906150900089e-09
S2_61582954 2 61586954 8.28908767939833e-08
S2_61582965 2 61586965 8.42513464902854e-08
S2_61616376 2 61620376 3.67746093547651e-06
S2_61620367 2 61624367 0.000449910025638942
S2_61667624 2 61671624 0.000288373618215505
S2_61753964 2 61757964 0.000235409887589194
S2_61757320 2 61761320 0.000478516300762729
S2_61759686 2 61763686 1.05213797059643e-06
S2_61762786 2 61766786 6.5532258608049e-08
S2_61764210 2 61768210 3.74259258474281e-06
S2_61764212 2 61768212 1.59179111083238e-05
S2_61765512 2 61769512 4.01505929211808e-08
S2_61778260 2 61782260 0.000140753698412598
S2_61778321 2 61782321 0.000504400451918458
S2_61828141 2 61832141 2.59883236813e-09
S2_61939538 2 61943538 4.60216184038862e-05
S2_61939758 2 61943758 0.000142413468109438
S2_61939759 2 61943759 5.17266451956138e-05
S2_61939761 2 61943761 5.53228692113002e-05
S2_61939762 2 61943762 5.28720856599543e-05
S2_61939763 2 61943763 3.66776460687411e-05
S2_61947273 2 61951273 0.000220422620725946
S2_61948857 2 61952857 0.00037104209040067
S2_61948918 2 61952918 4.13975147035105e-06
S2_62026456 2 62030456 0.000763857336345497
S2_62063896 2 62067896 1.84129789279147e-05
S2_62107230 2 62111230 7.74726842294159e-05
S2_62107372 2 62111372 0.000751482744560079
S2_62285051 2 62289051 0.000507741615114872
S2_62343490 2 62347490 0.000990854160136764
S2_62343496 2 62347496 0.000990854160136764
S2_62433782 2 62437782 5.22425328486277e-06
S2_62481525 2 62485525 0.000915124536349892
S2_62507896 2 62511896 2.57879280338888e-05
S2_62532312 2 62536312 0.000567385333431757
S2_62534477 2 62538477 0.000335198388557158
S2_62585172 2 62589172 4.68300481737846e-05
S2_62699731 2 62703731 0.000224266906047064
S2_62704772 2 62708772 0.000598535180661445
S2_62705519 2 62709519 0.00039067385938377
S2_62732418 2 62736418 0.000179261041770947
S2_62737298 2 62741298 0.000139587201434821
S2_62748354 2 62752354 4.26155037929706e-05
S2_62776507 2 62780507 0.000851558382562221
S2_62798066 2 62802066 0.000249470427549037
S2_62798097 2 62802097 0.000249470427548712
S2_62939178 2 62943178 0.000717140867049349
S2_62975354 2 62979354 5.96792061528064e-08
S2_62981466 2 62985466 0.000681379547115753
S2_62981846 2 62985846 6.44964552024626e-05
S2_63022088 2 63026088 1.64221982039288e-07
S2_63053877 2 63057877 0.000198105499850646
S2_63053885 2 63057885 0.000198105499850646
S2_63053917 2 63057917 0.000138322155755704
S2_63053957 2 63057957 4.86483380802987e-05
S2_63083054 2 63087054 0.000816816983490599
S2_63083636 2 63087636 1.27709975679406e-07
S2_63084956 2 63088956 7.42804226913513e-06
S2_63085235 2 63089235 0.000544451444247667
S2_63164399 2 63168399 6.14480587904803e-05
S2_63180030 2 63184030 0.000960097192554749
S2_63205719 2 63209719 0.000456545228694151
S2_63242771 2 63246771 1.61752673311532e-05
S2_63242772 2 63246772 1.61752673311532e-05
S2_63287395 2 63291395 0.000215570384978917
S2_63301520 2 63305520 6.31187622406985e-07
S2_63309886 2 63313886 0.000260115001107291
S2_63312935 2 63316935 0.00013467677483966
S2_63324566 2 63328566 0.000191629726274912
S2_63371495 2 63375495 0.000329109655413965
S2_63403182 2 63407182 0.000915857863010509
S2_63407339 2 63411339 0.000313566339361424
S2_63411119 2 63415119 0.000997874363911444
S2_63411120 2 63415120 0.000997874363911444
S2_63411145 2 63415145 0.000997874363911444
S2_63411161 2 63415161 0.000997874363911444
S2_63416696 2 63420696 0.000640444698449744
S2_63421114 2 63425114 1.39599686666466e-05
S2_63424102 2 63428102 4.90206853120628e-05
S2_63510228 2 63514228 0.000607513594374083
S2_63513545 2 63517545 0.000265044801838575
S2_63540305 2 63544305 0.00078324533207639
S2_63599232 2 63603232 0.000139328729258534
S2_63602230 2 63606230 0.000204830488440606
S2_63604537 2 63608537 0.000334489063488229
S2_63892885 2 63896885 0.000610518995813792
S2_63998893 2 64002893 0.000478300407598621
S2_63998925 2 64002925 0.00047830040759884
S2_64015561 2 64019561 0.000401880273514605
S2_64088590 2 64092590 0.000638224483471833
S2_64208996 2 64212996 5.70801438449803e-05
S2_64288134 2 64292134 1.49461148794691e-05
S2_64290146 2 64294146 6.08141476378421e-07
S2_64339880 2 64343880 2.11886508129516e-05
S2_64342430 2 64346430 5.09504859532806e-05
S2_64420571 2 64424571 0.000319322771700279
S2_64420586 2 64424586 0.000319322771700279
S2_64876004 2 64880004 0.000202130588363094
S2_65136676 2 65140676 0.000611959226041394
S2_65136678 2 65140678 0.000530400034443746
S2_65156325 2 65160325 9.88254092856775e-05
S2_65276626 2 65280626 0.000443655515806321
S2_65402437 2 65406437 2.33209562071973e-05
S2_65402480 2 65406480 1.75789155410576e-05
S2_65419312 2 65423312 1.36062993839108e-05
S2_65449701 2 65453701 0.000678675880004383
S2_65499536 2 65503536 1.19426503778082e-06
S2_65531773 2 65535773 0.000515049732187128
S2_65531812 2 65535812 0.000515049732187459
S2_65532168 2 65536168 0.000166120247905455
S2_65758433 2 65762433 3.19529097101386e-05
S2_65800031 2 65804031 0.000523938867651084
S2_65803591 2 65807591 3.46607096076131e-07
S2_65804242 2 65808242 6.02252355845225e-07
S2_65812104 2 65816104 1.17846445845455e-06
S2_65812106 2 65816106 8.06212206164763e-08
S2_65825613 2 65829613 2.80473303820985e-07
S2_65826053 2 65830053 8.59671551193738e-07
S2_65833165 2 65837165 5.78547025339953e-07
S2_65833800 2 65837800 0.000416763073900854
S2_65835190 2 65839190 4.88651675107863e-06
S2_65849815 2 65853815 4.65985768024054e-06
S2_65849816 2 65853816 3.43876152924264e-06
S2_65862037 2 65866037 5.34269228008729e-09
S2_65866015 2 65870015 1.03645821624948e-07
S2_65866150 2 65870150 6.16222584972051e-05
S2_65875313 2 65879313 3.45045559504871e-07
S2_65875763 2 65879763 9.80192937920936e-08
S2_65875818 2 65879818 0.000243397176728802
S2_65875835 2 65879835 1.27271347337187e-05
S2_65876044 2 65880044 1.25104908022084e-05
S2_65876054 2 65880054 1.25104908022084e-05
S2_65877949 2 65881949 2.39058180013411e-07
S2_65878005 2 65882005 2.46364668803766e-06
S2_65878131 2 65882131 0.000169469125933357
S2_65880646 2 65884646 5.3110284540209e-08
S2_65883971 2 65887971 0.000684499443291498
S2_65891607 2 65895607 2.28488351066849e-06
S2_65895503 2 65899503 1.07142790368626e-06
S2_65902190 2 65906190 0.000182768704428287
S2_65919075 2 65923075 0.00092024215088257
S2_65926031 2 65930031 2.39031445059511e-05
S2_65926945 2 65930945 0.000491528088148721
S2_65929440 2 65933440 1.19932082089183e-05
S2_65930393 2 65934393 6.13986957625234e-05
S2_65930418 2 65934418 6.92448079956651e-05
S2_65931585 2 65935585 0.000727993391809087
S2_65949471 2 65953471 3.60158204725612e-05
S2_65953672 2 65957672 9.96369235887114e-06
S2_65953750 2 65957750 5.15297774453876e-06
S2_65957908 2 65961908 3.07693422853079e-06
S2_65957925 2 65961925 3.07693422853079e-06
S2_65958014 2 65962014 1.73475305599227e-05
S2_65958038 2 65962038 1.73475305599227e-05
S2_65958055 2 65962055 1.73475305599227e-05
S2_65959318 2 65963318 8.61200933194722e-07
S2_65959469 2 65963469 0.000133587328536367
S2_65959470 2 65963470 0.000133587328536338
S2_65959471 2 65963471 0.000133587328536338
S2_65959472 2 65963472 0.000133587328536338
S2_65960878 2 65964878 1.641751313143e-05
S2_65961985 2 65965985 3.25532045333611e-05
S2_65962166 2 65966166 5.98565409591192e-05
S2_65962475 2 65966475 7.12311082365537e-06
S2_65962538 2 65966538 5.41279600351197e-06
S2_65964518 2 65968518 1.14587981563414e-05
S2_65964545 2 65968545 1.14587981563414e-05
S2_65979678 2 65983678 0.000400085517545864
S2_65993247 2 65997247 9.74608036414113e-07
S2_65993506 2 65997506 7.06112282872615e-06
S2_65995725 2 65999725 1.40264746816054e-07
S2_65995743 2 65999743 1.4471122997637e-07
S2_65995755 2 65999755 1.4471122997637e-07
S2_65995767 2 65999767 1.70026607484762e-07
S2_65995769 2 65999769 0.000307044989798602
S2_65998733 2 66002733 0.000490733076074946
S2_65998751 2 66002751 0.000490733076074946
S2_65998816 2 66002816 0.000304089725381118
S2_65998856 2 66002856 0.000304089725381118
S2_65998870 2 66002870 0.000304089725381118
S2_66003570 2 66007570 0.000393321339197279
S2_66003769 2 66007769 0.000434400137930371
S2_66003787 2 66007787 0.000434400137930371
S2_66003858 2 66007858 7.18020056873892e-05
S2_66004057 2 66008057 6.99037720611612e-05
S2_66007234 2 66011234 0.000285284128662562
S2_66007251 2 66011251 0.000285284128662579
S2_66007919 2 66011919 0.000248753935101075
S2_66035691 2 66039691 6.05282671245342e-05
S2_66035694 2 66039694 6.05282671245342e-05
S2_66083265 2 66087265 8.64033574468712e-09
S2_66135529 2 66139529 3.81167458255955e-06
S2_66135851 2 66139851 0.000150351863952641
S2_66135852 2 66139852 0.000405580654332944
S2_66138015 2 66142015 0.000101016834029842
S2_66143894 2 66147894 6.56304010962059e-05
S2_66185670 2 66189670 4.72202921060931e-07
S2_66247298 2 66251298 0.000247380836535653
S2_66272497 2 66276497 0.000226358411103398
S2_66275115 2 66279115 0.000588536709072367
S2_66278291 2 66282291 1.19370445309578e-05
S2_66307107 2 66311107 0.000262245594961953
S2_66566262 2 66570262 0.00023175435762893
S2_66594076 2 66598076 0.00022744730462639
S2_66615709 2 66619709 1.55076041741877e-06
S2_66653100 2 66657100 0.000506646733172352
S2_66653301 2 66657301 6.24722200922524e-05
S2_66653324 2 66657324 8.7998919239669e-05
S2_66653425 2 66657425 0.000348712654656371
S2_66654582 2 66658582 0.000235714429286318
S2_66659539 2 66663539 5.51820686636254e-05
S2_66713952 2 66717952 0.000443304690487702
S2_66917750 2 66921750 0.000888984861429336
S2_66922171 2 66926171 0.000778193605747184
S2_66922227 2 66926227 0.00084237555503071
S2_66947707 2 66951707 0.000741536484968507
S2_67110883 2 67114883 8.36819804250187e-05
S2_67205604 2 67209604 9.94328791812972e-05
S2_67205606 2 67209606 0.000105141175299512
S2_67205658 2 67209658 0.000630594402116555
S2_67258586 2 67262586 4.93975385376613e-08
S2_67300356 2 67304356 0.000195231257803039
S2_67301561 2 67305561 3.75372318942082e-05
S2_67307490 2 67311490 8.78304261535426e-05
S2_67308970 2 67312970 0.000273128575463869
S2_67311314 2 67315314 7.7494072679049e-05
S2_67312108 2 67316108 0.000415533120255215
S2_67312164 2 67316164 0.00022005722745197
S2_67312985 2 67316985 0.000481907272297935
S2_67313546 2 67317546 0.00029135697995241
S2_67323865 2 67327865 0.000870167030895875
S2_67336468 2 67340468 0.000288821047658271
S2_67346375 2 67350375 0.000423236875746198
S2_67349782 2 67353782 0.000756120416838329
S2_67350462 2 67354462 0.000195164325831966
S2_67357368 2 67361368 0.000565270838097509
S2_67357372 2 67361372 0.000565270838097589
S2_67357397 2 67361397 0.000743044666401687
S2_67357479 2 67361479 0.000397603795550946
S2_67364892 2 67368892 0.000348398198592601
S2_67364963 2 67368963 0.000488425462347538
S2_67365040 2 67369040 0.000409543722895672
S2_67365045 2 67369045 0.000918332597386347
S2_67396839 2 67400839 0.000624166591288484
S2_67399653 2 67403653 0.000745710543610126
S2_67426066 2 67430066 0.000155862987602412
S2_67429100 2 67433100 0.000661699037575797
S2_67449023 2 67453023 0.000524346532004905
S2_67461482 2 67465482 0.000103922723288929
S2_67462860 2 67466860 0.000200630298603774
S2_67462887 2 67466887 0.000200630298603774
S2_67462945 2 67466945 2.82324817562271e-06
S2_67463141 2 67467141 0.000159752188704983
S2_67474847 2 67478847 0.000824854266375881
S2_67481460 2 67485460 0.000801936633408284
S2_67485395 2 67489395 0.000505991800894038
S2_67521494 2 67525494 0.00086497246299554
S2_67521709 2 67525709 0.000265612743485868
S2_67526274 2 67530274 0.000118299615740421
S2_67639966 2 67643966 2.9841372742673e-06
S2_67686143 2 67690143 4.12980113742233e-06
S2_67711304 2 67715304 1.91909891393186e-05
S2_67711464 2 67715464 0.000413345320540808
S2_67717729 2 67721729 9.38216154007339e-05
S2_67721304 2 67725304 0.00053662536891875
S2_67732816 2 67736816 0.000962933354139709
S2_67747114 2 67751114 0.000997582290907538
S2_67766590 2 67770590 0.00051444598101763
S2_67801961 2 67805961 0.000580757011805884
S2_67807062 2 67811062 0.00072988104667642
S2_67807092 2 67811092 0.000709867231784521
S2_67822741 2 67826741 0.000276366343521796
S2_67823756 2 67827756 1.44334402208636e-05
S2_67823924 2 67827924 3.33886981305878e-05
S2_67836244 2 67840244 0.000124935487307669
S2_67841223 2 67845223 0.000794319697247832
S2_67844141 2 67848141 0.000755697653828753
S2_67846071 2 67850071 0.000487009275567252
S2_67846072 2 67850072 0.000487009275567252
S2_67846073 2 67850073 0.000487009275567252
S2_67856270 2 67860270 0.000436548135162283
S2_67891449 2 67895449 0.000967820455461379
S2_67903294 2 67907294 0.000274823719789323
S2_68023540 2 68027540 0.000218214705455855
S2_68341182 2 68345182 0.000686450280634666
S2_68511383 2 68515383 1.05390294457012e-05
S2_68597763 2 68601763 0.000417254021833415
S2_68655832 2 68659832 0.000828852351828544
S2_68860344 2 68864344 3.38618291687323e-05
S2_68927054 2 68931054 5.39609798007113e-06
S2_68981794 2 68985794 0.000446024831642868
S2_69007528 2 69011528 0.000196106540625243
S2_69051475 2 69055475 0.000123434298983743
S2_69082137 2 69086137 3.39509256358259e-05
S2_69115590 2 69119590 2.88719986285092e-05
S2_69131781 2 69135781 0.000100373953092298
S2_69136088 2 69140088 0.000212780308605283
S2_69188308 2 69192308 0.000349773654215791
S2_69188369 2 69192369 0.000936663770694212
S2_69199196 2 69203196 6.74931819432992e-05
S2_69207829 2 69211829 9.642630124651e-05
S2_69254511 2 69258511 0.000584718320667257
S2_69339926 2 69343926 0.000774779878047402
S2_69344574 2 69348574 0.000632603232257556
S2_69349655 2 69353655 0.000346469204835194
S2_69389101 2 69393101 3.42582388480442e-05
S2_69389131 2 69393131 3.42582388480442e-05
S2_69389133 2 69393133 3.42582388480442e-05
S2_69535009 2 69539009 0.000879296142339283
S2_69590572 2 69594572 3.92069328520519e-05
S2_69610835 2 69614835 0.000175476858782267
S2_69650057 2 69654057 0.000864549403878572
S2_69650058 2 69654058 0.000864549403878379
S2_69650059 2 69654059 0.000864549403878572
S2_69680058 2 69684058 0.000237607378638533
S2_69696204 2 69700204 0.000116838905735211
S2_69696470 2 69700470 2.80591701189973e-05
S2_69738488 2 69742488 0.00018631972810964
S2_69738491 2 69742491 0.000121937417826017
S2_69739036 2 69743036 0.000191291005217776
S2_69739116 2 69743116 0.000124009182289897
S2_69739138 2 69743138 0.000406173816812425
S2_69739268 2 69743268 6.93551067511011e-05
S2_69739270 2 69743270 0.000772957051396471
S2_69739271 2 69743271 0.000699828296673821
S2_69739310 2 69743310 8.93390668563716e-05
S2_69739311 2 69743311 8.04463053538267e-05
S2_69739447 2 69743447 0.000945181353644868
S2_69739504 2 69743504 0.000724749524619681
S2_69853162 2 69857162 5.33485173569581e-05
S2_69859464 2 69863464 1.89790056804528e-05
S2_69860353 2 69864353 5.38343249828823e-05
S2_69889548 2 69893548 1.05850932673281e-06
S2_69921973 2 69925973 0.00050354176755087
S2_69934834 2 69938834 0.000357649385681875
S2_69938401 2 69942401 5.93936324064707e-06
S2_69942185 2 69946185 8.55999656090104e-06
S2_69944225 2 69948225 5.46884710244669e-05
S2_69973231 2 69977231 0.000169407770300312
S2_69973234 2 69977234 0.000172648507359793
S2_69973235 2 69977235 0.000169407770300312
S2_69973238 2 69977238 0.000169407770300312
S2_69986997 2 69990997 0.000523000864962914
S2_70010801 2 70014801 0.000325665438821708
S2_70025265 2 70029265 0.00068732727183972
S2_70025302 2 70029302 0.000687327271839689
S2_70025313 2 70029313 0.000687327271839689
S2_70026744 2 70030744 0.00096686779727573
S2_70028997 2 70032997 2.08748861221851e-05
S2_70055775 2 70059775 8.83701858854452e-08
S2_70055782 2 70059782 8.56103683267262e-08
S2_70056063 2 70060063 0.000591597216917927
S2_70084674 2 70088674 3.8703702279126e-05
S2_70084773 2 70088773 0.000370537123550054
S2_70179791 2 70183791 1.3786516061367e-05
S2_70281819 2 70285819 3.05217144050696e-05
S2_70281984 2 70285984 1.25632691581886e-05
S2_70293212 2 70297212 0.000340868427586695
S2_70302402 2 70306402 1.37865235968379e-05
S2_70333437 2 70337437 2.68841311673154e-05
S2_70344876 2 70348876 0.000523429974153963
S2_70350728 2 70354728 1.68952037890447e-05
S2_70361683 2 70365683 0.000738648756392546
S2_70365501 2 70369501 0.00031674793370853
S2_70388280 2 70392280 0.000184213359612761
S2_70388520 2 70392520 0.000309948288731135
S2_70390769 2 70394769 0.000642394343737612
S2_70390770 2 70394770 0.000642394343737612
S2_70390771 2 70394771 0.000642394343737612
S2_70390774 2 70394774 0.000642394343737612
S2_70460890 2 70464890 0.000115155044539177
S2_70460892 2 70464892 0.000505966323947848
S2_70488685 2 70492685 0.00045971612367481
S2_70501349 2 70505349 8.78056182904328e-06
S2_70513312 2 70517312 0.000428063080627825
S2_70517338 2 70521338 0.000638197622646399
S2_70517339 2 70521339 0.000631448656445453
S2_70521745 2 70525745 1.73065928275182e-05
S2_70523285 2 70527285 0.00025834768563935
S2_70524505 2 70528505 0.00027169178572536
S2_70531804 2 70535804 9.43640083198008e-05
S2_70554653 2 70558653 3.19125564290967e-05
S2_70635607 2 70639607 0.000626853968796383
S2_70687739 2 70691739 0.000637097953853534
S2_70687741 2 70691741 0.000790433382037678
S2_70804416 2 70808416 0.000236103069568329
S2_70804474 2 70808474 0.000278699731244471
S2_70804475 2 70808475 5.59136403789846e-05
S2_70854720 2 70858720 0.000904370855985884
S2_70856252 2 70860252 0.000484675749523603
S2_70885813 2 70889813 4.93299328929799e-05
S2_70890096 2 70894096 1.87288342516321e-05
S2_70900443 2 70904443 8.66367088044179e-06
S2_70900463 2 70904463 0.000347455677030075
S2_70903945 2 70907945 0.000453440275614283
S2_70904455 2 70908455 0.000679178977603812
S2_70906014 2 70910014 0.000297283470932386
S2_70906053 2 70910053 0.000297283470932386
S2_70909080 2 70913080 4.1293565645245e-05
S2_70909517 2 70913517 6.80995793882097e-05
S2_70911685 2 70915685 0.000146020638219515
S2_70912688 2 70916688 3.57149317539506e-05
S2_70912689 2 70916689 3.57149317539506e-05
S2_70913199 2 70917199 0.000445585927091599
S2_70913243 2 70917243 0.000445585927091534
S2_70926284 2 70930284 0.000267677648551326
S2_70962251 2 70966251 8.7708241668986e-05
S2_70972383 2 70976383 0.000734532085583478
S2_70976445 2 70980445 0.000710144167758838
S2_70979918 2 70983918 0.000144376577660989
S2_70979920 2 70983920 0.000144376577660989
S2_70990784 2 70994784 9.28389392613704e-06
S2_71014534 2 71018534 0.000818642565525384
S2_71312941 2 71316941 0.000388190542870037
S2_71358664 2 71362664 0.000237808658655793
S2_71358665 2 71362665 0.000237808658655793
S2_71359910 2 71363910 5.11088078460668e-05
S2_71362472 2 71366472 0.00013744807586764
S2_71431030 2 71435030 0.000180390769642593
S2_71431064 2 71435064 0.000180390769642593
S2_71439039 2 71443039 0.000378121396462353
S2_71463984 2 71467984 6.31786971782734e-06
S2_71501361 2 71505361 1.61644082119124e-05
S2_71556007 2 71560007 0.000199073463638285
S2_71556366 2 71560366 0.00023552239358992
S2_71601407 2 71605407 3.44396354688407e-05
S2_71610610 2 71614610 0.000215252008616683
S2_71611719 2 71615719 8.0449205509281e-05
S2_71611973 2 71615973 9.24822414054174e-05
S2_71612010 2 71616010 5.55867272440257e-05
S2_71634169 2 71638169 0.000106679767296169
S2_71648504 2 71652504 0.000269460426467275
S2_71648535 2 71652535 0.000269460426467275
S2_71653506 2 71657506 5.66296258423398e-05
S2_71797275 2 71801275 0.000117582770355394
S2_71827091 2 71831091 3.61685249631263e-06
S2_71827770 2 71831770 7.39446663169569e-06
S2_71827771 2 71831771 4.96345054314076e-05
S2_71827772 2 71831772 1.73354565027429e-07
S2_71827778 2 71831778 2.83474527606284e-06
S2_71828446 2 71832446 0.000161335880744675
S2_71828542 2 71832542 3.37522349860885e-05
S2_71830698 2 71834698 4.62024768659762e-05
S2_71831912 2 71835912 3.19280062664484e-05
S2_71832203 2 71836203 0.000352701094931349
S2_71843398 2 71847398 0.000181712287568495
S2_71843707 2 71847707 0.000504398275044408
S2_71852260 2 71856260 8.52003980208311e-05
S2_71852295 2 71856295 0.00019828484762438
S2_71852314 2 71856314 0.000198284847624405
S2_71865501 2 71869501 0.000564153042952538
S2_71878125 2 71882125 1.07107668521602e-05
S2_71894221 2 71898221 0.000143648564750462
S2_72016869 2 72020869 0.000713452535721812
S2_72016870 2 72020870 0.000713452535721812
S2_72016891 2 72020891 0.000713452535721812
S2_72072089 2 72076089 0.000206910749090587
S2_72244798 2 72248798 0.000530949530056735
S2_72301926 2 72305926 0.000233576931573208
S2_72338321 2 72342321 0.000284264815375181
S2_72396743 2 72400743 0.00021034567008584
S2_72402840 2 72406840 0.000591784713022747
S2_72536729 2 72540729 0.0005204005312253
S2_72669600 2 72673600 0.000645825519158416
S2_72675047 2 72679047 0.000217899254724764
S2_72675088 2 72679088 0.000291931922768049
S2_72675189 2 72679189 1.32548198944238e-05
S2_72675222 2 72679222 0.000143462921226659
S2_72675224 2 72679224 2.77171159099529e-05
S2_72675594 2 72679594 0.000723996153227033
S2_72826157 2 72830157 0.000737500891543109
S2_72831927 2 72835927 1.11640918028366e-06
S2_72865545 2 72869545 0.000874113938607967
S2_72892300 2 72896300 9.96650618246436e-05
S2_72933107 2 72937107 6.0735901134459e-05
S2_72956435 2 72960435 3.96892380297918e-06
S2_72974310 2 72978310 1.89973165161464e-05
S2_72980837 2 72984837 0.000651794112979016
S2_72990821 2 72994821 1.74399850703698e-05
S2_72992743 2 72996743 6.91535289122632e-05
S2_72992921 2 72996921 6.2141427526717e-06
S2_72992928 2 72996928 0.000147743659746608
S2_73019828 2 73023828 2.79619307454308e-07
S2_73044245 2 73048245 0.000647797816544915
S2_73044247 2 73048247 0.000647797816545177
S2_73044249 2 73048249 0.000647797816545177
S2_73044255 2 73048255 0.000957891829378038
S2_73045159 2 73049159 7.97019116599597e-05
S2_73045228 2 73049228 4.62616298336631e-07
S2_73045259 2 73049259 0.000394410730000572
S2_73054380 2 73058380 6.09959547476629e-06
S2_73054477 2 73058477 2.20216077960901e-05
S2_73060349 2 73064349 0.000880373601290041
S2_73063069 2 73067069 5.18361402363025e-06
S2_73103788 2 73107788 9.24559116785995e-07
S2_73106517 2 73110517 1.09639852091743e-05
S2_73158199 2 73162199 1.13636561628712e-06
S2_73158444 2 73162444 4.92690996951658e-07
S2_73235529 2 73239529 0.000590334754247614
S2_73306235 2 73310235 2.42298966473271e-07
S2_73402425 2 73406425 0.000838422321310291
S2_73407959 2 73411959 0.000329906408778724
S2_73440625 2 73444625 1.56170235897724e-05
S2_73446967 2 73450967 0.000260543062542965
S2_73495463 2 73499463 0.000324069419913503
S2_73504665 2 73508665 0.000203995010364934
S2_73513103 2 73517103 0.000240131703220855
S2_73513115 2 73517115 3.26787441439054e-05
S2_73545690 2 73549690 0.000977600758384424
S2_73549812 2 73553812 0.000396286202183483
S2_73555978 2 73559978 0.000950368571857479
S2_73583568 2 73587568 0.00045577309747165
S2_73592009 2 73596009 0.000205270755654381
S2_73610777 2 73614777 8.2335689241301e-06
S2_73616085 2 73620085 0.000270748777261534
S2_73622272 2 73626272 0.000194323698009401
S2_73654629 2 73658629 0.000270586015525728
S2_73654857 2 73658857 6.25473164450557e-05
S2_73655833 2 73659833 3.70259268485112e-05
S2_73657217 2 73661217 0.000441577355415473
S2_73682524 2 73686524 6.69847068279868e-07
S2_73693716 2 73697716 0.000790717703206109
S2_73693968 2 73697968 6.41252962915014e-06
S2_73693980 2 73697980 6.41252962915014e-06
S2_73714252 2 73718252 0.000152430109047011
S2_73714375 2 73718375 0.000127926642334609
S2_73714513 2 73718513 0.000167619766495982
S2_73721113 2 73725113 4.79039394190494e-05
S2_73726133 2 73730133 0.000573118596401567
S2_73726139 2 73730139 0.000404724353180438
S2_73736497 2 73740497 0.000251404148391308
S2_73737009 2 73741009 0.000105410538021927
S2_73737526 2 73741526 0.000271287549186344
S2_73755453 2 73759453 0.000537768294638159
S2_73762082 2 73766082 6.70636575890778e-05
S2_73794918 2 73798918 3.3979161946206e-05
S2_73795052 2 73799052 0.000964586353782225
S2_73795415 2 73799415 0.000229479835758003
S2_73796836 2 73800836 1.1032162128703e-05
S2_73798289 2 73802289 2.0026200784961e-06
S2_73798290 2 73802290 1.51757049131973e-06
S2_73798291 2 73802291 1.51757049131952e-06
S2_73802943 2 73806943 5.41041796647655e-08
S2_73802970 2 73806970 5.41041796647655e-08
S2_73802979 2 73806979 5.41041796647655e-08
S2_73824799 2 73828799 6.55062537538304e-05
S2_73824812 2 73828812 0.00026389925970715
S2_73825298 2 73829298 5.95816546450291e-06
S2_73825311 2 73829311 5.95816546450291e-06
S2_73825313 2 73829313 5.95816546450291e-06
S2_73825325 2 73829325 5.95816546450291e-06
S2_73825850 2 73829850 0.000237409470068892
S2_73825883 2 73829883 0.000237409470068892
S2_73825889 2 73829889 0.000237409470068892
S2_73826192 2 73830192 1.98769782887871e-05
S2_73826274 2 73830274 2.71620498537707e-07
S2_73826276 2 73830276 1.4973457731837e-06
S2_73826277 2 73830277 1.15535531726487e-06
S2_73826278 2 73830278 1.4973457731837e-06
S2_73843812 2 73847812 0.000551767048634831
S2_73843826 2 73847826 0.000473186319738807
S2_73843831 2 73847831 0.000473186319739007
S2_73843840 2 73847840 0.000473186319738807
S2_73850465 2 73854465 1.34513029848256e-07
S2_73850499 2 73854499 1.34513029848256e-07
S2_73850509 2 73854509 1.34513029848256e-07
S2_73850644 2 73854644 7.00028454447072e-09
S2_73850659 2 73854659 7.0002845444699e-09
S2_73850669 2 73854669 1.06269531621668e-08
S2_73850698 2 73854698 7.08412239898853e-06
S2_73850716 2 73854716 7.08412239898853e-06
S2_73850728 2 73854728 7.08412239898853e-06
S2_73850958 2 73854958 3.51706783608473e-05
S2_73850967 2 73854967 3.51706783608473e-05
S2_73851385 2 73855385 2.21244792564654e-06
S2_73851388 2 73855388 0.000278423971239039
S2_73851531 2 73855531 7.24955096560472e-07
S2_73851568 2 73855568 7.88122951054497e-07
S2_73851866 2 73855866 3.13888378131653e-05
S2_73865904 2 73869904 1.7964620283294e-05
S2_73867192 2 73871192 0.000693150708762324
S2_73868015 2 73872015 2.78774816658929e-06
S2_73868018 2 73872018 2.78774816658929e-06
S2_73893171 2 73897171 6.05154911950665e-06
S2_73893272 2 73897272 0.000170415932394588
S2_73958178 2 73962178 3.65267588548837e-08
S2_73963338 2 73967338 2.33945417713e-06
S2_73964645 2 73968645 5.45883515503921e-07
S2_73964881 2 73968881 1.01432359650902e-07
S2_73964904 2 73968904 2.83914972994504e-08
S2_73964919 2 73968919 5.39416419524701e-05
S2_74042844 2 74046844 0.000105863648986865
S2_74084518 2 74088518 9.86482605149554e-06
S2_74092076 2 74096076 0.000178116011426565
S2_74098289 2 74102289 0.000413264394124157
S2_74100331 2 74104331 4.0715075412248e-05
S2_74100333 2 74104333 2.39829579185283e-05
S2_74116937 2 74120937 0.000199021454673586
S2_74116991 2 74120991 0.000556115516320025
S2_74133825 2 74137825 1.2468503844242e-05
S2_74144038 2 74148038 0.000464464850041575
S2_74157166 2 74161166 0.000231493536003126
S2_74157181 2 74161181 0.000231493536003084
S2_74158216 2 74162216 0.000369936340903297
S2_74172326 2 74176326 0.000790643366516898
S2_74190925 2 74194925 0.000182793724788984
S2_74200470 2 74204470 0.000729110676053282
S2_74243300 2 74247300 0.000691170988583754
S2_74248831 2 74252831 0.000134506726796135
S2_74255215 2 74259215 0.000618340133135825
S2_74307080 2 74311080 7.48973051356606e-05
S2_74307086 2 74311086 7.48973051356606e-05
S2_74313387 2 74317387 0.000218058686230008
S2_74323799 2 74327799 0.000916145270140658
S2_74336596 2 74340596 0.000431706584494382
S2_74336671 2 74340671 0.000136757835244725
S2_74337323 2 74341323 0.000117888253135366
S2_74339401 2 74343401 0.000310500561597715
S2_74431748 2 74435748 6.97938164117751e-06
S2_74448361 2 74452361 0.000718152394369996
S2_74454293 2 74458293 0.00068737427920415
S2_74459006 2 74463006 2.33750829737575e-05
S2_74470995 2 74474995 0.00098582061174683
S2_74470996 2 74474996 0.000379517754395556
S2_74521987 2 74525987 0.00054384577181891
S2_74612190 2 74616190 3.50688201719099e-05
S2_74621434 2 74625434 0.000113900639703384
S2_74797701 2 74801701 0.000385585827066645
S2_75162673 2 75166673 0.000895438388027475
S2_75203786 2 75207786 0.000108266804437085
S2_75307975 2 75311975 0.000672922517104229
S2_75308131 2 75312131 0.000406026828203683
S2_75308296 2 75312296 0.000368435345614552
S2_75316289 2 75320289 4.17833825866502e-05
S2_75316301 2 75320301 4.17833825866502e-05
S2_75316463 2 75320463 0.000198337105463714
S2_75316484 2 75320484 0.000198337105463714
S2_75322713 2 75326713 6.61130722487104e-07
S2_75436273 2 75440273 0.000163407106935709
S2_75466295 2 75470295 0.000911775695755421
S2_75516675 2 75520675 8.10953213526518e-06
S2_75542238 2 75546238 5.62698712097931e-06
S2_75548160 2 75552160 0.000246481137704998
S2_75559173 2 75563173 0.000349352118792139
S2_75559373 2 75563373 0.000947409757571114
S2_75559433 2 75563433 0.000465742458322224
S2_75561018 2 75565018 0.000512499926768258
S2_75561318 2 75565318 0.000525256579585295
S2_75561356 2 75565356 0.00064471988424034
S2_75569823 2 75573823 0.000517981656577203
S2_75570636 2 75574636 0.00010367862113451
S2_75608335 2 75612335 4.74544812036685e-05
S2_75608371 2 75612371 9.60519326832749e-05
S2_75608372 2 75612372 0.000127082889004936
S2_75614203 2 75618203 3.25916589226497e-05
S2_75619596 2 75623596 1.39869577749164e-05
S2_75619611 2 75623611 8.36281087588435e-06
S2_75624839 2 75628839 1.52410838545245e-06
S2_75629598 2 75633598 9.71703326640531e-07
S2_75649154 2 75653154 6.05379760855659e-08
S2_75649255 2 75653255 0.000863826923893935
S2_75661518 2 75665518 0.000162173978247786
S2_75663869 2 75667869 0.000213931893353705
S2_75663899 2 75667899 1.49595249509877e-05
S2_75686588 2 75690588 1.77587162930815e-05
S2_75696708 2 75700708 7.36014479752729e-06
S2_75702035 2 75706035 0.000165393975030829
S2_75702066 2 75706066 0.000138351135135447
S2_75702126 2 75706126 0.000427733517629447
S2_75702164 2 75706164 3.91861345713971e-05
S2_75702165 2 75706165 2.76137272644276e-05
S2_75702167 2 75706167 2.76137272644276e-05
S2_75714386 2 75718386 0.000796132872203173
S2_75714421 2 75718421 0.000796132872203173
S2_75732583 2 75736583 0.000664774645562654
S2_75733992 2 75737992 0.000525703459092659
S2_75733998 2 75737998 0.000525703459092683
S2_75741097 2 75745097 0.000138414368377327
S2_75741278 2 75745278 3.33413027308809e-05
S2_75806221 2 75810221 0.000782899976531683
S2_75847201 2 75851201 0.000801772950174182
S2_75847495 2 75851495 0.000104023463269156
S2_75847897 2 75851897 0.000685576302809585
S2_75855128 2 75859128 0.00023656915090198
S2_75855174 2 75859174 0.00046624467158057
S2_75864621 2 75868621 0.000572293899513671
S2_75864624 2 75868624 7.82294225597121e-05
S2_75867561 2 75871561 0.000304956550424834
S2_75867755 2 75871755 0.000138682634721374
S2_75867788 2 75871788 0.000138682634721374
S2_75934840 2 75938840 0.000611175965891281
S2_75952501 2 75956501 0.000560921058777109
S2_75985794 2 75989794 0.000530642620219403
S2_76105022 2 76109022 8.04634922092193e-05
S2_76105393 2 76109393 0.00088274890420489
S2_76144447 2 76148447 0.000937122765923375
S2_76168528 2 76172528 3.07284656769419e-05
S2_76371136 2 76375136 8.98282248386786e-05
S2_76380415 2 76384415 3.9181255157837e-05
S2_76513596 2 76517596 0.000585134940191282
S2_76533075 2 76537075 0.000561834720208174
S2_76534999 2 76538999 0.000295825435063726
S2_76578005 2 76582005 0.000819303137551779
S2_76591003 2 76595003 0.000472680578573231
S2_76663403 2 76667403 7.80983594953915e-05
S2_76671118 2 76675118 3.7293316258807e-07
S2_76671183 2 76675183 0.000148632949313373
S2_76718197 2 76722197 4.11196501558465e-06
S2_76744319 2 76748319 3.49239519561269e-06
S2_76781185 2 76785185 0.000101876158742649
S2_76791341 2 76795341 0.000326460101643354
S2_76797917 2 76801917 0.000638942392747551
S2_76887701 2 76891701 0.000163022597002757
S2_76887914 2 76891914 1.01516420846595e-05
S2_76978774 2 76982774 0.000612760256652671
S2_76978775 2 76982775 0.000612760256652671
S2_76989299 2 76993299 0.000782069346533894
S2_77046003 2 77050003 9.32970276745869e-05
S2_77078110 2 77082110 0.000407803947166389
S2_77082648 2 77086648 1.85835570965685e-05
S2_77109950 2 77113950 0.000494316262100786
S2_77214214 2 77218214 0.000925269597434404
S2_77323904 2 77327904 1.33312011725828e-08
S2_77361436 2 77365436 0.000873657348358474
S2_77363094 2 77367094 0.000604164869395272
S2_77364472 2 77368472 2.50188510659105e-05
S2_77433133 2 77437133 8.98907871698966e-06
S2_77693933 2 77697933 0.00063887671656454
S2_77730828 2 77734828 0.00017861162181258
S2_77730830 2 77734830 0.000222293296292321
S2_77741310 2 77745310 0.000632872083317805
S2_77789431 2 77793431 3.93972251738917e-05
S2_77789457 2 77793457 0.000627106039159349
S2_77797032 2 77801032 6.53747399153604e-07
S2_77848247 2 77852247 0.000190710146224954
