Marker Chr Pos p
S6_197230 6 201230 0.000111969418401558
S6_256309 6 260309 0.000322244734728934
S6_258314 6 262314 1.33052024739983e-05
S6_329925 6 333925 0.000234214518225474
S6_335452 6 339452 0.000153415683114759
S6_335476 6 339476 0.000214010769265927
S6_531079 6 535079 1.19355492750725e-06
S6_531088 6 535088 1.19355492750987e-06
S6_552918 6 556918 0.000343909789394786
S6_552930 6 556930 0.000407425362496755
S6_670818 6 674818 2.03362270136681e-07
S6_695700 6 699700 5.33181308221388e-05
S6_760492 6 764492 0.000832421317588922
S6_772888 6 776888 3.1700676138099e-05
S6_773042 6 777042 0.000129104536012581
S6_773084 6 777084 1.33656886108009e-05
S6_773087 6 777087 2.99647436901643e-05
S6_789397 6 793397 0.000367762746317545
S6_1245580 6 1249580 3.88385163342468e-08
S6_1279015 6 1283015 0.000792732827269486
S6_1406727 6 1410727 4.76350545732926e-08
S6_1406805 6 1410805 0.000551097151149373
S6_1553903 6 1557903 0.000112056092783835
S6_1553913 6 1557913 0.000943795226116648
S6_1635988 6 1639988 2.23932022632294e-07
S6_1725281 6 1729281 0.000736422617052555
S6_1725578 6 1729578 1.65062743294339e-05
S6_1817190 6 1821190 2.67090432469059e-05
S6_1817192 6 1821192 2.67090432469059e-05
S6_1888639 6 1892639 2.68509727406498e-07
S6_1915313 6 1919313 0.000843418948705224
S6_1917233 6 1921233 0.000139628917677953
S6_1984695 6 1988695 0.000917652113503623
S6_1996351 6 2000351 8.09110779289543e-05
S6_2086902 6 2090902 0.000227548376924617
S6_2166945 6 2170945 0.000253289015057727
S6_2198886 6 2202886 0.000154300304171129
S6_2255296 6 2259296 0.000207458431008107
S6_2295008 6 2299008 2.26536004944599e-05
S6_2353399 6 2357399 3.96095738689043e-06
S6_2728215 6 2732215 1.80705036229963e-05
S6_2775416 6 2779416 5.41208943658067e-05
S6_2861008 6 2865008 0.000357596438036657
S6_2891746 6 2895746 3.52724535739349e-06
S6_2915819 6 2919819 0.000479489967841942
S6_2951816 6 2955816 0.000508900681469556
S6_2965546 6 2969546 0.000265402779457271
S6_2975785 6 2979785 2.72870363484802e-05
S6_3014436 6 3018436 0.000637778849814615
S6_3050162 6 3054162 0.000434816280932207
S6_3186284 6 3190284 4.85143810815135e-06
S6_3231509 6 3235509 6.22851574959775e-05
S6_3295753 6 3299753 1.41363093182846e-06
S6_3315273 6 3319273 2.67192623621252e-06
S6_3329227 6 3333227 0.000235156324006968
S6_3419458 6 3423458 0.000103102486575076
S6_3423178 6 3427178 5.70218265553849e-06
S6_3429691 6 3433691 4.18370172473406e-11
S6_3447631 6 3451631 2.9625715595594e-05
S6_3447697 6 3451697 4.85611956192357e-06
S6_3517376 6 3521376 6.22535177022375e-08
S6_3522295 6 3526295 0.000122296662894773
S6_3528585 6 3532585 7.57158408227485e-05
S6_3528607 6 3532607 7.57158408227485e-05
S6_3528619 6 3532619 7.57158408229164e-05
S6_3528620 6 3532620 9.97028300243693e-05
S6_3528622 6 3532622 7.57158408227485e-05
S6_3528623 6 3532623 7.57158408227485e-05
S6_3562834 6 3566834 4.80068731836886e-05
S6_3819721 6 3823721 4.25256463337547e-10
S6_3819767 6 3823767 3.42430475440261e-07
S6_3819819 6 3823819 1.57157489674941e-05
S6_3823296 6 3827296 8.74636236951519e-16
S6_3823299 6 3827299 8.74636236951519e-16
S6_3823327 6 3827327 8.74636236951519e-16
S6_3824260 6 3828260 8.66203045450705e-12
S6_3824351 6 3828351 2.33113357991012e-07
S6_3872981 6 3876981 0.000482699435560379
S6_3941075 6 3945075 0.000702764651791624
S6_4228192 6 4232192 1.35207922110548e-05
S6_4228241 6 4232241 6.28157198661257e-15
S6_4242525 6 4246525 4.03857266275539e-05
S6_4295321 6 4299321 0.000141557032282341
S6_4295331 6 4299331 0.000141557032282336
S6_4349730 6 4353730 1.94606167104908e-05
S6_4356448 6 4360448 2.80953392948179e-05
S6_4358504 6 4362504 2.18136776019506e-05
S6_4358556 6 4362556 1.38429723739996e-05
S6_4360801 6 4364801 1.20640828568173e-05
S6_5376008 6 5380008 8.71260119764874e-05
S6_5622615 6 5626615 0.0007320195536385
S6_5645464 6 5649464 1.62982935097355e-05
S6_5659376 6 5663376 2.11155590388204e-06
S6_5659394 6 5663394 2.1115559038808e-06
S6_5668619 6 5672619 3.54148382521297e-05
S6_5713781 6 5717781 4.76876410716652e-05
S6_5744193 6 5748193 5.13118010616343e-05
S6_5786038 6 5790038 1.64747180215926e-05
S6_5786146 6 5790146 4.07612886197313e-07
S6_5959471 6 5963471 5.79993837217122e-06
S6_5988405 6 5992405 1.46099589346935e-06
S6_5988407 6 5992407 1.20202510639792e-05
S6_6018919 6 6022919 4.10278065645446e-05
S6_6023234 6 6027234 8.43208021349016e-06
S6_6069662 6 6073662 2.3968130939498e-16
S6_6134438 6 6138438 5.09365701076157e-06
S6_6134480 6 6138480 5.09365701076157e-06
S6_6134489 6 6138489 5.09365701071494e-06
S6_6182913 6 6186913 1.96626671428006e-05
S6_6913535 6 6917535 3.17175233901376e-05
S6_7173318 6 7177318 1.43798286433897e-08
S6_7348810 6 7352810 7.81020193662738e-07
S6_7555766 6 7559766 4.44310515123142e-07
S6_7559202 6 7563202 2.01643834195503e-06
S6_7726272 6 7730272 3.91497276814378e-06
S6_7751277 6 7755277 6.14109416207081e-06
S6_7967677 6 7971677 1.80623245717271e-06
S6_8056787 6 8060787 1.30843329072752e-08
S6_8616053 6 8620053 7.53602696006265e-05
S6_8616074 6 8620074 7.53602696006265e-05
S6_8981790 6 8985790 0.00076445154232872
S6_10625288 6 10629288 1.56921432623443e-05
S6_11460904 6 11464904 0.000229256851198558
S6_11519832 6 11523832 0.000306558341833921
S6_11611476 6 11615476 0.000832427854317901
S6_11622167 6 11626167 0.000864627602822817
S6_11644097 6 11648097 0.000646719710171167
S6_11644105 6 11648105 0.000646719710171167
S6_11644135 6 11648135 3.35760474050727e-05
S6_11663474 6 11667474 0.000229879546511483
S6_11713156 6 11717156 0.000639500196940166
S6_11766929 6 11770929 0.000203552302163473
S6_12094674 6 12098674 0.000286085393355731
S6_12179448 6 12183448 1.56731088406627e-11
S6_13216914 6 13220914 0.000246356324095163
S6_13474479 6 13478479 0.000263558506659776
S6_13676647 6 13680647 4.55321089195193e-08
S6_14186810 6 14190810 8.30522915616336e-05
S6_14186814 6 14190814 8.30522915616336e-05
S6_15360620 6 15364620 5.60363799481575e-06
S6_17277251 6 17281251 2.22403371231026e-05
S6_18331520 6 18335520 0.000182703114152218
S6_18731093 6 18735093 0.000941612874019021
S6_18731134 6 18735134 0.000941612874019021
S6_18776157 6 18780157 0.000125830306403914
S6_18776162 6 18780162 3.35418933732093e-05
S6_19390800 6 19394800 0.000823660944363678
S6_19390813 6 19394813 0.000823660944363577
S6_19390822 6 19394822 0.000823660944363577
S6_20536342 6 20540342 7.09487653166888e-05
S6_22450800 6 22454800 0.000399448754743314
S6_25519960 6 25523960 0.000855648114607887
S6_28247833 6 28251833 4.68876961474472e-06
S6_28671906 6 28675906 0.000521448536997313
S6_28728172 6 28732172 1.76705946221473e-08
S6_30749652 6 30753652 0.000801004504766421
S6_30756238 6 30760238 0.000188321160971437
S6_30787854 6 30791854 0.000483231663861655
S6_31309084 6 31313084 0.000651672747299442
S6_31604473 6 31608473 0.00017074488536046
S6_31854741 6 31858741 0.00027291855418362
S6_32035801 6 32039801 0.00093760732428891
S6_32062580 6 32066580 7.7136125698192e-05
S6_32122281 6 32126281 0.000948199210557111
S6_32148462 6 32152462 0.000738357036365472
S6_32148467 6 32152467 0.000738357036365472
S6_32759786 6 32763786 0.000279868294901894
S6_32854551 6 32858551 0.000802759005681382
S6_32977204 6 32981204 4.43724991686898e-06
S6_33037578 6 33041578 0.000259855266893363
S6_33060752 6 33064752 8.00647869932185e-05
S6_33061237 6 33065237 0.00031177639849307
S6_33617198 6 33621198 2.15662996058205e-07
S6_33764301 6 33768301 0.000977186834007653
S6_33840824 6 33844824 0.000870473998386067
S6_34340863 6 34344863 5.02699091564953e-05
S6_35046302 6 35050302 4.17793832577308e-06
S6_35361960 6 35365960 7.06794939146092e-05
S6_36154666 6 36158666 6.28140199158735e-05
S6_36328655 6 36332655 7.00217707293043e-06
S6_36645517 6 36649517 0.000111687377820201
S6_37687963 6 37691963 0.000559087005724105
S6_37756015 6 37760015 0.000846623931524541
S6_38746412 6 38750412 2.94434692651244e-12
S6_39010112 6 39014112 8.77625227087847e-08
S6_39135383 6 39139383 0.000733399559892743
S6_39381999 6 39385999 0.000721954448470959
S6_39563770 6 39567770 1.44926933766299e-08
S6_39620197 6 39624197 9.31116660002271e-05
S6_39630294 6 39634294 0.000386130869297255
S6_39630318 6 39634318 0.000386130869297255
S6_39652481 6 39656481 5.12803098415142e-05
S6_39936702 6 39940702 0.000490397437845216
S6_40413940 6 40417940 5.77857575283681e-05
S6_40775295 6 40779295 0.000232700847661163
S6_40820599 6 40824599 0.000416198881411208
S6_40891681 6 40895681 5.51365203035318e-07
S6_40908350 6 40912350 0.000617494143338932
S6_41422492 6 41426492 0.000392478174868252
S6_41882917 6 41886917 1.87695119001251e-07
S6_42048321 6 42052321 0.000450320894185466
S6_42197250 6 42201250 8.09633507255231e-05
S6_42198604 6 42202604 2.83947819619697e-10
S6_42376099 6 42380099 9.07601937213572e-05
S6_42609436 6 42613436 4.05538062336445e-07
S6_42809198 6 42813198 1.63216791873011e-06
S6_42832902 6 42836902 0.000475634282099919
S6_43116070 6 43120070 4.56824526453121e-06
S6_43116074 6 43120074 4.56824526453121e-06
S6_43644083 6 43648083 0.000389717006371793
S6_43962361 6 43966361 4.69904315008285e-07
S6_43962377 6 43966377 4.6990431500719e-07
S6_43962411 6 43966411 6.1712134997885e-07
S6_44787030 6 44791030 0.000303727718350487
S6_44867517 6 44871517 0.000584600735356556
S6_44890928 6 44894928 0.000936586662505502
S6_44890931 6 44894931 0.000128681131079658
S6_44890960 6 44894960 0.000936586662505439
S6_44906850 6 44910850 7.7976127127206e-05
S6_44951831 6 44955831 0.000694851185973546
S6_44972655 6 44976655 6.89925771293371e-16
S6_44986404 6 44990404 6.75797882418225e-05
S6_45132023 6 45136023 0.000819104491065305
S6_45261925 6 45265925 0.000419531943449918
S6_45261932 6 45265932 0.000419531943449918
S6_45264754 6 45268754 1.64203947438115e-07
S6_45265060 6 45269060 7.71438034403297e-06
S6_45265072 6 45269072 7.7143803440746e-06
S6_45265080 6 45269080 8.9402899352868e-05
S6_45291329 6 45295329 2.28864245554207e-05
S6_45328181 6 45332181 0.000653749560595111
S6_45343028 6 45347028 0.000921528078301748
S6_45765221 6 45769221 0.000881648909571054
S6_45765250 6 45769250 6.23057242148635e-05
S6_45790974 6 45794974 3.37046917989204e-05
S6_45805854 6 45809854 0.00010070096980218
S6_45805866 6 45809866 9.16008098808065e-05
S6_45814884 6 45818884 0.000397964322595511
S6_45814898 6 45818898 0.000364228688204291
S6_45814919 6 45818919 0.000397964322595511
S6_45814928 6 45818928 0.000397964322595511
S6_45815398 6 45819398 1.224334064531e-06
S6_45815413 6 45819413 7.04744292414026e-05
S6_45820254 6 45824254 0.000366084486150764
S6_45820278 6 45824278 0.000366084486150715
S6_45935037 6 45939037 1.53364507187927e-10
S6_45937847 6 45941847 0.000984704174365119
S6_45945930 6 45949930 3.69085376350338e-07
S6_45945954 6 45949954 3.69085376350338e-07
S6_45966307 6 45970307 6.53719939422538e-08
S6_46044361 6 46048361 0.000381294789345016
S6_46044373 6 46048373 6.32354186998013e-05
S6_46052384 6 46056384 0.000698001532059045
S6_46063506 6 46067506 2.95876175042111e-06
S6_46128985 6 46132985 0.000176981020653822
S6_46159251 6 46163251 0.000447378009058604
S6_46339492 6 46343492 7.00829954751517e-05
S6_46417046 6 46421046 0.00039396992468651
S6_46417062 6 46421062 0.00039396992468651
S6_46417073 6 46421073 0.00039396992468651
S6_46417200 6 46421200 0.000182658497793244
S6_46426558 6 46430558 0.000296507981416178
S6_46426570 6 46430570 0.000394491804424922
S6_46426585 6 46430585 0.00029650798141609
S6_46426597 6 46430597 0.000296507981416178
S6_46508048 6 46512048 0.000994825638484857
S6_46523776 6 46527776 0.000307999034119179
S6_46624170 6 46628170 0.000633504920765762
S6_46624176 6 46628176 0.000687399670693995
S6_46624182 6 46628182 0.00062444929731875
S6_46624188 6 46628188 0.000697409087329009
S6_46892859 6 46896859 0.000513080929446141
S6_46905545 6 46909545 0.000265911331853552
S6_46961639 6 46965639 8.82074701880625e-06
S6_47003956 6 47007956 0.000476157599685137
S6_47015976 6 47019976 4.03503573357347e-05
S6_47015991 6 47019991 4.03503573357347e-05
S6_47016002 6 47020002 4.03503573357347e-05
S6_47017803 6 47021803 0.000196783842330251
S6_47017840 6 47021840 0.000164154443030709
S6_47018254 6 47022254 0.000510299108576071
S6_47021436 6 47025436 0.000275214051291502
S6_47037955 6 47041955 0.000314475470380032
S6_47062443 6 47066443 4.82327752099519e-05
S6_47102477 6 47106477 0.000164956965803701
S6_47102480 6 47106480 2.00079449402242e-05
S6_47102607 6 47106607 8.47230395478877e-05
S6_47102776 6 47106776 0.000399070506954532
S6_47111651 6 47115651 5.91146941412283e-05
S6_47172571 6 47176571 0.000990629748765811
S6_47213219 6 47217219 1.69887719185237e-05
S6_47299131 6 47303131 2.49845037246119e-08
S6_47308905 6 47312905 0.000469387994011703
S6_47484719 6 47488719 0.000763456008666922
S6_47537842 6 47541842 0.000222303432163657
S6_47573004 6 47577004 7.91756152497722e-13
S6_47573549 6 47577549 0.000273663385545493
S6_47611706 6 47615706 0.000444334190688102
S6_47645502 6 47649502 0.000893161035373583
S6_47645517 6 47649517 0.000893161035373583
S6_47645907 6 47649907 0.000248144499472001
S6_47654103 6 47658103 0.00042844415717292
S6_47654110 6 47658110 0.000498416243496672
S6_47687508 6 47691508 0.000105723734584796
S6_47707964 6 47711964 5.84217889416327e-05
S6_47783655 6 47787655 0.000383142726693278
S6_47958724 6 47962724 2.45459137031907e-12
S6_48019307 6 48023307 0.00025421535772319
S6_48028733 6 48032733 0.000365019929136302
S6_48028832 6 48032832 0.000312041228960205
S6_48037793 6 48041793 8.64474430632533e-14
S6_48111667 6 48115667 0.000354307976855528
S6_48111684 6 48115684 0.000354307976856164
S6_48120600 6 48124600 0.000979400668536952
S6_48122407 6 48126407 4.17298971724379e-05
S6_48226128 6 48230128 0.00016960070667547
S6_48244740 6 48248740 0.000308681282299851
S6_48297756 6 48301756 5.5897625417531e-06
S6_48307413 6 48311413 0.000752755714065723
S6_48307969 6 48311969 2.60892877312423e-13
S6_48334214 6 48338214 0.000780104193699835
S6_48334640 6 48338640 4.58965682275755e-05
S6_48342923 6 48346923 0.000171692963150953
S6_48380406 6 48384406 9.98526579132226e-09
S6_48382599 6 48386599 3.63009923179344e-12
S6_48434392 6 48438392 0.000298917673046988
S6_48461976 6 48465976 0.000677594207841416
S6_48477891 6 48481891 1.80620466555484e-05
S6_48496093 6 48500093 0.000868407497004817
S6_48556237 6 48560237 0.000147789253780509
S6_48564830 6 48568830 0.000296459710086193
S6_48566665 6 48570665 0.000751237450165537
S6_48569562 6 48573562 0.000744600695562697
S6_48618603 6 48622603 0.000114693385007347
S6_48618615 6 48622615 0.000114693385007331
S6_48630227 6 48634227 3.44075834751148e-10
S6_48755053 6 48759053 3.7015034618364e-08
S6_48755056 6 48759056 2.19194296551872e-07
S6_48755057 6 48759057 2.19194296551872e-07
S6_48764696 6 48768696 0.000116893349243498
S6_48783030 6 48787030 8.11278586936767e-05
S6_48783046 6 48787046 8.11278586936767e-05
S6_48887381 6 48891381 3.77536324070264e-09
S6_48887420 6 48891420 3.77536324070264e-09
S6_48909163 6 48913163 0.000487656464111353
S6_48955742 6 48959742 9.38633472646943e-05
S6_49037107 6 49041107 0.000938168621906847
S6_49159373 6 49163373 0.000823162727741764
S6_49164294 6 49168294 8.96866090888482e-05
S6_49167463 6 49171463 0.000199214250118576
S6_49173324 6 49177324 0.000207168721333988
S6_49259435 6 49263435 6.69675558290472e-05
S6_49279234 6 49283234 1.34448635026169e-05
S6_49288695 6 49292695 1.34312435786995e-05
S6_49299124 6 49303124 0.000487453015358726
S6_49374295 6 49378295 0.000100226870923859
S6_49470511 6 49474511 1.69340188659875e-06
S6_49476921 6 49480921 0.000175362277000328
S6_49476922 6 49480922 0.000178686359642575
S6_49476925 6 49480925 0.000175362277000328
S6_49476926 6 49480926 0.000175362277000328
S6_49476927 6 49480927 0.000174149071531038
S6_49537189 6 49541189 3.29005589972222e-09
S6_49558241 6 49562241 0.000448579411465808
S6_49605273 6 49609273 1.54184945981333e-05
S6_49605327 6 49609327 4.5632340086627e-07
S6_49609925 6 49613925 0.000218572227442271
S6_49625150 6 49629150 0.000919690538108068
S6_49629269 6 49633269 8.41390201077261e-06
S6_49773937 6 49777937 0.000384545182302206
S6_49817370 6 49821370 6.8732540735027e-07
S6_50032838 6 50036838 0.00025506241704754
S6_50296357 6 50300357 0.000668949882342763
S6_50325908 6 50329908 9.1209147314994e-05
S6_50346850 6 50350850 0.000227021713406939
S6_50363106 6 50367106 2.06403674919919e-07
S6_50587429 6 50591429 0.000722504220538307
S6_50592323 6 50596323 0.000986134983076614
S6_50610993 6 50614993 7.42217544430132e-06
S6_50611090 6 50615090 1.81919824821986e-06
S6_50663276 6 50667276 0.000114587949215675
S6_51093035 6 51097035 9.62991182062441e-05
S6_51163880 6 51167880 2.51871682057336e-07
S6_51163882 6 51167882 8.22258042333633e-05
S6_51163883 6 51167883 3.47674815623179e-06
S6_51244113 6 51248113 0.00036298271131299
S6_51491843 6 51495843 3.10765619954634e-05
S6_51596653 6 51600653 6.7875943449843e-08
S6_51897261 6 51901261 0.000445554916999408
S6_51916276 6 51920276 0.000580138604553021
S6_52204515 6 52208515 3.24011795125225e-05
S6_52224876 6 52228876 3.24169158935819e-06
S6_52246460 6 52250460 0.000257024519086366
S6_52287462 6 52291462 0.000352365693285648
S6_52420346 6 52424346 0.000272982021650467
S6_52437417 6 52441417 0.000216389477968354
S6_52441740 6 52445740 0.000825310927995413
S6_52442166 6 52446166 2.76200393620187e-06
S6_52458252 6 52462252 0.000228757403045049
S6_52517365 6 52521365 3.78292917740241e-07
S6_52807678 6 52811678 1.00761134121449e-05
S6_52807701 6 52811701 5.42869179791066e-05
S6_52814008 6 52818008 0.00087853139946996
S6_52830154 6 52834154 0.000650167389734833
S6_52840087 6 52844087 8.38792831414566e-05
S6_52844576 6 52848576 7.37438777031617e-05
S6_52845693 6 52849693 0.000468631402422698
S6_52845694 6 52849694 0.000333105188267597
S6_52845695 6 52849695 0.000333105188267639
S6_52845697 6 52849697 0.000333105188267639
S6_52849887 6 52853887 0.000690557703301733
S6_52853821 6 52857821 4.15509406925778e-05
S6_52854320 6 52858320 1.96390741454675e-06
S6_52869003 6 52873003 0.000273257037339658
S6_52869032 6 52873032 0.000273257037339658
S6_52869033 6 52873033 0.000273257037339705
S6_53029644 6 53033644 0.000120275879630126
S6_53029646 6 53033646 0.000120275879630126
S6_53029686 6 53033686 0.000120275879630164
S6_53084162 6 53088162 1.15023770400982e-05
S6_53105010 6 53109010 0.000823094995839743
S6_53127844 6 53131844 2.66223721788657e-05
S6_53131201 6 53135201 0.000642513613889396
S6_53131202 6 53135202 0.000642513613889447
S6_53131203 6 53135203 0.000642513613889396
S6_53143037 6 53147037 0.000749073129117702
S6_53247850 6 53251850 5.3263994065189e-06
S6_53316875 6 53320875 1.1427584720704e-07
S6_53338003 6 53342003 0.000171911239526296
S6_53348427 6 53352427 0.000289406672840689
S6_53372332 6 53376332 0.000888273352674263
S6_53385710 6 53389710 0.000334589152479441
S6_53385712 6 53389712 0.000476853414019595
S6_53446205 6 53450205 4.9310899096405e-05
S6_53521589 6 53525589 0.000394851944382242
S6_53522191 6 53526191 0.000864386707848233
S6_53548939 6 53552939 5.563641978345e-06
S6_53562416 6 53566416 1.47334676468971e-05
S6_53566899 6 53570899 2.20058293269699e-05
S6_53640752 6 53644752 3.1460913202284e-05
S6_53654326 6 53658326 1.27119003977483e-05
S6_53654328 6 53658328 1.27119003977483e-05
S6_53677478 6 53681478 0.000462833818479621
S6_53677484 6 53681484 0.000658286451578382
S6_53677493 6 53681493 5.9865793310159e-05
S6_53703426 6 53707426 1.0131913864753e-05
S6_53705073 6 53709073 1.9928697548964e-05
S6_53748115 6 53752115 0.000724205995114372
S6_53748126 6 53752126 0.000724205995114372
S6_53748128 6 53752128 0.00072420599511445
S6_53748292 6 53752292 0.000827194451720047
S6_53748318 6 53752318 0.000580862797252324
S6_53750922 6 53754922 6.28637260423941e-06
S6_53750945 6 53754945 6.28637260423941e-06
S6_53753634 6 53757634 2.92180702415018e-05
S6_53758896 6 53762896 4.52080574563919e-05
S6_53769381 6 53773381 7.26832092467803e-08
S6_53772905 6 53776905 8.45185013215308e-07
S6_53775338 6 53779338 5.50973758834691e-06
S6_53776912 6 53780912 1.37011644083957e-05
S6_53776983 6 53780983 8.85458233696094e-07
S6_53787136 6 53791136 0.000239163432512104
S6_53800920 6 53804920 7.78877888201376e-06
S6_53800931 6 53804931 7.78877888201201e-06
S6_53838812 6 53842812 0.000568394841468062
S6_53990144 6 53994144 0.000939834452163887
S6_53992762 6 53996762 0.000203852245547095
S6_54125344 6 54129344 8.85052848555744e-07
S6_54211539 6 54215539 0.000784679151145119
S6_54212047 6 54216047 0.000997610461998026
S6_54230977 6 54234977 7.04804129010556e-05
S6_54230997 6 54234997 9.18111338495642e-05
S6_54243012 6 54247012 0.000167563252477381
S6_54250992 6 54254992 7.74429824973339e-07
S6_54251714 6 54255714 2.69623356635231e-06
S6_54275700 6 54279700 2.02463388297935e-05
S6_54282031 6 54286031 0.000175268442564196
S6_54359619 6 54363619 1.8098898539976e-05
S6_54399961 6 54403961 7.09347081903888e-05
S6_54400930 6 54404930 0.000253068458414616
S6_54400948 6 54404948 0.000170536841140889
S6_54400957 6 54404957 0.000170536841140889
S6_54400977 6 54404977 0.000170536841140889
S6_54401011 6 54405011 7.01062676933845e-05
S6_54401025 6 54405025 0.000167289591096538
S6_54401030 6 54405030 6.43694811260405e-05
S6_54401034 6 54405034 8.31063413074815e-05
S6_54407265 6 54411265 0.000631925083888924
S6_54414337 6 54418337 0.000165996557953564
S6_54425327 6 54429327 5.27021406323971e-05
S6_54463844 6 54467844 0.000131932767960744
S6_54463848 6 54467848 0.000966255654704036
S6_54464653 6 54468653 0.00016376043809989
S6_54503102 6 54507102 0.000999182132941324
S6_54514670 6 54518670 0.000557545773863043
S6_54515634 6 54519634 0.000101301393696861
S6_54550330 6 54554330 0.000689955429860121
S6_54580129 6 54584129 4.40506154687216e-07
S6_54580718 6 54584718 0.000194257041577039
S6_54580750 6 54584750 0.000194257041577039
S6_54598897 6 54602897 5.79508405446317e-05
S6_54605523 6 54609523 0.000530369525619349
S6_54607956 6 54611956 0.000192730614086942
S6_54630633 6 54634633 0.000115493536863428
S6_54630665 6 54634665 0.000103791351234578
S6_54630666 6 54634666 9.66041093472392e-05
S6_54630694 6 54634694 0.000191266504428921
S6_54684133 6 54688133 9.45031186946877e-05
S6_54691943 6 54695943 0.000340557938706819
S6_54697223 6 54701223 0.000629031807813648
S6_54730403 6 54734403 5.61036270265881e-05
S6_54736788 6 54740788 1.05315607662484e-05
S6_54775676 6 54779676 4.90912183262485e-05
S6_54801780 6 54805780 3.75008839020474e-05
S6_54806320 6 54810320 0.000258689697719692
S6_54849209 6 54853209 6.41999509688324e-05
S6_54860005 6 54864005 2.07641552585498e-05
S6_54860017 6 54864017 2.07641552585468e-05
S6_54860026 6 54864026 2.07641552585468e-05
S6_54860183 6 54864183 0.000750266884667059
S6_54862847 6 54866847 5.01317392436662e-06
S6_54910615 6 54914615 3.26483958867344e-06
S6_54919463 6 54923463 0.000300190074856841
S6_54922354 6 54926354 0.000592337346701159
S6_54923347 6 54927347 0.000552706869377673
S6_54934072 6 54938072 7.42993215984306e-06
S6_54934091 6 54938091 0.000186029706852935
S6_54935826 6 54939826 1.06542875552903e-06
S6_54935888 6 54939888 8.45348869713613e-06
S6_54936265 6 54940265 1.58252343236321e-05
S6_54957952 6 54961952 0.000263788475283625
S6_54960914 6 54964914 0.000140962570080569
S6_54973482 6 54977482 0.000170838325619421
S6_54984149 6 54988149 6.47088046571455e-05
S6_54984150 6 54988150 1.58907215479416e-05
S6_54984177 6 54988177 0.000397677427508459
S6_55051869 6 55055869 6.83273512571087e-06
S6_55052311 6 55056311 1.68704007965949e-05
S6_55053848 6 55057848 0.00026443088980427
S6_55126607 6 55130607 0.000800063265923184
S6_55186669 6 55190669 0.000224653764579363
S6_55188406 6 55192406 0.000200056062116484
S6_55194824 6 55198824 2.68373622959572e-05
S6_55197936 6 55201936 0.00021748275312577
S6_55197955 6 55201955 0.00021748275312577
S6_55214857 6 55218857 0.000144871788512149
S6_55218303 6 55222303 0.000401396399311713
S6_55266849 6 55270849 1.81428639146555e-05
S6_55270474 6 55274474 0.000975351696496906
S6_55285656 6 55289656 0.000242913253094639
S6_55285662 6 55289662 0.000182459131799802
S6_55290729 6 55294729 3.251659550587e-05
S6_55290734 6 55294734 3.29181865444459e-05
S6_55290806 6 55294806 0.00050148289102138
S6_55290830 6 55294830 0.00050148289102138
S6_55298717 6 55302717 1.19544937009938e-06
S6_55320236 6 55324236 0.000523810649230365
S6_55368461 6 55372461 0.000283803257574322
S6_55387662 6 55391662 2.41529980716394e-07
S6_55388786 6 55392786 2.65117002939145e-07
S6_55389020 6 55393020 0.00023723436747803
S6_55389474 6 55393474 2.68122842124543e-07
S6_55389659 6 55393659 1.31510640286173e-06
S6_55396349 6 55400349 0.000136350335349563
S6_55396587 6 55400587 9.14506276705643e-06
S6_55400750 6 55404750 1.52519659748689e-06
S6_55409914 6 55413914 5.98296584765523e-05
S6_55412769 6 55416769 1.14629212757367e-08
S6_55427381 6 55431381 1.62963447383511e-07
S6_55429173 6 55433173 2.34579923971561e-07
S6_55495244 6 55499244 4.64706247019113e-05
S6_55495539 6 55499539 3.45087696028133e-05
S6_55495553 6 55499553 3.45087696028133e-05
S6_55496989 6 55500989 4.40523555879402e-10
S6_55505487 6 55509487 3.36469978826156e-05
S6_55505760 6 55509760 0.00099484878640802
S6_55506083 6 55510083 0.000641724971339502
S6_55539424 6 55543424 0.00072416758009172
S6_55539969 6 55543969 0.000339381879486621
S6_55540215 6 55544215 0.000858997980372336
S6_55540414 6 55544414 0.00094014265569854
S6_55540428 6 55544428 0.000222139384580597
S6_55550620 6 55554620 1.27128498987166e-08
S6_55550664 6 55554664 1.10137300851777e-06
S6_55551669 6 55555669 0.000494317242479513
S6_55554245 6 55558245 0.000903398868152521
S6_55558964 6 55562964 0.000123106519348715
S6_55563407 6 55567407 0.000608228638207773
S6_55570743 6 55574743 8.04458233504916e-06
S6_55612599 6 55616599 9.89482269975617e-05
S6_55629975 6 55633975 3.08693631303554e-07
S6_55641749 6 55645749 0.000363101327098543
S6_55662508 6 55666508 0.000982653349262312
S6_55664525 6 55668525 4.65672606208305e-06
S6_55665261 6 55669261 0.000377400193489866
S6_55665272 6 55669272 0.000377400193489866
S6_55665286 6 55669286 0.000377400193489866
S6_55680384 6 55684384 0.000609005829428574
S6_55684109 6 55688109 0.000883307300296384
S6_55688267 6 55692267 7.57064062449703e-06
S6_55689559 6 55693559 8.14023388848744e-06
S6_55689560 6 55693560 8.14023388848744e-06
S6_55689561 6 55693561 8.14023388848744e-06
S6_55706432 6 55710432 0.000242503963447242
S6_55706433 6 55710433 0.000103092686632626
S6_55706434 6 55710434 0.000103092686632633
S6_55706435 6 55710435 6.56453708830429e-06
S6_55706935 6 55710935 8.19328094286078e-05
S6_55706974 6 55710974 6.44050026984717e-06
S6_55707162 6 55711162 0.000131863565062701
S6_55714612 6 55718612 6.90764239994136e-05
S6_55714614 6 55718614 7.25259364133938e-07
S6_55714728 6 55718728 0.000491202291769575
S6_55714762 6 55718762 0.000491202291769575
S6_55724394 6 55728394 0.000144831118718668
S6_55759489 6 55763489 0.000133869857959298
S6_55761696 6 55765696 5.24956658660379e-07
S6_55792407 6 55796407 1.22844961285798e-05
S6_55793114 6 55797114 0.000147094192336315
S6_55793129 6 55797129 0.000147094192336297
S6_55846184 6 55850184 0.00063809867279414
S6_55886073 6 55890073 5.01432765919529e-06
S6_55944584 6 55948584 0.000188997052153462
S6_55952172 6 55956172 5.85822516756477e-05
S6_55953946 6 55957946 6.30221436978057e-05
S6_55954352 6 55958352 0.000680480336571213
S6_55961881 6 55965881 0.000187640038871913
S6_55966626 6 55970626 0.000201308467743696
S6_55978975 6 55982975 4.59856864156577e-05
S6_55987392 6 55991392 0.000289264638727612
S6_55989117 6 55993117 0.00019585893172194
S6_55998024 6 56002024 0.000702266125923642
S6_56002552 6 56006552 0.000728993542482623
S6_56059501 6 56063501 0.000325509787967375
S6_56059534 6 56063534 0.000325509787967375
S6_56121527 6 56125527 0.000105569211224535
S6_56126807 6 56130807 0.000295366330241225
S6_56160911 6 56164911 1.04928940022699e-05
S6_56184472 6 56188472 0.000905001422062436
S6_56235759 6 56239759 8.88639537424143e-06
S6_56254965 6 56258965 0.000516918070487071
S6_56290860 6 56294860 0.000315362357682508
S6_56315585 6 56319585 1.3710127940967e-05
S6_56333012 6 56337012 1.07344624234292e-05
S6_56333476 6 56337476 1.33141177718086e-05
S6_56342588 6 56346588 0.000706298812393649
S6_56343795 6 56347795 0.000683670030174554
S6_56344403 6 56348403 7.68172032980457e-06
S6_56363391 6 56367391 5.43248291687973e-06
S6_56363393 6 56367393 5.43248291691733e-06
S6_56367570 6 56371570 0.000408750379737941
S6_56369733 6 56373733 2.06106716520468e-08
S6_56372101 6 56376101 0.000413185699730573
S6_56372214 6 56376214 0.00074344168121966
S6_56374171 6 56378171 3.34104595796338e-07
S6_56393825 6 56397825 0.000205114331029074
S6_56395272 6 56399272 0.000553344243677461
S6_56395309 6 56399309 0.000809438305138509
S6_56404966 6 56408966 0.000222762152970411
S6_56404977 6 56408977 0.000222762152970388
S6_56404994 6 56408994 0.000222762152970411
S6_56462224 6 56466224 4.84583711160394e-06
S6_56474656 6 56478656 4.54406633900589e-06
S6_56489815 6 56493815 0.000459994564284152
S6_56489818 6 56493818 0.000218278004977445
S6_56489826 6 56493826 0.000459994564284152
S6_56490732 6 56494732 0.000126839649772572
S6_56491761 6 56495761 0.000317061832591711
S6_56504608 6 56508608 0.000723049014579089
S6_56504627 6 56508627 0.000358707577563826
S6_56516832 6 56520832 0.000539069160672929
S6_56529221 6 56533221 2.43034678184984e-05
S6_56529694 6 56533694 2.59833197133355e-05
S6_56529856 6 56533856 0.000431675827751953
S6_56529874 6 56533874 0.000637661568161882
S6_56530507 6 56534507 1.78467514541446e-05
S6_56530561 6 56534561 0.000301288571792279
S6_56532861 6 56536861 0.00015520759336594
S6_56533141 6 56537141 0.000577933019877076
S6_56545960 6 56549960 3.93816169012772e-05
S6_56575712 6 56579712 0.000884455572992285
S6_56579535 6 56583535 0.000504305137764601
S6_56587307 6 56591307 0.000204968761077327
S6_56587324 6 56591324 2.41886992249509e-05
S6_56587339 6 56591339 2.34723014628141e-05
S6_56587372 6 56591372 5.05422879760771e-05
S6_56594726 6 56598726 0.000200385224279242
S6_56603682 6 56607682 0.000582554780802866
S6_56606952 6 56610952 0.000757714242954886
S6_56606995 6 56610995 0.000538002890592137
S6_56607019 6 56611019 0.00076314437234603
S6_56628033 6 56632033 9.43582724970004e-05
S6_56698013 6 56702013 0.000180338524430715
S6_56698238 6 56702238 7.56575967836699e-06
S6_56698714 6 56702714 0.000131953028040653
S6_56698727 6 56702727 5.39961165753292e-06
S6_56698973 6 56702973 0.000516458010810027
S6_56703400 6 56707400 0.000744848437015638
S6_56712332 6 56716332 0.000241727805802867
S6_56773134 6 56777134 8.17903410188737e-06
S6_56952482 6 56956482 1.35877194798814e-11
S6_56954485 6 56958485 0.000322835336347026
S6_57009843 6 57013843 3.95272815608939e-05
S6_57009859 6 57013859 3.95272815608939e-05
S6_57009965 6 57013965 0.000981875849922798
S6_57009972 6 57013972 0.000981875849922798
S6_57066258 6 57070258 1.702050137163e-06
S6_57093951 6 57097951 3.19751135500247e-05
S6_57104456 6 57108456 0.000887492301527767
S6_57203769 6 57207769 0.000384598076218522
S6_57222691 6 57226691 0.000611080295581371
S6_57223274 6 57227274 4.93005290536875e-05
S6_57223275 6 57227275 6.36663834030533e-05
S6_57223278 6 57227278 6.00793766256288e-05
S6_57223279 6 57227279 1.29205390533651e-05
S6_57229028 6 57233028 0.000320194454162854
S6_57245201 6 57249201 0.000869339180919459
S6_57255710 6 57259710 0.00030206428384656
S6_57309890 6 57313890 1.84498544678004e-05
S6_57314366 6 57318366 1.9022734380042e-05
S6_57328796 6 57332796 0.000263929863407641
S6_57414580 6 57418580 0.000377744772517914
S6_57421255 6 57425255 0.000950127939502495
S6_57433142 6 57437142 0.000559182731489587
S6_57476826 6 57480826 0.000155056457696727
S6_57495381 6 57499381 0.000811523863668752
S6_57501448 6 57505448 0.00034262879987304
S6_57505209 6 57509209 6.5861726367528e-05
S6_57519898 6 57523898 9.1845833621156e-07
S6_57520431 6 57524431 0.000330796293951865
S6_57522712 6 57526712 6.66907205531575e-07
S6_57529974 6 57533974 1.51506543321727e-07
S6_57540711 6 57544711 0.000771211659757183
S6_57541579 6 57545579 8.17248709016284e-06
S6_57541709 6 57545709 0.00058517635311933
S6_57553987 6 57557987 0.000117869138971474
S6_57564140 6 57568140 3.63560797769322e-05
S6_57564142 6 57568142 5.56066658652615e-06
S6_57575050 6 57579050 0.000564499619754263
S6_57588585 6 57592585 0.00074002835075199
S6_57643229 6 57647229 2.10472538253967e-07
S6_57770556 6 57774556 0.000388154546904662
S6_57770593 6 57774593 4.64067495659509e-06
S6_57774940 6 57778940 3.16743819542041e-06
S6_57774941 6 57778941 3.16743819542418e-06
S6_57774943 6 57778943 3.16743819542041e-06
S6_57775230 6 57779230 3.2892612188448e-06
S6_57777173 6 57781173 0.00042757192996752
S6_57777256 6 57781256 5.12560773430153e-05
S6_57778346 6 57782346 0.000450125842840855
S6_57782098 6 57786098 2.25674798251583e-06
S6_57786278 6 57790278 0.000464224611331551
S6_57787770 6 57791770 5.41705831872282e-06
S6_57788761 6 57792761 0.000156242852442259
S6_57801396 6 57805396 0.000139851106542926
S6_57818424 6 57822424 0.000984639368287394
S6_57834516 6 57838516 6.64570730504916e-05
S6_57849468 6 57853468 3.71269088855977e-06
S6_57852521 6 57856521 0.000210140732061108
S6_57862336 6 57866336 2.11733538481869e-06
S6_57866762 6 57870762 2.73153946749737e-06
S6_57867274 6 57871274 0.000201425004714185
S6_57867282 6 57871282 0.000201425004714185
S6_57870574 6 57874574 3.89018107807367e-05
S6_57870605 6 57874605 3.89018107807367e-05
S6_57894103 6 57898103 0.000483527853194821
S6_57903208 6 57907208 9.37180750453053e-05
S6_57904655 6 57908655 1.71051460136705e-05
S6_57922126 6 57926126 0.000157490481189707
S6_57922917 6 57926917 1.23473027943568e-06
S6_57922954 6 57926954 1.23473027943481e-06
S6_57949937 6 57953937 9.25825916840496e-07
S6_57953563 6 57957563 1.47810211704059e-05
S6_57964018 6 57968018 0.000102362210783394
S6_57964088 6 57968088 0.000331713890798788
S6_57964576 6 57968576 0.000441918872783573
S6_57972293 6 57976293 0.000529610185760217
S6_57993652 6 57997652 7.83094980771696e-05
S6_57997149 6 58001149 0.000602653447955371
S6_58044450 6 58048450 0.000176097453681947
S6_58044500 6 58048500 0.000242042235506988
S6_58094532 6 58098532 8.74409600744221e-06
S6_58094577 6 58098577 9.57480612097351e-06
S6_58095347 6 58099347 0.000279772805648923
S6_58102029 6 58106029 0.000264662143567074
S6_58150870 6 58154870 0.000370997298500535
S6_58151710 6 58155710 1.17338981643923e-06
S6_58155004 6 58159004 0.000790926596516204
S6_58158520 6 58162520 0.000467958706827496
S6_58216504 6 58220504 0.000567882683156188
S6_58219716 6 58223716 0.000112615710622106
S6_58239009 6 58243009 0.000580016285434593
S6_58247423 6 58251423 0.000133877646196909
S6_58247453 6 58251453 8.35353358495287e-05
S6_58247655 6 58251655 0.000271065790942863
S6_58247716 6 58251716 4.63280586808123e-05
S6_58248375 6 58252375 3.85411210341247e-07
S6_58248430 6 58252430 0.000200278075091238
S6_58250625 6 58254625 1.59019588261187e-06
S6_58250630 6 58254630 3.53274828233094e-06
S6_58251007 6 58255007 9.15111806003135e-07
S6_58251091 6 58255091 0.000368929135982415
S6_58251116 6 58255116 0.000368929135982415
S6_58251157 6 58255157 0.000823245314759109
S6_58251195 6 58255195 0.000393400694586042
S6_58251198 6 58255198 0.000393400694586042
S6_58251208 6 58255208 0.000393400694586042
S6_58251808 6 58255808 0.000734377757386969
S6_58251825 6 58255825 0.000734377757386969
S6_58251878 6 58255878 0.000193520870390145
S6_58251953 6 58255953 0.000940022195847041
S6_58252368 6 58256368 0.000795483759572666
S6_58252410 6 58256410 2.60109318283137e-07
S6_58255850 6 58259850 1.32229267876672e-05
S6_58256133 6 58260133 1.74605664508789e-05
S6_58263011 6 58267011 0.000929882267287236
S6_58263044 6 58267044 0.000929882267287236
S6_58263098 6 58267098 4.69106549103934e-05
S6_58263099 6 58267099 4.69106549103934e-05
S6_58263712 6 58267712 4.62676862980911e-05
S6_58263749 6 58267749 2.49538500512945e-05
S6_58265288 6 58269288 0.000285949353308739
S6_58276601 6 58280601 1.38662551260732e-07
S6_58281026 6 58285026 2.99732424521919e-06
S6_58281135 6 58285135 0.000393269394863069
S6_58281307 6 58285307 0.000255578387325249
S6_58293295 6 58297295 9.02010060810165e-05
S6_58293327 6 58297327 0.000146783768886356
S6_58309016 6 58313016 0.00025913324444988
S6_58309533 6 58313533 0.000114408109842729
S6_58356005 6 58360005 0.000134917113186835
S6_58356006 6 58360006 0.000134917113186835
S6_58363673 6 58367673 0.000162875791735696
S6_58387701 6 58391701 1.05580247641307e-06
S6_58388435 6 58392435 1.98958830636318e-09
S6_58389124 6 58393124 1.2762187188834e-06
S6_58389991 6 58393991 2.68772706729914e-05
S6_58399191 6 58403191 0.000642425281569195
S6_58410527 6 58414527 6.12313081772808e-05
S6_58420252 6 58424252 0.000301141732934339
S6_58442279 6 58446279 0.000632568960639673
S6_58464870 6 58468870 0.000586393130664039
S6_58483151 6 58487151 2.26074346584685e-05
S6_58497090 6 58501090 0.000107396797498834
S6_58498920 6 58502920 3.11716946884837e-06
S6_58503641 6 58507641 5.96973661318607e-05
S6_58506552 6 58510552 8.87146739878057e-06
S6_58513923 6 58517923 3.62754670161598e-06
S6_58521092 6 58525092 0.000515995804321581
S6_58521350 6 58525350 0.000858211939261491
S6_58523255 6 58527255 2.89178271575586e-06
S6_58538552 6 58542552 0.000857469708811899
S6_58543255 6 58547255 7.52140806204365e-06
S6_58556780 6 58560780 5.09407745275414e-05
S6_58557254 6 58561254 2.29804431194573e-05
S6_58582248 6 58586248 6.82428034357902e-06
S6_58600868 6 58604868 4.04750806789295e-05
S6_58612909 6 58616909 0.000933834724171316
S6_58625646 6 58629646 0.000502297353971702
S6_58658709 6 58662709 1.41294747561548e-05
S6_58784237 6 58788237 0.000398194444930432
S6_58789067 6 58793067 0.000579092851675711
S6_58790921 6 58794921 2.84129134490543e-05
S6_58793388 6 58797388 0.000164500669775042
S6_58798000 6 58802000 0.000391066584730805
S6_58799858 6 58803858 0.000662872341906167
S6_58805824 6 58809824 3.51808325672568e-05
S6_58809755 6 58813755 0.000110853602715666
S6_58823363 6 58827363 0.000583762583162535
S6_58842555 6 58846555 0.000122643069342021
S6_58863044 6 58867044 0.000357708601399418
S6_59004117 6 59008117 0.000356483272513088
S6_59091507 6 59095507 0.000291493891070545
S6_59107134 6 59111134 8.2657822029438e-05
S6_59107256 6 59111256 3.40232765699383e-05
S6_59111901 6 59115901 9.9816481529334e-05
S6_59132366 6 59136366 3.97979679195469e-06
S6_59163940 6 59167940 5.34924868864358e-05
S6_59204817 6 59208817 3.31501608098014e-06
S6_59437281 6 59441281 2.10910305559315e-05
S6_59466099 6 59470099 1.18554650366011e-06
S6_59466100 6 59470100 5.78198653039903e-05
S6_59473438 6 59477438 4.07201735223986e-05
S6_59569036 6 59573036 6.85681388002692e-05
S6_59619406 6 59623406 2.74121605344739e-05
S6_59620848 6 59624848 2.26180295017244e-05
S6_59652847 6 59656847 1.15189977698895e-05
S6_59662173 6 59666173 0.000284120051449042
S6_59667440 6 59671440 7.47617308515958e-06
S6_59688323 6 59692323 0.000772322099982995
S6_59765381 6 59769381 0.000356382664888759
S6_59792150 6 59796150 0.000387063956560089
S6_59792159 6 59796159 0.000387063956560089
S6_59800467 6 59804467 4.20050581488372e-05
S6_59825749 6 59829749 1.2032116677511e-05
S6_59830407 6 59834407 0.000391956026609828
S6_59830483 6 59834483 0.000408312299009474
S6_59839337 6 59843337 5.24052567699019e-05
S6_59847405 6 59851405 0.000327061230777692
S6_59870367 6 59874367 1.01730780994861e-05
S6_59870389 6 59874389 0.000529265702649044
S6_59874362 6 59878362 0.000166893803589248
S6_59875822 6 59879822 0.00063282750093643
S6_59897044 6 59901044 0.000209830949401759
S6_59928803 6 59932803 0.000100959620535792
S6_59932233 6 59936233 0.000121000239083356
S6_59959341 6 59963341 4.79436152322114e-05
S6_60012094 6 60016094 8.33089854200063e-05
S6_60014901 6 60018901 0.000346331688792892
S6_60014966 6 60018966 0.000117667144160225
S6_60015402 6 60019402 0.000144214896289779
S6_60015547 6 60019547 0.00010632735860335
S6_60030948 6 60034948 9.90014359941868e-05
S6_60032511 6 60036511 1.88435090396523e-05
S6_60068392 6 60072392 5.1238751332684e-05
S6_60071396 6 60075396 8.401349084676e-06
S6_60105860 6 60109860 1.33292548062134e-05
S6_60106938 6 60110938 0.000344364081933162
S6_60109885 6 60113885 6.0354751399091e-06
S6_60153538 6 60157538 0.000197931297183538
S6_60154969 6 60158969 4.31232858441108e-06
S6_60171332 6 60175332 2.73367002782906e-05
S6_60176803 6 60180803 0.000230454856388288
S6_60337098 6 60341098 0.000191134353003226
S6_60352752 6 60356752 9.46258354087076e-05
S6_60498857 6 60502857 4.48417982250287e-07
S6_60500665 6 60504665 0.00040908698204781
S6_60528456 6 60532456 0.000379493382015348
S6_60535175 6 60539175 0.000128869798141151
S6_60535179 6 60539179 0.000128869798141164
S6_60545200 6 60549200 0.000325424214361271
S6_60546101 6 60550101 0.000333677935734234
S6_60557329 6 60561329 1.49294543142775e-05
S6_60558550 6 60562550 3.05478832835515e-07
S6_60559033 6 60563033 3.57992333836043e-05
S6_60563207 6 60567207 0.000794562743960789
S6_60623476 6 60627476 3.4503886193165e-05
S6_60643386 6 60647386 5.93247065456092e-06
S6_60707860 6 60711860 0.000351625191028632
S6_60712023 6 60716023 0.000475573225555167
S6_60742944 6 60746944 6.21514043001066e-07
S6_60749033 6 60753033 0.000455537040541536
S6_60781625 6 60785625 0.000828036835560417
S6_60809552 6 60813552 0.000498860406135769
S6_60857706 6 60861706 0.000465483930407211
S6_60872292 6 60876292 9.78748311623443e-06
S6_60878532 6 60882532 0.000223708606815279
S6_60883450 6 60887450 1.6026079700533e-05
S6_60895924 6 60899924 1.27099707578402e-05
S6_60905005 6 60909005 0.000509409460236949
S6_60907536 6 60911536 0.000215226782728327
S6_60908834 6 60912834 9.66172946749595e-05
S6_60922201 6 60926201 4.65622008185972e-05
S6_60926963 6 60930963 0.000216934802529493
S6_60928626 6 60932626 0.000355644203518292
S6_60928807 6 60932807 0.000232294340420653
S6_60928890 6 60932890 1.59635347648148e-05
S6_60939593 6 60943593 1.3728131231622e-05
S6_60948082 6 60952082 2.0442433092608e-05
S6_61000113 6 61004113 9.4402880346394e-06
S6_61058168 6 61062168 3.99756345910309e-06
S6_61063328 6 61067328 0.000126529961126373
S6_61070790 6 61074790 0.00067020618998201
S6_61070969 6 61074969 3.08540463877928e-05
S6_61146545 6 61150545 9.42351590868681e-06
S6_61155079 6 61159079 4.65571509957732e-05
S6_61203443 6 61207443 0.000871539153243566
S6_61330827 6 61334827 3.52327480159289e-05
S6_61406397 6 61410397 3.81481544622542e-05
S6_61406400 6 61410400 3.73059410738461e-05
S6_61407301 6 61411301 7.44718309270621e-05
S6_61415924 6 61419924 0.000272289537779308
S6_61452988 6 61456988 0.00010218932040672
S6_61470953 6 61474953 7.3792299900395e-05
S6_61523201 6 61527201 0.000721627125255294
S6_61812313 6 61816313 4.9242863633577e-05
S6_61812356 6 61816356 4.9242863633577e-05
S6_61935292 6 61939292 7.07529128921178e-07
S6_61977643 6 61981643 0.000114962623762655
S6_62079570 6 62083570 1.8995608982546e-06
