Marker Chr Pos p
S4_111889 4 115889 2.30391733304537e-06
S4_160923 4 164923 0.000394008688544974
S4_187197 4 191197 0.000431112241745434
S4_187523 4 191523 7.19467523391268e-06
S4_187570 4 191570 7.1946752339106e-06
S4_206588 4 210588 9.64871930691253e-05
S4_210965 4 214965 9.47726232982379e-05
S4_211074 4 215074 0.000207779777932179
S4_211075 4 215075 0.000207779777932179
S4_218999 4 222999 8.08888767551033e-05
S4_237699 4 241699 0.000121907503049901
S4_295567 4 299567 6.50895801967979e-05
S4_354570 4 358570 4.50703693212479e-06
S4_354571 4 358571 4.5070369321253e-06
S4_382526 4 386526 1.11635114260214e-05
S4_555484 4 559484 3.79413778662262e-06
S4_566866 4 570866 0.000555451460120992
S4_698654 4 702654 0.000540229815373045
S4_710624 4 714624 0.000920716082386928
S4_742313 4 746313 0.000155454264756819
S4_761420 4 765420 7.25216514028875e-05
S4_761421 4 765421 7.4200295883163e-05
S4_761422 4 765422 6.64277124371607e-05
S4_761423 4 765423 7.4200295883163e-05
S4_764862 4 768862 0.000703033036830721
S4_768053 4 772053 0.000149463507142125
S4_768149 4 772149 0.000166276177378509
S4_792720 4 796720 4.64029822247642e-05
S4_808767 4 812767 7.70977948294485e-06
S4_818007 4 822007 0.000500629959600095
S4_827879 4 831879 2.29276176837611e-05
S4_866903 4 870903 0.000736681903872251
S4_888603 4 892603 6.31748314420838e-06
S4_894473 4 898473 2.20848008499663e-05
S4_942115 4 946115 1.08343984328431e-05
S4_1004023 4 1008023 2.47270388057775e-05
S4_1008019 4 1012019 0.000947815014424503
S4_1008685 4 1012685 2.42359834972551e-05
S4_1017693 4 1021693 3.35304562763333e-05
S4_1017797 4 1021797 0.000743512434551171
S4_1017930 4 1021930 0.000152332937584122
S4_1017940 4 1021940 0.000126089596429604
S4_1026133 4 1030133 7.20607563519864e-05
S4_1037484 4 1041484 1.35211104647181e-06
S4_1055041 4 1059041 0.000365564270375367
S4_1061412 4 1065412 8.73983531302152e-05
S4_1071791 4 1075791 2.64904582782714e-06
S4_1130084 4 1134084 0.000910639381565179
S4_1130101 4 1134101 3.17322362591698e-05
S4_1144696 4 1148696 5.36893237713636e-06
S4_1150541 4 1154541 0.000411158894845412
S4_1156549 4 1160549 1.568808548437e-05
S4_1156550 4 1160550 1.568808548437e-05
S4_1166140 4 1170140 0.000216956848540639
S4_1166172 4 1170172 2.2189688512799e-06
S4_1166302 4 1170302 0.000501909037877282
S4_1166644 4 1170644 3.52801592147933e-07
S4_1199505 4 1203505 0.000255706809669748
S4_1209693 4 1213693 0.000286731328953232
S4_1211623 4 1215623 4.78952359041669e-06
S4_1217599 4 1221599 0.000311208003189758
S4_1234355 4 1238355 0.000214071400467585
S4_1276224 4 1280224 0.000390739603483199
S4_1277542 4 1281542 5.48182615406487e-10
S4_1358269 4 1362269 0.0003998179971923
S4_1467507 4 1471507 1.68053243272001e-05
S4_1477126 4 1481126 0.000298039487172787
S4_1508081 4 1512081 0.000264022984686446
S4_1528096 4 1532096 5.26990287114109e-05
S4_1571978 4 1575978 0.000513258244885693
S4_1572627 4 1576627 0.00075545645967457
S4_1598257 4 1602257 8.82150436614395e-05
S4_1617757 4 1621757 7.92481374915602e-07
S4_1620853 4 1624853 7.3879579112815e-06
S4_1621766 4 1625766 2.17925820885357e-05
S4_1623378 4 1627378 1.7424652991502e-05
S4_1626275 4 1630275 6.69578366212815e-08
S4_1626311 4 1630311 2.28851793583816e-07
S4_1627290 4 1631290 0.000120933046043831
S4_1627797 4 1631797 2.50734750566194e-05
S4_1631471 4 1635471 1.74931671837004e-05
S4_1658432 4 1662432 4.0448715525989e-06
S4_1666228 4 1670228 5.90610308033703e-05
S4_1670275 4 1674275 5.71914594345427e-06
S4_1677720 4 1681720 2.58214853193001e-07
S4_1682742 4 1686742 0.000723366922574216
S4_1682753 4 1686753 0.000556089855272731
S4_1690953 4 1694953 2.4720769865915e-06
S4_1731233 4 1735233 3.29800464053179e-08
S4_1741263 4 1745263 9.61901851603825e-07
S4_1741264 4 1745264 1.45060049976562e-05
S4_1773714 4 1777714 4.39501852081115e-05
S4_1773911 4 1777911 8.8401266256971e-07
S4_1773932 4 1777932 8.84012662569654e-07
S4_1774350 4 1778350 0.000721688208198081
S4_1778035 4 1782035 0.000646552111028551
S4_1779404 4 1783404 5.91263798010032e-09
S4_1787572 4 1791572 9.47433393793573e-10
S4_1787688 4 1791688 7.99080768851041e-09
S4_1801510 4 1805510 1.23417207425039e-05
S4_1801512 4 1805512 5.21597161622933e-05
S4_1805978 4 1809978 0.000497619418633858
S4_1807151 4 1811151 1.63501196455661e-05
S4_1853812 4 1857812 0.000652822802695717
S4_1853813 4 1857813 0.000652822802695717
S4_1853814 4 1857814 0.000652822802695717
S4_1863497 4 1867497 0.000466623091934484
S4_1878028 4 1882028 1.92058832175506e-06
S4_1882500 4 1886500 7.13256489927253e-06
S4_1884034 4 1888034 1.43614375485542e-15
S4_1893019 4 1897019 1.22965554324654e-05
S4_1893139 4 1897139 2.66136921999852e-06
S4_1920277 4 1924277 0.000198967654145462
S4_1930114 4 1934114 7.00061149257962e-06
S4_1930156 4 1934156 4.76824503726316e-05
S4_1954975 4 1958975 0.000157412220546442
S4_1954987 4 1958987 0.0002509256222592
S4_1959444 4 1963444 0.000678029733863885
S4_1979940 4 1983940 0.000422456301505053
S4_1979941 4 1983941 0.000422456301505053
S4_1979977 4 1983977 0.000527117832821548
S4_1980012 4 1984012 0.000527117832821548
S4_1984598 4 1988598 2.81806312001907e-05
S4_1984602 4 1988602 2.81806312001926e-05
S4_1984645 4 1988645 2.81806312001926e-05
S4_2001336 4 2005336 1.13663812717582e-05
S4_2001386 4 2005386 0.000102046414696296
S4_2010383 4 2014383 0.000512847206301052
S4_2042594 4 2046594 1.43803306408376e-05
S4_2053913 4 2057913 4.72479954517197e-05
S4_2055649 4 2059649 0.0005352074251681
S4_2070197 4 2074197 0.000735242275064861
S4_2073286 4 2077286 6.29067134877725e-05
S4_2158295 4 2162295 1.05110407272653e-05
S4_2171071 4 2175071 1.59991125723453e-05
S4_2172950 4 2176950 5.54527236612873e-06
S4_2182694 4 2186694 5.51783005844437e-05
S4_2209851 4 2213851 0.000960499124334498
S4_2232826 4 2236826 2.3444432626573e-05
S4_2256939 4 2260939 1.2644705813846e-05
S4_2287772 4 2291772 5.56009438375538e-05
S4_2304775 4 2308775 5.33707293715665e-05
S4_2317780 4 2321780 0.000711962847094258
S4_2364634 4 2368634 0.000622867902644336
S4_2372901 4 2376901 0.000179227500192018
S4_2377049 4 2381049 1.22679971286739e-06
S4_2377050 4 2381050 1.22679971286739e-06
S4_2377055 4 2381055 0.00013664349374454
S4_2377384 4 2381384 4.7320163715352e-06
S4_2409753 4 2413753 0.000243875907165784
S4_2436607 4 2440607 0.000262967846122063
S4_2459371 4 2463371 1.40192362680554e-07
S4_2613470 4 2617470 0.000700957763600271
S4_2662748 4 2666748 0.000738118253116883
S4_2664823 4 2668823 9.19829422821428e-05
S4_2688604 4 2692604 7.14038761306432e-06
S4_2689462 4 2693462 5.51274518039261e-05
S4_2689550 4 2693550 3.84065010940779e-06
S4_2689623 4 2693623 0.00033839110925308
S4_2689634 4 2693634 0.000282027689752825
S4_2689823 4 2693823 2.24360487524438e-06
S4_2689832 4 2693832 2.24360487524438e-06
S4_2689840 4 2693840 2.24360487524438e-06
S4_2691879 4 2695879 4.39341973888045e-05
S4_2691937 4 2695937 3.88550038450436e-06
S4_2691938 4 2695938 3.88550038450436e-06
S4_2692143 4 2696143 2.58508502513158e-06
S4_2692165 4 2696165 2.5850850251319e-06
S4_2713543 4 2717543 0.000188698552326604
S4_2769741 4 2773741 0.000233580975429896
S4_2770367 4 2774367 0.000734793124918232
S4_2775046 4 2779046 2.80197627191045e-05
S4_2784035 4 2788035 0.000439666651793372
S4_2818645 4 2822645 0.000284163090323527
S4_2852832 4 2856832 0.000938760155925764
S4_2853233 4 2857233 0.000165249782813081
S4_2855978 4 2859978 0.000279253702418575
S4_2866405 4 2870405 2.38207467214917e-05
S4_2866424 4 2870424 2.43722634552163e-05
S4_2885876 4 2889876 0.000235807750001035
S4_2885877 4 2889877 0.000235807750001035
S4_2885920 4 2889920 0.000240945036901855
S4_2886014 4 2890014 3.46241602563055e-07
S4_2906533 4 2910533 5.69660799796596e-07
S4_2913531 4 2917531 3.74956353654855e-07
S4_2913839 4 2917839 0.000167353391571246
S4_2970801 4 2974801 3.61726432854761e-05
S4_2987050 4 2991050 0.000313844996210884
S4_3005609 4 3009609 1.03154381221212e-05
S4_3005610 4 3009610 1.74478832644594e-05
S4_3005611 4 3009611 1.70107379459891e-05
S4_3005613 4 3009613 1.74478832644594e-05
S4_3005614 4 3009614 1.74478832644601e-05
S4_3005616 4 3009616 1.74478832644601e-05
S4_3057393 4 3061393 0.00094658973757853
S4_3058650 4 3062650 0.000985688239026998
S4_3070039 4 3074039 2.10723464316287e-05
S4_3087885 4 3091885 0.000153910018288221
S4_3087888 4 3091888 0.000371667872143779
S4_3087890 4 3091890 0.000729816970328889
S4_3087909 4 3091909 0.000371667872143779
S4_3108463 4 3112463 8.06650446142792e-06
S4_3114682 4 3118682 6.20592242619786e-05
S4_3118605 4 3122605 6.30157954581007e-07
S4_3125612 4 3129612 3.93081034518152e-07
S4_3126783 4 3130783 0.000210390747618779
S4_3127587 4 3131587 2.74161797454826e-06
S4_3131652 4 3135652 1.57295893596539e-07
S4_3188456 4 3192456 0.000791552074883642
S4_3188457 4 3192457 0.000139751535739602
S4_3311089 4 3315089 0.000264091445472709
S4_3311103 4 3315103 2.23593477619095e-05
S4_3311104 4 3315104 2.23593477619095e-05
S4_3351440 4 3355440 0.000955557065152978
S4_3387905 4 3391905 0.000265035906574521
S4_3387907 4 3391907 0.000265035906574488
S4_3431529 4 3435529 0.000261079136053769
S4_3431722 4 3435722 9.11948484820605e-07
S4_3455807 4 3459807 1.62559425982647e-10
S4_3456905 4 3460905 0.000119020990378203
S4_3472093 4 3476093 0.000316956078539232
S4_3496772 4 3500772 0.000211754885220818
S4_3519745 4 3523745 0.000533277717214946
S4_3520593 4 3524593 0.00088307020368052
S4_3648109 4 3652109 3.01257562504706e-05
S4_3653348 4 3657348 1.00614946596848e-05
S4_3653361 4 3657361 1.0061494659686e-05
S4_3653364 4 3657364 1.00614946596848e-05
S4_3653397 4 3657397 1.00614946596848e-05
S4_3653758 4 3657758 1.94482337907826e-06
S4_3654263 4 3658263 1.30578401184891e-05
S4_3655195 4 3659195 8.97427851076675e-06
S4_3655220 4 3659220 8.97427851076675e-06
S4_3671219 4 3675219 0.00066125048739589
S4_3689122 4 3693122 4.092133801072e-07
S4_3816417 4 3820417 7.40562263914613e-16
S4_3857775 4 3861775 3.30820245680662e-05
S4_3857777 4 3861777 2.84913207789974e-05
S4_3885227 4 3889227 0.000215338986595892
S4_3914106 4 3918106 0.000317006863071666
S4_3914115 4 3918115 0.000494741427621147
S4_3914117 4 3918117 0.000494741427620936
S4_3956038 4 3960038 0.000222472886122814
S4_3956063 4 3960063 0.000222472886122814
S4_3956065 4 3960065 0.000222472886122854
S4_4022816 4 4026816 2.18558074062552e-07
S4_4156468 4 4160468 0.000323436879455364
S4_4159073 4 4163073 0.000993215616542295
S4_4181126 4 4185126 0.000649228297344259
S4_4181288 4 4185288 1.82396096005129e-06
S4_4181548 4 4185548 8.24250460450172e-07
S4_4181611 4 4185611 6.39421395531763e-06
S4_4219028 4 4223028 0.000885968175376827
S4_4223640 4 4227640 0.000885164517662708
S4_4224850 4 4228850 3.71249122371001e-06
S4_4224922 4 4228922 0.000155541599519697
S4_4225109 4 4229109 0.000804255497428084
S4_4247574 4 4251574 2.82507522984454e-05
S4_4251974 4 4255974 5.05623002141363e-05
S4_4259725 4 4263725 0.000192086962126481
S4_4260180 4 4264180 4.50024682599641e-05
S4_4260752 4 4264752 0.000142460545606372
S4_4325856 4 4329856 4.97852781714933e-06
S4_4325857 4 4329857 4.97852781714681e-06
S4_4332198 4 4336198 0.000748977786632523
S4_4368539 4 4372539 9.87981152418387e-07
S4_4369674 4 4373674 0.000726604132544328
S4_4392584 4 4396584 0.000478960412998722
S4_4434011 4 4438011 0.000155942074756807
S4_4446752 4 4450752 0.000327278290305714
S4_4520578 4 4524578 6.01634770988399e-06
S4_4556066 4 4560066 2.7473363240533e-08
S4_4562659 4 4566659 0.000754374739091311
S4_4645086 4 4649086 4.65366188988502e-06
S4_4657588 4 4661588 1.57603796034283e-06
S4_4698505 4 4702505 4.21007276611452e-06
S4_4698510 4 4702510 4.21007276613725e-06
S4_4753850 4 4757850 1.89112421364768e-05
S4_4773074 4 4777074 4.38351661739518e-06
S4_4775069 4 4779069 2.72794851099961e-06
S4_4777024 4 4781024 1.0805140459611e-05
S4_4777214 4 4781214 3.74205493024829e-05
S4_4778177 4 4782177 5.13161365533803e-05
S4_4835121 4 4839121 2.53007684753351e-06
S4_4851470 4 4855470 8.7467937627168e-06
S4_4870012 4 4874012 1.94902046979565e-06
S4_4870078 4 4874078 3.12162500768669e-06
S4_4870107 4 4874107 3.12162500768669e-06
S4_4878014 4 4882014 1.59244552494026e-06
S4_4916267 4 4920267 0.000441872482629585
S4_4921788 4 4925788 1.00663111726725e-05
S4_4930755 4 4934755 0.000873336910933144
S4_4972431 4 4976431 5.84360342791243e-05
S4_4976025 4 4980025 3.98561194427899e-05
S4_4983450 4 4987450 5.94458127326949e-05
S4_4986812 4 4990812 5.12996239333815e-05
S4_4986813 4 4990813 9.0045328001149e-06
S4_5003086 4 5007086 4.80710177046296e-06
S4_5008814 4 5012814 0.000388026375819043
S4_5062527 4 5066527 3.02697498503985e-06
S4_5062529 4 5066529 3.02697498504804e-06
S4_5071302 4 5075302 0.000495131777404616
S4_5089757 4 5093757 1.81442889126458e-12
S4_5179505 4 5183505 1.41658892172465e-05
S4_5197363 4 5201363 1.55090530794394e-05
S4_5232786 4 5236786 1.84207955575865e-07
S4_5234953 4 5238953 1.36965424939358e-07
S4_5235064 4 5239064 0.000772438182056314
S4_5235082 4 5239082 0.000732220131052863
S4_5240203 4 5244203 6.41612390604336e-07
S4_5240352 4 5244352 0.000135065546798356
S4_5240378 4 5244378 0.000135065546798356
S4_5242402 4 5246402 3.29577871064192e-09
S4_5243002 4 5247002 1.91074664307668e-07
S4_5243648 4 5247648 1.98989252210384e-06
S4_5248607 4 5252607 0.000312834993521104
S4_5248608 4 5252608 0.000312834993521104
S4_5254866 4 5258866 4.72287074723578e-06
S4_5320940 4 5324940 3.93581931125134e-05
S4_5353469 4 5357469 6.45884700641113e-07
S4_5377682 4 5381682 7.58583701180318e-05
S4_5377917 4 5381917 0.000392619809750548
S4_5385556 4 5389556 2.92610927702908e-05
S4_5385705 4 5389705 4.69262907736023e-05
S4_5403288 4 5407288 0.000205458844053882
S4_5406808 4 5410808 2.41056587845985e-05
S4_5406809 4 5410809 6.75239645018549e-06
S4_5408054 4 5412054 9.63625593576513e-08
S4_5408131 4 5412131 4.69102938994991e-08
S4_5408144 4 5412144 3.41307078910358e-07
S4_5457074 4 5461074 1.09930316047144e-07
S4_5457084 4 5461084 0.0002919664465676
S4_5461618 4 5465618 4.43642719937377e-06
S4_5467893 4 5471893 4.50685133173276e-06
S4_5471278 4 5475278 0.000220922903636081
S4_5471296 4 5475296 0.000220922903636081
S4_5473698 4 5477698 0.000950251655977648
S4_5473726 4 5477726 0.000933980662664758
S4_5473838 4 5477838 2.82729602700508e-05
S4_5473842 4 5477842 2.82729602700508e-05
S4_5484774 4 5488774 0.000659534205397035
S4_5488335 4 5492335 6.81760555722791e-11
S4_5523181 4 5527181 0.000845918348503633
S4_5629891 4 5633891 9.17943931933322e-05
S4_5672255 4 5676255 0.000275717811947626
S4_5679211 4 5683211 0.00011750618785384
S4_5692259 4 5696259 0.000469885617018437
S4_5723712 4 5727712 9.72239190443196e-06
S4_5723722 4 5727722 9.72239190443146e-06
S4_5723735 4 5727735 9.72239190443146e-06
S4_5723965 4 5727965 0.000171904218766563
S4_5723985 4 5727985 0.000117444531932513
S4_5730455 4 5734455 7.96201039681507e-05
S4_5730497 4 5734497 2.48690537170949e-05
S4_5730498 4 5734498 2.48690537170949e-05
S4_5732307 4 5736307 2.3018331000481e-05
S4_5732325 4 5736325 2.30183310004733e-05
S4_5732421 4 5736421 0.000315003820004505
S4_5749207 4 5753207 7.49262575419785e-06
S4_5753320 4 5757320 5.78214563336202e-06
S4_5753322 4 5757322 5.7821456333284e-06
S4_5753323 4 5757323 5.7821456333284e-06
S4_5753325 4 5757325 5.78214563336202e-06
S4_5753328 4 5757328 5.78214563336202e-06
S4_5753329 4 5757329 3.10050130976499e-05
S4_5756538 4 5760538 5.13372624733389e-05
S4_5832683 4 5836683 0.000494735672640622
S4_5896354 4 5900354 3.49688319155087e-06
S4_5896377 4 5900377 1.37185036286353e-07
S4_5917935 4 5921935 8.79681670101195e-06
S4_5921720 4 5925720 0.000107475767510473
S4_5921756 4 5925756 0.000644109795513232
S4_5923638 4 5927638 3.10430813459142e-05
S4_5926285 4 5930285 0.000789631820815376
S4_5926286 4 5930286 0.000789631820815301
S4_6016568 4 6020568 4.22931129421486e-06
S4_6043379 4 6047379 0.000881649513534875
S4_6044871 4 6048871 4.34369627521114e-05
S4_6044872 4 6048872 4.34369627521075e-05
S4_6044876 4 6048876 4.40309916876506e-05
S4_6045721 4 6049721 1.67216633767495e-06
S4_6058124 4 6062124 0.000573518268681709
S4_6087367 4 6091367 5.99074421816732e-05
S4_6091226 4 6095226 0.000201626249463952
S4_6091240 4 6095240 0.000201626249463952
S4_6091899 4 6095899 1.57739194675839e-05
S4_6091919 4 6095919 1.57739194675845e-05
S4_6092547 4 6096547 1.01852477178454e-06
S4_6112324 4 6116324 2.61252945943881e-08
S4_6147785 4 6151785 0.000383396690592884
S4_6158170 4 6162170 0.000964750604582663
S4_6158173 4 6162173 0.000195365775248124
S4_6158253 4 6162253 0.000339785951961691
S4_6158260 4 6162260 0.000339785951961629
S4_6158284 4 6162284 0.000339785951961691
S4_6190364 4 6194364 3.39086641323994e-07
S4_6216396 4 6220396 3.6112789733159e-05
S4_6216413 4 6220413 3.6112789733159e-05
S4_6231049 4 6235049 1.43223000832143e-05
S4_6248627 4 6252627 2.34840690085973e-08
S4_6251900 4 6255900 0.000247498299673583
S4_6252766 4 6256766 2.72571119495855e-07
S4_6288672 4 6292672 0.00054067963933599
S4_6294652 4 6298652 0.000237485116597245
S4_6295698 4 6299698 3.21802544507351e-09
S4_6295927 4 6299927 0.00019133958072085
S4_6296445 4 6300445 8.30028026955793e-06
S4_6296492 4 6300492 1.5851195099571e-05
S4_6327197 4 6331197 0.000176260052784147
S4_6327432 4 6331432 0.000141537812853156
S4_6328099 4 6332099 5.59428890437934e-05
S4_6328100 4 6332100 5.59428890437948e-05
S4_6328102 4 6332102 5.59428890437948e-05
S4_6328103 4 6332103 5.59428890437948e-05
S4_6328104 4 6332104 5.59428890437934e-05
S4_6328105 4 6332105 5.59428890437948e-05
S4_6328106 4 6332106 5.59428890437934e-05
S4_6328107 4 6332107 5.59428890437948e-05
S4_6333982 4 6337982 1.23950130669737e-05
S4_6333988 4 6337988 1.67022266335965e-05
S4_6334823 4 6338823 0.000205411722778522
S4_6355634 4 6359634 0.000494113745899582
S4_6412732 4 6416732 0.000107449975719248
S4_6412926 4 6416926 5.90202206922568e-05
S4_6413008 4 6417008 0.000188790823626042
S4_6413242 4 6417242 4.11291499026966e-05
S4_6426225 4 6430225 8.17031143685232e-05
S4_6441009 4 6445009 3.83243022188498e-08
S4_6456655 4 6460655 0.000137538155427894
S4_6459464 4 6463464 7.97435989139193e-06
S4_6459476 4 6463476 7.97435989139193e-06
S4_6459738 4 6463738 0.000191388459896062
S4_6503009 4 6507009 8.02283341153893e-05
S4_6503016 4 6507016 0.000132125481333638
S4_6519588 4 6523588 0.00086917304881416
S4_6527350 4 6531350 8.89334301319796e-05
S4_6546221 4 6550221 7.92561128416337e-06
S4_6555485 4 6559485 0.000568392662046261
S4_6556247 4 6560247 0.000697517030507997
S4_6562471 4 6566471 1.02942851328999e-05
S4_6615631 4 6619631 2.86019931682068e-05
S4_6615655 4 6619655 2.86019931682068e-05
S4_6624131 4 6628131 0.000701456922918264
S4_6648744 4 6652744 3.42539731959589e-05
S4_6757787 4 6761787 0.0001374240016109
S4_6804813 4 6808813 0.000412499621399179
S4_6925230 4 6929230 2.67742622117375e-07
S4_6945732 4 6949732 2.45423205280414e-06
S4_6945952 4 6949952 0.000986880009365883
S4_6945961 4 6949961 0.000159565898369916
S4_7008498 4 7012498 1.40018279218447e-05
S4_7025439 4 7029439 0.000172986007520443
S4_7053893 4 7057893 0.000140753654219607
S4_7059044 4 7063044 5.68231398411199e-07
S4_7072448 4 7076448 0.00023808014553489
S4_7094597 4 7098597 1.20751754066934e-05
S4_7094598 4 7098598 1.20751754066934e-05
S4_7094601 4 7098601 4.64349280049147e-06
S4_7095260 4 7099260 7.68631612150891e-07
S4_7102005 4 7106005 1.55372324468101e-05
S4_7102080 4 7106080 1.08275905153335e-05
S4_7102233 4 7106233 0.000739234527092837
S4_7111399 4 7115399 1.96542162468014e-05
S4_7127186 4 7131186 1.81683020213145e-07
S4_7128288 4 7132288 1.41635880585645e-15
S4_7157280 4 7161280 4.82470856643665e-06
S4_7159476 4 7163476 0.000226436882059206
S4_7160613 4 7164613 7.46815454773322e-05
S4_7160641 4 7164641 4.9776582730692e-05
S4_7160671 4 7164671 3.11344753732167e-05
S4_7163559 4 7167559 9.26441491768191e-06
S4_7212903 4 7216903 3.57558991718376e-17
S4_7237032 4 7241032 1.34567834277688e-07
S4_7237033 4 7241033 1.34567834277706e-07
S4_7241725 4 7245725 1.79594888224411e-15
S4_7280475 4 7284475 0.000431819372909047
S4_7292781 4 7296781 9.66902869189064e-13
S4_7353175 4 7357175 0.000238037108581926
S4_7353179 4 7357179 0.000238037108581926
S4_7353180 4 7357180 8.50185079056961e-08
S4_7353183 4 7357183 1.26421690998506e-07
S4_7376168 4 7380168 4.10345399965215e-12
S4_7376170 4 7380170 4.10345399965215e-12
S4_7380355 4 7384355 6.08035436246587e-06
S4_7381458 4 7385458 0.000229620999852117
S4_7381520 4 7385520 6.82508486998127e-06
S4_7381539 4 7385539 1.27980917906261e-05
S4_7382660 4 7386660 3.22698673045986e-06
S4_7455420 4 7459420 1.3745024169473e-05
S4_7502109 4 7506109 0.000127717393895107
S4_7510093 4 7514093 1.69088398311325e-05
S4_7518679 4 7522679 0.000207057705447724
S4_7522428 4 7526428 7.03560150657369e-05
S4_7524853 4 7528853 5.12190227933251e-07
S4_7541303 4 7545303 2.20977639112733e-05
S4_7591143 4 7595143 0.000308276151957834
S4_7593561 4 7597561 8.22548197063531e-05
S4_7607192 4 7611192 1.92695325787722e-05
S4_7607230 4 7611230 1.92695325787722e-05
S4_7640055 4 7644055 5.14208650560076e-05
S4_7640078 4 7644078 0.000150166203471046
S4_7640092 4 7644092 1.7307317821309e-06
S4_7640275 4 7644275 1.98108926370682e-05
S4_7640276 4 7644276 1.308586700156e-08
S4_7640291 4 7644291 1.32015255180736e-08
S4_7817762 4 7821762 7.9306108469305e-12
S4_7828713 4 7832713 9.61353566614972e-06
S4_7832122 4 7836122 1.53132756080038e-06
S4_7832243 4 7836243 9.98956744963776e-06
S4_7867465 4 7871465 0.000969318909446356
S4_7867621 4 7871621 1.07335498267643e-11
S4_7867654 4 7871654 1.95691711227705e-10
S4_7872478 4 7876478 0.000619987893369876
S4_7872482 4 7876482 0.000619987893369876
S4_7872488 4 7876488 7.21743023674836e-06
S4_7923923 4 7927923 0.000134026526504706
S4_7943825 4 7947825 0.000201988300326812
S4_7953060 4 7957060 6.59442381718115e-08
S4_7954590 4 7958590 5.84414414071912e-05
S4_7954623 4 7958623 0.000398224950638136
S4_7971744 4 7975744 0.000636551910671348
S4_7971758 4 7975758 0.000636551910671382
S4_7972127 4 7976127 3.88170341948792e-08
S4_7982586 4 7986586 0.000572493077733267
S4_8022121 4 8026121 0.000966684232359242
S4_8032799 4 8036799 0.000263602005014972
S4_8114120 4 8118120 2.65791901051735e-05
S4_8132632 4 8136632 0.000161868193081615
S4_8153019 4 8157019 8.74145392813255e-07
S4_8157057 4 8161057 4.00704029239672e-06
S4_8165349 4 8169349 3.11768791786287e-06
S4_8321444 4 8325444 0.000187033657360661
S4_8372281 4 8376281 4.0924683290099e-05
S4_8372290 4 8376290 4.0924683290099e-05
S4_8372314 4 8376314 4.09246832901032e-05
S4_8388363 4 8392363 0.000359702837997577
S4_8599449 4 8603449 4.39434425851271e-06
S4_8624047 4 8628047 2.78179663534242e-12
S4_8645739 4 8649739 0.000497783506696072
S4_8659567 4 8663567 1.83123059644427e-06
S4_8662646 4 8666646 0.000512899478812944
S4_8735386 4 8739386 0.000398781254993583
S4_8780441 4 8784441 0.000566746407314602
S4_8780445 4 8784445 0.000566746407315945
S4_8792768 4 8796768 2.8315552212003e-05
S4_8792792 4 8796792 0.000146836427917935
S4_8880760 4 8884760 0.000862393942928222
S4_8889187 4 8893187 0.000139120941242832
S4_8893704 4 8897704 0.000272079439991382
S4_8902819 4 8906819 0.000329361447894621
S4_8921478 4 8925478 3.63977688428814e-05
S4_9029538 4 9033538 6.14784648245034e-06
S4_9078640 4 9082640 0.000387426358655744
S4_9120694 4 9124694 0.00054775749953844
S4_9340824 4 9344824 0.000591686694670779
S4_9342296 4 9346296 0.000930364680189975
S4_9342330 4 9346330 0.000930364680189975
S4_9362396 4 9366396 0.00021642805276459
S4_9362419 4 9366419 3.07897790983447e-05
S4_9380552 4 9384552 0.000202893387519213
S4_9387976 4 9391976 0.000357638971361662
S4_9392755 4 9396755 4.30320271103887e-06
S4_9393046 4 9397046 1.69519510442891e-06
S4_9393208 4 9397208 0.000266448741990146
S4_9417171 4 9421171 5.15615861855376e-05
S4_9429288 4 9433288 4.98471859155572e-05
S4_9433114 4 9437114 0.000194792435639819
S4_9437482 4 9441482 0.000927088970887766
S4_9437661 4 9441661 2.30204474589904e-06
S4_9467549 4 9471549 0.00075989726567948
S4_9467600 4 9471600 0.000202989484049237
S4_9474956 4 9478956 0.00097374389187109
S4_9474975 4 9478975 0.000274084527076865
S4_9474983 4 9478983 0.000274084527076865
S4_9477710 4 9481710 0.000255340048797546
S4_9478384 4 9482384 0.000278416741335418
S4_9478421 4 9482421 3.11324665380906e-05
S4_9501670 4 9505670 0.000301699091129658
S4_9510694 4 9514694 4.60095727572402e-06
S4_9510817 4 9514817 0.00064129626006222
S4_9518450 4 9522450 7.13256062331056e-07
S4_9518451 4 9522451 7.13256062330284e-07
S4_9541630 4 9545630 1.77037861452322e-05
S4_9551094 4 9555094 6.84890570164126e-07
S4_9551765 4 9555765 0.000233356192692685
S4_9554937 4 9558937 4.96319613933751e-06
S4_9554945 4 9558945 0.00054563770549464
S4_9593044 4 9597044 6.16366674240876e-06
S4_9607430 4 9611430 0.000183278441958067
S4_9640968 4 9644968 0.000926322219896254
S4_9640973 4 9644973 0.000926322219896254
S4_9668493 4 9672493 0.000807767642057171
S4_9676344 4 9680344 6.98410985245618e-06
S4_9707691 4 9711691 0.000862600840215528
S4_9750574 4 9754574 0.000382018739931732
S4_9770356 4 9774356 9.50505184425619e-10
S4_9795376 4 9799376 0.000516119521528782
S4_9834257 4 9838257 1.23254573644061e-05
S4_9842697 4 9846697 0.000350934533211907
S4_9889162 4 9893162 0.000402967276385534
S4_9889315 4 9893315 2.29031585779926e-05
S4_9889335 4 9893335 2.29031585779926e-05
S4_9892707 4 9896707 1.41798246000418e-05
S4_9892948 4 9896948 0.000189346559226631
S4_9893559 4 9897559 1.26236734841694e-05
S4_9896398 4 9900398 0.000857379606150646
S4_9896438 4 9900438 0.000111288063854897
S4_9896462 4 9900462 0.000111288063854897
S4_9913793 4 9917793 6.23926658288203e-05
S4_9940202 4 9944202 1.34048049285407e-05
S4_9944593 4 9948593 3.781617596001e-05
S4_9955357 4 9959357 0.00011182566805079
S4_9978295 4 9982295 0.000254814922763972
S4_10009547 4 10013547 0.000653403821208165
S4_10009578 4 10013578 0.000653403821208042
S4_10116306 4 10120306 8.75163183541458e-05
S4_10116516 4 10120516 0.000299636022548755
S4_10179293 4 10183293 9.08776371502009e-05
S4_10180804 4 10184804 0.000940094244454633
S4_10180906 4 10184906 1.50372005626614e-05
S4_10181749 4 10185749 0.00094150015296013
S4_10181805 4 10185805 0.000299375543464911
S4_10203434 4 10207434 1.18382730565101e-05
S4_10264555 4 10268555 0.000597669141494337
S4_10273763 4 10277763 1.9411960930584e-05
S4_10273774 4 10277774 1.9411960930584e-05
S4_10277975 4 10281975 0.000522115810901489
S4_10279539 4 10283539 2.31002731232602e-06
S4_10348998 4 10352998 0.000105013924590322
S4_10363827 4 10367827 1.02822473029947e-05
S4_10363857 4 10367857 8.25661799697311e-05
S4_10419112 4 10423112 0.00021242808989294
S4_10420835 4 10424835 0.000545591282533511
S4_10420881 4 10424881 0.000241244504297632
S4_10432110 4 10436110 0.000874249174391063
S4_10433708 4 10437708 0.000239783327291413
S4_10470926 4 10474926 0.000438323490583607
S4_10486156 4 10490156 0.000231092283279945
S4_10487868 4 10491868 0.000599215679676689
S4_10487869 4 10491869 0.000601004326428196
S4_10503077 4 10507077 0.000888104717594651
S4_10547581 4 10551581 4.75783340401812e-05
S4_10547582 4 10551582 1.79961403576794e-05
S4_10547584 4 10551584 1.79961403576814e-05
S4_10547585 4 10551585 1.54661791702824e-05
S4_10547666 4 10551666 0.000616411073478094
S4_10559684 4 10563684 0.000480706086639528
S4_10559958 4 10563958 2.52751532771884e-05
S4_10574532 4 10578532 1.09977263392177e-06
S4_10645877 4 10649877 8.74593554334367e-08
S4_10703179 4 10707179 0.000431179915564718
S4_10800709 4 10804709 3.17088584752226e-05
S4_10855055 4 10859055 0.000267344505476552
S4_10856516 4 10860516 2.58652944515816e-05
S4_10902644 4 10906644 5.99511785038449e-08
S4_10925171 4 10929171 0.000124534027938288
S4_10930530 4 10934530 0.000920973947583409
S4_11011132 4 11015132 0.000869254510343579
S4_11018606 4 11022606 0.000617557438483787
S4_11064879 4 11068879 0.000517605952333992
S4_11067339 4 11071339 0.000725857570448739
S4_11067846 4 11071846 0.000352059966008542
S4_11147968 4 11151968 0.000770768641851062
S4_11150491 4 11154491 0.00096699797020184
S4_11225476 4 11229476 5.39274461006875e-05
S4_11230152 4 11234152 5.49134509249856e-05
S4_11230157 4 11234157 0.000438074540165805
S4_11230164 4 11234164 5.49134509249856e-05
S4_11237917 4 11241917 0.000820824571497245
S4_11241129 4 11245129 0.000409879226812677
S4_11252160 4 11256160 0.000137239216968444
S4_11273894 4 11277894 4.33543196175201e-06
S4_11273898 4 11277898 4.33543196175201e-06
S4_11277959 4 11281959 0.000507924503697217
S4_11292553 4 11296553 1.50885855203921e-07
S4_11292819 4 11296819 0.000176142673038515
S4_11526249 4 11530249 4.0350905022798e-05
S4_11618564 4 11622564 6.43006439873806e-05
S4_11650653 4 11654653 0.000498289710947937
S4_11667993 4 11671993 0.000451714222324911
S4_11682848 4 11686848 0.000257968970990088
S4_11683470 4 11687470 0.000355077835011743
S4_11683641 4 11687641 0.000419868038490535
S4_11683657 4 11687657 0.000481211552515697
S4_11832142 4 11836142 0.000140415998731694
S4_11832668 4 11836668 0.000340388699677725
S4_11832672 4 11836672 0.000289807936360278
S4_11845970 4 11849970 0.000956125758056248
S4_11845998 4 11849998 0.000956125758056248
S4_11850802 4 11854802 0.0008522449386742
S4_11853821 4 11857821 0.00041823470675042
S4_11897483 4 11901483 6.032713751997e-05
S4_11977462 4 11981462 0.00024655708655507
S4_12000394 4 12004394 0.000489126484091677
S4_12000428 4 12004428 0.000489126484091677
S4_12004934 4 12008934 0.000216865404324678
S4_12060464 4 12064464 3.40826243133707e-05
S4_12070588 4 12074588 0.000580495669907698
S4_12087292 4 12091292 8.45658364372718e-05
S4_12129808 4 12133808 0.000713070999021187
S4_12141498 4 12145498 0.000283039171164202
S4_12180690 4 12184690 0.000573138095264115
S4_12268404 4 12272404 0.000342381472393162
S4_12293618 4 12297618 0.000469288840959075
S4_12302713 4 12306713 0.000981168074271984
S4_12332759 4 12336759 3.28871126743698e-05
S4_12493860 4 12497860 0.00032217237436913
S4_12551817 4 12555817 0.000405164517775552
S4_12559437 4 12563437 2.42171527890853e-05
S4_12764548 4 12768548 1.89555298490162e-09
S4_12806637 4 12810637 0.000157727580565717
S4_12806661 4 12810661 0.000157727580565717
S4_12806683 4 12810683 0.000157727580565717
S4_12808155 4 12812155 0.000313451729869919
S4_12814611 4 12818611 2.9805123019939e-06
S4_12838020 4 12842020 4.31613094898454e-07
S4_12880516 4 12884516 0.000112743313495858
S4_12882611 4 12886611 0.000639126456866383
S4_12907081 4 12911081 9.06670515117734e-05
S4_12917574 4 12921574 5.21818173693295e-05
S4_13021694 4 13025694 0.000404952972105534
S4_13122030 4 13126030 0.000111391874150367
S4_13330059 4 13334059 3.97402367013524e-05
S4_13407262 4 13411262 0.000891682298964887
S4_13476985 4 13480985 0.000579214697753278
S4_13513525 4 13517525 0.000752633188167184
S4_13546920 4 13550920 8.41200209943948e-05
S4_13546923 4 13550923 9.38770866065428e-05
S4_13546962 4 13550962 8.41200209943948e-05
S4_13743138 4 13747138 0.000255578092514305
S4_13743193 4 13747193 0.000112616416597781
S4_13743847 4 13747847 0.000111415396439153
S4_13914085 4 13918085 0.000474656898360514
S4_13923303 4 13927303 0.000364034184465289
S4_13956766 4 13960766 0.000749308172196373
S4_13957661 4 13961661 0.00061260357240623
S4_13957857 4 13961857 9.73687352953623e-05
S4_13960666 4 13964666 0.000157230962785226
S4_13960720 4 13964720 0.000644675048487696
S4_14004165 4 14008165 0.000189595280520011
S4_14004168 4 14008168 0.000189595280520011
S4_14029077 4 14033077 0.000941865808948858
S4_14111028 4 14115028 0.000655997039273933
S4_14216617 4 14220617 0.000448031054588923
S4_14227989 4 14231989 0.000258145380020317
S4_14265187 4 14269187 6.75490141510111e-05
S4_14292127 4 14296127 4.35250264044141e-05
S4_14383918 4 14387918 0.000405628625414668
S4_14536411 4 14540411 9.39583480831431e-05
S4_14635302 4 14639302 0.000273007691055496
S4_14638474 4 14642474 0.000131796831875154
S4_14734848 4 14738848 0.000881413433150211
S4_14789281 4 14793281 6.26783273748185e-05
S4_14804578 4 14808578 0.000394305175442192
S4_14804890 4 14808890 0.000445710252651644
S4_14836110 4 14840110 4.06747889247987e-05
S4_14850821 4 14854821 9.39405964123276e-05
S4_14873816 4 14877816 0.000850826094701191
S4_14909640 4 14913640 0.000996363063665949
S4_14973517 4 14977517 0.000923416503737454
S4_15027931 4 15031931 0.000166477189041221
S4_15036128 4 15040128 5.50596570773493e-05
S4_15036143 4 15040143 5.50596570773493e-05
S4_15085678 4 15089678 9.69208065266904e-05
S4_15103903 4 15107903 0.000165891905890892
S4_15231400 4 15235400 0.000715869889594323
S4_15437313 4 15441313 9.44445468161435e-05
S4_15437358 4 15441358 9.44445468161435e-05
S4_15608292 4 15612292 0.000203270925202908
S4_15650970 4 15654970 7.66062473829786e-07
S4_15650989 4 15654989 0.000428775805229697
S4_15727513 4 15731513 0.000367404553300317
S4_15764995 4 15768995 0.000742976340453549
S4_15857514 4 15861514 9.49263640833335e-06
S4_15900588 4 15904588 0.000858661220896768
S4_15909553 4 15913553 0.000626928078068129
S4_15912830 4 15916830 0.000811416051578653
S4_16083180 4 16087180 0.000503611215721847
S4_16414490 4 16418490 0.000819098805412273
S4_16576961 4 16580961 0.000361619391881896
S4_16732639 4 16736639 0.000645736414713244
S4_16776068 4 16780068 0.000104398434766159
S4_16797166 4 16801166 3.15042915370486e-05
S4_16833943 4 16837943 1.24038568264258e-06
S4_17031697 4 17035697 0.0001688069019429
S4_17081402 4 17085402 0.000979766575736295
S4_17123033 4 17127033 8.79094026995312e-06
S4_17156451 4 17160451 7.66616169269922e-07
S4_17192872 4 17196872 3.0485059949087e-05
S4_17193366 4 17197366 2.573663469931e-05
S4_17420848 4 17424848 1.23984093759221e-05
S4_17478918 4 17482918 0.000231168102334943
S4_17481714 4 17485714 6.33926895718244e-06
S4_17482030 4 17486030 4.86909825204422e-07
S4_17483684 4 17487684 1.18651496799779e-06
S4_17543323 4 17547323 9.87328687771532e-07
S4_17596533 4 17600533 3.73934092113746e-06
S4_17621675 4 17625675 9.92339871095986e-06
S4_17679869 4 17683869 9.09529147450486e-06
S4_17690627 4 17694627 0.000666706219566199
S4_17828809 4 17832809 8.34524228365066e-05
S4_17877998 4 17881998 5.18966532272384e-06
S4_17898496 4 17902496 5.74876257582135e-06
S4_17943668 4 17947668 1.03635619443211e-07
S4_18072995 4 18076995 4.75509763073396e-06
S4_18134462 4 18138462 9.85552862021272e-06
S4_18134786 4 18138786 2.08764504649038e-06
S4_18217249 4 18221249 5.89844557787417e-06
S4_18277232 4 18281232 0.000832409729604077
S4_18277244 4 18281244 4.22372271199491e-06
S4_18345288 4 18349288 2.80686897276852e-05
S4_18405086 4 18409086 9.92297927127465e-06
S4_18453724 4 18457724 3.6436631995406e-05
S4_18605341 4 18609341 0.000243867435998476
S4_18625279 4 18629279 0.000211340379515045
S4_18712627 4 18716627 1.12785390829916e-05
S4_18775003 4 18779003 0.000114593838184453
S4_18820314 4 18824314 9.26161355982926e-07
S4_18820393 4 18824393 1.83633741788138e-05
S4_18834114 4 18838114 1.13920755796751e-05
S4_18916819 4 18920819 6.36714294015248e-05
S4_18984197 4 18988197 3.81751400989779e-06
S4_19048991 4 19052991 0.00021631823793033
S4_19051924 4 19055924 3.50419302215587e-06
S4_19060527 4 19064527 1.75141152296532e-06
S4_19122015 4 19126015 2.08165506053185e-05
S4_19132876 4 19136876 2.57167478856347e-06
S4_19141910 4 19145910 0.000929914927104619
S4_19142434 4 19146434 0.000114909163686822
S4_19142449 4 19146449 6.7949913482124e-06
S4_19244039 4 19248039 0.00080446842225934
S4_19279610 4 19283610 1.01227940961914e-05
S4_19392475 4 19396475 1.81566390781301e-06
S4_19393404 4 19397404 9.81192644813453e-06
S4_19435400 4 19439400 3.17828110618066e-06
S4_19482673 4 19486673 1.05719417590306e-05
S4_19485682 4 19489682 0.000292286656256796
S4_19564513 4 19568513 8.93789267009139e-06
S4_19564542 4 19568542 4.38949282263827e-05
S4_19572548 4 19576548 8.60286117483726e-06
S4_19572799 4 19576799 6.93603190349846e-06
S4_19595406 4 19599406 0.000100361013371973
S4_19595409 4 19599409 9.36845638962936e-05
S4_19715832 4 19719832 2.64194649384496e-05
S4_19717650 4 19721650 5.30063098990803e-05
S4_19717782 4 19721782 1.94029920826866e-05
S4_19804224 4 19808224 0.000350978015299943
S4_19804230 4 19808230 0.000350978015299943
S4_19810878 4 19814878 4.85538870189014e-05
S4_19816034 4 19820034 9.72420317417665e-06
S4_19988130 4 19992130 3.89346147286027e-05
S4_20002318 4 20006318 5.72008062284561e-06
S4_20027418 4 20031418 1.06030454700245e-06
S4_20035001 4 20039001 0.000106922672508863
S4_20056883 4 20060883 0.000535534335331309
S4_20077747 4 20081747 0.000781864278859768
S4_20116197 4 20120197 1.10734682478572e-05
S4_21129304 4 21133304 1.70593169955619e-05
S4_21207762 4 21211762 0.000399649796799219
S4_22756285 4 22760285 1.10974717374803e-05
S4_23618735 4 23622735 7.44306028956088e-06
S4_24180334 4 24184334 3.28982698537729e-05
S4_25621931 4 25625931 6.45214734409742e-07
S4_25840172 4 25844172 0.00047503132618153
S4_26307179 4 26311179 0.000422362097616321
S4_32244053 4 32248053 4.97238323935822e-08
S4_32358947 4 32362947 1.5880815643956e-05
S4_33024088 4 33028088 0.000882658843290108
S4_33796826 4 33800826 0.000465900077147926
S4_34074608 4 34078608 0.000780467688905021
S4_34171619 4 34175619 0.000765449910246143
S4_34803894 4 34807894 1.11684589862216e-05
S4_35221665 4 35225665 3.05722391849239e-05
S4_35467169 4 35471169 0.000149848214797233
S4_36004521 4 36008521 9.84182848230253e-05
S4_37562636 4 37566636 5.48637248269396e-05
S4_37749213 4 37753213 0.000985349451480361
S4_37889580 4 37893580 7.37613482973968e-05
S4_37904415 4 37908415 4.47697516939919e-05
S4_38691372 4 38695372 7.56123945672993e-05
S4_38723132 4 38727132 0.000128607441398441
S4_38859238 4 38863238 0.000134470240998087
S4_39048614 4 39052614 0.000846488699516338
S4_39132075 4 39136075 0.00030004592156729
S4_39273796 4 39277796 0.000203973989590083
S4_39341910 4 39345910 0.000254724478375352
S4_39801860 4 39805860 1.6533958646838e-05
S4_40017170 4 40021170 0.000800833415109549
S4_40265185 4 40269185 0.000605662894946839
S4_40852719 4 40856719 0.000839779919591268
S4_40934489 4 40938489 4.34426728995354e-06
S4_40991677 4 40995677 1.29581153820083e-06
S4_41087246 4 41091246 2.23088830821766e-06
S4_41093602 4 41097602 3.33286901385037e-05
S4_41345936 4 41349936 0.000314068383865171
S4_41441414 4 41445414 2.47938148423139e-05
S4_41493384 4 41497384 0.000179650505405067
S4_41785286 4 41789286 0.000335629675376823
S4_41925934 4 41929934 0.000101764777421891
S4_41935476 4 41939476 1.00119467703919e-05
S4_42086473 4 42090473 0.000360073518767303
S4_42096835 4 42100835 2.67558338771946e-05
S4_42096978 4 42100978 2.01046205020686e-06
S4_42120995 4 42124995 0.000971938006747588
S4_42153019 4 42157019 5.75857338322144e-05
S4_42153041 4 42157041 4.5990325002874e-05
S4_42153197 4 42157197 6.84350031165014e-05
S4_42172064 4 42176064 3.63929456638772e-05
S4_42269537 4 42273537 8.14676619461813e-05
S4_42354958 4 42358958 3.31408791560654e-05
S4_42399698 4 42403698 0.000232965524096709
S4_42399812 4 42403812 4.07713607375593e-05
S4_42432982 4 42436982 2.58738642929434e-05
S4_42434430 4 42438430 0.00044646105234921
S4_42435165 4 42439165 2.83258166604813e-05
S4_42483419 4 42487419 0.000142349039443043
S4_42617574 4 42621574 1.5777051368624e-05
S4_42617575 4 42621575 1.57770513686188e-05
S4_42633614 4 42637614 6.78971485369052e-05
S4_42642388 4 42646388 6.96143524815654e-05
S4_42690428 4 42694428 8.59781888470472e-05
S4_42705609 4 42709609 3.80019059911741e-06
S4_42724740 4 42728740 0.000381816590582435
S4_42748425 4 42752425 3.30792459007957e-05
S4_42774340 4 42778340 5.10208997265541e-05
S4_42870656 4 42874656 0.00021454188716227
S4_43019196 4 43023196 1.13222137175847e-05
S4_43081765 4 43085765 5.56180173576665e-05
S4_43138719 4 43142719 1.54475051164227e-05
S4_43138750 4 43142750 1.54475051164227e-05
S4_43279512 4 43283512 0.00014885843702784
S4_43286333 4 43290333 0.000126521442825654
S4_43286629 4 43290629 0.000657221700660728
S4_43286651 4 43290651 9.30567855149958e-05
S4_43416751 4 43420751 2.96363569656239e-05
S4_43505322 4 43509322 0.000376577765719445
S4_43505361 4 43509361 5.87203898632751e-05
S4_43526287 4 43530287 0.000612609443845391
S4_43562258 4 43566258 0.000137974843880113
S4_43562272 4 43566272 0.000137974843880113
S4_43564767 4 43568767 0.000212824121726274
S4_43603961 4 43607961 3.48397177190493e-05
S4_43617487 4 43621487 4.92127797541757e-05
S4_43645897 4 43649897 8.74936724808505e-05
S4_43646486 4 43650486 2.82246897260427e-05
S4_43747848 4 43751848 0.000128454478184413
S4_43811724 4 43815724 5.00821761259205e-05
S4_43857642 4 43861642 3.98846483584979e-05
S4_43897960 4 43901960 9.34443781577907e-05
S4_43927231 4 43931231 0.000123115645086067
S4_43943569 4 43947569 0.000865553603352975
S4_43998182 4 44002182 0.000588583105599162
S4_44064749 4 44068749 0.00021233149079663
S4_44193015 4 44197015 5.22259524720139e-05
S4_44312038 4 44316038 0.000124799743617419
S4_44312207 4 44316207 0.000335457618540844
S4_44318140 4 44322140 8.62179889167714e-05
S4_44336793 4 44340793 0.000103916217533519
S4_44338134 4 44342134 5.4658778319929e-05
S4_44591920 4 44595920 1.65979534250052e-07
S4_44591963 4 44595963 8.42599320880295e-05
S4_44633380 4 44637380 1.8837782770935e-06
S4_44708356 4 44712356 0.000894197130657713
S4_44708684 4 44712684 0.000205808833426575
S4_44734794 4 44738794 2.30414338755492e-05
S4_44794819 4 44798819 0.00011062117010954
S4_44806205 4 44810205 4.72507733657075e-05
S4_44830864 4 44834864 0.000365293986717165
S4_44865425 4 44869425 6.28332975699152e-05
S4_44893598 4 44897598 0.000397436250030738
S4_44894959 4 44898959 4.25393311769452e-05
S4_44981661 4 44985661 4.28201884768479e-05
S4_44981666 4 44985666 0.00011386893474976
S4_44992538 4 44996538 3.18709894319154e-05
S4_45005485 4 45009485 2.62796707625107e-05
S4_45055581 4 45059581 0.000558293672164959
S4_45055593 4 45059593 0.000625402065561485
S4_45056366 4 45060366 0.000189733952769487
S4_45066519 4 45070519 0.000989202879797248
S4_45078803 4 45082803 2.4467598879881e-05
S4_45079025 4 45083025 2.86953741380334e-05
S4_45080806 4 45084806 0.000272980812618849
S4_45115568 4 45119568 0.000583912928308212
S4_45115979 4 45119979 4.98133388160379e-05
S4_45133404 4 45137404 1.11468200617453e-05
S4_45133447 4 45137447 2.32249342115296e-07
S4_45155758 4 45159758 4.67671164861711e-05
S4_45155793 4 45159793 4.67671164861711e-05
S4_45155794 4 45159794 4.67671164861871e-05
S4_45181249 4 45185249 0.000242721236961668
S4_45230082 4 45234082 3.44426298561746e-05
S4_45240463 4 45244463 3.15593336658805e-06
S4_45263410 4 45267410 1.99261509370213e-06
S4_45272546 4 45276546 1.2147444954845e-07
S4_45285529 4 45289529 0.000526056775478353
S4_45286598 4 45290598 4.09442382410015e-05
S4_45286599 4 45290599 0.000660138752520466
S4_45347824 4 45351824 0.000243863262179929
S4_45350164 4 45354164 0.000801567415449652
S4_45355786 4 45359786 1.96445296185026e-05
S4_45440621 4 45444621 0.000141616786440589
S4_45440656 4 45444656 2.76249389215652e-05
S4_45474507 4 45478507 0.000569564521229857
S4_45474667 4 45478667 0.000711420910771899
S4_45506688 4 45510688 0.000861411500727266
S4_45516279 4 45520279 1.09812979247379e-05
S4_45517636 4 45521636 1.37900193870358e-08
S4_45517641 4 45521641 1.37900193870358e-08
S4_45517667 4 45521667 1.37900193870358e-08
S4_45517668 4 45521668 1.37900193870358e-08
S4_45519771 4 45523771 2.47709497135784e-05
S4_45550228 4 45554228 0.000252354459027958
S4_45558509 4 45562509 0.000505960322869037
S4_45580054 4 45584054 6.76370566020277e-05
S4_45642138 4 45646138 0.00010370693483422
S4_45689455 4 45693455 0.000584722717028303
S4_45722020 4 45726020 0.000356050851842065
S4_45732128 4 45736128 2.86681318900624e-05
S4_45754720 4 45758720 0.000160256768356668
S4_45754793 4 45758793 9.73145116687966e-05
S4_45762708 4 45766708 0.000239319482554601
S4_45868408 4 45872408 5.93193547383131e-06
S4_45868422 4 45872422 5.93193547383131e-06
S4_45878188 4 45882188 2.18512375502283e-05
S4_45903747 4 45907747 0.000127822409306455
S4_45940753 4 45944753 0.000970502735505245
S4_46059680 4 46063680 0.000417696249866265
S4_46071936 4 46075936 0.000180544122093334
S4_46088173 4 46092173 9.40508424405131e-05
S4_46155298 4 46159298 2.26313409813575e-05
S4_46275718 4 46279718 0.000993830028947191
S4_46275780 4 46279780 0.00089658865540876
S4_46315702 4 46319702 0.000299837830993475
S4_46315782 4 46319782 0.000873059566400654
S4_46377299 4 46381299 0.000398953483837338
S4_46410724 4 46414724 9.80540498816228e-06
S4_46437839 4 46441839 8.14066580680765e-05
S4_46437878 4 46441878 0.000114393516860234
S4_46500088 4 46504088 1.95169709348941e-05
S4_46565336 4 46569336 7.65016827311359e-06
S4_46570476 4 46574476 1.07125460059643e-06
S4_46612897 4 46616897 8.35096261041113e-05
S4_46652125 4 46656125 0.000144037830648737
S4_46656303 4 46660303 0.000832969118630115
S4_46664642 4 46668642 0.000970975576360445
S4_46677001 4 46681001 8.13445415578114e-06
S4_46810390 4 46814390 1.3833189242264e-05
S4_46848298 4 46852298 0.000158312186061596
S4_46848315 4 46852315 0.000158312186061596
S4_46862934 4 46866934 3.37811511531789e-06
S4_46862955 4 46866955 3.37811511531789e-06
S4_46863241 4 46867241 7.59759059863294e-06
S4_46869439 4 46873439 7.9410060226511e-05
S4_46869570 4 46873570 0.000209625840179157
S4_46887720 4 46891720 1.03450470682266e-05
S4_46912128 4 46916128 7.38841811923619e-05
S4_46950591 4 46954591 1.51562083576351e-05
S4_46950592 4 46954592 1.51562083576351e-05
S4_47056930 4 47060930 8.45151710489298e-06
S4_47096712 4 47100712 3.31934923305288e-05
S4_47097773 4 47101773 5.48169785759894e-05
S4_47107153 4 47111153 2.85363633100118e-05
S4_47107926 4 47111926 8.8018724682113e-06
S4_47112923 4 47116923 0.000216219633999734
S4_47117868 4 47121868 4.11161036596181e-05
S4_47192353 4 47196353 4.83070796339232e-05
S4_47205028 4 47209028 7.78901711410754e-07
S4_47205981 4 47209981 0.000762444864830565
S4_47293571 4 47297571 0.000160045333484692
S4_47354015 4 47358015 0.000276998091263485
S4_47354016 4 47358016 0.000628066787795773
S4_47428899 4 47432899 1.51215975713936e-05
S4_47554418 4 47558418 0.00031307932836775
S4_47554433 4 47558433 0.00031307932836775
S4_47748885 4 47752885 0.000570504250829296
S4_47981862 4 47985862 1.28702372364417e-06
S4_48082442 4 48086442 5.59804996947709e-08
S4_48169578 4 48173578 0.000111330987334786
S4_48214504 4 48218504 0.000528008219378524
S4_48363698 4 48367698 0.000654760974031894
S4_48406850 4 48410850 0.000106518943292791
S4_48416444 4 48420444 2.81546145954789e-05
S4_48472996 4 48476996 0.000165058168987415
S4_48472997 4 48476997 0.000788857666228957
S4_48475078 4 48479078 7.0484518583388e-06
S4_48475314 4 48479314 5.48091261611462e-06
S4_48480684 4 48484684 2.03618279115567e-05
S4_48480744 4 48484744 0.000590390941279027
S4_48572203 4 48576203 1.07400368187179e-06
S4_48572205 4 48576205 1.07855103765017e-06
S4_48575222 4 48579222 7.85148997336233e-06
S4_48578292 4 48582292 6.63813126793457e-06
S4_48578368 4 48582368 4.81673774129478e-06
S4_48578372 4 48582372 4.78773153181203e-06
S4_48578374 4 48582374 4.81673774129551e-06
S4_48578466 4 48582466 0.000404409524601403
S4_48578468 4 48582468 0.000406732789429198
S4_48578474 4 48582474 0.00040440952460135
S4_48578569 4 48582569 0.000138653972448879
S4_48578632 4 48582632 1.13088975324136e-06
S4_48596806 4 48600806 1.44034764063235e-05
S4_48603048 4 48607048 0.000173344554846063
S4_48674660 4 48678660 3.65400776999677e-06
S4_48674774 4 48678774 1.32770047814617e-05
S4_48686685 4 48690685 0.000819128823703011
S4_48764371 4 48768371 0.000964199160723326
S4_48764568 4 48768568 1.13789695303876e-05
S4_48764575 4 48768575 1.13789695303876e-05
S4_48766776 4 48770776 0.000475559931865856
S4_48773702 4 48777702 0.000445165115751016
S4_48797186 4 48801186 0.000678548204346438
S4_48801779 4 48805779 0.000336988169779436
S4_48831114 4 48835114 7.79090996005545e-06
S4_48831163 4 48835163 6.59089200668987e-05
S4_48837164 4 48841164 0.000109435980070641
S4_48844055 4 48848055 0.000115584440038503
S4_48848182 4 48852182 0.000493540488983132
S4_48848264 4 48852264 0.000609846379207769
S4_48866168 4 48870168 0.000744653906201023
S4_48879727 4 48883727 0.000585678366414038
S4_48891783 4 48895783 7.08991768912218e-05
S4_48919558 4 48923558 0.000832155084986766
S4_48920101 4 48924101 0.000556267410083648
S4_48920437 4 48924437 0.00030266383045224
S4_48932411 4 48936411 5.90150270676931e-05
S4_49046909 4 49050909 0.000318396551606104
S4_49047207 4 49051207 0.000859656301187524
S4_49047227 4 49051227 6.79250868160057e-06
S4_49069396 4 49073396 4.24584001800088e-05
S4_49134458 4 49138458 0.00054865061214347
S4_49134466 4 49138466 6.31054574825566e-06
S4_49139963 4 49143963 2.62032624232835e-07
S4_49139980 4 49143980 0.000301405793274313
S4_49139982 4 49143982 4.82178859915894e-05
S4_49139989 4 49143989 3.50760348193404e-05
S4_49139998 4 49143998 0.00024925016396323
S4_49148038 4 49152038 9.35018405460719e-05
S4_49302407 4 49306407 0.000224750910914221
S4_49311048 4 49315048 0.000865038136312778
S4_49322298 4 49326298 0.000773752789852541
S4_49322544 4 49326544 0.000688985020524039
S4_49378958 4 49382958 0.000719152978490007
S4_49421375 4 49425375 0.000335345177659921
S4_49421400 4 49425400 0.0003629920351828
S4_49424871 4 49428871 0.000407897462228063
S4_49424939 4 49428939 0.000113704260400794
S4_49433959 4 49437959 0.000517898568548722
S4_49436071 4 49440071 0.000459698979155859
S4_49436121 4 49440121 3.07452365393579e-07
S4_49440463 4 49444463 3.68644681388738e-05
S4_49442718 4 49446718 7.76194417670006e-06
S4_49494120 4 49498120 0.000494945556352596
S4_49520059 4 49524059 1.3085379037247e-06
S4_49555668 4 49559668 0.000528928333060715
S4_49571078 4 49575078 0.000263244103021434
S4_49596702 4 49600702 0.000441318327730959
S4_49598081 4 49602081 0.0003471704151913
S4_49618675 4 49622675 5.95569353053761e-06
S4_49775595 4 49779595 4.56955804943845e-05
S4_49815810 4 49819810 0.000404504552192917
S4_49827426 4 49831426 3.57203802529012e-05
S4_49831553 4 49835553 0.000952801445075794
S4_49831558 4 49835558 0.000856957467089677
S4_49831560 4 49835560 0.000856957467089479
S4_49892177 4 49896177 0.000828374100855514
S4_49904120 4 49908120 0.00061063175095222
S4_49904151 4 49908151 0.000610631750952307
S4_49904160 4 49908160 0.000610631750952307
S4_49904229 4 49908229 0.000353127587381589
S4_50052966 4 50056966 0.000337794014404539
S4_50093169 4 50097169 0.000309663653460963
S4_50117909 4 50121909 0.000479738371834611
S4_50151680 4 50155680 7.12492705645461e-09
S4_50255735 4 50259735 0.000974841914578072
S4_50368813 4 50372813 0.000458806112168749
S4_50368814 4 50372814 0.000458806112168749
S4_50381087 4 50385087 0.000194037667982954
S4_50418572 4 50422572 9.34597310762714e-05
S4_50478597 4 50482597 0.000359862181231622
S4_50478612 4 50482612 0.00018734463876279
S4_50532791 4 50536791 2.82010198180949e-08
S4_50541920 4 50545920 0.000725414409409391
S4_50541932 4 50545932 0.000725414409409391
S4_50542782 4 50546782 0.00054054343372325
S4_50788739 4 50792739 0.000899886081976171
S4_50789545 4 50793545 0.000473134776408888
S4_50791800 4 50795800 0.000148773393690599
S4_50846048 4 50850048 0.000602926808431683
S4_50856918 4 50860918 3.72514547261126e-05
S4_50891946 4 50895946 0.000272238397318198
S4_50900139 4 50904139 0.000183244486526981
S4_50985522 4 50989522 0.000564292688118573
S4_51006955 4 51010955 0.000390259950361757
S4_51015731 4 51019731 0.000593963454246172
S4_51015736 4 51019736 0.000593963454245339
S4_51015737 4 51019737 0.000593963454245339
S4_51035818 4 51039818 1.15141973079832e-06
S4_51074362 4 51078362 0.000760319357508036
S4_51074369 4 51078369 0.000760319357508036
S4_51079115 4 51083115 0.000532329060239677
S4_51116196 4 51120196 5.98356034047299e-05
S4_51116199 4 51120199 5.98356034047263e-05
S4_51116223 4 51120223 0.000354802571658606
S4_51151889 4 51155889 0.000134278361915521
S4_51176334 4 51180334 0.000610428092287442
S4_51217323 4 51221323 0.000444124463446149
S4_51217324 4 51221324 0.000444124463446149
S4_51217327 4 51221327 0.000444124463446149
S4_51223119 4 51227119 0.000647777014822596
S4_51361012 4 51365012 1.1638961790255e-06
S4_51429011 4 51433011 0.000745280406535657
S4_51456743 4 51460743 9.31804649594771e-06
S4_51504681 4 51508681 1.00059959126401e-08
S4_51534081 4 51538081 8.7942444976233e-08
S4_51534099 4 51538099 8.0208156783183e-08
S4_51534150 4 51538150 0.000181958098292719
S4_51535929 4 51539929 1.47934676824068e-07
S4_51536144 4 51540144 5.80918372813778e-06
S4_51536145 4 51540145 5.80918372813778e-06
S4_51540605 4 51544605 6.47302879428206e-08
S4_51540800 4 51544800 2.43887542995861e-06
S4_51545342 4 51549342 1.90840705301482e-05
S4_51582218 4 51586218 0.000140201737001576
S4_51602183 4 51606183 1.20190206592785e-07
S4_51613784 4 51617784 0.000509530684383914
S4_51644651 4 51648651 0.000226750941195171
S4_51645460 4 51649460 1.04872497799871e-05
S4_51645462 4 51649462 1.04872497799865e-05
S4_51645463 4 51649463 1.04872497799865e-05
S4_51645464 4 51649464 9.35433910773358e-06
S4_51652592 4 51656592 0.000134335580241238
S4_51652628 4 51656628 0.000134335580241238
S4_51731415 4 51735415 0.00036131269108151
S4_51765011 4 51769011 0.00045765532072176
S4_51767392 4 51771392 0.00099011814004173
S4_51875203 4 51879203 0.000460269593970744
S4_51928906 4 51932906 1.86506354488171e-05
S4_51929095 4 51933095 0.000218831183022728
S4_52006719 4 52010719 9.59888867608786e-05
S4_52077021 4 52081021 0.000562386836498071
S4_52120248 4 52124248 2.89827486980759e-05
S4_52120369 4 52124369 0.000106881458182593
S4_52172732 4 52176732 0.000441632353731579
S4_52177531 4 52181531 6.9575980897688e-05
S4_52180101 4 52184101 0.000742245682285837
S4_52191179 4 52195179 0.0003990197349395
S4_52204886 4 52208886 0.00045020206437022
S4_52204975 4 52208975 0.000500123551075865
S4_52215386 4 52219386 0.000830624121984536
S4_52215388 4 52219388 0.000830624121984536
S4_52289358 4 52293358 8.13246402806648e-05
S4_52318794 4 52322794 0.000452588114677248
S4_52328657 4 52332657 0.000247865356081384
S4_52349077 4 52353077 0.000298205561338585
S4_52367444 4 52371444 2.87631904932465e-05
S4_52381239 4 52385239 0.000317421149738514
S4_52382117 4 52386117 0.000461638403095347
S4_52382124 4 52386124 0.000342004958944393
S4_52424585 4 52428585 0.000176766006480969
S4_52438483 4 52442483 0.000118413848226394
S4_52467231 4 52471231 0.000253128639115934
S4_52473768 4 52477768 0.000494969924656038
S4_52473916 4 52477916 0.000199623941249562
S4_52574622 4 52578622 0.000372068094425543
S4_52579409 4 52583409 0.000374690966676275
S4_52579569 4 52583569 0.000295341948893414
S4_52579587 4 52583587 0.000295341948893414
S4_52598329 4 52602329 0.00036007277506513
S4_52613163 4 52617163 4.73903491235099e-06
S4_52677974 4 52681974 0.000601421073399122
S4_52700684 4 52704684 0.00039532874021002
S4_52702103 4 52706103 0.000450895793895816
S4_52704379 4 52708379 0.000418325345689835
S4_52706676 4 52710676 0.00035064874237533
S4_52740221 4 52744221 0.000515761138203905
S4_52819190 4 52823190 0.000387691501117968
S4_52831387 4 52835387 0.000123470389737769
S4_52831500 4 52835500 0.000506775929673028
S4_52859727 4 52863727 0.000454248337095645
S4_52873151 4 52877151 0.000136797614327794
S4_52876874 4 52880874 0.0005156117759929
S4_52924956 4 52928956 0.000867074078387317
S4_53002623 4 53006623 0.000557760197552491
S4_53002649 4 53006649 0.000557760197552491
S4_53002672 4 53006672 0.000557760197552413
S4_53002717 4 53006717 0.00045996275310842
S4_53002726 4 53006726 0.000275629250763088
S4_53002747 4 53006747 0.000454255932799731
S4_53008395 4 53012395 0.000367493257399232
S4_53040874 4 53044874 0.000218352541300085
S4_53040876 4 53044876 0.000218352541300085
S4_53040878 4 53044878 0.000218352541300085
S4_53051558 4 53055558 0.000393519121133576
S4_53094650 4 53098650 0.000491597087305234
S4_53154048 4 53158048 0.000346721289876244
S4_53250856 4 53254856 7.05956043520595e-08
S4_53362509 4 53366509 0.000349249016639523
S4_53388879 4 53392879 4.09678989566951e-11
S4_53401538 4 53405538 7.43130554528995e-08
S4_53428873 4 53432873 0.000162977389850259
S4_53497626 4 53501626 2.73817847785416e-06
S4_53589541 4 53593541 0.000818710419628625
S4_53814276 4 53818276 0.000192335860039245
S4_53817287 4 53821287 0.000170440990870877
S4_53829338 4 53833338 3.05921721880302e-05
S4_53840430 4 53844430 2.28899493635621e-08
S4_53873704 4 53877704 7.35618584286993e-05
S4_53911080 4 53915080 0.000139707227932563
S4_53999678 4 54003678 1.00741422865582e-05
S4_53999851 4 54003851 0.000296487587850736
S4_54002517 4 54006517 0.000843971355146245
S4_54002575 4 54006575 0.000843971355146245
S4_54002604 4 54006604 0.000313492379474222
S4_54002677 4 54006677 0.00046637658169343
S4_54019693 4 54023693 0.000160091731089116
S4_54021699 4 54025699 0.000860560005884992
S4_54030837 4 54034837 0.000519916608352451
S4_54030942 4 54034942 0.0004918339392907
S4_54114929 4 54118929 5.44831637780183e-08
S4_54214577 4 54218577 0.000517954162131803
S4_54270909 4 54274909 7.17882867774496e-05
S4_54272346 4 54276346 0.000523026450744639
S4_54309615 4 54313615 0.000281575575082145
S4_54319156 4 54323156 0.000626925160035077
S4_54374644 4 54378644 0.000946669576068492
S4_54382928 4 54386928 6.8216149887261e-07
S4_54397452 4 54401452 5.72556042874731e-08
S4_54410637 4 54414637 4.234304084168e-07
S4_54417860 4 54421860 1.26712745212938e-06
S4_54441958 4 54445958 1.13699604195517e-05
S4_54459897 4 54463897 2.18461645966138e-07
S4_54493561 4 54497561 5.80459390574745e-06
S4_54541042 4 54545042 0.000429141222234756
S4_54555458 4 54559458 0.000592388550479111
S4_54616604 4 54620604 2.86102283101046e-05
S4_54616913 4 54620913 2.48883074152553e-07
S4_54643491 4 54647491 0.000587860336347851
S4_54678105 4 54682105 2.64937466835349e-05
S4_54761234 4 54765234 0.000649934557390772
S4_54781879 4 54785879 2.35505968867742e-05
S4_54808873 4 54812873 0.000914670832995684
S4_54809175 4 54813175 5.63764492749524e-05
S4_54811952 4 54815952 0.00096281367476526
S4_54872947 4 54876947 0.000441395477161713
S4_54908389 4 54912389 0.000614931771997539
S4_54908624 4 54912624 2.03826891611295e-05
S4_54915096 4 54919096 5.07284431500802e-07
S4_54923045 4 54927045 9.55072899819304e-12
S4_54923635 4 54927635 0.000206642431064793
S4_54926025 4 54930025 0.000140489073191935
S4_54926045 4 54930045 0.000330847298465669
S4_54926075 4 54930075 0.000339353816531529
S4_54926114 4 54930114 0.00012179190114197
S4_54926117 4 54930117 0.00012179190114197
S4_54926366 4 54930366 0.000430940314571361
S4_54927386 4 54931386 2.11731617934779e-05
S4_54942964 4 54946964 0.000129386825051965
S4_54942970 4 54946970 0.000106636589539922
S4_54942985 4 54946985 0.000106636589539922
S4_54943025 4 54947025 0.000463936630846945
S4_54943075 4 54947075 0.000447285296288795
S4_54948830 4 54952830 0.000518648989172851
S4_54956757 4 54960757 2.46382822834505e-05
S4_54987091 4 54991091 0.000367022286147238
S4_54987676 4 54991676 5.09212906265007e-05
S4_54990577 4 54994577 0.000751103072776673
S4_55017790 4 55021790 0.000742803805536621
S4_55037227 4 55041227 0.000214098303184503
S4_55037387 4 55041387 9.6920789884737e-05
S4_55046887 4 55050887 9.52680627493583e-06
S4_55062487 4 55066487 0.000500370335552688
S4_55092511 4 55096511 0.000749432794914923
S4_55119905 4 55123905 0.000610090491647131
S4_55237709 4 55241709 0.000910283615205038
S4_55237751 4 55241751 0.000593015906386315
S4_55238553 4 55242553 0.000340110092517642
S4_55269698 4 55273698 0.000184098077241822
S4_55269712 4 55273712 0.000567491228373792
S4_55270873 4 55274873 2.89599210772014e-05
S4_55270881 4 55274881 2.89599210772014e-05
S4_55301046 4 55305046 0.000967027595372259
S4_55322072 4 55326072 0.000143670379913801
S4_55359984 4 55363984 1.78932095819643e-05
S4_55359987 4 55363987 0.000503712235426439
S4_55359995 4 55363995 1.78932095819643e-05
S4_55366387 4 55370387 1.47507246805922e-06
S4_55395357 4 55399357 0.000412313643566909
S4_55416147 4 55420147 1.73371661424331e-05
S4_55419659 4 55423659 0.000660984385454481
S4_55447428 4 55451428 0.000726041401115945
S4_55447735 4 55451735 0.00038403800032216
S4_55448162 4 55452162 1.02131200093448e-10
S4_55470378 4 55474378 3.35511127495241e-05
S4_55474122 4 55478122 1.45771486601167e-07
S4_55474368 4 55478368 5.18192750331277e-07
S4_55476272 4 55480272 0.000878536992038737
S4_55476921 4 55480921 0.000182815845211965
S4_55477598 4 55481598 0.000303748335029544
S4_55484410 4 55488410 2.02337895734447e-06
S4_55532987 4 55536987 0.000137374845770798
S4_55534413 4 55538413 0.00068697733195525
S4_55571222 4 55575222 0.000978611979157074
S4_55587712 4 55591712 0.0008021202318264
S4_55673559 4 55677559 0.000367932012843236
S4_55689509 4 55693509 2.74289390718858e-05
S4_55696151 4 55700151 3.19886549808393e-06
S4_55703084 4 55707084 1.52939803559272e-05
S4_55704106 4 55708106 0.000881036234726261
S4_55712812 4 55716812 0.000935725741391479
S4_55712993 4 55716993 0.000757992651632558
S4_55715250 4 55719250 8.37634672908686e-06
S4_55717890 4 55721890 1.51076542024326e-05
S4_55722460 4 55726460 4.00587222683344e-06
S4_55731641 4 55735641 0.000521516775349532
S4_55734102 4 55738102 0.000154283180989798
S4_55745259 4 55749259 6.10131821993487e-05
S4_55756618 4 55760618 5.91320030931922e-05
S4_55761812 4 55765812 0.000284609448704756
S4_55854778 4 55858778 0.000169567733449101
S4_55854833 4 55858833 0.000476695498333541
S4_55888364 4 55892364 3.29303142577608e-05
S4_55901943 4 55905943 0.000549906866176952
S4_55987326 4 55991326 0.000573480365751677
S4_55987337 4 55991337 0.000573480365751736
S4_56022916 4 56026916 4.04928469761843e-06
S4_56071782 4 56075782 0.000329438298546881
S4_56083219 4 56087219 0.000872332525126659
S4_56083231 4 56087231 0.000643537537007366
S4_56188481 4 56192481 0.000174131917949394
S4_56204156 4 56208156 0.000473172663811707
S4_56212465 4 56216465 0.000101102492398906
S4_56212507 4 56216507 0.000396144843341974
S4_56217492 4 56221492 0.000807497617732321
S4_56240926 4 56244926 0.000143265933500548
S4_56277666 4 56281666 1.57158503982091e-07
S4_56277675 4 56281675 0.000144163868803446
S4_56277711 4 56281711 0.00082851673928411
S4_56287109 4 56291109 5.95584143260877e-05
S4_56307077 4 56311077 3.76137976142384e-05
S4_56307744 4 56311744 1.36279908702137e-06
S4_56323935 4 56327935 0.000154516037542335
S4_56325666 4 56329666 0.000699165012760058
S4_56331842 4 56335842 0.000834238071069773
S4_56337469 4 56341469 2.95425109909449e-06
S4_56378845 4 56382845 0.000142001282137961
S4_56381400 4 56385400 0.00048024437840038
S4_56381584 4 56385584 4.62127585141573e-06
S4_56390961 4 56394961 0.000623773970602555
S4_56395253 4 56399253 0.00050261292137189
S4_56494738 4 56498738 0.000631044184785236
S4_56502758 4 56506758 9.97825485317112e-06
S4_56502762 4 56506762 1.01513396278858e-05
S4_56502763 4 56506763 1.01513396278858e-05
S4_56502860 4 56506860 7.57680078227485e-05
S4_56502896 4 56506896 0.000978581600652108
S4_56511463 4 56515463 0.00052204726473913
S4_56523403 4 56527403 0.000517114846915841
S4_56543435 4 56547435 0.000986538731415687
S4_56559075 4 56563075 0.000218082691778849
S4_56783562 4 56787562 0.00065642777120485
S4_56814956 4 56818956 0.000456579436419845
S4_56814959 4 56818959 0.000456579436419845
S4_56814961 4 56818961 0.000456579436419845
S4_56822968 4 56826968 0.000150973556355428
S4_56822977 4 56826977 0.000150973556355428
S4_56857275 4 56861275 0.000547385118573027
S4_57006369 4 57010369 0.000271352846274419
S4_57258837 4 57262837 0.000474586563908205
S4_57267117 4 57271117 1.09869001569357e-05
S4_57284011 4 57288011 7.31129576210806e-06
S4_57408687 4 57412687 0.000753772316276793
S4_57503417 4 57507417 1.52540630019742e-11
S4_57525112 4 57529112 0.00025047642724171
S4_57525114 4 57529114 0.00025047642724171
S4_57529955 4 57533955 0.000973911360133755
S4_57549889 4 57553889 0.000153739460127112
S4_57566408 4 57570408 0.000576306253719868
S4_57591346 4 57595346 0.000164914652226828
S4_57593458 4 57597458 1.60018908955326e-07
S4_57597497 4 57601497 0.0001672775972916
S4_57620681 4 57624681 1.74906469418405e-05
S4_57620686 4 57624686 1.28735453096691e-05
S4_57636190 4 57640190 0.000471944803262889
S4_57636209 4 57640209 0.000387375648722829
S4_57636210 4 57640210 0.000471944803262889
S4_57642514 4 57646514 4.71166375552399e-05
S4_57642535 4 57646535 0.00010619540855945
S4_57642595 4 57646595 1.50024537798068e-06
S4_57656876 4 57660876 3.5474939635129e-07
S4_57665776 4 57669776 0.000371786265355923
S4_57677249 4 57681249 0.000416323679316921
S4_57678672 4 57682672 0.000408883481262641
S4_57678720 4 57682720 0.00035620093805441
S4_57723431 4 57727431 0.000107451459446429
S4_57741274 4 57745274 0.000244895961601502
S4_57794331 4 57798331 1.16861079224719e-05
S4_57795588 4 57799588 0.000278429105513368
S4_57816720 4 57820720 1.9212539040646e-06
S4_57844376 4 57848376 0.000375362790670461
S4_57935567 4 57939567 0.000140472497504434
S4_58007758 4 58011758 0.000602789205856561
S4_58011307 4 58015307 8.4315081985207e-08
S4_58028786 4 58032786 5.06413903717614e-09
S4_58181586 4 58185586 0.0005648664928723
S4_58186893 4 58190893 0.000607210122878286
S4_58284870 4 58288870 1.38084508458013e-07
S4_58288945 4 58292945 0.00024440685350087
S4_58414717 4 58418717 0.000839920014339436
S4_58453606 4 58457606 7.86314696505164e-07
S4_58458037 4 58462037 5.39690176872821e-07
S4_58458044 4 58462044 5.2906861668667e-05
S4_58510900 4 58514900 0.000145991912398794
S4_58587317 4 58591317 3.30524484349151e-08
S4_58593651 4 58597651 2.46038401829484e-05
S4_58593654 4 58597654 2.46038401829514e-05
S4_58594595 4 58598595 3.59451790389948e-06
S4_58603730 4 58607730 1.67837795142301e-08
S4_58666525 4 58670525 0.000440919913990222
S4_58757481 4 58761481 0.000226428237069827
S4_58757526 4 58761526 0.000226428237069812
S4_58757540 4 58761540 0.000226428237069812
S4_58784650 4 58788650 1.53682039514751e-09
S4_58865416 4 58869416 0.000434001192150569
S4_58878218 4 58882218 0.000246303592642147
S4_58933998 4 58937998 1.03401355639844e-08
S4_58938626 4 58942626 8.85124609045307e-09
S4_58987766 4 58991766 3.418177189426e-08
S4_58999684 4 59003684 5.05511798279196e-05
S4_59007504 4 59011504 0.000589631160904736
S4_59046384 4 59050384 5.72476613884335e-08
S4_59115295 4 59119295 4.88510402210301e-05
S4_59384172 4 59388172 0.000127267347579461
S4_59391775 4 59395775 2.06412664950439e-05
S4_59394921 4 59398921 0.000756732125651082
S4_59417734 4 59421734 0.000180700275647783
S4_59418554 4 59422554 0.00011773476392319
S4_59420587 4 59424587 8.38999046241916e-06
S4_59420671 4 59424671 0.000797817211434407
S4_59455516 4 59459516 8.58109887662877e-05
S4_59469059 4 59473059 0.000112180120520227
S4_59478447 4 59482447 5.96892409094734e-08
S4_59520471 4 59524471 4.58964782062499e-06
S4_59585496 4 59589496 2.21640686278942e-09
S4_59585498 4 59589498 0.000612893411355765
S4_59585499 4 59589499 2.21640686278942e-09
S4_59585500 4 59589500 2.21640686278882e-09
S4_59585501 4 59589501 2.26885029019257e-09
S4_59709951 4 59713951 9.91422944444263e-05
S4_59720328 4 59724328 0.000178204749676066
S4_59836557 4 59840557 0.000136024366882393
S4_59956915 4 59960915 0.000218545223272968
S4_60020875 4 60024875 0.000854342317203555
S4_60032108 4 60036108 0.000460125891435059
S4_60065793 4 60069793 0.000805803780831626
S4_60068295 4 60072295 0.00047075357389986
S4_60116424 4 60120424 6.05382594425549e-10
S4_60118192 4 60122192 6.76165750510599e-05
S4_60223790 4 60227790 0.000101339430959449
S4_60415054 4 60419054 0.000511535340840059
S4_60418767 4 60422767 3.04807378461166e-06
S4_60421252 4 60425252 0.000102026391824791
S4_60430201 4 60434201 0.000260749201205558
S4_60438767 4 60442767 0.000959190519606978
S4_60438933 4 60442933 0.000739892284316194
S4_60451520 4 60455520 0.000984828798341961
S4_60664716 4 60668716 0.000299903801019324
S4_60692016 4 60696016 7.93535013166909e-05
S4_60749924 4 60753924 6.12613028940274e-05
S4_60751838 4 60755838 0.000713134897333595
S4_60798966 4 60802966 6.74510738030653e-06
S4_60819193 4 60823193 9.44000016799608e-06
S4_60855215 4 60859215 4.07925098816909e-05
S4_60900893 4 60904893 1.05767698929159e-05
S4_60935431 4 60939431 1.389510029137e-05
S4_60959566 4 60963566 0.000699122938506661
S4_60985616 4 60989616 1.38319774559416e-06
S4_60991075 4 60995075 0.000289987463265557
S4_60994873 4 60998873 0.000937045400483339
S4_60997363 4 61001363 9.72842109132691e-05
S4_61000330 4 61004330 4.63838245990474e-05
S4_61044533 4 61048533 0.000502504699030665
S4_61049671 4 61053671 7.79194291398582e-05
S4_61049675 4 61053675 7.79194291398582e-05
S4_61049685 4 61053685 7.79194291398582e-05
S4_61159487 4 61163487 0.000349606069084298
S4_61159505 4 61163505 0.000349606069084298
S4_61179958 4 61183958 1.32297041929876e-05
S4_61180104 4 61184104 4.41154879263059e-06
S4_61184835 4 61188835 0.000561896667973111
S4_61185816 4 61189816 0.000612041595155766
S4_61185837 4 61189837 0.000565341778675598
S4_61240496 4 61244496 0.000197871900574072
S4_61248686 4 61252686 0.000180293304021686
S4_61255756 4 61259756 1.76801231311063e-05
S4_61255762 4 61259762 1.76801231311063e-05
S4_61255785 4 61259785 1.76801231311321e-05
S4_61255791 4 61259791 1.76801231311063e-05
S4_61255988 4 61259988 2.37650236580893e-05
S4_61259234 4 61263234 1.44326157831001e-05
S4_61263023 4 61267023 3.70883527671474e-05
S4_61419129 4 61423129 1.50504192891007e-05
S4_61438504 4 61442504 1.06734277327771e-05
S4_61449956 4 61453956 5.98206377483933e-05
S4_61449958 4 61453958 5.98206377484462e-05
S4_61449959 4 61453959 5.98206377484462e-05
S4_61449961 4 61453961 5.98206377483933e-05
S4_61449962 4 61453962 5.98206377484462e-05
S4_61451888 4 61455888 0.00032584357695901
S4_61453389 4 61457389 0.000768798243284941
S4_61453390 4 61457390 0.000768798243284675
S4_61481914 4 61485914 0.000369920652425529
S4_61516006 4 61520006 1.17496458005642e-05
S4_61586871 4 61590871 0.000757922774834125
S4_61586926 4 61590926 0.000158534616768702
S4_61599849 4 61603849 0.00020079973408812
S4_61642320 4 61646320 0.000830673569919925
S4_61645121 4 61649121 0.00085838798306351
S4_61658647 4 61662647 0.000343946876959149
S4_61679612 4 61683612 1.18249193755959e-05
S4_61685846 4 61689846 4.41932558939746e-06
S4_61710802 4 61714802 0.000126663950910934
S4_61714926 4 61718926 0.000101792310564859
S4_61725790 4 61729790 1.11153928276006e-05
S4_61733517 4 61737517 0.000460377565915653
S4_61739638 4 61743638 1.09054451457144e-05
S4_61763311 4 61767311 0.000890530915432201
S4_61763321 4 61767321 0.000897918719789618
S4_61773080 4 61777080 0.000669978232371185
S4_61774910 4 61778910 0.000494506120528729
S4_61774913 4 61778913 0.000494506120528729
S4_61780674 4 61784674 5.48272262634818e-06
S4_61780678 4 61784678 5.48272262634818e-06
S4_61781141 4 61785141 0.000154382954584701
S4_61781148 4 61785148 0.000363871218136301
S4_61781439 4 61785439 1.13688550984006e-05
S4_61781460 4 61785460 5.658348531015e-06
S4_61789497 4 61793497 0.0001711643831747
S4_61853708 4 61857708 0.000585886016711721
S4_61873406 4 61877406 9.89854990188673e-06
S4_61945355 4 61949355 4.38751827441899e-05
S4_61953914 4 61957914 2.75105306319131e-05
S4_62005816 4 62009816 1.6498588773923e-05
S4_62016856 4 62020856 2.20561160042833e-05
S4_62046929 4 62050929 0.000565711616204106
S4_62070468 4 62074468 6.17950631605356e-05
S4_62085936 4 62089936 0.00049826218188589
S4_62236161 4 62240161 0.000237608440033639
S4_62262873 4 62266873 0.000927107726992192
S4_62282468 4 62286468 0.00064135767777501
S4_62332300 4 62336300 0.000303701738158481
S4_62352056 4 62356056 0.000644358926861939
S4_62440344 4 62444344 2.72396799331141e-05
S4_62482732 4 62486732 0.000808531170133456
S4_62483754 4 62487754 0.000295749323229027
S4_62483778 4 62487778 0.000553173916073703
S4_62524551 4 62528551 0.000757567791355319
S4_62524552 4 62528552 0.000757567791355319
S4_62524553 4 62528553 0.000757567791355319
S4_62565639 4 62569639 0.000323340465149387
S4_62687783 4 62691783 1.2506375439285e-05
S4_62716533 4 62720533 0.000157575375513564
S4_62716534 4 62720534 0.00011245569010926
S4_62725245 4 62729245 8.80936361458731e-05
S4_62759635 4 62763635 7.80483423636445e-05
S4_62855596 4 62859596 0.00022967675892869
S4_62869087 4 62873087 4.98705809742737e-06
S4_62872798 4 62876798 3.98102171298563e-06
S4_62880007 4 62884007 1.84988953045778e-05
S4_62881823 4 62885823 1.1557518419241e-05
S4_62901089 4 62905089 7.85350141622611e-06
S4_62918910 4 62922910 8.97927322781176e-06
S4_62919009 4 62923009 0.000646328641045155
S4_62927194 4 62931194 4.74206133170126e-06
S4_62955694 4 62959694 0.000364938370488121
S4_62955777 4 62959777 8.66333763182273e-06
S4_62959519 4 62963519 4.30330984883789e-06
S4_63046077 4 63050077 1.19702678447904e-05
S4_63177120 4 63181120 0.000182268261839945
S4_63263757 4 63267757 0.00068116795792506
S4_63276766 4 63280766 1.38041486971954e-07
S4_63379476 4 63383476 7.15764317126736e-07
S4_63381288 4 63385288 1.36689212024596e-08
S4_63387856 4 63391856 0.000926359499215702
S4_63388573 4 63392573 1.1013689167981e-06
S4_63389558 4 63393558 7.15245832728702e-06
S4_63413337 4 63417337 1.36179172999303e-06
S4_63428012 4 63432012 9.63225343284642e-07
S4_63539910 4 63543910 6.30679292886778e-06
S4_63703501 4 63707501 3.92633560974908e-05
S4_63726065 4 63730065 3.32775921073286e-10
S4_63731686 4 63735686 4.95404543730219e-16
S4_63758429 4 63762429 6.29726371610806e-10
S4_63769170 4 63773170 3.847239234348e-08
S4_63832968 4 63836968 0.000503843977499365
S4_63848161 4 63852161 0.00034107497292681
S4_63857205 4 63861205 0.000372772396936195
S4_63862727 4 63866727 0.000669705590816745
S4_63874061 4 63878061 6.91839368210572e-05
S4_63874734 4 63878734 0.000797535327966956
S4_63875031 4 63879031 0.000243635084643978
S4_63882432 4 63886432 0.000455637366757343
S4_63901531 4 63905531 0.000368184958529046
S4_63903718 4 63907718 0.000671625206076906
S4_64024600 4 64028600 1.15718483718599e-05
S4_64073719 4 64077719 1.36479457038464e-05
S4_64180630 4 64184630 1.29270871449707e-05
S4_64225364 4 64229364 0.000636044528365973
S4_64269969 4 64273969 0.000344294511506314
S4_64288782 4 64292782 0.000368010054966112
S4_64474497 4 64478497 5.93518764023049e-05
S4_64477371 4 64481371 3.28389447868928e-09
S4_64518059 4 64522059 0.00011198849785923
S4_64587380 4 64591380 0.000453435532607043
S4_64611830 4 64615830 8.30605289574889e-06
S4_64616417 4 64620417 0.000416871672747932
S4_64631933 4 64635933 2.07430626692063e-05
S4_64631962 4 64635962 2.07430626692063e-05
S4_64635469 4 64639469 9.98574035799035e-05
S4_64639387 4 64643387 1.84152311882388e-05
S4_64644599 4 64648599 0.000233976626831684
S4_64668484 4 64672484 3.13587018136226e-06
S4_64673869 4 64677869 0.00092955680856624
S4_64680682 4 64684682 0.000669167738344014
S4_64689004 4 64693004 0.000572027208206633
S4_64698845 4 64702845 0.000256800425033126
S4_64702761 4 64706761 4.47389209299695e-05
S4_64704686 4 64708686 0.000487533877750298
S4_64712663 4 64716663 0.000629477026859594
S4_64755478 4 64759478 1.36864025450924e-05
S4_64755733 4 64759733 4.01179402283184e-05
S4_64757740 4 64761740 0.000242749598626095
S4_64779153 4 64783153 0.000263038142219495
S4_64805631 4 64809631 4.99847031204438e-05
S4_64850520 4 64854520 0.000360849723033657
S4_64850938 4 64854938 0.00057986708238913
S4_64857446 4 64861446 0.000454701488137969
S4_64868673 4 64872673 9.87687709497069e-06
S4_64869347 4 64873347 0.000257816238849645
S4_64877128 4 64881128 9.54447433089284e-05
S4_64883170 4 64887170 3.53836451877744e-05
S4_64901274 4 64905274 5.31630298315281e-06
S4_64923838 4 64927838 4.59502313021324e-05
S4_64924685 4 64928685 4.00009520657209e-05
S4_64944005 4 64948005 0.000409628705276682
S4_64945099 4 64949099 1.98537585995544e-05
S4_64951252 4 64955252 2.23929274943923e-05
S4_64951273 4 64955273 0.000182207141540405
S4_64951573 4 64955573 0.00049019575539191
S4_65021018 4 65025018 0.000805592484279091
S4_65128966 4 65132966 3.63953440020529e-05
S4_65159226 4 65163226 3.07040525681126e-05
S4_65163810 4 65167810 0.000376817572085407
S4_65163811 4 65167811 0.000715997081002646
S4_65163819 4 65167819 0.000654683425600661
S4_65167261 4 65171261 0.000991984758399545
S4_65167262 4 65171262 0.000991984758399658
S4_65167263 4 65171263 0.000991984758399658
S4_65167605 4 65171605 6.70808174354259e-05
S4_65227654 4 65231654 0.000211391068317473
S4_65328502 4 65332502 0.000488168619693128
S4_65384367 4 65388367 0.000646900353123654
S4_65398254 4 65402254 9.40722049436724e-06
S4_65404458 4 65408458 0.000588682003177178
S4_65452757 4 65456757 0.000908803812954833
S4_65463237 4 65467237 3.06975080585965e-08
S4_65464465 4 65468465 0.000114683530687804
S4_65470756 4 65474756 1.29810489167074e-06
S4_65477771 4 65481771 0.000151230798134565
S4_65477786 4 65481786 7.74725476836805e-05
S4_65482095 4 65486095 0.000608317694990029
S4_65482113 4 65486113 0.000900767843185501
S4_65483886 4 65487886 5.23253939108747e-05
S4_65486404 4 65490404 9.55927320699342e-05
S4_65486507 4 65490507 0.000919292189145603
S4_65488620 4 65492620 0.000931306638179221
S4_65488629 4 65492629 0.000931306638179221
S4_65510081 4 65514081 9.83828974891939e-06
S4_65516008 4 65520008 0.000275154024290566
S4_65516124 4 65520124 0.000957829383835184
S4_65517819 4 65521819 0.000786814965623641
S4_65520221 4 65524221 6.86619443942285e-07
S4_65520222 4 65524222 6.86619443942285e-07
S4_65520223 4 65524223 6.86619443942285e-07
S4_65520224 4 65524224 4.59714553215459e-07
S4_65520591 4 65524591 7.84041209384713e-05
S4_65523883 4 65527883 0.000967449019004924
S4_65526406 4 65530406 0.000161837146457322
S4_65542329 4 65546329 0.000886620345906346
S4_65557592 4 65561592 1.07034037865758e-05
S4_65557759 4 65561759 4.97941761776467e-05
S4_65557777 4 65561777 1.3637305889473e-08
S4_65557783 4 65561783 4.97941761776467e-05
S4_65558151 4 65562151 2.64304820161099e-06
S4_65558162 4 65562162 2.78525232300323e-06
S4_65560564 4 65564564 9.69940773489722e-06
S4_65590614 4 65594614 9.77608817900339e-05
S4_65592008 4 65596008 9.95433036215025e-05
S4_65604058 4 65608058 0.000107919569435823
S4_65627575 4 65631575 0.000419279446244938
S4_65639784 4 65643784 0.000879985836812001
S4_65639790 4 65643790 0.000879985836812001
S4_65655410 4 65659410 0.000197709423602565
S4_65667848 4 65671848 0.000128761897305605
S4_65668772 4 65672772 5.97291801105063e-06
S4_65682071 4 65686071 0.000120793265894891
S4_65690109 4 65694109 0.000250227103754101
S4_65708849 4 65712849 6.07548573368319e-05
S4_65776193 4 65780193 0.000304108562171737
S4_65795637 4 65799637 3.63012122944305e-05
S4_65815278 4 65819278 3.56123785084793e-06
S4_65817374 4 65821374 0.000206074596537149
S4_65817384 4 65821384 0.000568903620630081
S4_65835332 4 65839332 1.45876300895922e-06
S4_65835344 4 65839344 1.45876300895922e-06
S4_65854063 4 65858063 4.79657436940543e-11
S4_65865926 4 65869926 2.5148160715161e-06
S4_65887908 4 65891908 0.000251820462857611
S4_65887956 4 65891956 0.000251820462857611
S4_65887958 4 65891958 0.000238318321757106
S4_65910708 4 65914708 2.97292621560855e-11
S4_65964427 4 65968427 0.00022687178133776
S4_66009771 4 66013771 0.000955734934194104
S4_66009775 4 66013775 0.000955734934194104
S4_66121614 4 66125614 0.00045910182848373
S4_66121659 4 66125659 0.00016679402357638
S4_66166753 4 66170753 3.08246936048777e-06
S4_66224537 4 66228537 0.000295732312036941
S4_66307504 4 66311504 7.16993973950413e-05
S4_66327353 4 66331353 0.000664469704051033
S4_66346747 4 66350747 0.000564582294906092
S4_66355169 4 66359169 8.83962874292114e-07
S4_66355184 4 66359184 9.89430654062633e-07
S4_66355644 4 66359644 0.000257855465899287
S4_66398511 4 66402511 0.000243466917817073
S4_66398735 4 66402735 5.46318141305472e-06
S4_66406133 4 66410133 0.000800638318281774
S4_66421522 4 66425522 0.000141508652675256
S4_66435542 4 66439542 0.000558177731789583
S4_66488327 4 66492327 0.000944743050636242
S4_66498596 4 66502596 0.000923463755725986
S4_66564403 4 66568403 0.000193440528311364
S4_66581216 4 66585216 4.82181550164072e-07
S4_66773058 4 66777058 8.82252906058453e-06
S4_66777817 4 66781817 3.11267622249591e-07
S4_66789276 4 66793276 1.87139854284634e-05
S4_66791823 4 66795823 6.65824588203598e-07
S4_66795672 4 66799672 6.75565464790984e-07
S4_66805950 4 66809950 7.40352995443782e-07
S4_66813352 4 66817352 6.4250354940179e-07
S4_66813354 4 66817354 6.4250354940179e-07
S4_66813356 4 66817356 6.4250354940179e-07
S4_66820837 4 66824837 9.43628872866154e-07
S4_66858684 4 66862684 8.36989376507758e-06
S4_66875706 4 66879706 1.50290785060774e-05
S4_66899456 4 66903456 1.2172600600784e-05
S4_66916092 4 66920092 1.2161129208329e-05
S4_66947237 4 66951237 1.04306677648821e-05
S4_67136781 4 67140781 0.000912546751980349
S4_67154583 4 67158583 0.000799319772885904
S4_67210511 4 67214511 0.000253008200560591
S4_67222812 4 67226812 0.000172891281935512
S4_67245152 4 67249152 1.7759696783216e-06
S4_67259096 4 67263096 2.06240902478736e-07
S4_67346672 4 67350672 0.000919864170991884
S4_67346686 4 67350686 0.000919864170991884
S4_67355243 4 67359243 6.68159167821252e-05
S4_67362362 4 67366362 4.95382466611062e-05
S4_67389435 4 67393435 6.42883998710153e-05
S4_67410819 4 67414819 1.69350769318984e-07
S4_67410823 4 67414823 0.000114581993382733
S4_67410826 4 67414826 0.000114581993382739
S4_67438839 4 67442839 0.000361902757560852
S4_67455664 4 67459664 0.000623536268412623
S4_67472449 4 67476449 7.09652013507841e-05
S4_67545891 4 67549891 7.45289809366907e-06
S4_67567538 4 67571538 9.43485237485638e-05
S4_67582382 4 67586382 2.25871092343016e-05
S4_67646147 4 67650147 5.54771702247894e-11
S4_67744710 4 67748710 4.45916918986931e-06
S4_67774777 4 67778777 0.000226518013541206
