Marker Chr Pos p
S2_122004 2 126004 0.000796144446531571
S2_129908 2 133908 0.000206489090986129
S2_131024 2 135024 2.4357982788947e-05
S2_148046 2 152046 4.01567991799628e-05
S2_148401 2 152401 2.65449149379762e-05
S2_201485 2 205485 0.000135443813164782
S2_262158 2 266158 9.95716156686668e-05
S2_328202 2 332202 9.61709689924035e-06
S2_359469 2 363469 1.07757742571919e-06
S2_371587 2 375587 1.40042842570561e-05
S2_371589 2 375589 1.40042842570561e-05
S2_371593 2 375593 2.20899094760975e-05
S2_371601 2 375601 1.40042842570636e-05
S2_374196 2 378196 9.01037030411732e-06
S2_451293 2 455293 0.000496130789937604
S2_460843 2 464843 0.000441258893743357
S2_488710 2 492710 2.21229344384556e-06
S2_501260 2 505260 0.000482935709885817
S2_501261 2 505261 0.000483030450220657
S2_501365 2 505365 3.18345001020043e-05
S2_518271 2 522271 0.000142855980807779
S2_549315 2 553315 0.000350021769532628
S2_581325 2 585325 6.64549833262385e-05
S2_589724 2 593724 1.58673576857738e-05
S2_651803 2 655803 4.71412700398569e-06
S2_655731 2 659731 9.10745893768546e-06
S2_713103 2 717103 9.71723828338815e-09
S2_717807 2 721807 4.6776726646165e-06
S2_788682 2 792682 0.000207486302683839
S2_820428 2 824428 3.2992479211603e-05
S2_968417 2 972417 0.000107423745012147
S2_1015554 2 1019554 0.000600122556624663
S2_1042719 2 1046719 0.000297631562487128
S2_1231911 2 1235911 4.87170884135847e-11
S2_1231946 2 1235946 4.87170884136856e-11
S2_1231960 2 1235960 4.87170884135847e-11
S2_1304977 2 1308977 1.78579018080076e-05
S2_1387572 2 1391572 0.00026933758855716
S2_1534020 2 1538020 2.60551362318437e-06
S2_1561748 2 1565748 0.00019510045635797
S2_1593049 2 1597049 0.000185377105405665
S2_1605956 2 1609956 0.000568171117898763
S2_1616222 2 1620222 0.000338100775836393
S2_1649596 2 1653596 6.15208454679765e-05
S2_1651527 2 1655527 3.82920731891629e-05
S2_1674195 2 1678195 0.000822952744016524
S2_1674198 2 1678198 1.93441317330927e-05
S2_1727841 2 1731841 0.000282602473459696
S2_1727853 2 1731853 0.000282602473459696
S2_1727883 2 1731883 0.000690357712770155
S2_1741441 2 1745441 0.000272220389264767
S2_1815845 2 1819845 4.37226089646769e-08
S2_2006635 2 2010635 6.63702930967026e-05
S2_2006636 2 2010636 6.63702930967026e-05
S2_2054466 2 2058466 6.56717446844967e-05
S2_2054469 2 2058469 6.56717446844967e-05
S2_2069223 2 2073223 0.000242230876535551
S2_2081487 2 2085487 0.000312006028209636
S2_2129193 2 2133193 0.000543587520778914
S2_2132288 2 2136288 6.04491156620468e-05
S2_2164389 2 2168389 0.000184494846838047
S2_2164390 2 2168390 0.000184494846838003
S2_2178381 2 2182381 0.000468945048876438
S2_2187841 2 2191841 0.00042756211895837
S2_2191829 2 2195829 5.74787665201019e-05
S2_2195314 2 2199314 5.73375768116971e-05
S2_2195341 2 2199341 0.000179557119110822
S2_2209607 2 2213607 0.000216233446073796
S2_2216532 2 2220532 2.61809329655422e-06
S2_2222441 2 2226441 6.98019128911498e-05
S2_2245613 2 2249613 1.671838503926e-05
S2_2292957 2 2296957 7.43658556649262e-06
S2_2297416 2 2301416 0.000928518939096756
S2_2297749 2 2301749 0.000264715158402745
S2_2299766 2 2303766 2.47242823132034e-05
S2_2323996 2 2327996 3.19472276089505e-05
S2_2383551 2 2387551 1.38260328350616e-05
S2_2383665 2 2387665 9.64001999632785e-05
S2_2408332 2 2412332 7.96038493980623e-05
S2_2446446 2 2450446 0.000150027413088338
S2_2448918 2 2452918 0.000108818462766328
S2_2448922 2 2452922 0.000108818462766325
S2_2453796 2 2457796 0.000137707863886108
S2_2459942 2 2463942 1.44549625938171e-05
S2_2471761 2 2475761 3.51238101958426e-05
S2_2478237 2 2482237 0.000510746261161778
S2_2478249 2 2482249 0.000510746261161778
S2_2518584 2 2522584 0.000533678709105024
S2_2529573 2 2533573 1.91507163875097e-06
S2_2529948 2 2533948 7.97919181216291e-05
S2_2530045 2 2534045 1.39304426569781e-05
S2_2561084 2 2565084 1.14141639047051e-05
S2_2562885 2 2566885 9.52460159132852e-06
S2_2563044 2 2567044 3.72625134456694e-05
S2_2563071 2 2567071 2.67694983073519e-05
S2_2569147 2 2573147 1.59287103182695e-05
S2_2569501 2 2573501 0.000318397545166968
S2_2580247 2 2584247 2.14286536835418e-05
S2_2586977 2 2590977 4.69155024177924e-08
S2_2586987 2 2590987 4.6256938712955e-08
S2_2595956 2 2599956 1.42349430354395e-05
S2_2620735 2 2624735 1.09242758926187e-05
S2_2624764 2 2628764 0.000252642123834219
S2_2637434 2 2641434 0.000974289006747855
S2_2640945 2 2644945 8.94182729058186e-05
S2_2643987 2 2647987 0.000304120965022247
S2_2644004 2 2648004 0.00030412096502223
S2_2644007 2 2648007 0.00030412096502223
S2_2644009 2 2648009 0.000304120965022247
S2_2644395 2 2648395 5.6489497315227e-06
S2_2644418 2 2648418 5.64894973149593e-06
S2_2644442 2 2648442 2.85531517021429e-05
S2_2665273 2 2669273 7.70599028861276e-06
S2_2670317 2 2674317 0.000152251179426304
S2_2670576 2 2674576 0.000279052570132575
S2_2691132 2 2695132 5.24440556267979e-06
S2_2721850 2 2725850 4.03412354069676e-08
S2_2764081 2 2768081 1.01493097854456e-07
S2_2770551 2 2774551 0.000234766025688914
S2_2773025 2 2777025 1.07173770769367e-05
S2_2782999 2 2786999 3.93623933510473e-06
S2_2799515 2 2803515 9.8833087859106e-06
S2_2808679 2 2812679 0.000342081575503966
S2_2837702 2 2841702 0.000341365061627837
S2_2837704 2 2841704 0.000780292515728381
S2_2838296 2 2842296 0.000567511360016758
S2_2839483 2 2843483 0.000413309603277312
S2_2839784 2 2843784 6.74683868616509e-05
S2_2839918 2 2843918 3.93744160673727e-07
S2_2839919 2 2843919 3.93744160673727e-07
S2_2903601 2 2907601 2.07034765062565e-05
S2_2905220 2 2909220 3.05621255344879e-05
S2_2928746 2 2932746 0.000608593632885366
S2_2929598 2 2933598 6.90105561752865e-05
S2_2938068 2 2942068 0.000358593371364484
S2_2938129 2 2942129 7.09239188708505e-05
S2_3028302 2 3032302 2.54193156690955e-06
S2_3029603 2 3033603 8.78072620167851e-06
S2_3082595 2 3086595 0.000166229022981139
S2_3094439 2 3098439 0.000495150912618485
S2_3123972 2 3127972 0.000150273194571569
S2_3126447 2 3130447 0.00059400971857548
S2_3133548 2 3137548 0.000473430351958605
S2_3324439 2 3328439 5.24549348216504e-06
S2_3331625 2 3335625 0.000965686798508211
S2_3395647 2 3399647 3.57049250633736e-05
S2_3399335 2 3403335 0.000132911337282395
S2_3399337 2 3403337 0.000132911337282358
S2_3399342 2 3403342 0.000132911337282358
S2_3485002 2 3489002 0.000852297955408223
S2_3533164 2 3537164 2.61797327167374e-08
S2_3561901 2 3565901 5.20997804565695e-05
S2_3565346 2 3569346 3.23367127227346e-08
S2_3565369 2 3569369 3.23367127227517e-08
S2_3620265 2 3624265 0.000197834185487854
S2_3646139 2 3650139 3.10186808852847e-08
S2_3716114 2 3720114 0.000284686354985069
S2_3773235 2 3777235 2.18720259629336e-07
S2_3779401 2 3783401 0.000279591591147135
S2_3779402 2 3783402 0.000279591591147135
S2_3785981 2 3789981 0.00031200748332694
S2_3792464 2 3796464 0.000223765552763515
S2_3800174 2 3804174 7.96612613116458e-05
S2_3800217 2 3804217 2.71262067051621e-05
S2_3807361 2 3811361 6.57554992581538e-05
S2_3825577 2 3829577 3.23173577885911e-06
S2_3897129 2 3901129 9.5847113492259e-08
S2_4000057 2 4004057 1.4613149998834e-05
S2_4000184 2 4004184 7.00615850450232e-06
S2_4074288 2 4078288 3.33509461177493e-05
S2_4165672 2 4169672 0.000288757697286288
S2_4165781 2 4169781 8.33255994404882e-05
S2_4172309 2 4176309 6.84053960116274e-05
S2_4172317 2 4176317 6.84053960116274e-05
S2_4376875 2 4380875 0.000409458992785142
S2_4387590 2 4391590 5.21839460526117e-06
S2_4393667 2 4397667 6.85346041513218e-05
S2_4457631 2 4461631 4.28480783066583e-05
S2_4458183 2 4462183 1.50805794816178e-05
S2_4877966 2 4881966 5.80869052259714e-06
S2_4882538 2 4886538 0.000286425237268027
S2_4913918 2 4917918 1.03157922178422e-05
S2_4916917 2 4920917 1.48469693619521e-05
S2_4963627 2 4967627 0.000785933251556427
S2_4963628 2 4967628 0.000785933251556427
S2_4963629 2 4967629 0.000782351543195977
S2_4971644 2 4975644 0.0002375124952704
S2_5058792 2 5062792 1.73145584218525e-05
S2_5099444 2 5103444 0.000534555371171103
S2_5113116 2 5117116 4.91481158494403e-05
S2_5120395 2 5124395 0.000587215328733132
S2_5228104 2 5232104 0.000515558553641631
S2_5238893 2 5242893 0.000524830178603155
S2_5238927 2 5242927 3.70069086025251e-05
S2_5241051 2 5245051 1.13992145482825e-05
S2_5249938 2 5253938 0.000680568792459978
S2_5286117 2 5290117 0.000217358557842436
S2_5293280 2 5297280 8.83156240632233e-05
S2_5297240 2 5301240 0.000207526340626716
S2_5297306 2 5301306 0.00042528728489518
S2_5383519 2 5387519 4.72472444548075e-05
S2_5388522 2 5392522 2.86434268166568e-05
S2_5392150 2 5396150 0.000314035667240477
S2_5424817 2 5428817 6.65239918873941e-05
S2_5427080 2 5431080 0.000920584315614454
S2_5470373 2 5474373 0.000273540003129333
S2_5470374 2 5474374 0.000273540003129333
S2_5481549 2 5485549 0.000200957921049756
S2_5481566 2 5485566 0.000200957921049744
S2_5481769 2 5485769 0.000434620848699682
S2_5493025 2 5497025 0.000301078300271763
S2_5495998 2 5499998 0.000355792178645517
S2_5495999 2 5499999 0.000293508060794068
S2_5496003 2 5500003 0.000315832519775703
S2_5496186 2 5500186 0.000892450763792507
S2_5502623 2 5506623 0.000962252460487703
S2_5530070 2 5534070 0.000532420965089333
S2_5657533 2 5661533 8.92368969166374e-05
S2_5682677 2 5686677 5.62270199638254e-06
S2_5744795 2 5748795 2.56194195547828e-05
S2_5758846 2 5762846 5.78252559935725e-05
S2_5823682 2 5827682 2.32743326737615e-05
S2_5833110 2 5837110 0.000507854300308013
S2_5838142 2 5842142 9.40478527409075e-06
S2_5844020 2 5848020 8.77404402483726e-06
S2_5879113 2 5883113 0.000741829747219699
S2_5883954 2 5887954 2.0862217694475e-05
S2_5916355 2 5920355 1.97940337994479e-06
S2_5930476 2 5934476 8.03018037793806e-05
S2_5936780 2 5940780 0.000818632613615398
S2_5936781 2 5940781 0.000818632613615398
S2_5962439 2 5966439 2.21742943726577e-05
S2_6145474 2 6149474 0.000865366221807193
S2_6150363 2 6154363 0.000137585780980883
S2_6194273 2 6198273 8.80228827333384e-05
S2_6232217 2 6236217 0.000115860274160579
S2_6234081 2 6238081 0.000604905883268624
S2_6235462 2 6239462 3.95360644387083e-05
S2_6235512 2 6239512 3.95360644385951e-05
S2_6235664 2 6239664 0.000190750026792435
S2_6235665 2 6239665 0.000190750026792435
S2_6235671 2 6239671 7.77441352945836e-05
S2_6235973 2 6239973 1.5860227074728e-05
S2_6249062 2 6253062 0.000586245095008269
S2_6249240 2 6253240 0.000948942263827413
S2_6446868 2 6450868 0.000277897431219567
S2_6446899 2 6450899 0.000277897431219539
S2_6446901 2 6450901 0.000277897431219539
S2_6460722 2 6464722 4.55287601739791e-06
S2_6466062 2 6470062 6.08795865586641e-05
S2_6472418 2 6476418 0.000304599438339697
S2_6474591 2 6478591 0.000948410155973824
S2_6474769 2 6478769 0.00057250083838067
S2_6474773 2 6478773 0.00057250083838067
S2_6559285 2 6563285 0.000789310788798622
S2_6572346 2 6576346 0.000796361261592731
S2_6595419 2 6599419 1.77247240756577e-10
S2_6617782 2 6621782 1.37637181999781e-05
S2_6620724 2 6624724 1.65986933471568e-05
S2_6627441 2 6631441 1.8219060687354e-05
S2_6631626 2 6635626 1.04894761054756e-05
S2_6674042 2 6678042 9.19406800374067e-07
S2_6691180 2 6695180 5.77552880287892e-06
S2_6693078 2 6697078 0.000417297171228045
S2_6700047 2 6704047 1.92511431152711e-05
S2_6762885 2 6766885 2.35702888012396e-06
S2_6843529 2 6847529 5.43751708921643e-05
S2_6845769 2 6849769 1.88791675734366e-06
S2_6859058 2 6863058 1.75330389268519e-05
S2_6866621 2 6870621 0.000119356847207847
S2_6872943 2 6876943 2.65865598333654e-05
S2_6920839 2 6924839 0.000628765056987064
S2_6931646 2 6935646 0.000177916442111
S2_7014670 2 7018670 3.75326869278778e-05
S2_7033052 2 7037052 2.14108435579659e-05
S2_7035669 2 7039669 0.000249603617772982
S2_7035681 2 7039681 0.000255561726730492
S2_7035685 2 7039685 0.000367998046458922
S2_7035711 2 7039711 0.000367998046458922
S2_7041010 2 7045010 0.00032561558200529
S2_7049559 2 7053559 0.000137199314128364
S2_7050351 2 7054351 1.82255424660515e-05
S2_7050600 2 7054600 0.000644587927212548
S2_7050601 2 7054601 0.000644587927212548
S2_7050602 2 7054602 0.000703229849959089
S2_7091555 2 7095555 1.74527070237411e-08
S2_7239647 2 7243647 2.80430456286182e-05
S2_7322984 2 7326984 2.17393560974726e-05
S2_7365984 2 7369984 2.60648075877906e-05
S2_7373042 2 7377042 0.00069054617974185
S2_7482754 2 7486754 8.39613343808892e-06
S2_7505189 2 7509189 1.10443475341798e-05
S2_7505749 2 7509749 1.0576417380101e-05
S2_7563742 2 7567742 0.000107262420695063
S2_7568742 2 7572742 0.000806665287430761
S2_7569407 2 7573407 9.25845798320623e-05
S2_7569410 2 7573410 9.25845798320067e-05
S2_7655036 2 7659036 0.000624887034413422
S2_7655037 2 7659037 0.000624887034413376
S2_7701502 2 7705502 2.10535634562645e-09
S2_7705600 2 7709600 5.68620304955744e-05
S2_7708211 2 7712211 1.31200266332682e-05
S2_7714104 2 7718104 0.000281686778209997
S2_7714106 2 7718106 0.000281686778209997
S2_7714123 2 7718123 0.000281686778209997
S2_7715053 2 7719053 0.000923596688088228
S2_7739785 2 7743785 8.04251429778176e-05
S2_7739787 2 7743787 8.04251429779602e-05
S2_7825258 2 7829258 0.000585783080392857
S2_7973029 2 7977029 2.54865397392512e-05
S2_7982254 2 7986254 1.12411257702372e-05
S2_7990885 2 7994885 2.17860934871995e-06
S2_8000415 2 8004415 0.000622344485416229
S2_8008157 2 8012157 0.000845736578113019
S2_8008168 2 8012168 0.000856654214361472
S2_8161471 2 8165471 2.38460047607112e-06
S2_8181586 2 8185586 2.898783228147e-06
S2_8193972 2 8197972 8.65865594126858e-06
S2_8202790 2 8206790 1.9696274757656e-05
S2_8203741 2 8207741 0.000601485209054978
S2_8244474 2 8248474 0.000569302767364159
S2_8244479 2 8248479 0.000569302767364159
S2_8258205 2 8262205 9.17041961528174e-06
S2_8265754 2 8269754 0.000814233742526204
S2_8473152 2 8477152 3.73681346626806e-06
S2_8478477 2 8482477 0.000106194811994914
S2_8478661 2 8482661 0.000315358616608573
S2_8487661 2 8491661 0.000684484190278203
S2_8489181 2 8493181 5.29329726614065e-05
S2_8521685 2 8525685 0.000665377512065585
S2_8521704 2 8525704 2.4398066428319e-05
S2_8521725 2 8525725 2.4398066428319e-05
S2_8562057 2 8566057 2.13294684180298e-05
S2_8570549 2 8574549 9.461375653706e-06
S2_8570557 2 8574557 9.46137565371743e-06
S2_8619428 2 8623428 8.80765013491465e-07
S2_8639218 2 8643218 1.19155753849391e-05
S2_8639250 2 8643250 1.66679763442115e-06
S2_8760350 2 8764350 2.99115058780185e-05
S2_8815240 2 8819240 2.09798221622859e-07
S2_8827323 2 8831323 0.000142548365674913
S2_8829715 2 8833715 4.03196609260344e-05
S2_8851899 2 8855899 0.000992246033386716
S2_8852647 2 8856647 1.65873513255984e-06
S2_8852771 2 8856771 0.00060287864127206
S2_8873643 2 8877643 9.0994218476307e-06
S2_8883859 2 8887859 1.29467372239123e-06
S2_8914290 2 8918290 2.04266551347762e-05
S2_8914291 2 8918291 2.04266551347737e-05
S2_9042638 2 9046638 8.16755723282427e-05
S2_9070275 2 9074275 0.000134911009724504
S2_9087835 2 9091835 0.000120713496469309
S2_9107416 2 9111416 5.66861728318197e-05
S2_9163049 2 9167049 1.49259462113795e-05
S2_9240404 2 9244404 0.00021478495835535
S2_9297200 2 9301200 0.000445204780667618
S2_9328346 2 9332346 0.000277815733133822
S2_9329401 2 9333401 0.000200301155140903
S2_9376949 2 9380949 7.62688026916855e-06
S2_9383899 2 9387899 4.03315932569754e-05
S2_9384084 2 9388084 1.68662650650291e-05
S2_9386936 2 9390936 2.66615818247387e-05
S2_9395598 2 9399598 0.000493862094965145
S2_9413443 2 9417443 1.2188790363304e-06
S2_9492198 2 9496198 5.01700453671741e-06
S2_9492683 2 9496683 4.55610946955168e-05
S2_9512223 2 9516223 1.18227972772168e-05
S2_9512244 2 9516244 1.18227972772168e-05
S2_9512250 2 9516250 1.18227972772168e-05
S2_9513478 2 9517478 0.000890260363312211
S2_9514627 2 9518627 5.1341740988492e-05
S2_9517843 2 9521843 6.29399626199698e-05
S2_9524745 2 9528745 7.04516004516805e-08
S2_9525971 2 9529971 2.38198257111749e-06
S2_9554307 2 9558307 2.08706077358459e-05
S2_9579308 2 9583308 0.000494942945895361
S2_9608495 2 9612495 0.000431673159556107
S2_9660979 2 9664979 0.000269303866944397
S2_9667745 2 9671745 0.000332864234907421
S2_9702387 2 9706387 6.79658135981815e-06
S2_9712116 2 9716116 1.58285691250084e-05
S2_9712117 2 9716117 1.58285691250084e-05
S2_9805572 2 9809572 0.000445790063792733
S2_9847198 2 9851198 0.000452846621337274
S2_9855236 2 9859236 3.71409288061153e-10
S2_9856175 2 9860175 0.000241832233359705
S2_9856311 2 9860311 0.000703115439226269
S2_9870852 2 9874852 0.000218859916671795
S2_9884012 2 9888012 1.72143818606803e-07
S2_9951118 2 9955118 0.000772544837323883
S2_9978351 2 9982351 0.000350794178861546
S2_10015507 2 10019507 0.000856614468266033
S2_10015540 2 10019540 0.000480582459794291
S2_10019643 2 10023643 1.96596600040087e-05
S2_10052429 2 10056429 0.000470596064639651
S2_10052460 2 10056460 0.000540014419254102
S2_10053727 2 10057727 9.76029428548173e-05
S2_10053753 2 10057753 9.76029428548173e-05
S2_10067836 2 10071836 0.000905035323851873
S2_10067840 2 10071840 0.000905035323851873
S2_10067907 2 10071907 4.88859417712759e-05
S2_10068908 2 10072908 0.000133698639456221
S2_10090580 2 10094580 0.000168294665012565
S2_10099252 2 10103252 0.00022818531431072
S2_10131707 2 10135707 2.48571875153788e-05
S2_10500199 2 10504199 6.86695692535947e-05
S2_10636829 2 10640829 0.000641270428905431
S2_10672131 2 10676131 0.00031095659343655
S2_10810133 2 10814133 1.4464499254899e-06
S2_10838856 2 10842856 4.67796769664862e-06
S2_10850478 2 10854478 0.000357055739636614
S2_10876144 2 10880144 0.000449450473607591
S2_10878534 2 10882534 0.000719304861955062
S2_10884938 2 10888938 0.000874284566392925
S2_10889366 2 10893366 1.99328437846195e-05
S2_10902453 2 10906453 0.000341881614819204
S2_10942806 2 10946806 2.46388372122049e-05
S2_10943745 2 10947745 3.6580885023031e-05
S2_10944648 2 10948648 0.000232191178727853
S2_10946558 2 10950558 0.000586344831667217
S2_10951698 2 10955698 3.20603633088061e-05
S2_10951851 2 10955851 6.95959236208403e-05
S2_10951891 2 10955891 6.52462280922418e-05
S2_10953986 2 10957986 0.000804593515586019
S2_10968046 2 10972046 0.000848211803486529
S2_11017483 2 11021483 0.000998136244510659
S2_11029015 2 11033015 0.000495896330394018
S2_11029043 2 11033043 0.000662715887211762
S2_11039003 2 11043003 0.000217996923651975
S2_11131081 2 11135081 0.000949591168921974
S2_11136964 2 11140964 2.79815410170678e-06
S2_11138150 2 11142150 0.00017897848261027
S2_11138165 2 11142165 0.000178978482610295
S2_11138166 2 11142166 0.000178978482610295
S2_11186586 2 11190586 0.000586794818691676
S2_11334279 2 11338279 0.00028493215151171
S2_11480856 2 11484856 0.000321475755201389
S2_11508907 2 11512907 9.4937696086554e-06
S2_11582883 2 11586883 0.000528495432946841
S2_11587360 2 11591360 0.000122086977229035
S2_11609285 2 11613285 7.13998828300565e-05
S2_11609286 2 11613286 9.2899070458243e-05
S2_11609298 2 11613298 7.29982616240517e-05
S2_11609338 2 11613338 7.13998828300565e-05
S2_11937024 2 11941024 8.83875731852937e-10
S2_12429939 2 12433939 0.000941905840256631
S2_12492066 2 12496066 0.000181883067196449
S2_12540252 2 12544252 0.000604349054683668
S2_12545697 2 12549697 1.0804372208844e-05
S2_12564253 2 12568253 6.08858874929794e-09
S2_12647378 2 12651378 2.51614843784681e-05
S2_12647394 2 12651394 2.51614843784681e-05
S2_12647476 2 12651476 0.000884006473457459
S2_12648097 2 12652097 0.000403077501906872
S2_12658611 2 12662611 0.000336224204076808
S2_12663711 2 12667711 0.000464238259751274
S2_12712011 2 12716011 2.96078612740121e-05
S2_12712048 2 12716048 0.00011037315968788
S2_12789375 2 12793375 6.37966584579934e-07
S2_12792372 2 12796372 2.66604299046347e-05
S2_12803218 2 12807218 0.000327894714480011
S2_12846858 2 12850858 4.84326056905417e-06
S2_13056612 2 13060612 0.000264584913248275
S2_13139726 2 13143726 0.000857943113320642
S2_13279826 2 13283826 0.000155761121099172
S2_13296033 2 13300033 0.000272149228808076
S2_13731264 2 13735264 1.99639787228318e-06
S2_13927088 2 13931088 6.96372972782122e-05
S2_14079017 2 14083017 4.28539413631359e-06
S2_14191626 2 14195626 0.000512540956035551
S2_14191632 2 14195632 0.000512540956035551
S2_14191634 2 14195634 0.000512540956035551
S2_14295466 2 14299466 0.000115125161823011
S2_14295468 2 14299468 0.000949282650978551
S2_14317604 2 14321604 3.26757530967058e-05
S2_14428042 2 14432042 0.000251335127389644
S2_14441480 2 14445480 2.46354693208954e-05
S2_14455424 2 14459424 2.7146403804491e-08
S2_14464810 2 14468810 3.60615391169198e-05
S2_14540220 2 14544220 4.69904618401302e-05
S2_14545121 2 14549121 0.00050251175612582
S2_14848004 2 14852004 0.000319661036772167
S2_14888402 2 14892402 4.34578988914645e-05
S2_14948298 2 14952298 0.000748343873023722
S2_15016545 2 15020545 0.000655546076774213
S2_15131723 2 15135723 3.2487332721651e-08
S2_15250718 2 15254718 5.28169167777977e-11
S2_15250719 2 15254719 2.38474873963353e-09
S2_15279555 2 15283555 0.000996424779362455
S2_15328475 2 15332475 0.000827451996001697
S2_15533796 2 15537796 2.2297681707252e-05
S2_15533797 2 15537797 0.00027946521169864
S2_15769175 2 15773175 0.000159193385830269
S2_16444687 2 16448687 3.98104782773548e-05
S2_16482395 2 16486395 0.000192635569892592
S2_16537939 2 16541939 0.000752559003180189
S2_16537953 2 16541953 2.43786794349913e-05
S2_16538004 2 16542004 0.000543826523125565
S2_16606087 2 16610087 0.000565162001670861
S2_16649132 2 16653132 3.49125024470817e-05
S2_16904690 2 16908690 0.000384660468828595
S2_16907588 2 16911588 0.00078297578566464
S2_16947669 2 16951669 0.000301850114648618
S2_17017347 2 17021347 0.00043756307081472
S2_17122920 2 17126920 0.000907005509215081
S2_17161015 2 17165015 0.000253047567446435
S2_17267165 2 17271165 0.000471642347321138
S2_17653742 2 17657742 0.000504562316978067
S2_17746946 2 17750946 0.000651615249288964
S2_17760418 2 17764418 0.000635746557428508
S2_17810424 2 17814424 0.000532203776575546
S2_17813717 2 17817717 8.5542124122798e-05
S2_17813725 2 17817725 0.000808332743207078
S2_17813989 2 17817989 0.000694415426670114
S2_17813991 2 17817991 0.000694415426670114
S2_18048688 2 18052688 2.67719547516948e-07
S2_18839386 2 18843386 1.04218926411023e-06
S2_18922838 2 18926838 1.65016540021838e-09
S2_19050943 2 19054943 1.1701574875203e-05
S2_19050978 2 19054978 1.15069769948003e-05
S2_19056179 2 19060179 0.000338926432510633
S2_19342783 2 19346783 3.654065169972e-06
S2_19342853 2 19346853 7.55441661719911e-05
S2_19418661 2 19422661 0.000132949068605897
S2_19418721 2 19422721 0.000646192986256004
S2_19418759 2 19422759 0.00024856596097813
S2_19504377 2 19508377 5.26484303250187e-05
S2_19504389 2 19508389 5.26484303250187e-05
S2_19508290 2 19512290 3.57100645440199e-05
S2_19544464 2 19548464 0.00027539001150102
S2_19561083 2 19565083 2.44628249063809e-05
S2_19561951 2 19565951 1.94259146625774e-05
S2_19642128 2 19646128 9.37571106998312e-05
S2_19645165 2 19649165 4.51132303705569e-06
S2_19651835 2 19655835 1.13585401103814e-06
S2_19670228 2 19674228 2.03362824094095e-05
S2_19727375 2 19731375 8.66660513913538e-06
S2_19760070 2 19764070 0.000164429335383323
S2_19764980 2 19768980 2.33235407854714e-05
S2_19764982 2 19768982 4.63091372515519e-06
S2_19816558 2 19820558 0.000641346761719016
S2_19849519 2 19853519 3.93927277340673e-06
S2_19874590 2 19878590 0.000369899462978027
S2_19915062 2 19919062 0.000851065644361927
S2_19963727 2 19967727 0.000565841167683198
S2_20044223 2 20048223 0.000291705435417936
S2_20049874 2 20053874 7.29416720636872e-05
S2_20061606 2 20065606 0.00012959546108215
S2_20093692 2 20097692 1.29132418252821e-05
S2_20093770 2 20097770 2.35070863342429e-08
S2_20094729 2 20098729 1.90134210116368e-05
S2_20095773 2 20099773 0.000724827437008321
S2_20097769 2 20101769 0.000112462465846197
S2_20101423 2 20105423 0.000640203350039457
S2_20102342 2 20106342 8.74846502606568e-06
S2_20108343 2 20112343 0.000264579523388948
S2_20118462 2 20122462 1.1995639248039e-05
S2_20118506 2 20122506 1.82485740066825e-06
S2_20118547 2 20122547 0.000418776590034496
S2_20118638 2 20122638 7.14287389589495e-06
S2_20136121 2 20140121 4.07875231721493e-05
S2_20136346 2 20140346 0.000137732564829589
S2_20144432 2 20148432 0.000253378118152698
S2_20146970 2 20150970 2.28014923443503e-05
S2_20155796 2 20159796 0.000124943211123688
S2_20190833 2 20194833 3.24310420079391e-09
S2_20208215 2 20212215 3.08585065587045e-05
S2_20215830 2 20219830 2.37204403165777e-08
S2_20215859 2 20219859 1.3716531406809e-05
S2_20233992 2 20237992 3.51433839279412e-05
S2_20251693 2 20255693 0.000167437986675671
S2_20252731 2 20256731 5.64713197410483e-05
S2_20254055 2 20258055 2.2977498327949e-05
S2_20254865 2 20258865 1.04606007520994e-05
S2_20255094 2 20259094 6.22895679236369e-06
S2_20255185 2 20259185 0.000184807271748259
S2_20280232 2 20284232 0.000312684607637407
S2_20286539 2 20290539 8.45911933648967e-06
S2_20292272 2 20296272 0.000872037234021457
S2_20328700 2 20332700 0.00037297796603882
S2_20328711 2 20332711 0.00011771395874595
S2_20333377 2 20337377 4.70281542367521e-06
S2_20375060 2 20379060 4.63948262114635e-05
S2_20414813 2 20418813 0.000595106652676178
S2_20575705 2 20579705 1.73767008126796e-05
S2_20575729 2 20579729 1.73767008126796e-05
S2_20580560 2 20584560 7.74458218672077e-05
S2_20580569 2 20584569 7.74458218672077e-05
S2_20580580 2 20584580 7.74458218672077e-05
S2_20580589 2 20584589 7.74458218672077e-05
S2_20580792 2 20584792 0.000211173282910736
S2_20584886 2 20588886 7.3312597776109e-05
S2_20584910 2 20588910 7.3312597776109e-05
S2_20589532 2 20593532 0.000225967366011876
S2_20589533 2 20593533 0.000225967366011876
S2_20591086 2 20595086 0.000365342906852619
S2_20612343 2 20616343 0.00043378775595471
S2_20662430 2 20666430 0.000252262309814542
S2_20878376 2 20882376 7.23629775101203e-05
S2_20881298 2 20885298 0.000107717003401469
S2_20881340 2 20885340 7.72588088979044e-06
S2_20881384 2 20885384 3.26844128223392e-06
S2_20881714 2 20885714 5.20506606592373e-05
S2_20881751 2 20885751 0.000238445454241354
S2_20927387 2 20931387 4.32730284567127e-06
S2_20956322 2 20960322 8.51080666990579e-06
S2_20982433 2 20986433 0.000399167585129376
S2_20989101 2 20993101 6.95259228738344e-06
S2_21037697 2 21041697 2.38875546720209e-06
S2_21072388 2 21076388 0.000688099849381955
S2_21072389 2 21076389 0.000688099849381849
S2_21072390 2 21076390 0.000688099849381955
S2_21072924 2 21076924 4.81590846503067e-06
S2_21111510 2 21115510 1.89928499159515e-05
S2_21111530 2 21115530 0.00037403099093252
S2_21126279 2 21130279 9.07951665199695e-06
S2_21128075 2 21132075 0.000704104449995161
S2_21128087 2 21132087 2.91886131220083e-06
S2_21128184 2 21132184 0.000554352559719275
S2_21128338 2 21132338 7.73826503979777e-05
S2_21134431 2 21138431 3.01067140158473e-08
S2_21173914 2 21177914 6.72112667214885e-07
S2_21232498 2 21236498 9.38936705360676e-05
S2_21232523 2 21236523 9.38936705360676e-05
S2_21236558 2 21240558 0.000457067495800104
S2_21236774 2 21240774 0.000114324569483665
S2_21236915 2 21240915 9.78641327758979e-05
S2_21236930 2 21240930 9.78641327758979e-05
S2_21282770 2 21286770 5.17097191949198e-05
S2_21359860 2 21363860 7.98666386679543e-07
S2_21371355 2 21375355 3.50249763337649e-05
S2_21408007 2 21412007 0.000334222262777911
S2_21409001 2 21413001 0.000382247155704553
S2_21439395 2 21443395 5.64407639785452e-05
S2_21442730 2 21446730 2.89272111495468e-05
S2_21442751 2 21446751 2.89272111495429e-05
S2_21454028 2 21458028 0.000140931937171156
S2_21490877 2 21494877 0.000200164401467465
S2_21492745 2 21496745 4.00760283219245e-05
S2_21498796 2 21502796 8.62770884578255e-05
S2_21532140 2 21536140 5.43168830262859e-08
S2_21532206 2 21536206 0.000586417756213146
S2_21533613 2 21537613 6.23541790839579e-05
S2_21548450 2 21552450 8.04009628663979e-06
S2_21548459 2 21552459 1.49191376825935e-05
S2_21563465 2 21567465 2.98325751031375e-05
S2_21563468 2 21567468 2.98325751031375e-05
S2_21567927 2 21571927 0.000223672401590741
S2_21626245 2 21630245 0.000173642465750493
S2_21626247 2 21630247 0.000173642465750493
S2_21626249 2 21630249 0.000173642465750493
S2_21626260 2 21630260 0.000173642465750493
S2_21640561 2 21644561 1.09647881152206e-06
S2_21640597 2 21644597 5.08395787707295e-05
S2_21640712 2 21644712 5.23702052481906e-05
S2_21672310 2 21676310 1.10584210603056e-05
S2_21724695 2 21728695 5.08319889155964e-06
S2_21732653 2 21736653 0.00014615653265134
S2_21736843 2 21740843 1.71704705550722e-05
S2_21739221 2 21743221 0.000657190745927463
S2_21739222 2 21743222 2.25425959966225e-06
S2_21744653 2 21748653 2.01706630978892e-06
S2_21769600 2 21773600 9.1314255339461e-06
S2_21769693 2 21773693 6.21790712724206e-06
S2_21790065 2 21794065 1.57319491835571e-05
S2_21791677 2 21795677 2.37037642536633e-06
S2_21833386 2 21837386 0.000324541296421267
S2_21891223 2 21895223 5.38346802694657e-06
S2_21891459 2 21895459 0.000193251205353458
S2_21931774 2 21935774 0.000150104706275105
S2_22148113 2 22152113 8.69001061134571e-05
S2_22212345 2 22216345 5.07428927582308e-05
S2_22222095 2 22226095 5.12986122504954e-05
S2_22299899 2 22303899 0.000905054654374605
S2_22311744 2 22315744 5.70791922365239e-05
S2_22338373 2 22342373 5.54452331553706e-05
S2_22343743 2 22347743 1.13728172432269e-05
S2_22344247 2 22348247 3.35971847183218e-05
S2_22345621 2 22349621 7.62578579947116e-06
S2_22345969 2 22349969 0.000196897740295358
S2_22346018 2 22350018 5.72183257444091e-06
S2_22360615 2 22364615 2.97248342835365e-05
S2_22406478 2 22410478 4.74429722906333e-08
S2_22459340 2 22463340 7.68054960196935e-05
S2_22827697 2 22831697 9.39042209279398e-05
S2_22889378 2 22893378 0.00053111502986384
S2_22969791 2 22973791 8.23071285012848e-09
S2_22969997 2 22973997 0.000401638037587907
S2_23126554 2 23130554 0.000192128344553562
S2_23126833 2 23130833 0.000730444618586149
S2_23128330 2 23132330 0.000707420978656431
S2_23150453 2 23154453 0.00040324956729667
S2_23260453 2 23264453 0.000667467244181079
S2_23323357 2 23327357 0.000520144612358327
S2_23366001 2 23370001 0.000748617855036985
S2_23367134 2 23371134 0.000245922861231564
S2_23397505 2 23401505 4.05930540380349e-06
S2_23658384 2 23662384 0.000607151294509826
S2_23697522 2 23701522 9.64854696230342e-05
S2_23901966 2 23905966 0.000186210838480271
S2_24299808 2 24303808 0.000202757687696786
S2_24453407 2 24457407 0.000637872618682257
S2_24516469 2 24520469 0.000150083526374826
S2_24668008 2 24672008 0.000546787304428549
S2_24798070 2 24802070 0.000805747250409399
S2_24815563 2 24819563 0.000214984045918154
S2_24847311 2 24851311 0.000520903546031605
S2_24867055 2 24871055 0.000180004202479281
S2_24901543 2 24905543 0.000152107721273343
S2_25029996 2 25033996 0.000546948884530145
S2_25039656 2 25043656 0.000538289581746809
S2_25055254 2 25059254 0.000829403116307055
S2_25142950 2 25146950 0.000642199439101407
S2_25253873 2 25257873 0.00047152163237007
S2_25304291 2 25308291 0.000474426816293963
S2_25318729 2 25322729 0.000536910631116326
S2_25343281 2 25347281 2.54328176230039e-05
S2_25510074 2 25514074 0.000615057990722789
S2_25510091 2 25514091 0.000721768842117194
S2_25590068 2 25594068 0.000599465099821472
S2_25603902 2 25607902 0.000599643952269317
S2_25619317 2 25623317 0.00014624761485056
S2_25638322 2 25642322 0.000265291009266063
S2_25639967 2 25643967 0.000205411748118963
S2_25639988 2 25643988 0.000205411748118963
S2_25765891 2 25769891 0.00046143156291358
S2_25765906 2 25769906 0.000461431562913695
S2_25933078 2 25937078 0.000117767303523963
S2_26082270 2 26086270 0.00071016462761845
S2_26130946 2 26134946 0.000230784821046469
S2_26208501 2 26212501 0.000819925556107536
S2_26208705 2 26212705 4.41832922604021e-06
S2_26208721 2 26212721 0.000935953533971211
S2_26350882 2 26354882 0.000205687398246193
S2_26384699 2 26388699 0.000263627446391448
S2_26519885 2 26523885 0.000779643559766542
S2_26519886 2 26523886 0.000938104648253769
S2_26572809 2 26576809 0.00023400921429944
S2_27087412 2 27091412 0.000571583360508977
S2_27188767 2 27192767 0.00080970049256967
S2_27306592 2 27310592 0.000242778837596768
S2_27598137 2 27602137 0.000139864266026086
S2_27770018 2 27774018 0.000370667536524564
S2_27795829 2 27799829 0.000182174676408589
S2_28032751 2 28036751 0.000680429106541195
S2_28424603 2 28428603 0.000325278426840899
S2_28625263 2 28629263 0.000253621821614696
S2_28981331 2 28985331 0.000869577352143193
S2_28983080 2 28987080 0.000739467590540651
S2_29066076 2 29070076 0.000669133100251392
S2_29091913 2 29095913 0.000796767924895377
S2_29091946 2 29095946 0.000796767924895377
S2_29091960 2 29095960 0.000503616340705408
S2_29203705 2 29207705 7.96108541351522e-05
S2_29250263 2 29254263 0.000914968841934967
S2_29322923 2 29326923 0.000925392532016824
S2_29652756 2 29656756 0.000279428531938831
S2_29688872 2 29692872 4.47745677027231e-05
S2_29688873 2 29692873 4.47745677027231e-05
S2_29769002 2 29773002 0.000236844597362304
S2_29773898 2 29777898 0.000631040595341501
S2_29775686 2 29779686 0.000378231390678736
S2_29860343 2 29864343 0.000689126357393459
S2_29860354 2 29864354 0.000689126357393459
S2_30009903 2 30013903 0.000927176845902635
S2_30010018 2 30014018 0.000720036014202556
S2_30019682 2 30023682 0.000860861889671106
S2_30123045 2 30127045 0.000251392090810733
S2_30130674 2 30134674 0.000421589840155259
S2_30292732 2 30296732 0.000260945997749509
S2_30292842 2 30296842 0.000567714743638264
S2_30342949 2 30346949 0.000782909166214708
S2_30502244 2 30506244 0.000473069322744418
S2_30604835 2 30608835 0.000655238778564801
S2_30707177 2 30711177 5.53369974196233e-05
S2_30845087 2 30849087 0.000266816213068049
S2_31003582 2 31007582 0.000823844151841082
S2_31008765 2 31012765 0.00026785480579487
S2_31151589 2 31155589 0.000718558999864234
S2_31187275 2 31191275 0.000588156749782824
S2_31215493 2 31219493 0.000635920240399382
S2_31235986 2 31239986 0.00085994723446117
S2_31253781 2 31257781 9.32671831856449e-07
S2_31467316 2 31471316 0.000570796913384655
S2_31910018 2 31914018 0.000603479429268052
S2_32092881 2 32096881 0.000588959760786793
S2_32173391 2 32177391 0.000561327840444619
S2_32173561 2 32177561 0.000989610845956028
S2_32653036 2 32657036 0.000356514388779375
S2_32653055 2 32657055 0.000329406806461004
S2_32807931 2 32811931 0.000768417198309931
S2_32929712 2 32933712 0.000623851931917919
S2_32984462 2 32988462 0.000598708527281579
S2_34755663 2 34759663 0.000212648082324618
S2_35224697 2 35228697 0.000481402236067755
S2_35612956 2 35616956 0.000196098966359091
S2_35661485 2 35665485 0.000602210561017263
S2_36219915 2 36223915 0.000535876255696155
S2_36219918 2 36223918 0.000535876255696155
S2_36219921 2 36223921 0.000535876255696011
S2_36314798 2 36318798 0.00054958394790642
S2_36506743 2 36510743 0.000425613704970245
S2_36684959 2 36688959 0.000202630337102436
S2_36684997 2 36688997 0.000202630337102407
S2_36744888 2 36748888 0.000247186266388231
S2_36745057 2 36749057 2.74663626472719e-05
S2_36842268 2 36846268 0.00021774776649347
S2_36848194 2 36852194 0.000613861868206048
S2_36858177 2 36862177 0.0004301300566542
S2_36869701 2 36873701 0.000472908996376657
S2_36869713 2 36873713 0.000472908996376657
S2_36974013 2 36978013 0.000555975407565621
S2_37093366 2 37097366 0.000234823907370939
S2_37237155 2 37241155 0.000560313633319948
S2_37261971 2 37265971 0.000195058825265055
S2_37328873 2 37332873 0.000475330421452096
S2_37346006 2 37350006 0.000347530709967225
S2_37576642 2 37580642 0.000620714028556934
S2_37577815 2 37581815 0.000507900359495481
S2_37577853 2 37581853 0.0005079003594954
S2_37583461 2 37587461 0.000703895960837296
S2_37620773 2 37624773 0.000519551339302125
S2_37696047 2 37700047 0.00049265548663647
S2_37696208 2 37700208 0.000510270945508168
S2_37723382 2 37727382 0.000192483514462175
S2_37723392 2 37727392 0.000192483514462175
S2_37774587 2 37778587 0.000291439356766593
S2_37789844 2 37793844 0.000202870911935047
S2_37806928 2 37810928 0.000548737222750085
S2_37824772 2 37828772 0.000540573609444631
S2_37940612 2 37944612 0.00047508668501319
S2_37946013 2 37950013 0.000848995371355098
S2_38009515 2 38013515 0.000869401261570412
S2_38019454 2 38023454 0.000426042724588765
S2_38019586 2 38023586 9.66557487747485e-05
S2_38102211 2 38106211 0.000484236372299825
S2_38171385 2 38175385 0.000289366555173377
S2_38223060 2 38227060 0.000523898975578252
S2_38384935 2 38388935 0.000541886418767215
S2_38499958 2 38503958 0.000519808465500924
S2_38499973 2 38503973 0.00077498487779989
S2_38500034 2 38504034 0.000100681699084119
S2_38500356 2 38504356 0.000737167147572947
S2_38582569 2 38586569 7.6848682301967e-05
S2_38582913 2 38586913 0.000937094701434648
S2_38810812 2 38814812 0.000835469637699261
S2_38840045 2 38844045 3.74695713274653e-05
S2_38869130 2 38873130 0.00090631894708267
S2_38869599 2 38873599 0.000748292740586362
S2_38869709 2 38873709 0.000346372784644918
S2_38876856 2 38880856 2.81772806172259e-05
S2_38884524 2 38888524 0.000499830122357716
S2_38945945 2 38949945 3.44753917685214e-08
S2_39068404 2 39072404 0.000589694856341882
S2_39082526 2 39086526 0.00059586198842814
S2_39082533 2 39086533 0.000568099846763671
S2_39082835 2 39086835 0.000531503080005134
S2_39143961 2 39147961 0.000124616856034333
S2_39254525 2 39258525 0.000686734342044608
S2_39287327 2 39291327 0.000571430372121928
S2_39364006 2 39368006 0.000564834355628989
S2_39458707 2 39462707 0.000714429403479471
S2_39521926 2 39525926 0.000778674360548358
S2_39566855 2 39570855 0.000575142869017624
S2_39606432 2 39610432 0.000591031191659285
S2_39607149 2 39611149 0.000778435638869244
S2_39607169 2 39611169 0.000751549300507897
S2_39631558 2 39635558 1.38093335735454e-05
S2_39674406 2 39678406 0.000493078688052793
S2_39682566 2 39686566 0.000944176522030716
S2_39777338 2 39781338 0.000622783806819997
S2_39777379 2 39781379 0.000960987974635693
S2_39792302 2 39796302 0.000270877779893275
S2_39983992 2 39987992 0.000817456432799264
S2_40053848 2 40057848 0.000844878542534454
S2_40150243 2 40154243 0.000267058830149079
S2_40197043 2 40201043 0.000632454077358259
S2_40253613 2 40257613 0.000839765516285276
S2_40263334 2 40267334 0.000292408191186634
S2_40285865 2 40289865 7.38924082768035e-05
S2_40303444 2 40307444 0.000326755943881931
S2_40366460 2 40370460 0.000738025923535803
S2_40371820 2 40375820 0.000989722617814567
S2_40396924 2 40400924 0.000616047990633148
S2_40397620 2 40401620 0.000438610878651079
S2_40397632 2 40401632 0.000300698147866097
S2_40401970 2 40405970 0.000485604602722518
S2_40439282 2 40443282 0.000691465388273244
S2_40485395 2 40489395 0.000352651078659143
S2_40487174 2 40491174 0.000267942492094666
S2_40527044 2 40531044 0.000597096483065734
S2_40563272 2 40567272 0.000322087066300698
S2_40695491 2 40699491 0.000201606231530214
S2_40708642 2 40712642 0.000290487597261139
S2_40973997 2 40977997 0.000846585006907763
S2_40976497 2 40980497 0.00063542800514439
S2_41013519 2 41017519 0.000470580849039797
S2_41080374 2 41084374 0.000765559632630756
S2_41082113 2 41086113 0.000585002973322419
S2_41106408 2 41110408 0.000256031601550707
S2_41172658 2 41176658 0.000254146378693764
S2_41373403 2 41377403 0.000273788357940713
S2_41404300 2 41408300 0.000609043250643739
S2_41496973 2 41500973 0.00059917864831781
S2_41528675 2 41532675 0.000576711737099115
S2_41528718 2 41532718 0.000258703391079837
S2_41598666 2 41602666 0.000686770460050227
S2_41691070 2 41695070 0.000676650214152489
S2_41699123 2 41703123 0.000674912607172954
S2_42032801 2 42036801 0.000547468118256183
S2_42033557 2 42037557 0.000540285909565992
S2_42035970 2 42039970 0.000255673597503585
S2_42133872 2 42137872 0.000237895374062051
S2_42256463 2 42260463 0.000652628079315405
S2_42394743 2 42398743 0.000610263341000394
S2_42450261 2 42454261 0.000612230976111265
S2_42469856 2 42473856 0.000550121392437003
S2_42557476 2 42561476 0.000298343436040363
S2_42589396 2 42593396 0.000628598425047443
S2_42622957 2 42626957 0.000250868067348029
S2_42628024 2 42632024 0.000687788903534565
S2_42649247 2 42653247 0.000322151767935186
S2_42663547 2 42667547 0.000988582460197206
S2_42706418 2 42710418 0.00037086984400435
S2_42767408 2 42771408 0.000993391331273739
S2_42785336 2 42789336 0.000501070632280093
S2_42816005 2 42820005 0.000672368398934098
S2_42857122 2 42861122 0.000752092636304793
S2_42857123 2 42861123 0.000752092636304734
S2_42921521 2 42925521 0.000162655360540626
S2_43014979 2 43018979 0.000245468055721916
S2_43239112 2 43243112 0.000378009399553958
S2_43248539 2 43252539 0.000664355825906467
S2_43261726 2 43265726 4.87344372144076e-06
S2_43295912 2 43299912 0.000466593538422619
S2_43307129 2 43311129 0.000191902822889612
S2_43324382 2 43328382 0.000616520731384823
S2_43445199 2 43449199 0.000111330636252199
S2_43499262 2 43503262 0.000705941653306724
S2_43556148 2 43560148 3.7911531548125e-07
S2_43574683 2 43578683 0.000738470709521823
S2_43626962 2 43630962 0.000599503162267069
S2_43714467 2 43718467 0.000377583585260119
S2_43714480 2 43718480 0.000232959848694254
S2_43761894 2 43765894 0.000699889505220586
S2_43761936 2 43765936 0.0001462590181055
S2_43761980 2 43765980 0.000146259018105461
S2_43812197 2 43816197 0.000592831462294897
S2_43824441 2 43828441 0.000265739521761833
S2_43953746 2 43957746 0.000461333477284397
S2_43997705 2 44001705 0.00020119502108946
S2_43999829 2 44003829 0.000498841752952425
S2_44010371 2 44014371 0.000938095314917198
S2_44085503 2 44089503 0.000647227217260266
S2_44085504 2 44089504 0.000647227217260336
S2_44092727 2 44096727 0.000904660401155605
S2_44146318 2 44150318 0.000252884043408346
S2_44146347 2 44150347 0.000252884043408384
S2_44292265 2 44296265 2.20513301776214e-08
S2_44317286 2 44321286 0.00084581294033722
S2_44545651 2 44549651 0.000731493448958738
S2_44680184 2 44684184 0.000215698428816943
S2_44875399 2 44879399 0.000276785428049548
S2_44909644 2 44913644 0.000206580096872896
S2_44909691 2 44913691 0.000206580096872927
S2_45001144 2 45005144 0.000341993657835643
S2_45001145 2 45005145 0.000341993657835643
S2_45086078 2 45090078 2.08089530662798e-11
S2_45161392 2 45165392 0.00027731318244765
S2_45161408 2 45165408 0.00027731318244765
S2_45375883 2 45379883 0.000282949017649557
S2_45396799 2 45400799 0.000602787496710625
S2_45400798 2 45404798 9.33717623033111e-05
S2_45437510 2 45441510 0.000130512190647458
S2_45652354 2 45656354 0.000865402694394965
S2_45871027 2 45875027 0.000390559513725665
S2_45873287 2 45877287 0.000286638179189186
S2_45939002 2 45943002 0.000284083310609082
S2_45980325 2 45984325 3.12821131991715e-05
S2_45985601 2 45989601 7.85517510195109e-05
S2_45987899 2 45991899 0.000497795633427367
S2_46183527 2 46187527 8.51995514756674e-05
S2_46272709 2 46276709 2.53329247134452e-05
S2_46299699 2 46303699 0.000334490377895991
S2_46300372 2 46304372 0.000458665942642787
S2_46300406 2 46304406 0.000458665942642989
S2_46421063 2 46425063 0.000262573711109312
S2_46462888 2 46466888 0.000262521774587317
S2_46465946 2 46469946 0.000591467699256118
S2_46465976 2 46469976 0.000713373978501883
S2_46627203 2 46631203 0.00029572915944856
S2_46690183 2 46694183 3.12427503388551e-05
S2_46692192 2 46696192 0.000791711749364915
S2_46704173 2 46708173 0.000297459383189238
S2_46704186 2 46708186 0.000297459383189307
S2_46760803 2 46764803 0.000958588088144614
S2_46774788 2 46778788 0.000338346151601569
S2_46774959 2 46778959 0.000298947489612042
S2_46923348 2 46927348 0.000838580458349512
S2_47175648 2 47179648 0.000433916066843115
S2_47175652 2 47179652 7.95126403125087e-07
S2_47175659 2 47179659 3.01172387269875e-10
S2_47277438 2 47281438 5.68988682262814e-09
S2_47293095 2 47297095 0.000872233340753358
S2_47300930 2 47304930 3.14365803169461e-05
S2_47302962 2 47306962 0.000236285780322557
S2_47369381 2 47373381 8.27657373398609e-05
S2_47369654 2 47373654 0.00019394534945621
S2_47370813 2 47374813 0.00015429662635507
S2_47370819 2 47374819 0.000254095683840054
S2_47370852 2 47374852 0.000254095683840054
S2_47632392 2 47636392 0.000696860109843665
S2_47636430 2 47640430 5.59196131237139e-08
S2_48705462 2 48709462 6.87648541223101e-07
S2_49285684 2 49289684 3.43880721845029e-11
S2_49634874 2 49638874 0.000150540293855789
S2_49641653 2 49645653 0.000131213128133984
S2_49748164 2 49752164 5.57393490257531e-05
S2_49748237 2 49752237 0.000146982520506183
S2_49750549 2 49754549 0.00017421320502032
S2_49762382 2 49766382 8.11437442241333e-06
S2_49849055 2 49853055 6.47794303299182e-05
S2_49891118 2 49895118 0.000680442251490124
S2_50022986 2 50026986 0.000912672734174135
S2_50396666 2 50400666 2.9761067388134e-08
S2_50526241 2 50530241 7.97793421430464e-05
S2_50545926 2 50549926 1.23201816727751e-07
S2_50565113 2 50569113 0.000159895058422926
S2_50790793 2 50794793 0.000260551788066291
S2_50798227 2 50802227 8.62127813272924e-05
S2_50798503 2 50802503 0.000789878202901527
S2_50800140 2 50804140 0.000449058482989761
S2_50831663 2 50835663 0.000190151882595551
S2_50904906 2 50908906 0.00072140672935577
S2_50989103 2 50993103 0.000235473729300565
S2_50996857 2 51000857 0.000674496181646647
S2_51005157 2 51009157 0.000443396170109989
S2_51088843 2 51092843 0.000211261672499684
S2_51127481 2 51131481 0.000275273784982804
S2_51127679 2 51131679 0.000400462153415262
S2_51210803 2 51214803 0.000898101420816964
S2_51239805 2 51243805 0.000900274540835114
S2_51712700 2 51716700 1.9202941004793e-05
S2_51714033 2 51718033 4.82761683160177e-09
S2_51769801 2 51773801 0.000112933945830513
S2_51769819 2 51773819 7.87654020165375e-06
S2_51769835 2 51773835 0.000293910721192779
S2_51769953 2 51773953 0.000170301780266889
S2_51769969 2 51773969 2.89084674514005e-06
S2_51770110 2 51774110 1.71120010332436e-06
S2_51770201 2 51774201 7.93206230038283e-05
S2_51770406 2 51774406 0.000480499224972548
S2_51974293 2 51978293 0.000298655963644328
S2_51974311 2 51978311 0.000298655963644328
S2_51974330 2 51978330 0.000298655963644328
S2_51974356 2 51978356 2.3150732332994e-05
S2_51974383 2 51978383 2.3150732332994e-05
S2_51995711 2 51999711 0.000267151632941887
S2_51995724 2 51999724 0.000267151632941887
S2_51995732 2 51999732 0.000267151632941887
S2_51995741 2 51999741 0.000267151632941887
S2_51995764 2 51999764 0.000661973882084498
S2_51995773 2 51999773 0.00066197388208441
S2_51995793 2 51999793 0.000661973882084498
S2_51995803 2 51999803 0.00066197388208441
S2_52032368 2 52036368 1.32633676295629e-05
S2_52032796 2 52036796 0.00010808827886439
S2_52032797 2 52036797 0.00010808827886439
S2_52032798 2 52036798 0.000203903506292173
S2_52126183 2 52130183 0.000238370272368431
S2_53913105 2 53917105 0.000359322685316107
S2_54125536 2 54129536 1.67440605084585e-05
S2_54581750 2 54585750 7.56512495579482e-06
S2_54601054 2 54605054 0.000896848515091725
S2_54620105 2 54624105 0.00075770826870088
S2_54772514 2 54776514 0.000270160666537299
S2_54937952 2 54941952 0.000324371333460085
S2_54938636 2 54942636 6.0686171945576e-05
S2_54941743 2 54945743 0.000234128040698888
S2_54941749 2 54945749 0.0003394995713533
S2_55005625 2 55009625 0.00085492393589169
S2_55005634 2 55009634 0.000821169363982307
S2_55006320 2 55010320 6.60717938063369e-05
S2_55006402 2 55010402 0.000451700764178804
S2_55006887 2 55010887 1.77364931975071e-06
S2_55043499 2 55047499 0.000827661404709689
S2_55043506 2 55047506 0.000773929160780672
S2_55043538 2 55047538 0.000385047982327335
S2_55043542 2 55047542 0.000331171206063049
S2_55072492 2 55076492 0.000978302861313234
S2_55072495 2 55076495 0.000732699006982432
S2_55072498 2 55076498 0.000978302861313234
S2_55072500 2 55076500 0.000978302861313234
S2_55078174 2 55082174 0.000688175491269209
S2_55084976 2 55088976 0.000220702160952111
S2_55085023 2 55089023 0.000108104291870639
S2_55085032 2 55089032 9.59445833859608e-05
S2_55086682 2 55090682 0.00033996486982055
S2_55171667 2 55175667 0.00091395984103839
S2_55199928 2 55203928 1.12507151080139e-05
S2_55214241 2 55218241 1.24488373199569e-05
S2_55236787 2 55240787 0.000333314378889028
S2_55332250 2 55336250 0.000646242349265907
S2_55332842 2 55336842 0.000145205167986736
S2_55509960 2 55513960 0.000821413909528573
S2_55511191 2 55515191 0.000643563055044728
S2_55517110 2 55521110 0.000116117248209625
S2_55517111 2 55521111 0.000231532671385607
S2_55518006 2 55522006 0.000112274785915648
S2_55581159 2 55585159 0.000147091185973313
S2_55605628 2 55609628 0.000622145446799652
S2_55675702 2 55679702 0.000974989708728636
S2_55676008 2 55680008 0.000426982155352868
S2_55735375 2 55739375 7.55330445857076e-05
S2_55738531 2 55742531 0.000145327806312241
S2_55744091 2 55748091 0.000224841702129013
S2_55744129 2 55748129 0.000224841702128993
S2_55744133 2 55748133 0.000224841702129013
S2_55747293 2 55751293 0.000249028131274689
S2_55747294 2 55751294 0.000271294234314827
S2_55747297 2 55751297 0.000249028131274689
S2_55747300 2 55751300 0.000249028131274689
S2_55747554 2 55751554 4.55332390173493e-10
S2_55754880 2 55758880 0.000290334002491764
S2_55809341 2 55813341 3.07301668134147e-10
S2_55809366 2 55813366 3.07301668134114e-10
S2_55810946 2 55814946 4.57830477654617e-05
S2_55810955 2 55814955 4.57830477654617e-05
S2_55819692 2 55823692 0.000662055111663564
S2_55833437 2 55837437 0.000240166336564761
S2_55836483 2 55840483 3.99133652365524e-06
S2_55958423 2 55962423 0.000486549083268499
S2_55958468 2 55962468 1.79300695207929e-06
S2_55959917 2 55963917 4.63646234474576e-08
S2_56017420 2 56021420 0.00094138044343078
S2_56048021 2 56052021 0.000630669892174766
S2_56140214 2 56144214 3.20295338354587e-05
S2_56152591 2 56156591 8.67497937809166e-05
S2_56163780 2 56167780 0.000153392339803866
S2_56205593 2 56209593 0.000142676995203893
S2_56246298 2 56250298 0.000252533615103241
S2_56302461 2 56306461 7.49978961755388e-05
S2_56302482 2 56306482 7.37874576203676e-05
S2_56369559 2 56373559 2.20646013385949e-10
S2_56369569 2 56373569 2.20646013385949e-10
S2_56369583 2 56373583 2.25211007555331e-10
S2_56435388 2 56439388 0.00090692025430053
S2_56564290 2 56568290 3.51449417297042e-06
S2_56564292 2 56568292 4.56351453362746e-06
S2_56695906 2 56699906 0.000433920625329053
S2_56696663 2 56700663 0.000405592543095821
S2_56696683 2 56700683 0.000405592543095821
S2_56789916 2 56793916 4.31428108267501e-06
S2_56829711 2 56833711 2.02838505351629e-06
S2_56882796 2 56886796 0.000767941640322983
S2_56905942 2 56909942 0.000158267134536658
S2_56908507 2 56912507 2.16923202000106e-05
S2_56926714 2 56930714 0.000986289624394183
S2_56926717 2 56930717 0.000986289624394183
S2_56963277 2 56967277 1.28807906385094e-05
S2_56964080 2 56968080 0.000191362852019947
S2_56964506 2 56968506 5.09057368419641e-05
S2_57032863 2 57036863 0.000314336249649676
S2_57148560 2 57152560 0.000377101672991894
S2_57159347 2 57163347 9.09794429704112e-09
S2_57159349 2 57163349 4.90413514572104e-07
S2_57159350 2 57163350 2.0448131391137e-06
S2_57159351 2 57163351 4.90413514572104e-07
S2_57159352 2 57163352 4.90413514572128e-07
S2_57159353 2 57163353 9.31636157613407e-08
S2_57159354 2 57163354 2.92208721592543e-07
S2_57223898 2 57227898 6.21929158157115e-07
S2_57250411 2 57254411 0.000607487645229982
S2_57260204 2 57264204 0.000391741711059457
S2_57260257 2 57264257 0.000440775942108724
S2_57260260 2 57264260 0.000440775942108724
S2_57265206 2 57269206 3.03345772265231e-06
S2_57517526 2 57521526 0.000210830562004786
S2_57518037 2 57522037 0.000200325186015965
S2_57566020 2 57570020 4.09639486885928e-05
S2_57566029 2 57570029 0.000173972133941597
S2_57581224 2 57585224 0.000280584710638683
S2_57581225 2 57585225 0.000264253158791014
S2_57581226 2 57585226 0.000280584710638683
S2_57581228 2 57585228 0.000569756471533892
S2_57581230 2 57585230 0.000264253158791014
S2_57679565 2 57683565 5.84743936943252e-05
S2_57703534 2 57707534 0.000222507206815015
S2_57703570 2 57707570 4.96653992231566e-05
S2_57721902 2 57725902 2.68418842454265e-05
S2_57721916 2 57725916 0.000331360067637365
S2_57721957 2 57725957 3.24611089824347e-05
S2_57726523 2 57730523 0.000777675056435441
S2_57726615 2 57730615 0.000830118015630305
S2_57727065 2 57731065 0.000452331215205488
S2_57727066 2 57731066 0.000452331215205434
S2_57727196 2 57731196 1.63928657727189e-05
S2_57727421 2 57731421 0.000200781181926664
S2_57728715 2 57732715 8.31076349657716e-06
S2_57728916 2 57732916 0.000121762894651023
S2_57728934 2 57732934 8.00460862770989e-05
S2_57732524 2 57736524 0.000136537334247613
S2_57769714 2 57773714 6.47545066640059e-06
S2_57798825 2 57802825 0.000189502309355556
S2_57848371 2 57852371 0.00031757934092635
S2_57858276 2 57862276 0.000728711464995212
S2_57862738 2 57866738 2.60039334777589e-05
S2_57874111 2 57878111 7.4432787267935e-05
S2_57874156 2 57878156 1.97463977380672e-05
S2_57874157 2 57878157 1.97463977380672e-05
S2_57886835 2 57890835 0.000207672298400783
S2_57886841 2 57890841 0.000177195019745964
S2_57886842 2 57890842 0.000207672298400783
S2_57933774 2 57937774 0.000135890924521321
S2_57933900 2 57937900 0.000774432912142191
S2_57941730 2 57945730 0.000494698366902428
S2_57958088 2 57962088 0.000696931959706246
S2_57987216 2 57991216 0.000610415649879323
S2_58015135 2 58019135 9.47815163720234e-05
S2_58021435 2 58025435 0.000520366271157612
S2_58072875 2 58076875 0.000164093232432608
S2_58197180 2 58201180 0.00047531615131707
S2_58289938 2 58293938 0.000331881239231343
S2_58301686 2 58305686 1.85024612056815e-06
S2_58419680 2 58423680 5.91437885521716e-06
S2_58556453 2 58560453 9.30716195174733e-05
S2_58573796 2 58577796 8.46751067801287e-05
S2_58597275 2 58601275 1.13026151995053e-05
S2_58597295 2 58601295 7.98482523267828e-05
S2_58598943 2 58602943 0.00054153652843982
S2_58598961 2 58602961 0.000285828589451617
S2_58598966 2 58602966 0.00054153652843982
S2_58598968 2 58602968 0.00054153652843976
S2_58602879 2 58606879 0.000767884130882468
S2_58603836 2 58607836 4.78017848089847e-05
S2_58639879 2 58643879 3.81783523707496e-08
S2_58720675 2 58724675 3.67703713239852e-06
S2_58734179 2 58738179 0.000422916867074487
S2_58759044 2 58763044 0.000890150359309912
S2_58844492 2 58848492 6.92513253411566e-06
S2_58846287 2 58850287 0.000100149759028309
S2_58867087 2 58871087 0.000823770706462587
S2_58894731 2 58898731 0.000111063998673872
S2_58904279 2 58908279 0.000145055805660864
S2_58955212 2 58959212 0.000567280726244897
S2_59022323 2 59026323 0.000968214406335692
S2_59133601 2 59137601 0.000531201540801523
S2_59134995 2 59138995 0.000255916002364744
S2_59142054 2 59146054 0.000136635184992844
S2_59158546 2 59162546 0.000405038734580481
S2_59176431 2 59180431 2.59680565207311e-05
S2_59226844 2 59230844 0.000791365053667479
S2_59234239 2 59238239 0.000543775668794418
S2_59252135 2 59256135 2.86245065057947e-06
S2_59265902 2 59269902 0.000789149482735758
S2_59343207 2 59347207 1.9912058608076e-05
S2_59375946 2 59379946 0.000267797791673463
S2_59387215 2 59391215 0.000545441867519698
S2_59446632 2 59450632 4.74811366134143e-06
S2_59562074 2 59566074 0.000318638026025422
S2_59605395 2 59609395 0.000873816215016384
S2_59619650 2 59623650 1.12058675557515e-05
S2_59619738 2 59623738 1.21091253373605e-10
S2_59645419 2 59649419 0.000561231048372793
S2_59646351 2 59650351 7.03692957534361e-06
S2_59915080 2 59919080 0.00055378919982963
S2_59921713 2 59925713 4.80244856374855e-05
S2_59921715 2 59925715 0.000973446509853133
S2_59921928 2 59925928 1.42350953760706e-05
S2_59921993 2 59925993 0.000920081478611365
S2_60093213 2 60097213 0.000124517201932189
S2_60288144 2 60292144 9.2500123397681e-05
S2_60296711 2 60300711 0.000168558691268494
S2_60296713 2 60300713 0.000160905452841956
S2_60351877 2 60355877 3.94400329384755e-06
S2_60355283 2 60359283 0.000967181141316011
S2_60372689 2 60376689 1.31627988418346e-05
S2_60452559 2 60456559 3.89079270183942e-06
S2_60457893 2 60461893 0.000624950918948193
S2_60457921 2 60461921 0.000624950918948138
S2_60464996 2 60468996 0.000616554428658246
S2_60512624 2 60516624 0.000466839500463172
S2_60534535 2 60538535 1.08122025979811e-08
S2_60544349 2 60548349 0.00066986430716553
S2_60582039 2 60586039 0.000237024342324702
S2_60586508 2 60590508 2.65908970394886e-06
S2_60588201 2 60592201 5.78384996777093e-06
S2_60588203 2 60592203 5.78384996777093e-06
S2_60596923 2 60600923 5.75712281302936e-06
S2_60596924 2 60600924 5.75712281302936e-06
S2_60596925 2 60600925 5.75712281302936e-06
S2_60638066 2 60642066 1.29261967198949e-06
S2_60721132 2 60725132 5.83592889197317e-06
S2_60759109 2 60763109 8.63980094974627e-05
S2_60811093 2 60815093 1.4884136765608e-05
S2_60812510 2 60816510 2.26085466356363e-06
S2_60833574 2 60837574 4.69253297312035e-07
S2_60849712 2 60853712 0.000752021576349497
S2_60880822 2 60884822 6.75701244549427e-08
S2_60880828 2 60884828 1.46452095731504e-07
S2_60895912 2 60899912 4.39815688584062e-07
S2_60986471 2 60990471 0.0004571081629176
S2_60998228 2 61002228 0.000115133578534413
S2_61018697 2 61022697 0.000211919674268609
S2_61044256 2 61048256 0.000618034686146426
S2_61044294 2 61048294 0.000613015619339093
S2_61059175 2 61063175 0.000210240189339304
S2_61076417 2 61080417 0.00018633897119617
S2_61096512 2 61100512 0.000454389242903218
S2_61104358 2 61108358 0.000199294509814299
S2_61117543 2 61121543 0.000786588812465568
S2_61118343 2 61122343 0.000128450417250815
S2_61119679 2 61123679 2.18586113716492e-07
S2_61119791 2 61123791 1.33944581834429e-07
S2_61123200 2 61127200 1.14399849731871e-06
S2_61123230 2 61127230 1.14399849731871e-06
S2_61123387 2 61127387 6.24566360221269e-06
S2_61125583 2 61129583 0.000544337001883416
S2_61126444 2 61130444 6.25202347872164e-06
S2_61130218 2 61134218 0.000769288563824471
S2_61130275 2 61134275 0.000118271584716725
S2_61130291 2 61134291 0.000547093602310462
S2_61138327 2 61142327 9.10866049303459e-06
S2_61138330 2 61142330 2.16765658699217e-05
S2_61138336 2 61142336 2.16765658699217e-05
S2_61138582 2 61142582 1.70299667484011e-05
S2_61138882 2 61142882 0.000110092880413503
S2_61138921 2 61142921 0.000106595146825295
S2_61139162 2 61143162 1.10574497450224e-05
S2_61139164 2 61143164 0.000559401426791581
S2_61140049 2 61144049 8.4327518085306e-05
S2_61148103 2 61152103 0.000110038804653605
S2_61148104 2 61152104 0.000587382856826797
S2_61148109 2 61152109 0.000587382856826797
S2_61148117 2 61152117 0.000988988347410395
S2_61153526 2 61157526 2.52140194542199e-07
S2_61153599 2 61157599 8.7880462795681e-08
S2_61161330 2 61165330 3.54361243054691e-07
S2_61161332 2 61165332 3.54361243054691e-07
S2_61165830 2 61169830 5.8458571494174e-05
S2_61165845 2 61169845 5.8458571494174e-05
S2_61165864 2 61169864 2.88034730311953e-05
S2_61166689 2 61170689 3.72590876341144e-07
S2_61223956 2 61227956 0.000419622329093503
S2_61230696 2 61234696 9.87044559530107e-06
S2_61258762 2 61262762 0.000371049893274526
S2_61331815 2 61335815 2.21893299354778e-07
S2_61354263 2 61358263 3.47244999947525e-06
S2_61369482 2 61373482 5.51660898410781e-08
S2_61426708 2 61430708 8.14694759589564e-06
S2_61428497 2 61432497 9.19618675480414e-05
S2_61448133 2 61452133 6.64822880287645e-05
S2_61448165 2 61452165 0.000283261133303082
S2_61462335 2 61466335 0.000300806833048105
S2_61462503 2 61466503 0.000522991524402254
S2_61536363 2 61540363 1.17680339649688e-07
S2_61539608 2 61543608 2.96383768817104e-07
S2_61543248 2 61547248 2.31904398193668e-07
S2_61572370 2 61576370 1.20338474609257e-05
S2_61572435 2 61576435 6.43820152671817e-07
S2_61574032 2 61578032 1.36681837595704e-06
S2_61575492 2 61579492 4.93508638905213e-07
S2_61582954 2 61586954 5.6320966755496e-06
S2_61582965 2 61586965 5.70111567177604e-06
S2_61616376 2 61620376 2.41612084251386e-05
S2_61667624 2 61671624 0.000417978226659103
S2_61731698 2 61735698 0.00023006520065478
S2_61759686 2 61763686 5.01628588030269e-06
S2_61762786 2 61766786 1.63270080004203e-06
S2_61764210 2 61768210 0.000961399128906982
S2_61765512 2 61769512 3.85114026862535e-07
S2_61828141 2 61832141 7.4068270717154e-08
S2_61939538 2 61943538 0.000134850416785347
S2_61965200 2 61969200 0.000478104751195454
S2_62026456 2 62030456 2.46148248582272e-05
S2_62063896 2 62067896 0.00012615779224753
S2_62078393 2 62082393 0.00062489251357671
S2_62125937 2 62129937 0.000516386801761978
S2_62433745 2 62437745 0.000127462774876975
S2_62433782 2 62437782 5.29897961586512e-06
S2_62507896 2 62511896 3.92605670878126e-05
S2_62656677 2 62660677 8.84135930693471e-06
S2_62699731 2 62703731 0.000794769094039972
S2_62725741 2 62729741 2.34959185423664e-05
S2_62725762 2 62729762 2.34959185423664e-05
S2_62798066 2 62802066 5.01320010038366e-06
S2_62798097 2 62802097 5.01320010038485e-06
S2_62843437 2 62847437 9.78543940923763e-06
S2_62850962 2 62854962 9.27270930045912e-06
S2_62852956 2 62856956 8.04949797323819e-06
S2_62852977 2 62856977 8.04949797323178e-06
S2_62853008 2 62857008 8.04949797323819e-06
S2_62950292 2 62954292 1.13823243305842e-10
S2_62975354 2 62979354 9.11486598310412e-06
S2_62987749 2 62991749 0.000840623537812947
S2_62997917 2 63001917 5.89955176665353e-05
S2_62997924 2 63001924 3.67670369672311e-05
S2_62997929 2 63001929 3.67670369672346e-05
S2_63022088 2 63026088 7.954912136611e-05
S2_63053877 2 63057877 0.000210621964200415
S2_63053885 2 63057885 0.000210621964200436
S2_63053917 2 63057917 0.000213326491570704
S2_63053957 2 63057957 5.75970542649325e-05
S2_63082746 2 63086746 4.55146169153403e-05
S2_63083636 2 63087636 2.91907096892493e-05
S2_63084956 2 63088956 0.000966309135281176
S2_63125971 2 63129971 4.02580980419573e-06
S2_63139277 2 63143277 1.05687580088426e-05
S2_63149814 2 63153814 3.58697088621633e-05
S2_63149815 2 63153815 3.68195628558065e-05
S2_63164399 2 63168399 2.46611911966713e-05
S2_63181325 2 63185325 9.62618985024385e-06
S2_63181460 2 63185460 9.34883249618567e-05
S2_63212224 2 63216224 1.43893958052689e-05
S2_63220545 2 63224545 1.33265707058315e-05
S2_63242771 2 63246771 0.000251524302870336
S2_63242772 2 63246772 0.000251524302870336
S2_63278432 2 63282432 4.10277894909817e-05
S2_63301520 2 63305520 0.000448224470251558
S2_63313272 2 63317272 0.000655087848382766
S2_63336997 2 63340997 2.01055614055162e-05
S2_63424102 2 63428102 0.000119125781530382
S2_63510228 2 63514228 3.9229231599635e-05
S2_63513545 2 63517545 4.24958463618062e-06
S2_63604537 2 63608537 0.000540864913252257
S2_63604742 2 63608742 6.33978430442118e-12
S2_63783601 2 63787601 0.000389826142097042
S2_63892885 2 63896885 0.00013125609164624
S2_63920788 2 63924788 1.03184615394635e-05
S2_63998893 2 64002893 0.000418974775131522
S2_63998925 2 64002925 0.000418974775131598
S2_64015561 2 64019561 0.000366328016212796
S2_64109910 2 64113910 0.000950143427468789
S2_64137064 2 64141064 1.59834871075571e-05
S2_64150206 2 64154206 8.24630916684468e-08
S2_64198495 2 64202495 0.00043620863559546
S2_64198498 2 64202498 0.000590163203201716
S2_64204679 2 64208679 3.07543007817725e-08
S2_64206431 2 64210431 0.00024556360648097
S2_64208996 2 64212996 1.0319020362795e-05
S2_64288134 2 64292134 0.000797429222430754
S2_64290146 2 64294146 0.000147842977156258
S2_64339880 2 64343880 1.5291446972156e-07
S2_64342430 2 64346430 6.72229502582046e-05
S2_64420571 2 64424571 5.56565080636231e-05
S2_64420586 2 64424586 5.56565080636231e-05
S2_64712023 2 64716023 4.91901820221786e-05
S2_64791746 2 64795746 5.74033077480557e-06
S2_64845852 2 64849852 7.38442655596195e-06
S2_64865459 2 64869459 3.15506568835377e-05
S2_64981241 2 64985241 0.000859787382079194
S2_64981636 2 64985636 0.00036907609380555
S2_65156325 2 65160325 2.18236073233173e-07
S2_65218420 2 65222420 0.000559948857753235
S2_65286666 2 65290666 0.000599415687273021
S2_65300675 2 65304675 3.45517832904774e-05
S2_65330883 2 65334883 4.76126371712362e-06
S2_65402437 2 65406437 0.00073430049016956
S2_65402446 2 65406446 0.000266662979414933
S2_65402447 2 65406447 0.000266662979414965
S2_65402480 2 65406480 9.35796421362673e-05
S2_65419312 2 65423312 0.000263266984277492
S2_65470818 2 65474818 1.95001235184007e-06
S2_65478462 2 65482462 2.38016380737079e-06
S2_65484858 2 65488858 6.21136676361322e-06
S2_65499536 2 65503536 9.64495614793997e-07
S2_65506126 2 65510126 1.32594580373058e-06
S2_65531773 2 65535773 0.000271833010603416
S2_65531812 2 65535812 0.000271833010603498
S2_65535091 2 65539091 8.55766602510905e-06
S2_65557850 2 65561850 3.48064439530368e-05
S2_65680355 2 65684355 0.000208374426208849
S2_65694131 2 65698131 0.000833271003034178
S2_65728353 2 65732353 4.23782910061765e-06
S2_65735254 2 65739254 8.97452323032428e-05
S2_65735291 2 65739291 8.97452323032428e-05
S2_65758433 2 65762433 9.36079718368929e-05
S2_65802461 2 65806461 5.25131244993849e-06
S2_65803591 2 65807591 1.73130986481461e-05
S2_65804242 2 65808242 2.19926233143209e-05
S2_65812104 2 65816104 2.21009098540262e-08
S2_65812106 2 65816106 1.11260537331549e-06
S2_65825613 2 65829613 3.4173169662348e-06
S2_65826053 2 65830053 5.53061524313328e-05
S2_65833165 2 65837165 1.97694680443546e-05
S2_65833800 2 65837800 8.82670774375369e-05
S2_65835190 2 65839190 0.000886673820710913
S2_65862037 2 65866037 1.29821349489019e-07
S2_65866015 2 65870015 2.73085801323308e-06
S2_65866150 2 65870150 0.000543060631376664
S2_65875313 2 65879313 1.24932894709791e-05
S2_65875763 2 65879763 3.93878040896541e-05
S2_65875818 2 65879818 0.000161596847547455
S2_65875835 2 65879835 0.000620897369363358
S2_65877949 2 65881949 1.16977063551939e-05
S2_65878005 2 65882005 5.61062281686499e-05
S2_65880646 2 65884646 8.09393051986346e-07
S2_65891607 2 65895607 0.000144890791932525
S2_65895503 2 65899503 0.000113582733252825
S2_65902190 2 65906190 3.80702303537513e-05
S2_65926031 2 65930031 2.25420764085843e-05
S2_65962475 2 65966475 0.000417397512909234
S2_65993247 2 65997247 2.00139162469526e-05
S2_65993506 2 65997506 0.000129948066011204
S2_65995725 2 65999725 2.3021021949066e-05
S2_65995743 2 65999743 1.38437671303187e-05
S2_65995755 2 65999755 1.38437671303187e-05
S2_65995767 2 65999767 1.58875727252762e-05
S2_65995769 2 65999769 6.91005815558793e-05
S2_66035691 2 66039691 1.34881406566626e-07
S2_66035694 2 66039694 1.34881406566626e-07
S2_66083265 2 66087265 1.17818536152493e-08
S2_66135529 2 66139529 2.06143109777025e-05
S2_66138015 2 66142015 8.67238721103708e-05
S2_66143894 2 66147894 9.77517849261353e-06
S2_66166969 2 66170969 0.000814567578567219
S2_66185670 2 66189670 6.3049795305914e-07
S2_66185784 2 66189784 0.000823189635879816
S2_66201618 2 66205618 6.32730153959592e-06
S2_66216851 2 66220851 1.36310894104282e-05
S2_66225344 2 66229344 1.82396039524097e-06
S2_66247298 2 66251298 4.08660883416086e-05
S2_66255998 2 66259998 0.00077382116202362
S2_66263391 2 66267391 0.000668406085457112
S2_66263392 2 66267392 0.000689464460269062
S2_66263441 2 66267441 0.000127817008453769
S2_66272497 2 66276497 4.7095210156138e-05
S2_66275115 2 66279115 0.000176007641905673
S2_66278291 2 66282291 5.80020064711924e-07
S2_66281033 2 66285033 1.82929628453108e-05
S2_66340006 2 66344006 6.1399816813093e-06
S2_66344949 2 66348949 6.23799518460155e-05
S2_66353681 2 66357681 1.90956522338367e-05
S2_66353937 2 66357937 9.23129045961252e-06
S2_66367614 2 66371614 0.000546899727808101
S2_66380035 2 66384035 2.34872799503411e-05
S2_66404419 2 66408419 0.000148168481482884
S2_66426745 2 66430745 0.000648736232960112
S2_66429939 2 66433939 0.000461990159200834
S2_66429940 2 66433940 0.000461990159200834
S2_66430083 2 66434083 4.87854724718561e-05
S2_66432747 2 66436747 8.28547155816233e-05
S2_66446848 2 66450848 0.000112774145786367
S2_66507435 2 66511435 0.000438415389035427
S2_66536152 2 66540152 0.000311972627632386
S2_66559092 2 66563092 2.91994353805864e-06
S2_66566233 2 66570233 6.263538385237e-07
S2_66566262 2 66570262 1.1663058847851e-07
S2_66585801 2 66589801 0.000436425285917703
S2_66593531 2 66597531 0.000325368794462515
S2_66595303 2 66599303 0.000148040857468317
S2_66609114 2 66613114 0.000287112929537745
S2_66610901 2 66614901 0.000157669310197174
S2_66615709 2 66619709 0.000193539856608362
S2_66619259 2 66623259 0.000481040082695741
S2_66634178 2 66638178 0.000432742951073026
S2_66634837 2 66638837 0.000410452295525205
S2_66641912 2 66645912 0.000781345610166139
S2_66652849 2 66656849 0.000628441608223504
S2_66653100 2 66657100 7.35884479707317e-05
S2_66653301 2 66657301 8.66787199838422e-06
S2_66653324 2 66657324 7.55074713543361e-06
S2_66653425 2 66657425 2.41502989612743e-05
S2_66653733 2 66657733 0.000206585000529915
S2_66653816 2 66657816 0.000249672751518115
S2_66654582 2 66658582 1.57307111000102e-05
S2_66656469 2 66660469 0.000978611113611367
S2_66659539 2 66663539 0.00018770799174432
S2_66670880 2 66674880 5.57358437844596e-05
S2_66685960 2 66689960 0.000786384136434807
S2_66698344 2 66702344 0.000313902391644227
S2_66698345 2 66702345 0.000313902391644227
S2_66703717 2 66707717 0.000298611089408614
S2_66750465 2 66754465 0.000189984879107308
S2_66764101 2 66768101 3.52968749895023e-06
S2_66777102 2 66781102 2.95858809209487e-06
S2_66781591 2 66785591 3.23226548471407e-06
S2_66823685 2 66827685 0.000735471176580726
S2_66909857 2 66913857 5.80524563381504e-05
S2_66910318 2 66914318 8.97717617684882e-07
S2_66985769 2 66989769 3.80328758913757e-05
S2_67008466 2 67012466 1.20159459562349e-06
S2_67110883 2 67114883 0.000480048642565399
S2_67144398 2 67148398 1.15726616328519e-17
S2_67148139 2 67152139 4.40336834858773e-07
S2_67160603 2 67164603 0.00076330861413901
S2_67163089 2 67167089 4.17795820398597e-06
S2_67198755 2 67202755 7.15651268346956e-07
S2_67198780 2 67202780 1.85925794732945e-07
S2_67205604 2 67209604 0.000664043031599262
S2_67205606 2 67209606 0.000748627904866273
S2_67205828 2 67209828 0.000998281935012215
S2_67207645 2 67211645 2.79919743994611e-08
S2_67251578 2 67255578 3.46217454810921e-06
S2_67257712 2 67261712 2.72289024125117e-15
S2_67258586 2 67262586 1.24319720620135e-05
S2_67300356 2 67304356 0.000380379071602768
S2_67301561 2 67305561 5.18514051975881e-05
S2_67307490 2 67311490 0.000158469846100763
S2_67308970 2 67312970 4.04475124755159e-05
S2_67311264 2 67315264 0.000224011553210367
S2_67311314 2 67315314 3.12136013367977e-05
S2_67311750 2 67315750 0.000556336256180933
S2_67311764 2 67315764 0.00087389090493072
S2_67311768 2 67315768 0.00087389090493072
S2_67311796 2 67315796 0.000580140055780519
S2_67312108 2 67316108 5.26113215301218e-05
S2_67312164 2 67316164 1.43766057844978e-05
S2_67312487 2 67316487 0.000670980665236512
S2_67312488 2 67316488 0.000670980665236512
S2_67312778 2 67316778 1.26947418112986e-05
S2_67312985 2 67316985 0.000106368700239168
S2_67313546 2 67317546 5.13294853749815e-05
S2_67336468 2 67340468 1.00202051385574e-07
S2_67336777 2 67340777 0.000939724407263906
S2_67336781 2 67340781 0.000864275265999112
S2_67346375 2 67350375 3.27753711689097e-05
S2_67349782 2 67353782 4.74920069949186e-05
S2_67350462 2 67354462 3.87869887883425e-05
S2_67357368 2 67361368 0.000568782442910604
S2_67357372 2 67361372 0.000568782442910682
S2_67357479 2 67361479 8.64050995660714e-05
S2_67399653 2 67403653 2.23403675437228e-15
S2_67424307 2 67428307 3.9736507555625e-05
S2_67424373 2 67428373 0.000561193546947343
S2_67426034 2 67430034 0.000149805049446334
S2_67426066 2 67430066 0.000301172239771444
S2_67429100 2 67433100 0.00012754838618477
S2_67462930 2 67466930 0.000219848858248752
S2_67462945 2 67466945 0.000999375927237997
S2_67474847 2 67478847 0.00016413244521689
S2_67481460 2 67485460 0.000206958879288065
S2_67489711 2 67493711 2.39486804982436e-06
S2_67518364 2 67522364 5.72532276237349e-06
S2_67521709 2 67525709 0.000126690936964592
S2_67539731 2 67543731 3.69359351559062e-07
S2_67544064 2 67548064 3.59818735599025e-05
S2_67686143 2 67690143 1.83663788491174e-06
S2_67711304 2 67715304 3.66849511136886e-05
S2_67711464 2 67715464 0.000497288021932527
S2_67721299 2 67725299 0.000237884204554009
S2_67721304 2 67725304 5.52547116596235e-05
S2_67766590 2 67770590 0.000378902630432347
S2_67774388 2 67778388 0.000831179374507251
S2_67789255 2 67793255 0.000880393095083082
S2_67791168 2 67795168 0.000662755273571933
S2_67803358 2 67807358 0.000379414984954937
S2_67812259 2 67816259 0.000310215759205224
S2_67823756 2 67827756 0.000104058893675863
S2_67823924 2 67827924 9.01292900649441e-08
S2_67836244 2 67840244 8.21278205042265e-05
S2_67856270 2 67860270 0.000319044487171823
S2_67874861 2 67878861 0.000984368061937289
S2_67902906 2 67906906 3.37288819964328e-06
S2_67917368 2 67921368 8.2348985260581e-06
S2_68023540 2 68027540 3.80825863151066e-05
S2_68082468 2 68086468 2.48389745518211e-05
S2_68113294 2 68117294 4.84061254012616e-06
S2_68127193 2 68131193 6.04611288189694e-06
S2_68177894 2 68181894 2.31409825500607e-06
S2_68179239 2 68183239 3.48916052449745e-06
S2_68185996 2 68189996 0.000521482973119997
S2_68186000 2 68190000 0.000364932057476296
S2_68186002 2 68190002 0.000364932057476296
S2_68218528 2 68222528 0.000339824064289391
S2_68300070 2 68304070 4.82557807923061e-06
S2_68328160 2 68332160 0.000486699361867768
S2_68328176 2 68332176 0.000486699361867768
S2_68379914 2 68383914 1.75708830369417e-05
S2_68429727 2 68433727 0.00077110247506312
S2_68511383 2 68515383 2.25490163532355e-08
S2_68514697 2 68518697 0.000909329655702149
S2_68521108 2 68525108 5.24533054908836e-05
S2_68597763 2 68601763 1.3302893618945e-05
S2_68601349 2 68605349 1.38468437460635e-05
S2_68666777 2 68670777 3.09761528678492e-08
S2_68666778 2 68670778 3.09761528678492e-08
S2_68666779 2 68670779 3.09761528678492e-08
S2_68669870 2 68673870 4.91523175559262e-06
S2_68716765 2 68720765 2.3501102696478e-07
S2_68825019 2 68829019 5.84119399787706e-18
S2_68860344 2 68864344 0.000572177633101631
S2_68860582 2 68864582 4.8191693346196e-05
S2_68867818 2 68871818 3.51283001687998e-06
S2_69115590 2 69119590 0.000947494286766137
S2_69188369 2 69192369 5.66087704404817e-05
S2_69207829 2 69211829 0.000745852941242386
S2_69285482 2 69289482 2.15858591634989e-07
S2_69285483 2 69289483 2.15858591634989e-07
S2_69292585 2 69296585 0.000680913579805422
S2_69335305 2 69339305 0.000820896156656884
S2_69349655 2 69353655 0.000534859866054521
S2_69389101 2 69393101 9.77684347538932e-05
S2_69389131 2 69393131 9.77684347538932e-05
S2_69389133 2 69393133 9.77684347538932e-05
S2_69473226 2 69477226 3.40982543151175e-07
S2_69536146 2 69540146 0.00065953677015162
S2_69590572 2 69594572 3.74814176184297e-05
S2_69604135 2 69608135 0.000215571294002211
S2_69610835 2 69614835 9.45215435414587e-05
S2_69646869 2 69650869 0.000324315299925608
S2_69661220 2 69665220 0.000270993109453043
S2_69685127 2 69689127 4.36561547763265e-05
S2_69685128 2 69689128 4.36561547763265e-05
S2_69685133 2 69689133 4.36561547763326e-05
S2_69696470 2 69700470 0.000603155396989961
S2_69738491 2 69742491 0.000849053497523462
S2_69739116 2 69743116 0.000171444252626167
S2_69739138 2 69743138 0.000836504556950561
S2_69739268 2 69743268 0.000933668544445156
S2_69852966 2 69856966 0.000285187834082525
S2_69860353 2 69864353 0.000946689571232061
S2_69889548 2 69893548 1.02881944296813e-06
S2_69890324 2 69894324 1.0415666034036e-05
S2_69921973 2 69925973 0.000455799712547047
S2_69934834 2 69938834 0.000122778605013721
S2_69938401 2 69942401 9.88385529366969e-05
S2_69942185 2 69946185 5.79990269778556e-06
S2_69944225 2 69948225 9.47052707468822e-05
S2_70009924 2 70013924 1.62890394453965e-05
S2_70009931 2 70013931 7.45651275969663e-05
S2_70020684 2 70024684 0.00074636940382484
S2_70025265 2 70029265 0.00088765467605725
S2_70025302 2 70029302 0.00088765467605725
S2_70025313 2 70029313 0.00088765467605725
S2_70029048 2 70033048 3.64277585675609e-05
S2_70049249 2 70053249 0.000101391289340569
S2_70055775 2 70059775 1.17882265424078e-08
S2_70055782 2 70059782 5.45741728234885e-09
S2_70084674 2 70088674 0.000256512275843353
S2_70084773 2 70088773 5.47567699281262e-05
S2_70090517 2 70094517 2.58979950840697e-05
S2_70126280 2 70130280 6.45491619824928e-05
S2_70179791 2 70183791 3.01114848367198e-08
S2_70281819 2 70285819 0.000375162793972309
S2_70281984 2 70285984 0.00017983119977346
S2_70333437 2 70337437 3.67148759885907e-05
S2_70343823 2 70347823 0.000767233571724004
S2_70460890 2 70464890 6.53757870917407e-05
S2_70460892 2 70464892 0.000672290288964033
S2_70488685 2 70492685 5.80026126922863e-05
S2_70512719 2 70516719 2.3273962011784e-05
S2_70513312 2 70517312 6.07882109450584e-06
S2_70554653 2 70558653 6.50029658341978e-05
S2_70625468 2 70629468 1.76528748821823e-07
S2_70687741 2 70691741 0.000643367312620643
S2_70728051 2 70732051 0.000104521910388934
S2_70748505 2 70752505 0.000238879495540102
S2_70749288 2 70753288 0.000516372975817907
S2_70765110 2 70769110 0.000866307640978573
S2_70825448 2 70829448 3.31142499602277e-06
S2_70890096 2 70894096 3.38421340071742e-08
S2_70900443 2 70904443 3.01536155393212e-07
S2_70900463 2 70904463 1.51690601034063e-06
S2_71013923 2 71017923 2.10794539034562e-12
S2_71226619 2 71230619 2.36297177921682e-11
S2_71390451 2 71394451 0.000452241841470157
S2_71390484 2 71394484 0.000583938897030061
S2_71419274 2 71423274 0.000926774763761734
S2_71431030 2 71435030 0.000680179092308354
S2_71431064 2 71435064 0.000680179092308354
S2_71461823 2 71465823 0.000490533557116393
S2_71463984 2 71467984 4.93238953403526e-05
S2_71601407 2 71605407 4.31921946656796e-05
S2_71610610 2 71614610 0.000979900684945706
S2_71611973 2 71615973 9.14616570561696e-06
S2_71612010 2 71616010 1.07743508399165e-05
S2_71634169 2 71638169 6.53290856468697e-05
S2_71682370 2 71686370 1.54474672354835e-07
S2_71682604 2 71686604 0.000723704361470521
S2_71721213 2 71725213 0.000322949908871024
S2_71827091 2 71831091 9.6753037336265e-05
S2_71827772 2 71831772 0.000286298213298471
S2_71827778 2 71831778 0.000455862294554332
S2_71828542 2 71832542 0.000614624525496984
S2_71830698 2 71834698 0.000409422003914704
S2_71831832 2 71835832 0.00057915779312916
S2_71831912 2 71835912 0.000540055319166192
S2_71843707 2 71847707 0.000212279109456314
S2_71878125 2 71882125 2.56746718882021e-05
S2_71894221 2 71898221 0.000522581431381191
S2_71987819 2 71991819 0.00071177896696041
S2_72042347 2 72046347 4.14087910711694e-05
S2_72053036 2 72057036 0.00089947112669753
S2_72072089 2 72076089 8.6150156978138e-06
S2_72093756 2 72097756 0.000798780407683614
S2_72244798 2 72248798 0.000948189021450402
S2_72301926 2 72305926 3.94827692712753e-05
S2_72347170 2 72351170 0.000433530724784509
S2_72374276 2 72378276 0.000489897116038629
S2_72396743 2 72400743 0.00041848008145197
S2_72402840 2 72406840 0.000177875673695539
S2_72404396 2 72408396 0.000658913709342075
S2_72406663 2 72410663 0.00090813626478498
S2_72406669 2 72410669 0.00090813626478498
S2_72448956 2 72452956 0.000708715900000228
S2_72449155 2 72453155 1.23076912702793e-05
S2_72675189 2 72679189 0.000776193750428691
S2_72752875 2 72756875 8.19345827963898e-05
S2_72785446 2 72789446 0.000706970823688913
S2_72794640 2 72798640 0.000431738746027329
S2_72831927 2 72835927 0.000507273937359093
S2_72892300 2 72896300 0.000201673639214067
S2_72933107 2 72937107 0.000631404365681305
S2_72956435 2 72960435 3.36252772025227e-09
S2_72990821 2 72994821 0.000880635434211775
S2_72992743 2 72996743 0.000981330383961726
S2_73019828 2 73023828 3.72593770536618e-07
S2_73019832 2 73023832 0.000603934201901393
S2_73045228 2 73049228 4.46356261249318e-07
S2_73158199 2 73162199 5.18095779639456e-06
S2_73158444 2 73162444 9.20385417732795e-06
S2_73306235 2 73310235 5.39386579083632e-07
S2_73326928 2 73330928 8.42980468448405e-05
S2_73440625 2 73444625 1.15903750376766e-06
S2_73592009 2 73596009 0.000504384628051181
S2_73610777 2 73614777 3.21851921228274e-05
S2_73616085 2 73620085 0.000216210613366785
S2_73622272 2 73626272 0.000720217184601522
S2_73654629 2 73658629 0.000235297419808531
S2_73693968 2 73697968 0.000160813277952054
S2_73693980 2 73697980 0.000160813277952054
S2_73714252 2 73718252 0.000903955780592584
S2_73714375 2 73718375 0.000968547710043999
S2_73762082 2 73766082 0.000281757281012912
S2_73794918 2 73798918 0.000208485472669981
S2_73795415 2 73799415 0.000102869814300631
S2_73796836 2 73800836 0.000627126502446522
S2_73798289 2 73802289 1.87521805516661e-05
S2_73798290 2 73802290 1.45340235335405e-05
S2_73798291 2 73802291 1.45340235335405e-05
S2_73802943 2 73806943 9.35834347240626e-06
S2_73802970 2 73806970 9.35834347240626e-06
S2_73802979 2 73806979 9.35834347240626e-06
S2_73824812 2 73828812 0.000859617239269649
S2_73825298 2 73829298 0.000403174813718473
S2_73825311 2 73829311 0.000403174813718443
S2_73825313 2 73829313 0.000403174813718443
S2_73825325 2 73829325 0.000403174813718443
S2_73826192 2 73830192 9.21372122314899e-05
S2_73826274 2 73830274 2.47803635144526e-05
S2_73826276 2 73830276 4.04468965746465e-05
S2_73826277 2 73830277 9.04394878522816e-05
S2_73826278 2 73830278 4.04468965746465e-05
S2_73850465 2 73854465 2.60217554697442e-05
S2_73850499 2 73854499 2.60217554697442e-05
S2_73850509 2 73854509 2.60217554697442e-05
S2_73850644 2 73854644 1.81496264321688e-07
S2_73850659 2 73854659 1.81496264321698e-07
S2_73850669 2 73854669 2.35775085404711e-07
S2_73850698 2 73854698 0.000240094837277968
S2_73850716 2 73854716 0.00024009483727796
S2_73850728 2 73854728 0.000240094837277968
S2_73850958 2 73854958 8.84761834837888e-05
S2_73850967 2 73854967 8.84761834837888e-05
S2_73851531 2 73855531 0.0002292327301615
S2_73851568 2 73855568 0.000253729744222968
S2_73865904 2 73869904 6.95215798274129e-06
S2_73868015 2 73872015 4.583701411844e-05
S2_73868018 2 73872018 4.583701411844e-05
S2_73893040 2 73897040 0.00080576872653771
S2_73893171 2 73897171 0.000108417529306379
S2_73893272 2 73897272 0.000649305939072997
S2_73958178 2 73962178 0.000166608827077766
S2_73964645 2 73968645 0.000141938710354136
S2_73964881 2 73968881 2.00012236405226e-05
S2_73964904 2 73968904 1.03898440143124e-05
S2_73964919 2 73968919 0.000265533971687588
S2_73983410 2 73987410 0.000168187885019442
S2_74019700 2 74023700 0.000468604864479464
S2_74030831 2 74034831 0.000920779849757322
S2_74084518 2 74088518 0.000441952739817269
S2_74092076 2 74096076 0.000199106364299819
S2_74116938 2 74120938 2.17389269803089e-05
S2_74133825 2 74137825 5.34508953707996e-06
S2_74158216 2 74162216 0.000650184852637596
S2_74172326 2 74176326 0.000684544584307621
S2_74243300 2 74247300 0.000768710359518364
S2_74248831 2 74252831 0.000780938087681529
S2_74255215 2 74259215 0.000550488425660313
S2_74307080 2 74311080 6.25218370711147e-07
S2_74307086 2 74311086 6.25218370711147e-07
S2_74313387 2 74317387 0.000132712547762863
S2_74323799 2 74327799 2.37149853153275e-11
S2_74328119 2 74332119 2.65244915052352e-06
S2_74337323 2 74341323 0.000233305421522625
S2_74339401 2 74343401 2.05753480570714e-05
S2_74431748 2 74435748 8.52581941813436e-09
S2_74431920 2 74435920 0.000320846226122722
S2_74438460 2 74442460 0.000588923287982973
S2_74448361 2 74452361 9.83536683100389e-05
S2_74449859 2 74453859 0.000572396659146217
S2_74471910 2 74475910 1.84147056676141e-06
S2_74578511 2 74582511 0.000259967781301854
S2_74609131 2 74613131 0.000487994224303671
S2_74612190 2 74616190 1.93782389012375e-05
S2_74621434 2 74625434 0.000713659383292012
S2_74673046 2 74677046 0.000282876317313853
S2_74702491 2 74706491 0.000934702897043352
S2_74798716 2 74802716 0.00099681945804383
S2_74871453 2 74875453 0.000509112592295575
S2_74937767 2 74941767 0.00078388294392002
S2_74937812 2 74941812 0.000305412108219898
S2_75096582 2 75100582 0.00023667585281154
S2_75203786 2 75207786 0.000887846992599182
S2_75322713 2 75326713 4.21389048115129e-07
S2_75400638 2 75404638 0.000838183316019154
S2_75436273 2 75440273 0.000935499192167831
S2_75484805 2 75488805 0.000122929429818301
S2_75516675 2 75520675 4.28371636916552e-07
S2_75516803 2 75520803 0.000748815864992346
S2_75516842 2 75520842 0.000331951901620238
S2_75516849 2 75520849 0.000873657259850245
S2_75517374 2 75521374 0.000893366072921613
S2_75517676 2 75521676 0.000920076549138209
S2_75517883 2 75521883 0.00025585366328936
S2_75542238 2 75546238 1.18390006930324e-06
S2_75548160 2 75552160 0.000102424774996474
S2_75550415 2 75554415 9.16721814406372e-05
S2_75559173 2 75563173 7.45384808461493e-05
S2_75559373 2 75563373 0.000342778521969912
S2_75559433 2 75563433 0.000152131070710502
S2_75561018 2 75565018 3.74776269185547e-05
S2_75561318 2 75565318 0.000163485175015056
S2_75561319 2 75565319 0.000709467741783443
S2_75561356 2 75565356 0.000227954916210692
S2_75608335 2 75612335 4.22225953893517e-06
S2_75608371 2 75612371 1.50519218344806e-05
S2_75608372 2 75612372 1.98338886988642e-05
S2_75614203 2 75618203 1.64180757273473e-05
S2_75619596 2 75623596 9.19222443102429e-06
S2_75619611 2 75623611 5.83863137570336e-06
S2_75624839 2 75628839 1.03358734295748e-07
S2_75629598 2 75633598 2.55064086482589e-07
S2_75649145 2 75653145 0.000129272203289132
S2_75649154 2 75653154 3.20608388112352e-08
S2_75663899 2 75667899 7.32489764793244e-05
S2_75686588 2 75690588 4.88595906717093e-06
S2_75696708 2 75700708 3.43703334053923e-06
S2_75702035 2 75706035 5.16955611057154e-05
S2_75702066 2 75706066 3.78478172293174e-05
S2_75702126 2 75706126 0.000158695036340842
S2_75702164 2 75706164 2.65742295944112e-05
S2_75702165 2 75706165 1.98637036321231e-05
S2_75702167 2 75706167 1.98637036321231e-05
S2_75702538 2 75706538 0.0003689972379708
S2_75714386 2 75718386 0.000614038329433079
S2_75714421 2 75718421 0.000614038329433165
S2_75732592 2 75736592 0.000341049258289502
S2_75732614 2 75736614 0.000341049258289502
S2_75741097 2 75745097 2.04612538696644e-06
S2_75741278 2 75745278 2.2615668387501e-06
S2_75756181 2 75760181 4.85953145927331e-05
S2_75757864 2 75761864 0.000793858158450431
S2_75788147 2 75792147 0.000833770409726341
S2_75797919 2 75801919 0.000379831910290911
S2_75801764 2 75805764 0.000853921971886376
S2_75806108 2 75810108 0.000779015294855395
S2_75806112 2 75810112 0.000817493274276488
S2_75836873 2 75840873 0.000169244182269349
S2_75847201 2 75851201 8.91594117714875e-05
S2_75847495 2 75851495 2.35658541402353e-05
S2_75847897 2 75851897 2.25833782296235e-05
S2_75847899 2 75851899 0.000364497045793421
S2_75855128 2 75859128 9.95356281988675e-06
S2_75855174 2 75859174 0.000235929342047795
S2_75867561 2 75871561 3.26597717125672e-07
S2_75867755 2 75871755 0.000762266149165957
S2_75867788 2 75871788 0.000762266149165957
S2_75892745 2 75896745 0.000218359652168803
S2_75946714 2 75950714 0.000318729372926886
S2_75952501 2 75956501 0.000296080531696328
S2_76031437 2 76035437 0.000156385574004081
S2_76092084 2 76096084 0.000326832240898485
S2_76144447 2 76148447 9.14887523637126e-05
S2_76233527 2 76237527 8.17279505402484e-09
S2_76233529 2 76237529 8.17279505402484e-09
S2_76233563 2 76237563 8.17279505401709e-09
S2_76306543 2 76310543 0.000197232734520985
S2_76380415 2 76384415 5.79248284302811e-08
S2_76437503 2 76441503 0.000688304882928504
S2_76663403 2 76667403 6.1866093864737e-07
S2_76671118 2 76675118 2.84280762270381e-08
S2_76681685 2 76685685 0.000760340472340338
S2_76681884 2 76685884 3.72483553978163e-05
S2_76744319 2 76748319 1.47370046047161e-06
S2_77046003 2 77050003 0.000154638030844428
S2_77323904 2 77327904 3.45995385072181e-05
S2_77364472 2 77368472 0.00013357801844719
S2_77433133 2 77437133 0.000355980013106155
S2_77730827 2 77734827 0.000142210144192768
S2_77730828 2 77734828 2.34057751198868e-07
S2_77730830 2 77734830 2.6639926154557e-07
S2_77789254 2 77793254 0.000811877639861585
S2_77789431 2 77793431 6.35080177603311e-05
S2_77797032 2 77801032 6.30887522022041e-05
S2_77803851 2 77807851 0.000283006744633716
S2_77848247 2 77852247 6.06139436332343e-05
