Marker Chr Pos p
S10_132930 10 136930 4.58761592536614e-05
S10_132933 10 136933 7.84368362891865e-05
S10_132934 10 136934 8.72447318233891e-05
S10_206446 10 210446 0.000123254608855588
S10_274468 10 278468 2.34451003213735e-05
S10_274603 10 278603 1.74348297462628e-05
S10_295791 10 299791 3.56645652263072e-05
S10_300044 10 304044 1.51133197937415e-07
S10_335617 10 339617 0.000369307454204999
S10_368290 10 372290 7.13944029306802e-06
S10_415032 10 419032 0.000370461359024695
S10_449072 10 453072 7.12123060799643e-05
S10_456783 10 460783 9.44631194756385e-07
S10_456984 10 460984 2.03752336843268e-05
S10_457206 10 461206 0.000656910709572623
S10_461685 10 465685 0.000338770058696141
S10_540021 10 544021 6.98891796575659e-05
S10_660764 10 664764 0.00016338664395131
S10_674184 10 678184 4.75032897538783e-16
S10_757834 10 761834 7.60655554559146e-06
S10_757840 10 761840 7.60655554556957e-06
S10_758056 10 762056 4.29251969223279e-08
S10_759489 10 763489 2.15458676602092e-06
S10_759627 10 763627 4.48918732760876e-08
S10_1032069 10 1036069 9.3557484902967e-06
S10_1043560 10 1047560 1.24030203604433e-05
S10_1064591 10 1068591 4.18663098152364e-05
S10_1067176 10 1071176 0.00021907050954307
S10_1068905 10 1072905 0.000373107491854472
S10_1078787 10 1082787 1.94766201367694e-05
S10_1116077 10 1120077 0.000105125903494913
S10_1148011 10 1152011 0.00040226357456572
S10_1148021 10 1152021 0.00040226357456572
S10_1149373 10 1153373 0.000919552399535257
S10_1158025 10 1162025 0.00091537670669321
S10_1183065 10 1187065 3.36245276611398e-05
S10_1183067 10 1187067 2.46424324068632e-05
S10_1194182 10 1198182 0.000277567811890229
S10_1281738 10 1285738 8.62762594084035e-05
S10_1377540 10 1381540 3.64153565347861e-05
S10_1398536 10 1402536 0.000529943396648994
S10_1518117 10 1522117 2.11832056017312e-06
S10_1518121 10 1522121 2.11832056017312e-06
S10_1521751 10 1525751 0.000388901256186715
S10_1531507 10 1535507 1.18579707074983e-05
S10_1549316 10 1553316 0.000243196446923847
S10_1567742 10 1571742 0.000322684711419172
S10_1571380 10 1575380 0.000202636686674826
S10_1571385 10 1575385 0.000191826815385367
S10_1571386 10 1575386 0.000191826815385339
S10_1571387 10 1575387 0.000191826815385367
S10_1571388 10 1575388 0.000191826815385339
S10_1572898 10 1576898 1.33007055992267e-06
S10_1609058 10 1613058 4.68414588696466e-05
S10_1617546 10 1621546 0.000283549261224405
S10_1617577 10 1621577 0.000247531941368101
S10_1619375 10 1623375 1.7873250621489e-06
S10_1654310 10 1658310 0.000653291261084268
S10_1654312 10 1658312 0.000653291261084851
S10_1685669 10 1689669 1.3542982555864e-05
S10_1714994 10 1718994 0.00058347399227151
S10_1714998 10 1718998 0.000583473992271451
S10_1732967 10 1736967 2.99645016856888e-06
S10_1732994 10 1736994 2.9964501685711e-06
S10_1769255 10 1773255 2.58641698101239e-05
S10_1769527 10 1773527 2.11886392262273e-05
S10_1784476 10 1788476 1.48246670522898e-06
S10_1788597 10 1792597 6.77122165690293e-06
S10_1791008 10 1795008 1.38699415005628e-05
S10_1796599 10 1800599 0.000768084332220571
S10_1806046 10 1810046 3.27970510132135e-07
S10_1821107 10 1825107 3.34294138633655e-05
S10_1822665 10 1826665 7.63724638296168e-07
S10_1915399 10 1919399 1.65437838916001e-05
S10_2019073 10 2023073 0.000144951257771248
S10_2019101 10 2023101 0.000144951257771246
S10_2020972 10 2024972 9.97258603299773e-05
S10_2037121 10 2041121 1.78866024982039e-05
S10_2037122 10 2041122 2.83593297256799e-05
S10_2037123 10 2041123 2.83593297256799e-05
S10_2100289 10 2104289 0.00028878024384373
S10_2104978 10 2108978 7.71893876986767e-05
S10_2106385 10 2110385 3.79747221499497e-07
S10_2132650 10 2136650 2.0466490224376e-06
S10_2219387 10 2223387 4.42792594445066e-06
S10_2219852 10 2223852 3.56259070676297e-06
S10_2220408 10 2224408 1.73501835157631e-05
S10_2323186 10 2327186 1.08213184386838e-07
S10_2323193 10 2327193 1.08213184386838e-07
S10_2323214 10 2327214 1.08213184386845e-07
S10_2421789 10 2425789 0.000799510786160482
S10_2445461 10 2449461 2.06673947122033e-05
S10_2543454 10 2547454 2.39958283089554e-06
S10_2579854 10 2583854 5.94706159115331e-06
S10_2579855 10 2583855 5.94706159113913e-06
S10_2579856 10 2583856 5.94706159115331e-06
S10_2658910 10 2662910 0.000469842918163332
S10_2671413 10 2675413 1.54867737614965e-05
S10_2671419 10 2675419 4.43644541722134e-05
S10_2703372 10 2707372 2.47841805904274e-05
S10_2726427 10 2730427 4.83574698419422e-07
S10_2754923 10 2758923 2.67125327008343e-06
S10_2759786 10 2763786 5.72131185418828e-06
S10_2759788 10 2763788 5.72131185418828e-06
S10_2806366 10 2810366 1.95998370645392e-06
S10_2836023 10 2840023 2.43023141216251e-05
S10_2855855 10 2859855 0.000332630451492307
S10_2859445 10 2863445 0.00088586510311926
S10_2870994 10 2874994 2.78355186119416e-05
S10_2882584 10 2886584 6.34335211889196e-05
S10_2925562 10 2929562 7.86860392488454e-06
S10_2925586 10 2929586 7.86860392488454e-06
S10_2974735 10 2978735 4.47739524427806e-05
S10_3128451 10 3132451 3.68444698713999e-05
S10_3340669 10 3344669 3.929511803524e-08
S10_3406238 10 3410238 0.000361113523930839
S10_3635535 10 3639535 4.91065127431612e-05
S10_3690037 10 3694037 0.000733250746913919
S10_3697295 10 3701295 0.00069507750619398
S10_3698171 10 3702171 0.000463410106733068
S10_3736456 10 3740456 0.0003306791428639
S10_3736585 10 3740585 0.000446688788086468
S10_3754173 10 3758173 1.17629264865826e-05
S10_3784411 10 3788411 0.00037932393072988
S10_3822345 10 3826345 1.03188662858122e-08
S10_3822380 10 3826380 1.03188662858159e-08
S10_3846634 10 3850634 8.31413285248896e-08
S10_3934719 10 3938719 0.000169035238854648
S10_3939186 10 3943186 3.87528840908843e-07
S10_3978897 10 3982897 9.38147814558626e-05
S10_4007221 10 4011221 2.92475529675133e-06
S10_4042903 10 4046903 0.000899524556554684
S10_4081735 10 4085735 0.000151327881859227
S10_4101071 10 4105071 0.000215579139208588
S10_4132371 10 4136371 6.99001621695846e-06
S10_4144548 10 4148548 3.4837180493948e-05
S10_4157883 10 4161883 0.000118989632815532
S10_4167490 10 4171490 6.51822543606781e-05
S10_4172993 10 4176993 0.000339854151285065
S10_4173048 10 4177048 0.000473287554321231
S10_4192848 10 4196848 0.000198581424995392
S10_4192930 10 4196930 3.9277887979085e-06
S10_4236529 10 4240529 0.000912645583644921
S10_4236560 10 4240560 0.00091264558364529
S10_4258090 10 4262090 8.00308936846404e-06
S10_4283233 10 4287233 8.26122747608573e-06
S10_4290636 10 4294636 0.000139328578655601
S10_4292288 10 4296288 6.34764354065277e-06
S10_4413420 10 4417420 0.000421331726247129
S10_4416770 10 4420770 0.000497693585423545
S10_4418472 10 4422472 4.92972933317621e-06
S10_4424186 10 4428186 4.47147569159452e-05
S10_4432008 10 4436008 0.000558373471575706
S10_4445601 10 4449601 0.000729716177847212
S10_4445648 10 4449648 0.000618112098337519
S10_4455132 10 4459132 3.89730434195599e-06
S10_4455171 10 4459171 3.89730434195599e-06
S10_4493784 10 4497784 0.000223789286339447
S10_4512337 10 4516337 4.27625945393173e-05
S10_4557357 10 4561357 0.000710695459208257
S10_4611886 10 4615886 0.000325311227726078
S10_4614316 10 4618316 3.49442993681696e-06
S10_4711896 10 4715896 3.6058582865803e-05
S10_4748220 10 4752220 1.15358462507388e-05
S10_4906774 10 4910774 1.62611603090715e-05
S10_4909058 10 4913058 0.000317408520744501
S10_4911125 10 4915125 0.000258840723929345
S10_5032841 10 5036841 1.97795651632039e-06
S10_5033377 10 5037377 1.2541713374445e-05
S10_5063758 10 5067758 0.000247110547884457
S10_5065099 10 5069099 0.000546769785734599
S10_5065218 10 5069218 3.36657687289683e-08
S10_5065393 10 5069393 0.000823115943268579
S10_5065403 10 5069403 0.000529782179331693
S10_5214779 10 5218779 0.000845571461926616
S10_5220880 10 5224880 9.02343784114685e-05
S10_5220904 10 5224904 9.02343784114685e-05
S10_5302644 10 5306644 1.17575466768844e-05
S10_5302646 10 5306646 1.17575466769013e-05
S10_5322936 10 5326936 1.7803005739081e-05
S10_5365453 10 5369453 0.00027539552525571
S10_5376480 10 5380480 0.00038159508255745
S10_5376676 10 5380676 0.000672812529356937
S10_5414759 10 5418759 1.98136968217192e-05
S10_5422330 10 5426330 4.75624065389472e-06
S10_5457130 10 5461130 0.000121395849125551
S10_5457132 10 5461132 0.000121395849124517
S10_5457133 10 5461133 0.000121395849125551
S10_5457134 10 5461134 0.000121395849125551
S10_5457136 10 5461136 0.000121395849125551
S10_5457139 10 5461139 0.000121395849124517
S10_5457141 10 5461141 0.000121395849125551
S10_5468624 10 5472624 0.000377004310788865
S10_5474335 10 5478335 1.8567123071861e-05
S10_5474369 10 5478369 1.8567123071861e-05
S10_5475253 10 5479253 5.1992412010329e-06
S10_5475262 10 5479262 8.31433900516711e-06
S10_5475293 10 5479293 5.1992412010329e-06
S10_5477527 10 5481527 4.46038008403778e-05
S10_5490374 10 5494374 0.000746267672008297
S10_5490375 10 5494375 0.000746267672008297
S10_5527966 10 5531966 0.000887462756951354
S10_5528680 10 5532680 0.000803096640858152
S10_5542227 10 5546227 1.21531256609096e-06
S10_5585319 10 5589319 4.61749930265091e-05
S10_5601672 10 5605672 0.000204178835647503
S10_5604872 10 5608872 0.000558660016007238
S10_5604881 10 5608881 0.000950864669020013
S10_5613330 10 5617330 0.0001524446589076
S10_5613331 10 5617331 0.0001524446589076
S10_5613635 10 5617635 0.000476229837185415
S10_5614028 10 5618028 0.000339848252391382
S10_5633430 10 5637430 1.39779731491546e-06
S10_5637887 10 5641887 0.000297348093485861
S10_5638009 10 5642009 4.54522247698527e-05
S10_5641725 10 5645725 0.000331494393514893
S10_5778588 10 5782588 0.000415509021005681
S10_5778883 10 5782883 0.000881326194152173
S10_5795114 10 5799114 1.59216490658268e-05
S10_5941786 10 5945786 1.33231538482342e-05
S10_5970754 10 5974754 0.000687352043023778
S10_5970841 10 5974841 0.000146748757311804
S10_5970922 10 5974922 0.000616915756821461
S10_5983404 10 5987404 0.000462077261906045
S10_5983416 10 5987416 0.000462077261906045
S10_5983417 10 5987417 0.000462077261906045
S10_5983422 10 5987422 0.000462077261906045
S10_6000497 10 6004497 0.000451330567085103
S10_6012028 10 6016028 2.3089508386096e-05
S10_6012119 10 6016119 0.000539021853206727
S10_6045856 10 6049856 0.000183616395366631
S10_6046081 10 6050081 4.72088541113768e-05
S10_6046084 10 6050084 6.89624036195001e-05
S10_6046113 10 6050113 4.72088541113768e-05
S10_6077585 10 6081585 6.67922425071597e-08
S10_6077824 10 6081824 0.000133132382610056
S10_6114766 10 6118766 0.000216813970011116
S10_6126422 10 6130422 0.000781877462952069
S10_6137731 10 6141731 0.000133581372391525
S10_6137751 10 6141751 0.000133581372391525
S10_6137765 10 6141765 0.000133581372391525
S10_6142681 10 6146681 0.000550871848170175
S10_6205516 10 6209516 4.43620612423348e-05
S10_6247272 10 6251272 0.000304973636063291
S10_6263881 10 6267881 0.000339598518016101
S10_6265534 10 6269534 6.68396402313447e-05
S10_6267122 10 6271122 4.53891046315481e-07
S10_6269665 10 6273665 9.22488662397812e-07
S10_6269674 10 6273674 2.36035815374303e-06
S10_6340096 10 6344096 2.08187365435935e-06
S10_6340120 10 6344120 2.08187365435935e-06
S10_6440574 10 6444574 0.000358221318498271
S10_6465369 10 6469369 7.32328227041497e-06
S10_6465370 10 6469370 7.32328227042584e-06
S10_6529483 10 6533483 0.000220144025457946
S10_6553735 10 6557735 0.000242433144839216
S10_6554043 10 6558043 1.14688247320453e-06
S10_6554090 10 6558090 1.62457776512349e-06
S10_6556565 10 6560565 1.10636035190478e-05
S10_6559622 10 6563622 8.54599895675915e-05
S10_6559843 10 6563843 0.000122871057908564
S10_6568111 10 6572111 0.000761306557835257
S10_6568613 10 6572613 7.31119380081711e-05
S10_6580284 10 6584284 8.78415635644742e-07
S10_6692417 10 6696417 0.000761138600472718
S10_6708578 10 6712578 1.36051577231811e-05
S10_6708581 10 6712581 8.56074436483132e-07
S10_6708724 10 6712724 2.59443622816012e-05
S10_6709700 10 6713700 0.000484708983540778
S10_6713175 10 6717175 5.66342846506788e-06
S10_6713211 10 6717211 0.00092063720051941
S10_6713299 10 6717299 5.81434790464599e-06
S10_6717954 10 6721954 0.000877991081666116
S10_6721179 10 6725179 7.118025954944e-06
S10_6750901 10 6754901 3.1671464430485e-05
S10_6754083 10 6758083 3.8811080031169e-06
S10_6772722 10 6776722 4.02890069282706e-07
S10_6836644 10 6840644 0.00010814476834938
S10_6836667 10 6840667 0.00010814476834938
S10_6883533 10 6887533 0.000237235172947713
S10_6912461 10 6916461 0.000604011604804241
S10_6932352 10 6936352 0.000986036692978
S10_6938328 10 6942328 0.000135560538032414
S10_6966670 10 6970670 0.000270960079123879
S10_7010395 10 7014395 0.000281381542038428
S10_7010420 10 7014420 4.41002614462254e-05
S10_7013319 10 7017319 5.77390849213172e-07
S10_7119114 10 7123114 1.47798858941056e-05
S10_7125047 10 7129047 4.68843163093825e-06
S10_7127203 10 7131203 0.000143344663476165
S10_7127217 10 7131217 2.64067696922939e-05
S10_7127297 10 7131297 4.23195925335309e-06
S10_7131698 10 7135698 0.000758469478017531
S10_7136533 10 7140533 0.000797524926970994
S10_7138400 10 7142400 1.06295002262412e-05
S10_7157854 10 7161854 0.000773475377781693
S10_7288858 10 7292858 5.26902583229687e-06
S10_7289962 10 7293962 0.000109049655133182
S10_7300670 10 7304670 0.000925473873620913
S10_7367862 10 7371862 2.84920113401037e-05
S10_7367882 10 7371882 3.68551734497036e-05
S10_7390944 10 7394944 0.000840528670744479
S10_7428801 10 7432801 4.36028496994177e-05
S10_7432425 10 7436425 1.57331370369767e-05
S10_7437964 10 7441964 1.49994236979937e-05
S10_7438206 10 7442206 8.97112654134482e-05
S10_7440810 10 7444810 3.01398873026228e-05
S10_7443617 10 7447617 0.000157477458273891
S10_7449781 10 7453781 5.43959842634546e-06
S10_7517238 10 7521238 0.00052503738140639
S10_7559357 10 7563357 0.000544906566985958
S10_7559360 10 7563360 0.000544906566985958
S10_7609836 10 7613836 5.59359455305323e-06
S10_7609857 10 7613857 0.000106457115730247
S10_7609867 10 7613867 5.57607907647124e-06
S10_7620666 10 7624666 0.000278502506809422
S10_7627380 10 7631380 0.000128027426238287
S10_7629424 10 7633424 5.85547050494577e-07
S10_7632436 10 7636436 6.16308855763528e-05
S10_7632583 10 7636583 0.000700014123971533
S10_7634203 10 7638203 0.000586509051116628
S10_7636049 10 7640049 0.000231199905652586
S10_7639507 10 7643507 0.000301004408822793
S10_7720335 10 7724335 0.000921586611373847
S10_7795306 10 7799306 0.000650627032659022
S10_7795423 10 7799423 0.000221310154063551
S10_7830249 10 7834249 0.000365740272783048
S10_7830258 10 7834258 0.000405366081161585
S10_7830484 10 7834484 0.000105248885227714
S10_7831725 10 7835725 0.000378920558264224
S10_7847428 10 7851428 0.00019209672082293
S10_7878497 10 7882497 0.000259656633171669
S10_7995590 10 7999590 0.000544911398530571
S10_8061589 10 8065589 8.21545560806113e-06
S10_8066832 10 8070832 3.70109178497142e-06
S10_8067091 10 8071091 9.3204065547296e-06
S10_8147039 10 8151039 1.91705185746145e-05
S10_8171884 10 8175884 1.14616558243224e-05
S10_8224928 10 8228928 5.1150579774957e-06
S10_8234437 10 8238437 8.88532686004884e-06
S10_8237536 10 8241536 0.000104843730047504
S10_8369352 10 8373352 4.84333751547449e-05
S10_8369363 10 8373363 5.02795005328315e-05
S10_8388089 10 8392089 1.64636798536737e-05
S10_8423484 10 8427484 0.000906350529160153
S10_8427864 10 8431864 5.5357153097467e-06
S10_8434170 10 8438170 0.000596061707922944
S10_8438284 10 8442284 1.24056913245786e-05
S10_8438304 10 8442304 1.24056913245786e-05
S10_8438315 10 8442315 1.24056913245786e-05
S10_8438741 10 8442741 0.000343407560718879
S10_8438765 10 8442765 1.47235278018067e-05
S10_8438766 10 8442766 1.04939414732925e-05
S10_8444797 10 8448797 0.000106972108826673
S10_8475288 10 8479288 1.56806038851652e-05
S10_8475544 10 8479544 6.05700885372617e-06
S10_8485861 10 8489861 1.98358171294454e-05
S10_8504615 10 8508615 0.000567680648447398
S10_8505908 10 8509908 0.000172103793669232
S10_8523459 10 8527459 9.07288454575831e-06
S10_8526867 10 8530867 3.5452956230784e-06
S10_8549120 10 8553120 3.58196742080493e-06
S10_8549266 10 8553266 1.86537983938815e-06
S10_8594366 10 8598366 2.65786810153218e-05
S10_8629942 10 8633942 3.06747960253792e-06
S10_8649355 10 8653355 4.92115985574603e-05
S10_8658478 10 8662478 0.000241523181353219
S10_8661654 10 8665654 0.000657395529983889
S10_8661845 10 8665845 0.000715045369837606
S10_8661851 10 8665851 2.01775262476751e-05
S10_8686676 10 8690676 0.00044986242485013
S10_8734870 10 8738870 3.29991685307982e-07
S10_8749786 10 8753786 8.06116784553432e-06
S10_8766050 10 8770050 5.13861517096293e-06
S10_8766055 10 8770055 5.13861517096293e-06
S10_8772951 10 8776951 0.00024543350102525
S10_8777917 10 8781917 3.08064731000026e-06
S10_8786240 10 8790240 8.90519335896545e-06
S10_8798502 10 8802502 3.40922196199007e-06
S10_8798503 10 8802503 3.40922196199007e-06
S10_8798505 10 8802505 3.40922196199007e-06
S10_8975108 10 8979108 3.43975333126399e-05
S10_9039074 10 9043074 3.85181772861307e-06
S10_9039112 10 9043112 2.05832878100907e-05
S10_9199260 10 9203260 0.000548306679208154
S10_9202058 10 9206058 8.74037885331475e-05
S10_9235928 10 9239928 0.000293158781843688
S10_9263088 10 9267088 0.000168184101823044
S10_9272042 10 9276042 7.5255828020435e-06
S10_9276157 10 9280157 0.000497339516204788
S10_9347638 10 9351638 0.000285012541698076
S10_9347647 10 9351647 0.00024999229075986
S10_9387957 10 9391957 0.000754231455451067
S10_9434274 10 9438274 0.000103378977719147
S10_9471649 10 9475649 0.000151973398252829
S10_9472132 10 9476132 0.000220697059058925
S10_9472319 10 9476319 9.43753101296112e-05
S10_9472363 10 9476363 0.000295338436298448
S10_9513853 10 9517853 5.20216609658393e-06
S10_9549542 10 9553542 0.000347446630058946
S10_9549681 10 9553681 3.28661411585097e-06
S10_9560836 10 9564836 2.19636904005083e-06
S10_9573438 10 9577438 8.91925967101164e-08
S10_9578762 10 9582762 0.000669941332639666
S10_9578783 10 9582783 0.000559902751285518
S10_9581103 10 9585103 2.99894566221196e-06
S10_9581490 10 9585490 0.00033320679178114
S10_9581536 10 9585536 0.000156272226871373
S10_9591164 10 9595164 0.000120440252326775
S10_9602628 10 9606628 8.22242587614532e-05
S10_9611479 10 9615479 0.00041959357537689
S10_9698990 10 9702990 0.000217030151469181
S10_9713871 10 9717871 0.000501984786013414
S10_9714413 10 9718413 1.82055130472322e-08
S10_9722128 10 9726128 5.63094511451842e-07
S10_9722132 10 9726132 6.39658445129817e-08
S10_9722147 10 9726147 6.32257126363736e-08
S10_9759633 10 9763633 1.94639363850755e-05
S10_9770451 10 9774451 2.66171452067689e-05
S10_9771905 10 9775905 6.85548302531458e-08
S10_9883490 10 9887490 2.14124840046711e-05
S10_9892443 10 9896443 2.11726461035055e-05
S10_9932017 10 9936017 1.34584425146133e-05
S10_9961746 10 9965746 0.000180966469038546
S10_9966061 10 9970061 0.00098735203831232
S10_10079510 10 10083510 0.0009361825526019
S10_10083009 10 10087009 0.000963839995173068
S10_10083032 10 10087032 0.000963839995173068
S10_10083205 10 10087205 0.000103958960378962
S10_10166860 10 10170860 1.34699838665924e-06
S10_10167715 10 10171715 5.56902835412306e-05
S10_10280278 10 10284278 1.31455511225761e-05
S10_10280302 10 10284302 0.000230497638073189
S10_10303081 10 10307081 1.39284150091929e-05
S10_10393050 10 10397050 0.000456867105010931
S10_10476375 10 10480375 8.138521828715e-05
S10_10509981 10 10513981 5.33961258991386e-05
S10_10519855 10 10523855 0.000418560742653941
S10_10519875 10 10523875 0.000418560742649102
S10_10548150 10 10552150 1.27458290023523e-06
S10_10552046 10 10556046 0.000136012665283327
S10_10562878 10 10566878 0.000476773462298894
S10_10589487 10 10593487 7.14626509260715e-05
S10_10597818 10 10601818 0.000909554699781583
S10_10597839 10 10601839 0.000909554699779288
S10_10631977 10 10635977 1.75801462959574e-06
S10_10633902 10 10637902 0.000705582917887868
S10_10688232 10 10692232 4.18851704869821e-05
S10_10694322 10 10698322 0.000221547914516053
S10_10727560 10 10731560 9.0289145820468e-05
S10_10745333 10 10749333 7.12058105845865e-06
S10_10758781 10 10762781 0.000614733908782007
S10_10797939 10 10801939 0.000529771979903411
S10_10865491 10 10869491 0.000555085109896026
S10_10904996 10 10908996 0.000758354419270419
S10_10972664 10 10976664 0.000571029116732619
S10_10976338 10 10980338 7.19879547506406e-05
S10_10991582 10 10995582 3.92199319202325e-06
S10_10991583 10 10995583 3.92199319201998e-06
S10_10991585 10 10995585 3.92199319201998e-06
S10_10991586 10 10995586 3.92199319202325e-06
S10_10991597 10 10995597 0.000378978886810719
S10_10991819 10 10995819 6.37965283622214e-06
S10_11015913 10 11019913 2.35609955749569e-06
S10_11021012 10 11025012 3.63241715276116e-05
S10_11095574 10 11099574 0.000461474681649993
S10_11106377 10 11110377 0.000437328298264755
S10_11107055 10 11111055 0.000858364227286754
S10_11107326 10 11111326 0.000266770059235523
S10_11119240 10 11123240 0.000581271582201161
S10_11121188 10 11125188 8.55528307235966e-05
S10_11141561 10 11145561 3.30477699628761e-06
S10_11174511 10 11178511 4.37715722527371e-07
S10_11267564 10 11271564 1.15767062390871e-06
S10_11269611 10 11273611 4.64910948248468e-06
S10_11270021 10 11274021 0.000416449542010672
S10_11325672 10 11329672 0.000174148606236851
S10_11492872 10 11496872 4.7954305278727e-06
S10_11513923 10 11517923 8.92387778338662e-06
S10_11551440 10 11555440 1.14708268262103e-05
S10_11558866 10 11562866 1.91830239485612e-05
S10_11559257 10 11563257 0.000146104524366013
S10_11559283 10 11563283 0.000146104524366013
S10_11589994 10 11593994 2.09889926922389e-06
S10_11607102 10 11611102 0.000838862719837974
S10_11609677 10 11613677 0.000146351260856086
S10_11609724 10 11613724 0.000543109948572735
S10_11669823 10 11673823 0.000211592691937456
S10_11669832 10 11673832 0.000211592691937456
S10_11669856 10 11673856 0.000157582476428332
S10_11669934 10 11673934 0.000490759219016619
S10_11733144 10 11737144 0.000544467253794573
S10_11814576 10 11818576 9.3180613836287e-08
S10_11853348 10 11857348 8.20446195977035e-06
S10_11853351 10 11857351 0.000699677006546784
S10_11859313 10 11863313 2.74827942827596e-05
S10_11895177 10 11899177 3.54305462199972e-05
S10_11920940 10 11924940 0.000787712702652447
S10_11920944 10 11924944 0.000395393802620005
S10_11920969 10 11924969 0.000246137076665954
S10_11921233 10 11925233 7.46238579638476e-05
S10_11921462 10 11925462 0.000339746387193008
S10_11921491 10 11925491 0.000478382329404529
S10_11921502 10 11925502 0.000478382329404529
S10_11921503 10 11925503 0.000478382329404529
S10_11943135 10 11947135 0.000815647963414989
S10_12026912 10 12030912 1.49440109167715e-05
S10_12029907 10 12033907 0.000894507278590692
S10_12043149 10 12047149 0.000881496067688883
S10_12120928 10 12124928 0.000172078457910584
S10_12133843 10 12137843 7.40608405220326e-05
S10_12179622 10 12183622 8.64797829314753e-06
S10_12250436 10 12254436 4.72483637318962e-06
S10_12270885 10 12274885 1.31909920023001e-05
S10_12278238 10 12282238 1.90094292010126e-07
S10_12475388 10 12479388 2.10110310359196e-05
S10_12614019 10 12618019 0.000277417698801352
S10_12620722 10 12624722 0.000540382194138745
S10_12631886 10 12635886 0.000434047955925804
S10_12670765 10 12674765 0.000163832306747929
S10_12676697 10 12680697 0.000992010285601322
S10_12690534 10 12694534 8.24563402217607e-05
S10_12745160 10 12749160 0.000896603090609251
S10_12890788 10 12894788 0.000836297631443838
S10_12910882 10 12914882 5.98546208330685e-05
S10_12911630 10 12915630 0.000152997758275132
S10_13009037 10 13013037 5.97348711148929e-06
S10_13061286 10 13065286 0.000425350828485158
S10_13089982 10 13093982 0.00036444566198224
S10_13239736 10 13243736 0.00013940462799646
S10_13327725 10 13331725 0.000170704910175368
S10_13361272 10 13365272 0.000438101673139041
S10_13381318 10 13385318 0.000395171797379509
S10_13476547 10 13480547 0.000225666330845186
S10_13476558 10 13480558 1.33214010688039e-06
S10_13477092 10 13481092 0.000337229468297651
S10_13524313 10 13528313 3.71458194020193e-06
S10_13597077 10 13601077 0.000295026536062358
S10_13598640 10 13602640 0.000667830975128201
S10_13599986 10 13603986 0.000354303943250641
S10_13609893 10 13613893 0.000622230565939338
S10_13621315 10 13625315 0.000826001640900885
S10_13628615 10 13632615 0.000498204612512406
S10_13697650 10 13701650 6.11304647961308e-05
S10_13719469 10 13723469 0.000437725433569163
S10_13724707 10 13728707 3.39250769667701e-05
S10_13725245 10 13729245 0.000257235448951792
S10_13747060 10 13751060 1.49740627225354e-05
S10_13791388 10 13795388 6.39701203814037e-05
S10_13797325 10 13801325 0.000563284382015025
S10_13797577 10 13801577 0.000543403836474561
S10_13797732 10 13801732 4.71657749872266e-07
S10_13798318 10 13802318 2.65163717406185e-06
S10_13816626 10 13820626 6.05170170991869e-05
S10_13816691 10 13820691 0.000101824687902507
S10_13816849 10 13820849 1.18706444651814e-07
S10_13816881 10 13820881 0.000656509295201632
S10_13840748 10 13844748 0.000662029889786034
S10_13873964 10 13877964 8.47377473056604e-06
S10_13959369 10 13963369 8.10978251630878e-05
S10_14016418 10 14020418 0.000257061647791783
S10_14036381 10 14040381 3.58933787572554e-11
S10_14036388 10 14040388 2.70511047418317e-12
S10_14036407 10 14040407 2.50107116885573e-10
S10_14038222 10 14042222 3.11678286156446e-09
S10_14049842 10 14053842 6.32021768679206e-05
S10_14093408 10 14097408 0.00018305056434582
S10_14094251 10 14098251 3.86147238132466e-05
S10_14094367 10 14098367 2.15491977769683e-05
S10_14140589 10 14144589 0.000366355178004401
S10_14140615 10 14144615 0.000366355178004401
S10_14159056 10 14163056 3.34596784412496e-08
S10_14222679 10 14226679 1.19022648004699e-07
S10_14261061 10 14265061 3.17614041669206e-06
S10_14261071 10 14265071 1.45060322946013e-06
S10_14281431 10 14285431 1.63196767673131e-09
S10_14281463 10 14285463 2.61483680045911e-06
S10_14312146 10 14316146 9.01091728383596e-06
S10_14339440 10 14343440 8.31432367019003e-07
S10_14347617 10 14351617 7.16330768536987e-05
S10_14347626 10 14351626 6.73794347819508e-05
S10_14351434 10 14355434 4.10801355906479e-07
S10_14378418 10 14382418 5.2505879347909e-10
S10_14390797 10 14394797 2.28642151706179e-05
S10_14397449 10 14401449 0.000391745821139951
S10_14398296 10 14402296 1.7588701842463e-08
S10_14398302 10 14402302 1.34093753938479e-08
S10_14398398 10 14402398 1.04531479795344e-06
S10_14398479 10 14402479 1.4710425672227e-08
S10_14398486 10 14402486 1.4710425672227e-08
S10_14399295 10 14403295 2.624750613602e-09
S10_14443720 10 14447720 1.9214004845533e-07
S10_14465650 10 14469650 0.000274657631467177
S10_14465714 10 14469714 1.19441803514364e-06
S10_14518267 10 14522267 0.000855154443152564
S10_14522971 10 14526971 4.67163746945491e-06
S10_14537031 10 14541031 2.99481499679946e-07
S10_14540236 10 14544236 6.36041477998649e-08
S10_14542712 10 14546712 0.000233938115601846
S10_14544442 10 14548442 0.000984132271268096
S10_14567839 10 14571839 0.000603937221408048
S10_14567841 10 14571841 0.000603937221408048
S10_14567928 10 14571928 0.000360140334814566
S10_14570772 10 14574772 8.7874592092211e-07
S10_14581257 10 14585257 0.000486176044246168
S10_14584664 10 14588664 6.41977037468421e-07
S10_14622483 10 14626483 2.29808857424481e-06
S10_14622522 10 14626522 0.00076028896380061
S10_14632711 10 14636711 0.000749556932244827
S10_14639056 10 14643056 1.93760938219425e-07
S10_14699742 10 14703742 0.000860340151658903
S10_14752350 10 14756350 0.000502445090953193
S10_14821424 10 14825424 0.000401094993625292
S10_14875154 10 14879154 1.05365726333195e-05
S10_14875185 10 14879185 1.59029333934445e-05
S10_14875193 10 14879193 1.05365726333195e-05
S10_14888098 10 14892098 0.000403876652610311
S10_14888106 10 14892106 0.000151750490830821
S10_14930099 10 14934099 0.000948698313100748
S10_14931900 10 14935900 0.000483266260273046
S10_14932835 10 14936835 0.00062516035482904
S10_14936484 10 14940484 0.000192597982496477
S10_15072812 10 15076812 1.72603133411728e-06
S10_15212166 10 15216166 1.51864755177439e-06
S10_15324717 10 15328717 0.000284425743892327
S10_15325249 10 15329249 0.000227147073822466
S10_15326986 10 15330986 0.000626688835037687
S10_15365585 10 15369585 8.82567545875334e-05
S10_15460871 10 15464871 0.000459634441731258
S10_15484101 10 15488101 0.000568553952099164
S10_15484102 10 15488102 0.000568553952099164
S10_15623193 10 15627193 4.29040506362876e-07
S10_15623198 10 15627198 4.29040506362876e-07
S10_15623203 10 15627203 4.29040506362876e-07
S10_15624662 10 15628662 5.16861236618772e-07
S10_15639056 10 15643056 0.000528685076572464
S10_15646970 10 15650970 1.78104283870154e-06
S10_15759831 10 15763831 3.90327612735276e-07
S10_15795399 10 15799399 0.000834291191614036
S10_15811439 10 15815439 8.1143859977467e-07
S10_15833833 10 15837833 1.73613097357194e-06
S10_15851791 10 15855791 0.000456395795058787
S10_15883821 10 15887821 3.27681060118187e-06
S10_15906915 10 15910915 4.35427852819553e-07
S10_15982478 10 15986478 3.71016423464722e-07
S10_16041811 10 16045811 8.18638793469931e-07
S10_16080101 10 16084101 0.000437404990524925
S10_16080129 10 16084129 9.82516167484208e-05
S10_16080146 10 16084146 9.82516167484208e-05
S10_16218433 10 16222433 4.21915453258906e-06
S10_16225288 10 16229288 0.000482775066955447
S10_16225320 10 16229320 0.000109554924590014
S10_16225321 10 16229321 0.000109554924590001
S10_16271443 10 16275443 0.000730864346128989
S10_16293055 10 16297055 0.000163418165870802
S10_16361937 10 16365937 0.00015055135686634
S10_16530999 10 16534999 4.10674642112464e-06
S10_16585280 10 16589280 3.83167161883911e-06
S10_16769420 10 16773420 0.000652409761987007
S10_16798254 10 16802254 0.000120748486938757
S10_16858646 10 16862646 0.000275471705462772
S10_16858838 10 16862838 0.000823560818838351
S10_16965617 10 16969617 1.31436981407434e-06
S10_17071269 10 17075269 0.000107376014077632
S10_17087758 10 17091758 0.000741393292496646
S10_17094114 10 17098114 2.44857501262818e-05
S10_17156839 10 17160839 0.000901330717066994
S10_17217765 10 17221765 5.22385163599597e-07
S10_17222469 10 17226469 0.000288991580052182
S10_17222481 10 17226481 0.000336366574573502
S10_17340887 10 17344887 0.0005807129113732
S10_17365680 10 17369680 4.0493028244881e-05
S10_17397830 10 17401830 5.96374524434726e-05
S10_17402465 10 17406465 0.000656664197820778
S10_17424736 10 17428736 0.000211806253552323
S10_17427526 10 17431526 0.000159917275435506
S10_17450717 10 17454717 0.000386667273893684
S10_17496915 10 17500915 8.14489259517251e-08
S10_17509171 10 17513171 7.85286419594052e-06
S10_17572107 10 17576107 3.07177344951382e-06
S10_17670660 10 17674660 2.32204115660408e-06
S10_17726045 10 17730045 6.26895072338762e-05
S10_17726075 10 17730075 4.98058062571712e-05
S10_17735011 10 17739011 3.75299464931533e-05
S10_17735688 10 17739688 0.000166452317062669
S10_17735709 10 17739709 0.000179455739079198
S10_17838210 10 17842210 0.000619333616962954
S10_17919861 10 17923861 0.000386465769726639
S10_17935050 10 17939050 6.12131203899679e-07
S10_17935084 10 17939084 6.61386480714319e-08
S10_17935171 10 17939171 1.18892784012462e-06
S10_17935332 10 17939332 8.49354092913255e-06
S10_17947407 10 17951407 1.43156629636525e-07
S10_17949343 10 17953343 0.000273572703995952
S10_17949345 10 17953345 0.000273572703995838
S10_17955367 10 17959367 1.21161990931659e-05
S10_17992749 10 17996749 0.000133209216460865
S10_17998833 10 18002833 0.000108190398283443
S10_18043560 10 18047560 0.000779497897694009
S10_18105635 10 18109635 1.37572126453887e-06
S10_18105639 10 18109639 1.37572126453887e-06
S10_18195757 10 18199757 6.90998401717169e-07
S10_18247407 10 18251407 1.18033398488171e-06
S10_18275445 10 18279445 0.000111419283447246
S10_18291076 10 18295076 1.3499527711348e-05
S10_18308016 10 18312016 2.63085648544326e-05
S10_18354701 10 18358701 0.000522596764725961
S10_18354729 10 18358729 7.06867736784776e-05
S10_18451158 10 18455158 6.82868793567726e-07
S10_18602154 10 18606154 0.000213918613474637
S10_18602312 10 18606312 1.85629178274305e-06
S10_18606483 10 18610483 0.000429596911218936
S10_18638894 10 18642894 1.25468962833752e-07
S10_18640618 10 18644618 0.000571882158757761
S10_18640726 10 18644726 0.000174368842348
S10_18652269 10 18656269 3.107596803503e-06
S10_18712137 10 18716137 3.72955704143261e-07
S10_18712185 10 18716185 0.000471508105390427
S10_18712191 10 18716191 0.000159174466826125
S10_18815001 10 18819001 0.000108664197382218
S10_18959740 10 18963740 0.000261922929877792
S10_18959744 10 18963744 0.000261922929877792
S10_18964039 10 18968039 0.000572630598380516
S10_19062409 10 19066409 2.86380978812902e-08
S10_19201017 10 19205017 0.000836313615850355
S10_19201257 10 19205257 0.000504968154696303
S10_19249202 10 19253202 0.000669950250027372
S10_19288374 10 19292374 1.17955447145986e-06
S10_19308495 10 19312495 0.000472671615584337
S10_19331807 10 19335807 0.000660110530952698
S10_19331814 10 19335814 0.000660110530952698
S10_19358075 10 19362075 1.61872212437869e-08
S10_19358131 10 19362131 8.11554349539722e-05
S10_19399963 10 19403963 0.000720156719871221
S10_19546538 10 19550538 6.04181876375266e-05
S10_19547989 10 19551989 0.000642697230326152
S10_19566461 10 19570461 0.000780754272558309
S10_19579367 10 19583367 0.000703002512840474
S10_19762136 10 19766136 1.84645534561199e-05
S10_19762143 10 19766143 0.000987544591815787
S10_19767792 10 19771792 0.000811083773392751
S10_19809493 10 19813493 0.000804397287750341
S10_19811311 10 19815311 0.000559912219733198
S10_19811394 10 19815394 0.000130466347507275
S10_19826210 10 19830210 7.47960564223249e-05
S10_19826776 10 19830776 3.12958857325191e-05
S10_19846902 10 19850902 0.000240260409091065
S10_19846929 10 19850929 0.000867998691057087
S10_19853515 10 19857515 0.0001202984195825
S10_19853823 10 19857823 0.000556923386063878
S10_19853834 10 19857834 0.000556923386063878
S10_19853844 10 19857844 0.000556923386063878
S10_19884000 10 19888000 0.000764690618578027
S10_19884124 10 19888124 0.000585838130702894
S10_19884218 10 19888218 0.00027778086370744
S10_19884225 10 19888225 0.00027778086370744
S10_19924284 10 19928284 7.60110132790838e-05
S10_19947571 10 19951571 2.80265009059452e-05
S10_20051960 10 20055960 0.000485546376104859
S10_20123448 10 20127448 3.32285234338758e-05
S10_20127943 10 20131943 0.000333169299230416
S10_20146220 10 20150220 4.48389398303354e-05
S10_20189799 10 20193799 0.000328238249687936
S10_20213880 10 20217880 2.12862703122814e-05
S10_20214109 10 20218109 0.000658404350314802
S10_20214754 10 20218754 1.29681415258527e-05
S10_20237184 10 20241184 2.55311568186685e-05
S10_20277557 10 20281557 8.57574554445709e-05
S10_20306904 10 20310904 4.85442323095817e-06
S10_20627400 10 20631400 0.000474894797866408
S10_20653926 10 20657926 2.75619694933402e-05
S10_20696858 10 20700858 0.000610142796453495
S10_20697030 10 20701030 0.000380977409851501
S10_20757423 10 20761423 1.6725148620439e-07
S10_20758216 10 20762216 0.000450440053863733
S10_20758217 10 20762217 0.000450440053863733
S10_20780207 10 20784207 5.58613075737034e-06
S10_20802276 10 20806276 6.76297212013747e-05
S10_20911021 10 20915021 0.000207915177615316
S10_20926280 10 20930280 0.000229767764865782
S10_20938961 10 20942961 6.93532157692667e-06
S10_20953937 10 20957937 0.000273600733425348
S10_20954065 10 20958065 3.69062691406892e-06
S10_20954329 10 20958329 0.00072747325211584
S10_20998519 10 21002519 0.000228530688350722
S10_20998534 10 21002534 0.000202531237547374
S10_21004078 10 21008078 5.07498374636209e-05
S10_21016295 10 21020295 0.000509461727297723
S10_21018671 10 21022671 0.000150356075202999
S10_21021415 10 21025415 0.000425449121740658
S10_21026740 10 21030740 9.25375404013264e-05
S10_21026848 10 21030848 5.51569525004827e-05
S10_21029030 10 21033030 0.00094080546523896
S10_21074246 10 21078246 6.91616476171626e-06
S10_21086751 10 21090751 0.00099765523140811
S10_21088195 10 21092195 0.000182376286584464
S10_21090821 10 21094821 2.80594949989348e-08
S10_21091512 10 21095512 0.000415028980628156
S10_21101368 10 21105368 3.76128855347691e-05
S10_21101372 10 21105372 0.000202826374888761
S10_21116824 10 21120824 8.0797039609913e-07
S10_21189919 10 21193919 1.41276405421408e-05
S10_21190739 10 21194739 6.75442794615926e-06
S10_21226328 10 21230328 0.000101582407068784
S10_21229238 10 21233238 2.14723075144917e-06
S10_21240636 10 21244636 6.8534698293285e-05
S10_21240683 10 21244683 6.26839865586857e-05
S10_21240838 10 21244838 4.15028783807366e-06
S10_21244613 10 21248613 0.000442166362584285
S10_21244744 10 21248744 0.000160922948310245
S10_21244874 10 21248874 8.96630478560444e-05
S10_21316075 10 21320075 2.44712586912398e-05
S10_21316219 10 21320219 8.29740079002347e-05
S10_21399226 10 21403226 0.000251219981810767
S10_21399275 10 21403275 1.20321645949544e-05
S10_21399290 10 21403290 0.000409595324119549
S10_21404279 10 21408279 0.000124034500188299
S10_21409742 10 21413742 3.63125263123247e-05
S10_21467549 10 21471549 4.43709320613427e-07
S10_21485790 10 21489790 6.15622424155263e-05
S10_21485796 10 21489796 0.000338867817255579
S10_21506262 10 21510262 0.000163736166995837
S10_21546725 10 21550725 1.23945343137332e-05
S10_21546974 10 21550974 0.000101458678649605
S10_21548460 10 21552460 7.79877885047758e-05
S10_21548518 10 21552518 5.93881114485517e-05
S10_21575009 10 21579009 0.000845945947674028
S10_21603226 10 21607226 4.95383554688232e-05
S10_21603317 10 21607317 6.14855795812982e-05
S10_21717688 10 21721688 5.90174766488316e-05
S10_21725917 10 21729917 0.000376128901882851
S10_21736147 10 21740147 0.000417170430917882
S10_21753712 10 21757712 5.13902627150216e-05
S10_21761804 10 21765804 1.05659504713415e-05
S10_21932302 10 21936302 0.000182403910947317
S10_21933142 10 21937142 0.000736181122737579
S10_21949575 10 21953575 3.07774395715564e-05
S10_21977155 10 21981155 2.97865095235616e-06
S10_22095436 10 22099436 4.91173915120939e-05
S10_22384723 10 22388723 0.000177425389034832
S10_22413007 10 22417007 0.00099217919018008
S10_22451540 10 22455540 1.785685414628e-05
S10_22451840 10 22455840 7.293662864011e-06
S10_22468329 10 22472329 2.38129404979083e-05
S10_22550484 10 22554484 2.95969733876263e-07
S10_22552345 10 22556345 8.18513144501306e-11
S10_22671875 10 22675875 2.18891234981619e-05
S10_22703599 10 22707599 2.94230871578548e-05
S10_22707047 10 22711047 3.67687630693073e-07
S10_22766851 10 22770851 0.000603921721931286
S10_22783798 10 22787798 8.35976014741231e-07
S10_22783809 10 22787809 8.35976014741231e-07
S10_22789316 10 22793316 2.48906495336497e-06
S10_22801740 10 22805740 6.17573733631361e-06
S10_22866334 10 22870334 3.28722933428606e-05
S10_23243859 10 23247859 0.000673134614914667
S10_23245895 10 23249895 3.95262787125336e-05
S10_23297266 10 23301266 0.000330529413100382
S10_23397416 10 23401416 1.92504314186265e-05
S10_23440092 10 23444092 9.32243404477086e-07
S10_23564046 10 23568046 6.96950449711481e-05
S10_23598608 10 23602608 5.6610265681714e-05
S10_23602838 10 23606838 5.05611777935885e-07
S10_23661957 10 23665957 3.90813418683831e-05
S10_24000712 10 24004712 3.62432964932805e-06
S10_24000742 10 24004742 0.000609172687196307
S10_24004703 10 24008703 1.53685256805889e-05
S10_24234835 10 24238835 1.07351176018875e-05
S10_24292028 10 24296028 0.00011174979415617
S10_24300305 10 24304305 1.63999826698687e-05
S10_24401669 10 24405669 6.38749913647348e-05
S10_24401764 10 24405764 2.40878446196569e-05
S10_24402234 10 24406234 6.63048784821951e-05
S10_24407324 10 24411324 5.22555208657934e-05
S10_24599889 10 24603889 0.000765744890175058
S10_24600019 10 24604019 0.000179239541051127
S10_24600025 10 24604025 2.3448788265113e-07
S10_24823112 10 24827112 4.05367187729175e-06
S10_24850805 10 24854805 2.9495063973487e-05
S10_24850829 10 24854829 1.38309421420754e-05
S10_24857058 10 24861058 0.00010777295385411
S10_24889354 10 24893354 0.000520772338809571
S10_24896960 10 24900960 0.000475233484182219
S10_24960501 10 24964501 6.15439428058454e-05
S10_24960503 10 24964503 1.47479143028667e-05
S10_25025931 10 25029931 4.21535065531532e-06
S10_25025955 10 25029955 0.00022855190621894
S10_25034127 10 25038127 0.000977841089269469
S10_25049059 10 25053059 2.03527745517926e-05
S10_25058150 10 25062150 8.74592791222899e-05
S10_25062007 10 25066007 0.000120383170533765
S10_25133618 10 25137618 1.27662684566214e-05
S10_25133649 10 25137649 0.000594974268871121
S10_25140758 10 25144758 7.81460960363242e-05
S10_25161446 10 25165446 0.000532540596524308
S10_25176201 10 25180201 2.52749936871734e-07
S10_25217781 10 25221781 1.91240072904833e-06
S10_25220404 10 25224404 0.000929308664713784
S10_25343310 10 25347310 7.93391833979911e-05
S10_25343581 10 25347581 1.81497909187626e-05
S10_25343729 10 25347729 1.64997085379214e-05
S10_25355123 10 25359123 0.000327501630763929
S10_25355124 10 25359124 0.000131833346556543
S10_25364935 10 25368935 0.000115123399373936
S10_25388265 10 25392265 7.31889038327878e-09
S10_25439803 10 25443803 6.41767293364246e-05
S10_25508772 10 25512772 3.83471348946694e-05
S10_25561801 10 25565801 0.000130589964737519
S10_25676968 10 25680968 3.01058431921075e-05
S10_25681324 10 25685324 7.6816628701452e-05
S10_25683287 10 25687287 3.67818365364363e-05
S10_25719473 10 25723473 0.000695770913839618
S10_25722192 10 25726192 0.000318069643124197
S10_25731924 10 25735924 0.000984136959671671
S10_25921878 10 25925878 8.38414358840688e-05
S10_25922054 10 25926054 1.85551690735368e-05
S10_25959404 10 25963404 1.92064407644429e-05
S10_25977132 10 25981132 3.589298276262e-05
S10_25977148 10 25981148 4.96902486991642e-05
S10_26003759 10 26007759 1.9589865495872e-05
S10_26126816 10 26130816 0.000316572911402832
S10_26163468 10 26167468 6.39558032399824e-06
S10_26212331 10 26216331 0.000733213893265348
S10_26228810 10 26232810 0.000297328739880676
S10_26269033 10 26273033 1.06180151370605e-06
S10_26269267 10 26273267 4.5755753988583e-05
S10_26329852 10 26333852 0.000981713071087508
S10_26433494 10 26437494 1.23195916991651e-05
S10_26442217 10 26446217 1.5224998817533e-06
S10_26509243 10 26513243 8.08638975601273e-06
S10_26531698 10 26535698 0.000118355696350751
S10_26538674 10 26542674 0.000531623928525289
S10_26582653 10 26586653 0.00046212044498466
S10_26708650 10 26712650 0.000234387403671627
S10_26857117 10 26861117 0.000545526823585649
S10_26862206 10 26866206 3.6228177035238e-06
S10_26862215 10 26866215 0.000843633799335371
S10_26967519 10 26971519 2.80831580797425e-08
S10_26975406 10 26979406 0.000447798609807295
S10_27055983 10 27059983 2.97540961568503e-06
S10_27063371 10 27067371 4.16093159013705e-05
S10_27125344 10 27129344 9.72319356062132e-06
S10_27125346 10 27129346 7.91710758954888e-06
S10_27128217 10 27132217 2.13059999191723e-05
S10_27149092 10 27153092 0.000947693376168415
S10_27197324 10 27201324 0.000978020599560576
S10_27218223 10 27222223 0.000316685460394633
S10_27218225 10 27222225 6.90638329982026e-05
S10_27257338 10 27261338 1.45661485191978e-05
S10_27290158 10 27294158 1.17659885942281e-05
S10_27290191 10 27294191 8.3324879173818e-05
S10_27290196 10 27294196 1.98501193329206e-05
S10_27290198 10 27294198 1.98501193329206e-05
S10_27290221 10 27294221 1.98501193329206e-05
S10_27290224 10 27294224 4.68502294487246e-06
S10_27290244 10 27294244 1.98501193329206e-05
S10_27441356 10 27445356 4.58794674801493e-06
S10_27457439 10 27461439 3.22076042696111e-05
S10_27474064 10 27478064 0.000487112014233536
S10_27479676 10 27483676 0.000153364813928055
S10_27526481 10 27530481 0.00018822925106652
S10_27598895 10 27602895 2.57561211069504e-05
S10_27601110 10 27605110 0.000451156470138061
S10_27603299 10 27607299 5.60844646555789e-05
S10_27651186 10 27655186 4.42470504326308e-05
S10_27766303 10 27770303 6.0792428673042e-05
S10_27800493 10 27804493 0.000302618628514876
S10_27811196 10 27815196 0.000944542575523219
S10_27811385 10 27815385 0.000625701072118189
S10_27813138 10 27817138 1.05617661914427e-05
S10_27814051 10 27818051 1.32738785549574e-05
S10_27817387 10 27821387 0.000175728627401229
S10_27850247 10 27854247 4.09386600209217e-05
S10_27850298 10 27854298 0.000107795502252581
S10_27954322 10 27958322 0.000271285040056713
S10_28075020 10 28079020 8.08962118009087e-05
S10_28147583 10 28151583 0.000498817984878064
S10_28153538 10 28157538 1.13357649398008e-05
S10_28165277 10 28169277 2.21951639456077e-05
S10_28228980 10 28232980 0.000343283878456429
S10_28269615 10 28273615 0.000382509222159785
S10_28280517 10 28284517 0.000983885357067132
S10_28282150 10 28286150 0.000318116721105968
S10_28304281 10 28308281 0.000236168188284767
S10_28344465 10 28348465 1.01816154821912e-05
S10_28471368 10 28475368 3.88922539269486e-05
S10_28476999 10 28480999 2.82231884242402e-05
S10_28568429 10 28572429 8.83702260263492e-10
S10_28568442 10 28572442 8.83702260263492e-10
S10_32200606 10 32204606 9.33575001461741e-06
S10_32202277 10 32206277 1.15374693384252e-05
S10_32236461 10 32240461 3.00860833686973e-06
S10_32240695 10 32244695 9.70269923345441e-06
S10_32262360 10 32266360 1.58704158000346e-05
S10_32262380 10 32266380 1.58704158000311e-05
S10_32262813 10 32266813 0.000306030277808173
S10_32270513 10 32274513 0.000288398472280032
S10_32368974 10 32372974 0.000596787286395032
S10_32462171 10 32466171 1.51073252826681e-06
S10_32462316 10 32466316 0.000332439413834478
S10_32480886 10 32484886 0.00076981715981701
S10_32571348 10 32575348 0.000550745816492079
S10_32623718 10 32627718 8.0919828399179e-05
S10_32737184 10 32741184 1.72504265220954e-06
S10_32774037 10 32778037 0.00058247935589186
S10_32780973 10 32784973 0.000222309871144692
S10_32786560 10 32790560 0.000671442589336553
S10_32793585 10 32797585 0.000703593761543135
S10_32803657 10 32807657 0.000414298769779995
S10_32817663 10 32821663 0.00015708718966379
S10_32818388 10 32822388 7.87932652471271e-05
S10_32845048 10 32849048 4.75477722279385e-06
S10_32865561 10 32869561 0.000510904686250787
S10_32872771 10 32876771 0.000125402245833092
S10_32872992 10 32876992 2.56532370806764e-06
S10_32888323 10 32892323 0.000315015533772315
S10_32929140 10 32933140 0.000144526999813536
S10_32929985 10 32933985 0.000478761688174114
S10_32929993 10 32933993 0.000881214655787458
S10_32989433 10 32993433 8.76021418375679e-06
S10_33030218 10 33034218 4.85538887094591e-06
S10_33209701 10 33213701 0.000933239763306621
S10_33209714 10 33213714 0.000145052438982397
S10_33296365 10 33300365 0.000128090774219463
S10_33307826 10 33311826 2.84237239912885e-05
S10_33343930 10 33347930 0.00045844859895843
S10_33400966 10 33404966 0.000290091628961824
S10_33518600 10 33522600 5.76011614418282e-05
S10_33518689 10 33522689 0.000384134343531701
S10_33704309 10 33708309 0.000443070517272125
S10_33814401 10 33818401 0.00020704578890563
S10_33819223 10 33823223 1.72995478030781e-06
S10_33840877 10 33844877 0.000417078493721527
S10_34053539 10 34057539 0.000253264396706028
S10_34072402 10 34076402 0.000654155524375524
S10_34072448 10 34076448 0.000474184967028987
S10_34079013 10 34083013 4.37677283680447e-06
S10_34079015 10 34083015 4.37677283680447e-06
S10_34082900 10 34086900 0.000504484260999205
S10_34114269 10 34118269 1.26239307952211e-06
S10_34126877 10 34130877 0.00080825654214693
S10_34126892 10 34130892 0.000123041831992902
S10_34128453 10 34132453 0.000556609126294539
S10_34139952 10 34143952 5.94751411862283e-05
S10_34141361 10 34145361 1.21652803740118e-05
S10_34181750 10 34185750 0.000548974767206816
S10_34181761 10 34185761 0.000629839869163991
S10_34225306 10 34229306 0.000631056622905901
S10_34297497 10 34301497 0.000756258662205318
S10_34347487 10 34351487 0.000584360334016938
S10_34741849 10 34745849 0.000527903335462967
S10_34767747 10 34771747 0.000185804764593857
S10_34831206 10 34835206 5.88830326890365e-05
S10_34868663 10 34872663 6.15402235684243e-06
S10_34917470 10 34921470 1.58922258902053e-05
S10_34917479 10 34921479 2.93833415674819e-05
S10_34974047 10 34978047 0.000265061630740258
S10_35007249 10 35011249 0.000820587274640043
S10_35049659 10 35053659 0.000128798572309772
S10_35065520 10 35069520 0.000451811642752876
S10_35164885 10 35168885 5.65887488331682e-05
S10_35173139 10 35177139 7.61796367047265e-05
S10_35215767 10 35219767 7.32554795636888e-05
S10_35227508 10 35231508 0.000306057728176453
S10_35239188 10 35243188 0.00015395388668265
S10_35272335 10 35276335 2.8320791222684e-07
S10_35304858 10 35308858 0.000161486853039515
S10_35334501 10 35338501 0.000482575239803754
S10_35441542 10 35445542 0.000382518384400749
S10_35489342 10 35493342 0.000235473486719266
S10_35502129 10 35506129 1.05710816988002e-05
S10_35529500 10 35533500 0.000331320719835651
S10_35739250 10 35743250 8.1677411550972e-05
S10_35749838 10 35753838 0.00068812544510281
S10_35815267 10 35819267 0.000657580960552912
S10_35840677 10 35844677 0.000288232152307085
S10_35840732 10 35844732 2.39207964515264e-05
S10_35866228 10 35870228 0.000931081400498251
S10_35866490 10 35870490 1.85202179551426e-06
S10_35866514 10 35870514 3.59910065914527e-05
S10_35913201 10 35917201 0.000806060293011419
S10_36030564 10 36034564 0.000328432016017976
S10_36033877 10 36037877 0.000483892541200736
S10_36080884 10 36084884 0.000272497322350191
S10_36123561 10 36127561 3.30785010105792e-06
S10_36125646 10 36129646 4.61652104760859e-05
S10_36125647 10 36129647 4.61652104760859e-05
S10_36127139 10 36131139 0.000380410726147039
S10_36138294 10 36142294 0.000161751864595753
S10_36178383 10 36182383 4.77584089292572e-07
S10_36180810 10 36184810 0.000357701851288018
S10_36196565 10 36200565 0.000157233296918598
S10_36196807 10 36200807 0.000679598765947924
S10_36196814 10 36200814 0.000679598765947924
S10_36212234 10 36216234 7.10988349596703e-06
S10_36228133 10 36232133 5.48078153914927e-05
S10_36285350 10 36289350 0.000207705360735804
S10_36308845 10 36312845 1.21772578816067e-06
S10_36351601 10 36355601 0.000486182247198765
S10_36448795 10 36452795 3.0772646216977e-05
S10_36480466 10 36484466 3.70566298558323e-05
S10_36480480 10 36484480 6.26075508317746e-08
S10_36527076 10 36531076 6.57173648376256e-05
S10_36673610 10 36677610 6.39220138638412e-05
S10_36679742 10 36683742 0.000448378281813176
S10_36691368 10 36695368 0.000696903279446405
S10_36691473 10 36695473 0.000210167755925612
S10_36717666 10 36721666 4.47813887766074e-05
S10_36738903 10 36742903 8.97224254253532e-05
S10_36753850 10 36757850 0.00010364513182811
S10_36770287 10 36774287 0.000901129420684174
S10_36770317 10 36774317 0.00090112942068403
S10_36837220 10 36841220 0.000182300231591582
S10_36837224 10 36841224 1.35827367056488e-05
S10_37166936 10 37170936 1.47225797479243e-06
S10_37167021 10 37171021 0.000248317387558745
S10_37167030 10 37171030 0.000248317387558745
S10_37194651 10 37198651 0.000162642953376616
S10_37194673 10 37198673 0.000162642953376616
S10_37275955 10 37279955 0.000160064343727296
S10_37299386 10 37303386 0.000379650691088739
S10_37301081 10 37305081 1.27943422025054e-06
S10_37301185 10 37305185 7.04705370899717e-06
S10_37351941 10 37355941 1.87818661385389e-05
S10_37373934 10 37377934 0.000147488812082754
S10_37374562 10 37378562 0.000140586628956224
S10_37395989 10 37399989 8.11849731727169e-05
S10_37396433 10 37400433 0.00017174930998003
S10_37397542 10 37401542 0.000206278427229959
S10_37551523 10 37555523 0.000100510613577128
S10_37558687 10 37562687 0.000180634807672989
S10_37712720 10 37716720 3.71609739538126e-05
S10_37713682 10 37717682 0.000504080329577762
S10_37719052 10 37723052 0.000161173127262429
S10_37720974 10 37724974 7.66869545695868e-05
S10_37871230 10 37875230 0.000125182649385691
S10_37890617 10 37894617 0.000372879009853818
S10_37982174 10 37986174 1.51893868508944e-05
S10_38254019 10 38258019 6.97106042917743e-05
S10_38275272 10 38279272 0.000205058163653993
S10_38317628 10 38321628 0.000973918883762438
S10_38323235 10 38327235 4.49287032771361e-06
S10_38343016 10 38347016 0.000920807531234295
S10_38387770 10 38391770 0.000482759277805513
S10_38394064 10 38398064 0.000173480895082869
S10_38410261 10 38414261 0.000288660481075247
S10_38500526 10 38504526 7.21717378002513e-06
S10_38506866 10 38510866 6.02151106097184e-07
S10_38582590 10 38586590 1.53708799216648e-05
S10_38590016 10 38594016 0.000293679052236544
S10_38609088 10 38613088 4.51047031380773e-06
S10_38613350 10 38617350 0.000776331361767638
S10_38654433 10 38658433 3.01171607464521e-07
S10_38675211 10 38679211 8.71626045593103e-06
S10_38676453 10 38680453 0.000213706811900822
S10_38782700 10 38786700 7.74127203048003e-05
S10_38804030 10 38808030 2.08797449568059e-05
S10_38804152 10 38808152 3.88416188406221e-06
S10_38807778 10 38811778 0.000379727563682152
S10_38824265 10 38828265 2.11472004454794e-06
S10_38835648 10 38839648 0.000228827131605699
S10_38835688 10 38839688 3.47885641944387e-06
S10_38852391 10 38856391 0.00015577747990408
S10_38939644 10 38943644 0.000986771249433509
S10_38956124 10 38960124 0.000326641227418901
S10_39399936 10 39403936 8.73765209809395e-05
S10_39677983 10 39681983 0.000127744004379434
S10_39798026 10 39802026 2.75846632119477e-06
S10_39798056 10 39802056 0.000124869925530348
S10_39844856 10 39848856 6.34642011134026e-05
S10_39969327 10 39973327 0.000328782549615701
S10_40037581 10 40041581 4.27921342964818e-05
S10_40037806 10 40041806 5.12841038627854e-05
S10_40037814 10 40041814 0.000337140396103614
S10_40037828 10 40041828 5.12841038627854e-05
S10_40037957 10 40041957 0.000290871914000474
S10_40090804 10 40094804 5.54099525525179e-05
S10_40091089 10 40095089 7.87840392654552e-05
S10_40148315 10 40152315 3.12855549055478e-06
S10_40296235 10 40300235 0.000707443084044212
S10_40400039 10 40404039 3.20300363577839e-05
S10_40400040 10 40404040 0.000393839676126645
S10_40507183 10 40511183 1.75981024473457e-06
S10_40507344 10 40511344 0.000167025424578951
S10_40507345 10 40511345 0.000167025424578951
S10_40528462 10 40532462 6.19867396493813e-05
S10_40718948 10 40722948 5.63330000014802e-05
S10_40719043 10 40723043 6.45610607042047e-06
S10_40792519 10 40796519 0.000497804572139771
S10_40919697 10 40923697 1.96542552521299e-05
S10_40925627 10 40929627 0.000164883656162655
S10_40925649 10 40929649 0.000331281474624964
S10_40925658 10 40929658 0.000331281474624964
S10_40927046 10 40931046 0.000523850771991692
S10_40941775 10 40945775 2.94330780725257e-07
S10_40977399 10 40981399 0.000602530414214018
S10_41010193 10 41014193 0.000320127174158491
S10_41010378 10 41014378 5.625762828771e-06
S10_41010549 10 41014549 0.000519433381182086
S10_41016800 10 41020800 3.48938592713064e-06
S10_41016824 10 41020824 0.000650596396317141
S10_41016980 10 41020980 7.53567684479216e-06
S10_41018510 10 41022510 3.02980780213719e-05
S10_41052156 10 41056156 6.2706085769349e-05
S10_41052257 10 41056257 0.000539479423783715
S10_41096880 10 41100880 0.000275941795501232
S10_41107142 10 41111142 7.16542611954742e-06
S10_41111957 10 41115957 2.10057640902462e-05
S10_41130565 10 41134565 5.46951745452175e-06
S10_41192957 10 41196957 6.26866523230418e-07
S10_41193293 10 41197293 0.000840321049872124
S10_41193425 10 41197425 5.75733575898766e-06
S10_41193495 10 41197495 0.000527669025005369
S10_41235796 10 41239796 6.04599078926805e-07
S10_41235808 10 41239808 0.000416590904927741
S10_41235835 10 41239835 0.000416590904927741
S10_41236080 10 41240080 0.000311841703570371
S10_41239909 10 41243909 0.000133218066105873
S10_41240116 10 41244116 2.13140247537302e-06
S10_41301831 10 41305831 0.00017731601119174
S10_41354320 10 41358320 3.7008521087679e-06
S10_41357087 10 41361087 7.92917638013273e-05
S10_41357116 10 41361116 7.92917638013273e-05
S10_41357118 10 41361118 7.92917638013273e-05
S10_41397581 10 41401581 2.43327627802223e-05
S10_41440573 10 41444573 1.57151622350681e-05
S10_41440689 10 41444689 0.000538727238125682
S10_41464092 10 41468092 0.000757398066909923
S10_41490283 10 41494283 1.37749008217213e-05
S10_41543217 10 41547217 5.40967490471904e-05
S10_41554361 10 41558361 1.26058240037664e-05
S10_41554612 10 41558612 9.6317735854206e-06
S10_41554644 10 41558644 0.000285264187346468
S10_41555004 10 41559004 0.000559977389704561
S10_41555084 10 41559084 2.93987391045869e-05
S10_41577636 10 41581636 3.91960154159224e-05
S10_41577645 10 41581645 3.91960154159224e-05
S10_41633100 10 41637100 1.00715347965228e-08
S10_41633111 10 41637111 1.00715347965228e-08
S10_41633169 10 41637169 9.30123223977985e-07
S10_41633199 10 41637199 1.43302706502602e-06
S10_41633212 10 41637212 6.21007886643834e-07
S10_41641552 10 41645552 4.59301181987812e-07
S10_41641686 10 41645686 7.22350764975093e-05
S10_41641724 10 41645724 7.22350764975217e-05
S10_41643106 10 41647106 1.66600970964262e-07
S10_41643447 10 41647447 1.63665678078324e-05
S10_41645992 10 41649992 4.96763824471598e-06
S10_41646028 10 41650028 0.000474865166601742
S10_41724676 10 41728676 0.000403646408691042
S10_41725384 10 41729384 0.000100109024908188
S10_41725389 10 41729389 0.000100109024908188
S10_41725435 10 41729435 0.000100109024908188
S10_41725577 10 41729577 0.000357917897813359
S10_41769622 10 41773622 0.000513327264828292
S10_41787700 10 41791700 8.60521933696961e-05
S10_41792979 10 41796979 7.70688286551464e-05
S10_41811694 10 41815694 0.000385692105451332
S10_41811741 10 41815741 0.000109807549868401
S10_41830590 10 41834590 0.000850903566806974
S10_41919078 10 41923078 7.64777987811333e-05
S10_41919089 10 41923089 7.64777987811333e-05
S10_41919106 10 41923106 7.64777987811333e-05
S10_41947516 10 41951516 2.25323478661053e-07
S10_41947743 10 41951743 0.000348315378530584
S10_41970608 10 41974608 7.06467982392246e-06
S10_41986740 10 41990740 0.000242646000688973
S10_42014220 10 42018220 3.57381168027741e-05
S10_42065352 10 42069352 4.20148567637564e-05
S10_42094320 10 42098320 0.000210275947232471
S10_42094346 10 42098346 0.000210275947232471
S10_42127536 10 42131536 0.000560446578539472
S10_42136478 10 42140478 5.14735260935115e-05
S10_42182327 10 42186327 0.000456678689393029
S10_42252569 10 42256569 1.18230019042709e-05
S10_42393528 10 42397528 5.09082092605771e-06
S10_42478808 10 42482808 3.3752907269185e-06
S10_42622231 10 42626231 0.000494338574390687
S10_42622397 10 42626397 5.58460973878546e-06
S10_42673967 10 42677967 0.000904862702495521
S10_42677377 10 42681377 7.27921259385491e-06
S10_42713335 10 42717335 1.24029346501008e-05
S10_42713526 10 42717526 0.000324401860935659
S10_42718210 10 42722210 2.22493702787073e-05
S10_42718827 10 42722827 3.3504175691239e-05
S10_42763157 10 42767157 5.80447609202111e-05
S10_42801904 10 42805904 0.000278391140947235
S10_42805814 10 42809814 8.82783729694268e-07
S10_42809455 10 42813455 0.000414644013632046
S10_42869693 10 42873693 1.21651060569929e-05
S10_42869726 10 42873726 1.21651060569929e-05
S10_42911729 10 42915729 0.00039326178212042
S10_42912966 10 42916966 0.000261061629780656
S10_42930364 10 42934364 1.10460589816734e-05
S10_42955565 10 42959565 0.000911997192089909
S10_43024580 10 43028580 0.000352087035626678
S10_43024589 10 43028589 0.000352087035626866
S10_43024612 10 43028612 0.000352087035626678
S10_43040234 10 43044234 0.000430444819519009
S10_43070817 10 43074817 0.000114555791189154
S10_43071930 10 43075930 0.000142833478976871
S10_43072246 10 43076246 1.52423836292174e-05
S10_43098857 10 43102857 1.05490934342222e-05
S10_43098879 10 43102879 1.19511775131865e-05
S10_43098903 10 43102903 4.70388706756778e-05
S10_43273134 10 43277134 0.000798430794195954
S10_43285948 10 43289948 1.49336729973495e-05
S10_43351959 10 43355959 0.000204797647112861
S10_43378773 10 43382773 9.05446260601559e-06
S10_43400730 10 43404730 1.51026211443763e-05
S10_43400742 10 43404742 1.39348235165629e-05
S10_43409273 10 43413273 1.12084192465243e-05
S10_43409282 10 43413282 1.12084192465243e-05
S10_43419790 10 43423790 0.00027738789110825
S10_43431671 10 43435671 0.000314957678703474
S10_43436937 10 43440937 9.64995556768726e-06
S10_43436975 10 43440975 6.59725301238207e-07
S10_43450263 10 43454263 2.07120396112955e-05
S10_43471513 10 43475513 0.000466817624920584
S10_43472702 10 43476702 0.000111128031302398
S10_43472731 10 43476731 6.61166707770975e-06
S10_43572683 10 43576683 0.000431022275778822
S10_43621279 10 43625279 0.000444359192551041
S10_43665396 10 43669396 0.000273724096739595
S10_43969731 10 43973731 0.000592792905879429
S10_44042194 10 44046194 6.19407908940727e-06
S10_44088444 10 44092444 4.32650487634538e-05
S10_44088473 10 44092473 0.000303579518202211
S10_44088492 10 44092492 0.000788758839138386
S10_44096011 10 44100011 0.000739134638358832
S10_44104223 10 44108223 0.000789371944668541
S10_44119047 10 44123047 0.000346759931063289
S10_44173476 10 44177476 0.000798099109720755
S10_44173703 10 44177703 0.000732711127819648
S10_44185336 10 44189336 0.00074182727405591
S10_44185343 10 44189343 0.000113040751070188
S10_44185416 10 44189416 0.000781852566792991
S10_44185445 10 44189445 0.000781852566792991
S10_44185454 10 44189454 0.000106597836487496
S10_44213566 10 44217566 2.03384459668197e-06
S10_44252967 10 44256967 9.59655239705719e-05
S10_44300897 10 44304897 0.000543205688609318
S10_44331542 10 44335542 0.000533156837934455
S10_44361262 10 44365262 1.28651022499649e-05
S10_44404197 10 44408197 5.29807348606893e-06
S10_44436211 10 44440211 0.000208001492454674
S10_44443395 10 44447395 0.000268969387838475
S10_44450473 10 44454473 2.48969639338836e-05
S10_44460986 10 44464986 0.000279612651915917
S10_44461008 10 44465008 3.17758665077478e-06
S10_44471829 10 44475829 0.000269574960118946
S10_44498293 10 44502293 0.000336197305319443
S10_44498296 10 44502296 0.000706915063123329
S10_44501527 10 44505527 0.000224196206256709
S10_44528215 10 44532215 0.000113546095893613
S10_44534330 10 44538330 0.000102086041199128
S10_44534524 10 44538524 0.00028036025177881
S10_44534973 10 44538973 3.86071460011838e-05
S10_44535507 10 44539507 6.94587990954608e-05
S10_44535597 10 44539597 2.02808491491661e-08
S10_44535637 10 44539637 5.95697825690095e-05
S10_44536283 10 44540283 2.5477447900704e-05
S10_44536286 10 44540286 2.5477447900704e-05
S10_44536464 10 44540464 6.52133158705115e-05
S10_44536566 10 44540566 0.000184808956924473
S10_44536891 10 44540891 0.000658466986206726
S10_44536893 10 44540893 0.000658466986206726
S10_44536904 10 44540904 0.000488473265970603
S10_44537557 10 44541557 7.39206834193072e-05
S10_44537685 10 44541685 0.000396300557520609
S10_44537686 10 44541686 0.000396300557520305
S10_44537687 10 44541687 0.000396300557520609
S10_44540259 10 44544259 6.7440265528808e-06
S10_44540312 10 44544312 7.32220557653386e-05
S10_44540550 10 44544550 8.78493552171735e-06
S10_44540691 10 44544691 1.9376381511683e-05
S10_44541324 10 44545324 0.000914587359082961
S10_44549982 10 44553982 7.08517997506484e-06
S10_44594364 10 44598364 0.00019308517421798
S10_44594376 10 44598376 0.00019308517421798
S10_44594382 10 44598382 0.000191725248322889
S10_44594391 10 44598391 0.00019308517421798
S10_44594397 10 44598397 0.00019308517421798
S10_44594471 10 44598471 0.000232484743292396
S10_44594497 10 44598497 0.000232484743292311
S10_44594511 10 44598511 0.000232484743292311
S10_44594521 10 44598521 0.000232484743292396
S10_44603787 10 44607787 2.7997304568118e-05
S10_44618789 10 44622789 0.000974252071844209
S10_44641548 10 44645548 2.20766302357482e-05
S10_44641612 10 44645612 0.00048513293562186
S10_44641714 10 44645714 2.34714009022503e-05
S10_44659872 10 44663872 0.000365959108383517
S10_44670729 10 44674729 0.000517483550129284
S10_44684725 10 44688725 0.000185530111775905
S10_44694048 10 44698048 0.000983065044617645
S10_44694110 10 44698110 2.01852817045195e-05
S10_44769312 10 44773312 1.27446925425863e-05
S10_44779180 10 44783180 1.42344268713524e-05
S10_44780736 10 44784736 0.000866699921748829
S10_44780791 10 44784791 0.000546175285596242
S10_44782006 10 44786006 0.000220402677947356
S10_44782242 10 44786242 0.000351684261196883
S10_44804139 10 44808139 0.000309692126704078
S10_44840838 10 44844838 2.24743124159026e-06
S10_45235730 10 45239730 4.38179768087635e-05
S10_45235731 10 45239731 4.38179768087635e-05
S10_45252278 10 45256278 0.000987615292469527
S10_45320759 10 45324759 0.00021750188864109
S10_45332683 10 45336683 0.000286257958234303
S10_45364873 10 45368873 1.50743123139594e-05
S10_45476337 10 45480337 0.000100397294925808
S10_45495638 10 45499638 2.74891811187628e-05
S10_45503744 10 45507744 1.28394621027599e-05
S10_45514875 10 45518875 1.3635848900008e-05
S10_45514889 10 45518889 0.000729088529320596
S10_45514890 10 45518890 0.000731439681320759
S10_45515725 10 45519725 0.000202302517124521
S10_45522026 10 45526026 0.000821714876490363
S10_45527564 10 45531564 2.59563688056609e-05
S10_45554146 10 45558146 6.0909675535443e-06
S10_45554169 10 45558169 0.000267988851101025
S10_45555426 10 45559426 8.65068522646266e-07
S10_45555427 10 45559427 8.6506852264531e-07
S10_45571553 10 45575553 1.876931492193e-06
S10_45577753 10 45581753 0.000932252386556603
S10_45577765 10 45581765 0.000386431994698763
S10_45577830 10 45581830 5.59879099667907e-07
S10_45577894 10 45581894 0.000136778019973114
S10_45582703 10 45586703 0.000452549847985753
S10_45587708 10 45591708 4.46598740532558e-07
S10_45639392 10 45643392 6.52216018301624e-07
S10_45708882 10 45712882 7.71896345713763e-05
S10_45708929 10 45712929 0.000181471313690324
S10_45710398 10 45714398 0.000715747439567298
S10_45712848 10 45716848 0.000891231736457812
S10_45712942 10 45716942 9.01735947386901e-07
S10_45713159 10 45717159 1.38617578369413e-05
S10_45812905 10 45816905 1.91386345508373e-09
S10_45813043 10 45817043 0.000650706243308355
S10_45832619 10 45836619 9.84926821799719e-05
S10_45878788 10 45882788 8.39927451085137e-07
S10_45900922 10 45904922 5.48774139898111e-06
S10_45901116 10 45905116 1.42490494269848e-07
S10_45968031 10 45972031 0.000791643593002019
S10_45975896 10 45979896 0.000499025291772041
S10_45991296 10 45995296 0.000727176541615002
S10_45991303 10 45995303 0.000719117390371117
S10_46137921 10 46141921 9.08837889825073e-05
S10_46206092 10 46210092 0.000415496203955175
S10_46217148 10 46221148 0.000263634299061778
S10_46314571 10 46318571 0.000902781999769729
S10_46355054 10 46359054 1.92686698268253e-05
S10_46546677 10 46550677 1.83465417217073e-06
S10_46546682 10 46550682 1.83465417217073e-06
S10_46582292 10 46586292 4.58331218056031e-06
S10_46589398 10 46593398 0.000949032085743012
S10_46655465 10 46659465 0.000413531124641801
S10_46667413 10 46671413 8.68072866311853e-05
S10_46692855 10 46696855 4.74885100269282e-05
S10_46692857 10 46696857 4.74885100269282e-05
S10_46754183 10 46758183 0.000160113454193625
S10_46754554 10 46758554 0.000381084335237016
S10_46952250 10 46956250 0.00085586584914631
S10_46963490 10 46967490 1.04343242709082e-06
S10_47118530 10 47122530 3.41183873401931e-07
S10_47137453 10 47141453 0.000898432021192195
S10_47313043 10 47317043 1.58197445590302e-07
S10_47513096 10 47517096 0.000829536615241361
S10_47787343 10 47791343 0.000107505260515355
S10_47787350 10 47791350 0.000107505260515358
S10_47850577 10 47854577 1.82399155697913e-07
S10_48069276 10 48073276 0.000127503034202018
S10_48076222 10 48080222 0.000855299425676718
S10_48076235 10 48080235 0.000862545734214686
S10_48084165 10 48088165 2.21012195878748e-05
S10_48084405 10 48088405 3.98173597112462e-05
S10_48087373 10 48091373 0.000936629752526081
S10_48097243 10 48101243 1.11110429082718e-08
S10_48098263 10 48102263 0.000321505078191351
S10_48098678 10 48102678 0.000156847193247663
S10_48098792 10 48102792 8.46325738499629e-05
S10_48098802 10 48102802 7.5923106907403e-05
S10_48098803 10 48102803 0.000168457174636946
S10_48098806 10 48102806 0.000134612047562933
S10_48098807 10 48102807 0.000134612047562933
S10_48242205 10 48246205 0.000144257472265559
S10_48255197 10 48259197 1.25661759598212e-08
S10_48255420 10 48259420 1.25589573801737e-10
S10_48280940 10 48284940 0.000135533587195477
S10_48313183 10 48317183 2.28402633909059e-05
S10_48313313 10 48317313 2.05016142844427e-07
S10_48328508 10 48332508 1.06268065688539e-05
S10_48332262 10 48336262 2.81641568468306e-06
S10_48333513 10 48337513 2.61502268420551e-06
S10_48333590 10 48337590 2.64961606762796e-06
S10_48354836 10 48358836 0.000111522835463707
S10_48354904 10 48358904 6.60493733478108e-06
S10_48365225 10 48369225 3.12468998306978e-06
S10_48420779 10 48424779 1.61506709893082e-07
S10_48423246 10 48427246 5.8915017995354e-07
S10_48429280 10 48433280 5.33636021866078e-06
S10_48454758 10 48458758 0.000954499110313363
S10_48472256 10 48476256 0.000207755777970109
S10_48506511 10 48510511 0.000190912052208413
S10_48509548 10 48513548 0.000809032078854033
S10_48643016 10 48647016 0.000656709284282816
S10_48719057 10 48723057 6.20078373140961e-07
S10_48719067 10 48723067 6.2007837313621e-07
S10_48719089 10 48723089 6.2007837313621e-07
S10_48726943 10 48730943 7.67136896051472e-06
S10_48771722 10 48775722 2.63831499720792e-05
S10_48771824 10 48775824 2.84615503162628e-06
S10_48781525 10 48785525 7.16299077438823e-06
S10_48786845 10 48790845 0.000314870697326081
S10_48793651 10 48797651 1.61503690998156e-07
S10_48793736 10 48797736 1.92925731967809e-07
S10_48813663 10 48817663 0.000168331858302257
S10_48813682 10 48817682 1.17737336964282e-06
S10_48824969 10 48828969 2.63914817124274e-05
S10_48824981 10 48828981 3.43835038226906e-06
S10_48846239 10 48850239 0.000758096739437764
S10_48881308 10 48885308 0.000714328477575662
S10_48881309 10 48885309 0.000714328477575662
S10_48904881 10 48908881 1.19137561805662e-05
S10_48927423 10 48931423 5.80264401491715e-06
S10_48937151 10 48941151 0.000277267046820184
S10_48937153 10 48941153 5.94988490569319e-05
S10_48941152 10 48945152 0.000386469635492469
S10_49083679 10 49087679 2.51793401050541e-06
S10_49085931 10 49089931 0.000328056769588823
S10_49095753 10 49099753 0.000784445887954375
S10_49099563 10 49103563 0.000812891607169277
S10_49110180 10 49114180 1.6673170580565e-06
S10_49214722 10 49218722 3.05453256790704e-05
S10_49226165 10 49230165 4.57580602842324e-07
S10_49276583 10 49280583 0.000666087697713945
S10_49276584 10 49280584 0.000666087697713945
S10_49288320 10 49292320 0.000309199230570855
S10_49341623 10 49345623 2.88470665340698e-05
S10_49341632 10 49345632 2.32936803826101e-05
S10_49341668 10 49345668 2.32936803826073e-05
S10_49382546 10 49386546 1.61282711709763e-05
S10_49425245 10 49429245 1.33892145394853e-05
S10_49433535 10 49437535 0.000210306514749857
S10_49433581 10 49437581 0.000210306514749829
S10_49459309 10 49463309 2.10540137279534e-06
S10_49672585 10 49676585 0.000224823924902008
S10_49761698 10 49765698 0.000961542523086982
S10_49769301 10 49773301 0.000172632487456072
S10_49812628 10 49816628 0.000468387016144554
S10_49835343 10 49839343 0.000170848425784832
S10_49853352 10 49857352 0.000336656245382509
S10_49930821 10 49934821 3.93620627700235e-06
S10_49930845 10 49934845 6.0634517853513e-06
S10_49941134 10 49945134 0.000780487293399975
S10_49965965 10 49969965 4.39702715790432e-05
S10_49993217 10 49997217 0.000453161196373902
S10_50001327 10 50005327 0.000362245592907101
S10_50011324 10 50015324 1.42471244536053e-05
S10_50011805 10 50015805 4.25264139353546e-06
S10_50012897 10 50016897 0.000803003364403102
S10_50014784 10 50018784 3.68923448910542e-05
S10_50038733 10 50042733 0.000213138197954913
S10_50040489 10 50044489 5.37839335004028e-05
S10_50040647 10 50044647 0.000453265430750886
S10_50040652 10 50044652 0.000453265430750886
S10_50043706 10 50047706 0.000353484403616759
S10_50087715 10 50091715 5.62451148734902e-06
S10_50089809 10 50093809 0.000106899672451056
S10_50089812 10 50093812 0.000106899672451051
S10_50091745 10 50095745 2.29874987960291e-06
S10_50091767 10 50095767 2.2987498796028e-06
S10_50103471 10 50107471 0.000991500029997207
S10_50105472 10 50109472 5.25624120722024e-05
S10_50109805 10 50113805 0.000244359105260068
S10_50113744 10 50117744 6.81230502217551e-07
S10_50121548 10 50125548 3.0634420297555e-05
S10_50129806 10 50133806 7.18235404720029e-05
S10_50140639 10 50144639 0.000951193043112668
S10_50167234 10 50171234 0.000238456652728891
S10_50179656 10 50183656 7.39848604008715e-06
S10_50235771 10 50239771 0.000175982081597093
S10_50277898 10 50281898 6.00651783394085e-12
S10_50277911 10 50281911 0.000829661346262802
S10_50328639 10 50332639 1.5523315712666e-05
S10_50341239 10 50345239 6.00973097312223e-06
S10_50453745 10 50457745 0.000185702011062312
S10_50529368 10 50533368 0.000608278309892676
S10_50529404 10 50533404 3.0216964363507e-05
S10_50529423 10 50533423 0.000395570801580659
S10_50541850 10 50545850 0.000600018091773169
S10_50546651 10 50550651 0.00014227751552001
S10_50559611 10 50563611 0.000204105377323577
S10_50587953 10 50591953 2.07504682841085e-06
S10_50593975 10 50597975 6.27363911470005e-06
S10_50593976 10 50597976 6.27363911470005e-06
S10_50605460 10 50609460 0.000545258620105759
S10_50606289 10 50610289 1.75391398674426e-05
S10_50612149 10 50616149 2.25021501024907e-05
S10_50645815 10 50649815 0.000358976954250233
S10_50648205 10 50652205 0.000779216353027767
S10_50648209 10 50652209 0.000779216353027767
S10_50648227 10 50652227 0.000670194641750813
S10_50660195 10 50664195 1.99436206440637e-05
S10_50660526 10 50664526 8.56699495758611e-06
S10_50661736 10 50665736 0.000331633489825739
S10_50674197 10 50678197 0.000831863984480843
S10_50691577 10 50695577 0.000170312379887538
S10_50710713 10 50714713 1.36251701776631e-05
S10_50734031 10 50738031 1.69186833492619e-05
S10_50855584 10 50859584 8.16688332166237e-05
S10_50855740 10 50859740 4.21058720453278e-06
S10_50882903 10 50886903 0.000143112804076758
S10_50891035 10 50895035 0.000757898540326679
S10_50908118 10 50912118 0.00015812749825811
S10_51062555 10 51066555 2.04194608841141e-05
S10_51218888 10 51222888 4.13130447581892e-05
S10_51257096 10 51261096 4.38140351974823e-05
S10_51375552 10 51379552 0.000120051079129775
S10_51397113 10 51401113 9.12691357794553e-06
S10_51408333 10 51412333 2.05405573834258e-05
S10_51408837 10 51412837 3.32923562312725e-05
S10_51432805 10 51436805 6.4654330915768e-05
S10_51466711 10 51470711 4.79167695738628e-05
S10_51495587 10 51499587 3.41864081000255e-05
S10_51495590 10 51499590 3.41864081000274e-05
S10_51504493 10 51508493 9.43016656617583e-05
S10_51504547 10 51508547 9.43016656617583e-05
S10_51594714 10 51598714 0.000443607650191161
S10_51650512 10 51654512 0.000215665776069539
S10_51702603 10 51706603 2.19592407659547e-05
S10_51707428 10 51711428 4.57724901494804e-05
S10_51739779 10 51743779 4.1728535940105e-07
S10_51779504 10 51783504 0.000390255890885949
S10_51821601 10 51825601 7.23243754873307e-07
S10_51821602 10 51825602 7.23243754873199e-07
S10_51821608 10 51825608 7.23243754873307e-07
S10_51821614 10 51825614 7.23243754873199e-07
S10_51825484 10 51829484 6.27755422693165e-05
S10_52008130 10 52012130 0.000749869224203702
S10_52022626 10 52026626 6.31923201600405e-06
S10_52022668 10 52026668 2.45178645640842e-05
S10_52036964 10 52040964 9.12585338998059e-06
S10_52038031 10 52042031 0.000370706071543416
S10_52141185 10 52145185 0.000728849863121911
S10_52314882 10 52318882 0.000289661082151482
S10_52396101 10 52400101 1.24965296863291e-05
S10_52421535 10 52425535 9.75845951751974e-05
S10_52570508 10 52574508 0.000409111053413846
S10_52582199 10 52586199 7.39667991050322e-05
S10_52593593 10 52597593 0.000998602415184854
S10_52611198 10 52615198 0.000236829758126641
S10_52618276 10 52622276 4.72006269056958e-06
S10_52623692 10 52627692 3.84841988295289e-05
S10_52704534 10 52708534 0.000240619645651638
S10_52717906 10 52721906 9.87407227444169e-05
S10_52812739 10 52816739 0.000603684182925735
S10_52813647 10 52817647 0.000183582450317179
S10_52835119 10 52839119 4.2911904597758e-05
S10_52835169 10 52839169 0.000302352275364289
S10_52854006 10 52858006 6.19100831498116e-06
S10_52870674 10 52874674 5.55412844046818e-06
S10_52914542 10 52918542 0.000103334685915692
S10_52925968 10 52929968 5.82899735731094e-05
S10_52953211 10 52957211 0.000588596094159934
S10_52953245 10 52957245 0.000588596094159934
S10_52953250 10 52957250 0.000588596094159934
S10_52953267 10 52957267 0.000588596094159934
S10_53221269 10 53225269 0.000538123463308479
S10_53270996 10 53274996 0.000725961957574424
S10_53271003 10 53275003 0.000725961957574424
S10_53320131 10 53324131 2.80388382630483e-07
S10_53411870 10 53415870 0.000513195582011234
S10_53493978 10 53497978 1.08958104810668e-05
S10_53494632 10 53498632 8.97402621884752e-06
S10_53506462 10 53510462 0.000107948646693362
S10_53512585 10 53516585 2.28305701631025e-05
S10_53523602 10 53527602 3.72476440454904e-05
S10_53524146 10 53528146 8.11047325453293e-07
S10_53557787 10 53561787 0.000103946332735624
S10_53576258 10 53580258 0.000302124694271689
S10_53579138 10 53583138 0.000529253030651715
S10_53622514 10 53626514 4.75530566212088e-05
S10_53666644 10 53670644 5.81111514393462e-06
S10_53781475 10 53785475 1.24523068697606e-05
S10_53781478 10 53785478 0.000351601372573861
S10_53810262 10 53814262 0.000387882038754754
S10_53830080 10 53834080 2.66716280868679e-05
S10_53840010 10 53844010 0.000260257533527355
S10_53846436 10 53850436 0.000433327148873516
S10_53910914 10 53914914 0.000490616262438842
S10_53910971 10 53914971 2.00280925694893e-05
S10_53921240 10 53925240 0.000296994277287188
S10_53948326 10 53952326 0.000332911394656404
S10_54101884 10 54105884 0.000584649592028846
S10_54138382 10 54142382 0.0006986467806247
S10_54138395 10 54142395 0.000806267200107204
S10_54138397 10 54142397 0.000806267200107204
S10_54138399 10 54142399 0.000806267200107204
S10_54139235 10 54143235 0.000552459358402332
S10_54186340 10 54190340 0.000202625266743534
S10_54186348 10 54190348 0.000327315004683237
S10_54186963 10 54190963 0.000448343961908217
S10_54246573 10 54250573 8.48853467811816e-06
S10_54257739 10 54261739 0.000463311964822742
S10_54260666 10 54264666 0.000587132039385584
S10_54269642 10 54273642 0.000795697659016202
S10_54269706 10 54273706 6.13339915297954e-05
S10_54316245 10 54320245 2.85823121753534e-05
S10_54352523 10 54356523 6.66733134293323e-05
S10_54591425 10 54595425 3.78669595119222e-06
S10_54608776 10 54612776 0.000667188576725389
S10_54701517 10 54705517 0.000605276139458584
S10_54701799 10 54705799 0.000377825637752148
S10_54702004 10 54706004 0.000323353551521388
S10_54702025 10 54706025 0.000323353551521388
S10_54735191 10 54739191 4.15332678552914e-05
S10_54748239 10 54752239 1.64197105609645e-05
S10_54748820 10 54752820 5.00795511367175e-05
S10_54775193 10 54779193 0.000930290060366235
S10_54775198 10 54779198 0.000930290060366235
S10_54780863 10 54784863 1.65247398496865e-05
S10_54957311 10 54961311 0.000155654161569779
S10_55025754 10 55029754 0.000544087919869277
S10_55038929 10 55042929 5.26355670952069e-05
S10_55079993 10 55083993 1.33621291936949e-05
S10_55082324 10 55086324 3.89571242729672e-05
S10_55109780 10 55113780 2.0809242445414e-06
S10_55117586 10 55121586 3.08009100918084e-05
S10_55147486 10 55151486 2.91574206166634e-06
S10_55159151 10 55163151 9.83422984986204e-05
S10_55174365 10 55178365 0.000193266638976553
S10_55174404 10 55178404 0.000193266638976553
S10_55174405 10 55178405 8.31696992253095e-05
S10_55174454 10 55178454 0.000381757161011646
S10_55174493 10 55178493 0.000409177507552414
S10_55174575 10 55178575 3.05860861730121e-06
S10_55174586 10 55178586 5.20963826531738e-06
S10_55177866 10 55181866 7.6880807808493e-05
S10_55177875 10 55181875 7.6880807808493e-05
S10_55184796 10 55188796 8.76934084844268e-05
S10_55184820 10 55188820 0.000165205463967483
S10_55187943 10 55191943 0.000107816676354642
S10_55191148 10 55195148 0.000894849450829888
S10_55191329 10 55195329 0.00027138606396009
S10_55224263 10 55228263 1.26604824291823e-05
S10_55241553 10 55245553 8.19885839454428e-06
S10_55286604 10 55290604 0.000141405269197975
S10_55286800 10 55290800 8.83618304317532e-05
S10_55286801 10 55290801 9.68573631437328e-05
S10_55286803 10 55290803 8.83618304317532e-05
S10_55293980 10 55297980 3.8541219551852e-05
S10_55298689 10 55302689 6.20045647142679e-05
S10_55300475 10 55304475 7.86590450818412e-05
S10_55300776 10 55304776 0.000729302069047607
S10_55300869 10 55304869 7.39435920339992e-05
S10_55302630 10 55306630 0.00012798935636503
S10_55305139 10 55309139 0.000158906717520149
S10_55305195 10 55309195 0.000198291255069024
S10_55352136 10 55356136 0.00066738739807647
S10_55352137 10 55356137 5.47458336534921e-05
S10_55372378 10 55376378 0.000103549073451436
S10_55374790 10 55378790 3.25625416755859e-08
S10_55374792 10 55378792 8.54741061121708e-08
S10_55374795 10 55378795 3.25625416755859e-08
S10_55374797 10 55378797 3.25625416756121e-08
S10_55376756 10 55380756 2.26365060127107e-05
S10_55377370 10 55381370 7.07749695015783e-05
S10_55377730 10 55381730 1.45833815533964e-08
S10_55413223 10 55417223 0.000537848273533473
S10_55443964 10 55447964 0.000990522790312451
S10_55444007 10 55448007 0.000882413898043231
S10_55448380 10 55452380 0.000345216216888838
S10_55449677 10 55453677 0.000591463693860888
S10_55449691 10 55453691 0.00031238963617371
S10_55524595 10 55528595 6.22343953939904e-05
S10_55524707 10 55528707 0.000228004248414079
S10_55533430 10 55537430 2.1461036786943e-05
S10_55543963 10 55547963 3.00738223592079e-06
S10_55545756 10 55549756 5.56010835698243e-06
S10_55545984 10 55549984 2.56342920057765e-06
S10_55601636 10 55605636 0.000976633978710889
S10_55642149 10 55646149 2.7968338320063e-06
S10_55643681 10 55647681 0.000431858479955219
S10_55763403 10 55767403 2.65255257600197e-06
S10_55803377 10 55807377 0.00015456324410522
S10_55909559 10 55913559 2.06537244696538e-05
S10_56020271 10 56024271 0.000596774592516237
S10_56032363 10 56036363 0.000154069756690185
S10_56032425 10 56036425 0.000444063944100209
S10_56032464 10 56036464 0.00020731667161656
S10_56039303 10 56043303 6.55966443912229e-05
S10_56051904 10 56055904 0.000671317789465608
S10_56078785 10 56082785 0.00076878459048594
S10_56078963 10 56082963 8.76985917857925e-05
S10_56103706 10 56107706 0.000130203038299805
S10_56129976 10 56133976 7.79737756460453e-05
S10_56130259 10 56134259 0.000386214369530793
S10_56152515 10 56156515 1.98187624181486e-05
S10_56207573 10 56211573 8.89371357095566e-05
S10_56207586 10 56211586 9.49774322818424e-05
S10_56208186 10 56212186 0.000152456600571634
S10_56208207 10 56212207 6.78578809494637e-05
S10_56208217 10 56212217 6.78578809494637e-05
S10_56208279 10 56212279 6.65954420799678e-06
S10_56211964 10 56215964 0.000271641909082353
S10_56212012 10 56216012 0.000271641909082353
S10_56215254 10 56219254 1.31744167846481e-06
S10_56216934 10 56220934 0.000487770222981787
S10_56290927 10 56294927 0.000262749934549721
S10_56292626 10 56296626 4.66033557551606e-05
S10_56292637 10 56296637 0.000254996618151909
S10_56292949 10 56296949 2.70865460278358e-05
S10_56293151 10 56297151 6.66025178964952e-07
S10_56313604 10 56317604 0.0006757132438702
S10_56340792 10 56344792 0.000241536788896374
S10_56366275 10 56370275 0.000699448925872514
S10_56370940 10 56374940 0.000212413841263264
S10_56370951 10 56374951 0.00021241384126324
S10_56428116 10 56432116 6.13073129858539e-05
S10_56471043 10 56475043 0.000651100604873661
S10_56473901 10 56477901 0.000504083562635241
S10_56473961 10 56477961 0.000353676285643291
S10_56473977 10 56477977 0.000409219783373421
S10_56487237 10 56491237 1.91954712178361e-05
S10_56490610 10 56494610 0.000317161821674795
S10_56510240 10 56514240 0.0008422487524444
S10_56510262 10 56514262 0.000568224094197224
S10_56519832 10 56523832 6.47545705044792e-05
S10_56544684 10 56548684 0.000398122742622586
S10_56552722 10 56556722 0.000118267375265072
S10_56552757 10 56556757 3.70074220410301e-06
S10_56552771 10 56556771 3.14373653898622e-06
S10_56552784 10 56556784 3.70074220410301e-06
S10_56569768 10 56573768 0.000862054385704299
S10_56574997 10 56578997 0.000385811191274471
S10_56575000 10 56579000 0.000385811191274319
S10_56595336 10 56599336 7.34262521191856e-07
S10_56601258 10 56605258 0.000377229326063342
S10_56647622 10 56651622 0.00024688421928654
S10_56670679 10 56674679 0.000339964531759469
S10_56674685 10 56678685 0.000446655229626259
S10_56674686 10 56678686 0.000446655229626312
S10_56731047 10 56735047 0.000910790763291435
S10_56733096 10 56737096 0.000216412037785555
S10_56739129 10 56743129 0.000188740512891902
S10_56870259 10 56874259 0.000720204686304323
S10_56875064 10 56879064 9.90076260645033e-05
S10_56875923 10 56879923 0.000691793573365392
S10_56876252 10 56880252 8.00168352088478e-05
S10_56898791 10 56902791 1.00599609436135e-06
S10_56929615 10 56933615 4.11835450253883e-05
S10_56958501 10 56962501 0.000384301529125185
S10_56990683 10 56994683 8.87770906948958e-05
S10_57012858 10 57016858 3.71918554914853e-06
S10_57012859 10 57016859 3.71918554914949e-06
S10_57022756 10 57026756 0.0002210244281955
S10_57022757 10 57026757 3.23245756763616e-05
S10_57022758 10 57026758 3.97181330666866e-05
S10_57022865 10 57026865 0.000395105216197518
S10_57022909 10 57026909 0.000395105216197518
S10_57032154 10 57036154 0.000477575018127691
S10_57032155 10 57036155 0.000477575018127691
S10_57032160 10 57036160 0.000477575018127691
S10_57032524 10 57036524 0.000356850036590676
S10_57039593 10 57043593 2.28056795858874e-05
S10_57253714 10 57257714 0.000651556639617095
S10_57260522 10 57264522 2.7747668745884e-05
S10_57261364 10 57265364 3.45602465852374e-05
S10_57271844 10 57275844 0.000866652749291828
S10_57271845 10 57275845 0.000866652749291828
S10_57275026 10 57279026 0.00037715541475642
S10_57289056 10 57293056 0.0003939558300284
S10_57294481 10 57298481 0.000656660964971776
S10_57294821 10 57298821 7.6444677188709e-07
S10_57295003 10 57299003 0.000965647996144446
S10_57305753 10 57309753 8.34548495494035e-05
S10_57324799 10 57328799 2.62943564373319e-06
S10_57324946 10 57328946 8.33928734658237e-08
S10_57325080 10 57329080 0.000225078811270018
S10_57325115 10 57329115 8.00252303010358e-07
S10_57325312 10 57329312 0.00017657133970167
S10_57384863 10 57388863 4.8543405526862e-05
S10_57451388 10 57455388 8.40918804942986e-05
S10_57491999 10 57495999 8.64557557557317e-06
S10_57507073 10 57511073 0.0001106342087796
S10_57511813 10 57515813 8.47050225266099e-05
S10_57620334 10 57624334 3.48206275752565e-10
S10_57682225 10 57686225 2.29532164142433e-06
S10_57691148 10 57695148 0.000412746391121859
S10_57728078 10 57732078 0.00051292670271809
S10_57728079 10 57732079 0.00051292670271809
S10_57728082 10 57732082 0.000839070271480502
S10_57728083 10 57732083 0.00051292670271809
S10_57753316 10 57757316 0.000365608833883596
S10_57775206 10 57779206 0.000364291160206383
S10_57838833 10 57842833 6.48598688766855e-06
S10_57838838 10 57842838 2.6948801303585e-06
S10_58143182 10 58147182 1.30301719759817e-07
S10_58150140 10 58154140 0.000165950553439719
S10_58246856 10 58250856 0.000425854788451801
S10_58274691 10 58278691 0.000980185036885312
S10_58284953 10 58288953 3.21699967894837e-05
S10_58299859 10 58303859 0.000587271825311714
S10_58346402 10 58350402 4.48122300222436e-06
S10_58348464 10 58352464 9.43757138288284e-06
S10_58349016 10 58353016 1.37579797361342e-05
S10_58357863 10 58361863 0.000399478170910363
S10_58426975 10 58430975 4.95738219053248e-05
S10_58426977 10 58430977 4.95738219053248e-05
S10_58426980 10 58430980 3.29505549907091e-05
S10_58426981 10 58430981 0.000103204147282515
S10_58426982 10 58430982 4.95738219053248e-05
S10_58426983 10 58430983 4.95738219053248e-05
S10_58426985 10 58430985 7.76529470701139e-05
S10_58441406 10 58445406 9.71461472721196e-06
S10_58540474 10 58544474 0.000948378655250306
S10_58541827 10 58545827 0.000597355939837762
S10_58615963 10 58619963 4.29127510201512e-05
S10_58629368 10 58633368 1.74789692883876e-05
S10_58633899 10 58637899 1.94390852598724e-06
S10_58665785 10 58669785 1.03892986383e-05
S10_58823335 10 58827335 8.48018680362126e-06
S10_58840819 10 58844819 0.000565442493389357
S10_58847773 10 58851773 4.77382157602701e-06
S10_58863338 10 58867338 2.1920247231511e-06
S10_58863340 10 58867340 2.1920247231511e-06
S10_58946895 10 58950895 1.20833986933447e-05
S10_58947090 10 58951090 2.01071625180778e-05
S10_58947091 10 58951091 2.01071625180778e-05
S10_58947156 10 58951156 0.000223531683691105
S10_58947314 10 58951314 4.32469919472721e-05
S10_58954724 10 58958724 0.000187426704887118
S10_58990313 10 58994313 0.000216863546999176
S10_59118818 10 59122818 0.000647462328373676
S10_59159498 10 59163498 6.2412593879319e-05
S10_59170112 10 59174112 3.78712385303906e-10
S10_59170760 10 59174760 1.41065964078424e-08
S10_59255231 10 59259231 0.000394750468465923
S10_59297522 10 59301522 1.90644386694918e-05
S10_59320916 10 59324916 2.89730484366632e-06
S10_59372084 10 59376084 5.48094715829052e-06
S10_59419148 10 59423148 2.02991510485003e-06
S10_59419922 10 59423922 6.16014564189831e-05
S10_59426993 10 59430993 0.000746748749162942
S10_59468892 10 59472892 0.00094414137241509
S10_59505767 10 59509767 5.59746925885966e-06
S10_59510081 10 59514081 5.4272826732559e-06
S10_59511048 10 59515048 0.000221993063116028
S10_59528373 10 59532373 0.000756682645680688
S10_59528383 10 59532383 0.000756682645680688
S10_59582814 10 59586814 4.58742636541687e-05
S10_59832300 10 59836300 9.53449057210642e-06
S10_59861968 10 59865968 0.000107047518515694
S10_59960951 10 59964951 0.00086487500588211
S10_59995419 10 59999419 0.000197713385002971
S10_60005796 10 60009796 0.000246165537382641
S10_60223867 10 60227867 0.000242659453659166
S10_60232995 10 60236995 0.000453602795861379
S10_60255875 10 60259875 0.000136499925532137
S10_60303806 10 60307806 0.000635161951324657
S10_60344724 10 60348724 0.000668144175878486
S10_60477342 10 60481342 2.70157541938478e-06
S10_60756247 10 60760247 0.00028554913878094
S10_60814599 10 60818599 2.27333240069067e-05
S10_60856795 10 60860795 0.000630207626728713
