Marker Chr Pos p
S6_98510 6 98510 0.000667560899698503
S6_342273 6 342273 3.95757145076769e-06
S6_367680 6 367680 0.000385384900286474
S6_416712 6 416712 0.000180754010303169
S6_504393 6 504393 0.00063845113052405
S6_549680 6 549680 1.28922522527735e-06
S6_798712 6 798712 0.00050978777113655
S6_916063 6 916063 0.000214922588627667
S6_928474 6 928474 0.000465646069048023
S6_941546 6 941546 0.00035753667302251
S6_941578 6 941578 0.00035753667302251
S6_942000 6 942000 4.69587657458711e-05
S6_1139354 6 1139354 0.000511747251106394
S6_1273152 6 1273152 0.000808699914788724
S6_1276036 6 1276036 0.000591322412525176
S6_1341281 6 1341281 0.000148743704300022
S6_1388881 6 1388881 0.000851216437173609
S6_1401207 6 1401207 0.000811722348868963
S6_1405319 6 1405319 0.000791167779797066
S6_1417535 6 1417535 8.39018116204125e-05
S6_1426614 6 1426614 0.000145374213142002
S6_1469659 6 1469659 0.000205687929809713
S6_1493171 6 1493171 2.984536012492e-05
S6_1508497 6 1508497 0.000148627407386319
S6_1522210 6 1522210 2.50027756065267e-06
S6_1522223 6 1522223 2.50027756065267e-06
S6_1522251 6 1522251 2.26816587745063e-05
S6_1531870 6 1531870 0.000509538492967268
S6_1559169 6 1559169 0.000117738768165738
S6_1608451 6 1608451 5.79901051151621e-06
S6_1636662 6 1636662 0.000167503662014676
S6_1653706 6 1653706 0.000731143610156942
S6_1663562 6 1663562 0.000392408003147873
S6_1701260 6 1701260 3.62278226635931e-06
S6_1701401 6 1701401 0.000154167739555428
S6_1714202 6 1714202 0.00021362738583831
S6_1877685 6 1877685 4.87937213836813e-08
S6_1877692 6 1877692 1.53352625930463e-08
S6_1915313 6 1915313 0.000394294234988575
S6_1930455 6 1930455 0.000222384033643046
S6_2120356 6 2120356 0.000882769926134602
S6_2132878 6 2132878 0.000569048454808568
S6_2169991 6 2169991 9.6329681512355e-06
S6_2174886 6 2174886 0.000135188495814738
S6_2181239 6 2181239 0.000767306982084483
S6_2198847 6 2198847 0.000885801677558901
S6_2479539 6 2479539 5.02487915451167e-05
S6_2527328 6 2527328 5.90388333561578e-06
S6_2557758 6 2557758 0.000972054784007066
S6_2578250 6 2578250 0.000471995397197668
S6_2604721 6 2604721 1.87231169929116e-06
S6_2659769 6 2659769 8.33587707816839e-05
S6_2659774 6 2659774 8.33587707816839e-05
S6_2659945 6 2659945 0.000445109689145107
S6_2659984 6 2659984 0.000904706534537213
S6_2893234 6 2893234 5.21752234061672e-05
S6_2896309 6 2896309 2.21793438530378e-07
S6_2896343 6 2896343 1.78101632358052e-05
S6_2896437 6 2896437 2.38485615993699e-05
S6_2939703 6 2939703 4.45652743036597e-08
S6_3044543 6 3044543 5.0457828546408e-06
S6_3050142 6 3050142 9.53902187905055e-05
S6_3094139 6 3094139 0.000891272915042856
S6_3185761 6 3185761 6.57389968840266e-05
S6_3188368 6 3188368 3.80564717021871e-05
S6_3295772 6 3295772 0.00066856109849052
S6_3304115 6 3304115 0.000461367874516293
S6_3341083 6 3341083 0.000619962148014003
S6_3361378 6 3361378 4.12423700364247e-08
S6_3361407 6 3361407 4.12423700364247e-08
S6_3368648 6 3368648 0.000492265226926475
S6_3368995 6 3368995 2.04883244939564e-07
S6_3369007 6 3369007 2.04883244939564e-07
S6_3369117 6 3369117 1.78329641235036e-05
S6_3369149 6 3369149 1.78329641235128e-05
S6_3372385 6 3372385 2.43523857933106e-08
S6_3662441 6 3662441 4.42054274766034e-06
S6_3861700 6 3861700 0.000301121715639463
S6_3873232 6 3873232 1.37313523528719e-05
S6_3899047 6 3899047 0.000485579617800038
S6_4295286 6 4295286 0.000598290618368993
S6_4326808 6 4326808 4.92465817560128e-05
S6_4356445 6 4356445 3.9182313253568e-05
S6_4376554 6 4376554 9.11812346131143e-05
S6_4442919 6 4442919 0.000127965768240705
S6_4482678 6 4482678 0.000174306713476331
S6_4482803 6 4482803 0.000732128538327232
S6_4503528 6 4503528 0.000576243848168578
S6_5254176 6 5254176 6.57040816468487e-05
S6_5604526 6 5604526 0.000725057345874765
S6_5668619 6 5668619 0.000183368830517848
S6_5696995 6 5696995 0.000101301074985662
S6_5732347 6 5732347 0.000416434174877823
S6_5786481 6 5786481 0.000232359681008937
S6_5858483 6 5858483 6.07102043295519e-05
S6_5858486 6 5858486 0.000357781981521616
S6_5908849 6 5908849 9.67566591662307e-05
S6_5942292 6 5942292 0.000904310220710885
S6_6625876 6 6625876 2.9634723300428e-05
S6_6688879 6 6688879 4.6641517335783e-06
S6_6738981 6 6738981 0.000294889256453334
S6_6744729 6 6744729 0.000351970310707717
S6_6791768 6 6791768 0.000221107045581561
S6_7169146 6 7169146 0.000701973930653276
S6_7295059 6 7295059 0.00031324407449923
S6_7336269 6 7336269 0.000505571386573549
S6_7360057 6 7360057 0.000544046917904874
S6_7601354 6 7601354 0.000258459080905714
S6_7658911 6 7658911 0.000254957464249217
S6_7726640 6 7726640 0.000333558525724043
S6_7988588 6 7988588 0.00041469390946902
S6_8128124 6 8128124 0.000302115963829787
S6_8133959 6 8133959 0.000270035894547428
S6_8164010 6 8164010 0.00035435299313937
S6_8165126 6 8165126 0.000372843034235445
S6_8189626 6 8189626 0.000428471379137347
S6_8225852 6 8225852 0.000414420671347371
S6_8225937 6 8225937 0.00023144221660782
S6_8333566 6 8333566 0.00040683335384906
S6_8333609 6 8333609 0.000368760898293425
S6_8554090 6 8554090 0.000344100089822801
S6_8647999 6 8647999 0.000786384336367326
S6_8664966 6 8664966 0.000313248149074521
S6_8664992 6 8664992 0.000468204820991
S6_8665020 6 8665020 0.000468204820991
S6_8841562 6 8841562 0.000473003720240664
S6_8868650 6 8868650 0.000413716460531951
S6_8900605 6 8900605 0.000411500745238997
S6_8915727 6 8915727 0.000317818839962825
S6_9008591 6 9008591 0.000708903837100655
S6_9373897 6 9373897 8.89951006276811e-05
S6_9377065 6 9377065 0.000463308034021015
S6_9416090 6 9416090 0.000862869120654469
S6_9423116 6 9423116 0.00013378157883924
S6_9459275 6 9459275 0.000303879357380256
S6_9609033 6 9609033 0.000305944813063381
S6_9770316 6 9770316 0.000524200932429421
S6_10215400 6 10215400 0.000518153198871804
S6_10275434 6 10275434 0.000423906578336239
S6_10337783 6 10337783 0.000282714071823879
S6_10558274 6 10558274 0.00024509082941408
S6_10561884 6 10561884 0.000403094876653913
S6_10566192 6 10566192 0.000308290991491282
S6_10574937 6 10574937 0.000475417249541569
S6_10575140 6 10575140 0.000433250108989725
S6_10582366 6 10582366 0.000309768185828169
S6_10587764 6 10587764 1.1460893107635e-05
S6_10626122 6 10626122 0.000400214956182746
S6_10629272 6 10629272 0.000612412530124238
S6_10629295 6 10629295 0.00039886967839364
S6_10668605 6 10668605 0.000361604118860096
S6_10852769 6 10852769 0.000841667657731491
S6_10940038 6 10940038 0.000336657848004633
S6_10940053 6 10940053 0.000355619733814926
S6_11082093 6 11082093 0.000292021959209452
S6_11082683 6 11082683 0.00048035088618873
S6_11193626 6 11193626 0.000468720904294957
S6_11224263 6 11224263 0.000521453426288206
S6_11229823 6 11229823 0.000860091451207678
S6_11342173 6 11342173 0.000372577158552589
S6_11366251 6 11366251 0.000507681308050879
S6_11428958 6 11428958 0.000407522354376982
S6_11436669 6 11436669 0.000350211270664001
S6_11437492 6 11437492 0.000288560557633463
S6_11598343 6 11598343 0.00047810394203113
S6_11600532 6 11600532 0.000403402802084374
S6_11600832 6 11600832 0.000546353070533239
S6_11606585 6 11606585 4.31118348533419e-05
S6_11611514 6 11611514 0.000441077282477684
S6_11622067 6 11622067 0.000401536467806626
S6_11622072 6 11622072 0.000401536467806626
S6_11658815 6 11658815 0.00031033061279221
S6_11692839 6 11692839 0.000382363721923863
S6_11701596 6 11701596 0.000385842182121239
S6_11713668 6 11713668 0.000414833757729307
S6_11847673 6 11847673 0.000439048563645624
S6_11966945 6 11966945 0.000494849257495665
S6_11987470 6 11987470 0.00052155689718251
S6_12157613 6 12157613 0.000514826571125609
S6_12174996 6 12174996 0.000470567299714229
S6_12179698 6 12179698 0.000360422616188166
S6_12192787 6 12192787 0.000465309689636405
S6_12250910 6 12250910 0.000369667850077921
S6_13740890 6 13740890 0.000872455264461723
S6_13884043 6 13884043 0.00024021906748769
S6_14002915 6 14002915 0.000695541912329245
S6_14134512 6 14134512 0.000113386606481058
S6_16221123 6 16221123 5.99572966496238e-05
S6_18786977 6 18786977 1.16675925431108e-06
S6_26258881 6 26258881 0.000666134820848711
S6_26593003 6 26593003 7.87429438690406e-05
S6_26593030 6 26593030 7.87429438690406e-05
S6_29779625 6 29779625 0.00062066333950826
S6_30550620 6 30550620 0.000772304400870088
S6_30601482 6 30601482 4.12081571537058e-05
S6_30601492 6 30601492 4.12081571537114e-05
S6_31151808 6 31151808 1.80291334475605e-05
S6_31151813 6 31151813 0.000627403267209525
S6_31561022 6 31561022 0.000138665276616658
S6_31726859 6 31726859 3.27951045715168e-05
S6_31830473 6 31830473 2.72665528983516e-05
S6_32026565 6 32026565 0.000565134267882017
S6_34613258 6 34613258 3.83179355616114e-05
S6_35046340 6 35046340 4.803180402715e-06
S6_36154676 6 36154676 1.96703891687994e-05
S6_37619640 6 37619640 5.70535447110149e-05
S6_37751584 6 37751584 0.000340147389952036
S6_37949897 6 37949897 0.000826854031423571
S6_38994774 6 38994774 0.000807375819760773
S6_39549292 6 39549292 0.000517519330993972
S6_39563770 6 39563770 0.000910496305321866
S6_40208432 6 40208432 6.88933192046631e-05
S6_40263634 6 40263634 0.000123603815145178
S6_40263640 6 40263640 0.000123603815145178
S6_40263662 6 40263662 0.000123603815145178
S6_40273487 6 40273487 2.25560944583153e-05
S6_40273762 6 40273762 0.000917973319571265
S6_40279835 6 40279835 0.000255593862550865
S6_40279893 6 40279893 0.000119238590394754
S6_40282444 6 40282444 0.000320249699164348
S6_40341928 6 40341928 0.000262602852464343
S6_40341987 6 40341987 0.000852179736760352
S6_40343840 6 40343840 7.74593772619179e-05
S6_40364094 6 40364094 0.000798069946068625
S6_40370492 6 40370492 0.0001097358481586
S6_40370496 6 40370496 0.0001097358481586
S6_40403293 6 40403293 0.000931732814583117
S6_40403295 6 40403295 0.000931732814583117
S6_40408289 6 40408289 1.84242091598742e-07
S6_40440109 6 40440109 3.70037252904422e-06
S6_40517761 6 40517761 0.000138317417582121
S6_40593991 6 40593991 0.00080847651881667
S6_40601116 6 40601116 0.000845310821060718
S6_40630411 6 40630411 7.2272758449474e-06
S6_40630433 6 40630433 5.84876554066911e-06
S6_40651286 6 40651286 8.86322261292594e-06
S6_41075666 6 41075666 4.01595157742618e-05
S6_41075668 6 41075668 3.76692661839731e-05
S6_41510693 6 41510693 2.01324765909148e-06
S6_41940661 6 41940661 0.000228394048206422
S6_41941905 6 41941905 1.77874668559469e-09
S6_41949459 6 41949459 1.40886455467196e-05
S6_41970042 6 41970042 5.53184511162894e-13
S6_41970084 6 41970084 2.94971228567968e-05
S6_41974983 6 41974983 0.000547351155279621
S6_42004928 6 42004928 0.000585575806335287
S6_42004933 6 42004933 0.000585575806335287
S6_42081079 6 42081079 0.000750504750529566
S6_42135099 6 42135099 0.000276934077381021
S6_42203454 6 42203454 0.000219988798369354
S6_42374461 6 42374461 4.51558213459048e-05
S6_42595419 6 42595419 0.0003128937168506
S6_42646702 6 42646702 2.86033490994127e-08
S6_42646714 6 42646714 2.58771340934472e-08
S6_42735568 6 42735568 0.000379540912675366
S6_42735800 6 42735800 0.000447604335101147
S6_43179066 6 43179066 1.37978775428826e-06
S6_43454799 6 43454799 3.98054441757887e-05
S6_43454800 6 43454800 3.98054441757887e-05
S6_43498039 6 43498039 0.000609496864699342
S6_43644083 6 43644083 0.000423651324080191
S6_43867050 6 43867050 0.000369340997485181
S6_43867058 6 43867058 0.000446774799470385
S6_43911486 6 43911486 7.17321600569477e-05
S6_43911649 6 43911649 0.000412437015825464
S6_43919804 6 43919804 0.000101719762422539
S6_43919912 6 43919912 0.000568813395733807
S6_44076675 6 44076675 1.25219221884504e-05
S6_44077276 6 44077276 0.000186925033483921
S6_44137919 6 44137919 0.000866534634006622
S6_44166127 6 44166127 0.000109815716181946
S6_44270206 6 44270206 8.25018451386686e-05
S6_44270247 6 44270247 0.000221208658974092
S6_44312306 6 44312306 3.47301899033396e-05
S6_44536284 6 44536284 0.000497440904339003
S6_44536287 6 44536287 0.000497440904339003
S6_44537201 6 44537201 5.75951890464879e-06
S6_44568680 6 44568680 0.0001318618350958
S6_44569432 6 44569432 0.000589521007975148
S6_44888435 6 44888435 0.000204840134593616
S6_44888444 6 44888444 0.000204840134593616
S6_44888455 6 44888455 6.14154923251687e-05
S6_45009045 6 45009045 0.000410638294359747
S6_45251641 6 45251641 2.47594004827742e-05
S6_45251649 6 45251649 3.13218013760613e-05
S6_45264991 6 45264991 0.000879678457454181
S6_45280201 6 45280201 0.000177214816695724
S6_45291695 6 45291695 0.000955976688390058
S6_45291696 6 45291696 0.000955976688390058
S6_45291697 6 45291697 0.000955976688390058
S6_45306290 6 45306290 0.000686759566693647
S6_45337948 6 45337948 0.000405380768778905
S6_45507590 6 45507590 0.000943255081478073
S6_45508925 6 45508925 2.49721277966441e-05
S6_45612686 6 45612686 5.50369498382366e-07
S6_45714512 6 45714512 0.000133553506349176
S6_46061209 6 46061209 8.52146726089458e-05
S6_46068824 6 46068824 0.000748106842275614
S6_46069300 6 46069300 0.00026947922605287
S6_46073826 6 46073826 1.7652876028561e-06
S6_46120141 6 46120141 1.9853891674255e-05
S6_46214849 6 46214849 0.000298275096114535
S6_46500617 6 46500617 0.00057785328931399
S6_46506246 6 46506246 6.20096040345999e-05
S6_46518964 6 46518964 0.000441923129294465
S6_46518974 6 46518974 0.000448433379553711
S6_46670843 6 46670843 0.00043675730010367
S6_46687541 6 46687541 0.000228895471460859
S6_46802008 6 46802008 7.14231201782809e-06
S6_46852134 6 46852134 0.000258958835451194
S6_46853308 6 46853308 3.83565792030805e-07
S6_46935770 6 46935770 2.81405273143598e-05
S6_46953682 6 46953682 0.000564652145892128
S6_46983714 6 46983714 2.5743721287674e-05
S6_46991465 6 46991465 9.03793790291478e-05
S6_46998448 6 46998448 0.000853145901836099
S6_46998452 6 46998452 0.000853145901836099
S6_47062456 6 47062456 0.000259868707074533
S6_47076475 6 47076475 0.000309830281303065
S6_47147530 6 47147530 3.13333427139008e-05
S6_47537842 6 47537842 0.000146751450462843
S6_47591682 6 47591682 0.000641785877728354
S6_47614626 6 47614626 4.58915811230695e-05
S6_47667930 6 47667930 0.000347680485170161
S6_47806149 6 47806149 0.000506135289914339
S6_47976720 6 47976720 1.0668518262537e-06
S6_48018417 6 48018417 0.000338993608632898
S6_48066968 6 48066968 0.000487274213721217
S6_48070720 6 48070720 1.00511222837089e-07
S6_48149609 6 48149609 0.000710864559749664
S6_48220988 6 48220988 0.000204488595183846
S6_48221209 6 48221209 6.99708427387347e-05
S6_48234025 6 48234025 0.000895957043095399
S6_48245576 6 48245576 1.83542874294318e-05
S6_48271283 6 48271283 0.000179314333474147
S6_48297202 6 48297202 1.48288738547477e-05
S6_48307969 6 48307969 0.000154630474575545
S6_48335433 6 48335433 0.000270400482724031
S6_48342791 6 48342791 9.32494567125544e-06
S6_48342792 6 48342792 9.32494567125544e-06
S6_48342798 6 48342798 9.32494567125544e-06
S6_48357579 6 48357579 0.00010782596196807
S6_48431930 6 48431930 0.000179802838180703
S6_48433653 6 48433653 1.75779086047833e-07
S6_48493952 6 48493952 0.00078424473698568
S6_48498860 6 48498860 0.000224380934315458
S6_48519342 6 48519342 5.635777101269e-05
S6_48520133 6 48520133 4.19615469031683e-05
S6_48520178 6 48520178 7.08285913789139e-06
S6_48531788 6 48531788 0.000759551278978291
S6_48537556 6 48537556 0.000227520243718617
S6_48537591 6 48537591 0.000634766995489028
S6_48620651 6 48620651 0.000661877324539637
S6_48748405 6 48748405 7.63370471777647e-05
S6_48782509 6 48782509 0.00035236643118063
S6_48783512 6 48783512 0.000522443499238166
S6_48799616 6 48799616 0.000658550246817437
S6_48869272 6 48869272 0.000271753209426115
S6_48879001 6 48879001 0.000600176068200205
S6_48879002 6 48879002 0.000600176068200205
S6_48879003 6 48879003 0.000600176068199989
S6_48879004 6 48879004 0.000600176068199989
S6_48883832 6 48883832 1.03934306706185e-05
S6_48914248 6 48914248 7.60184540777107e-07
S6_48939919 6 48939919 0.000674674109264065
S6_48956658 6 48956658 8.53243946189954e-05
S6_48964679 6 48964679 0.00026293684794222
S6_48996749 6 48996749 4.32252951066468e-05
S6_49012037 6 49012037 8.25835794261091e-06
S6_49021491 6 49021491 2.73311129361047e-06
S6_49059249 6 49059249 0.000510522733411128
S6_49088915 6 49088915 0.000238568163707401
S6_49155826 6 49155826 0.000394870090752542
S6_49159120 6 49159120 0.000432933208225472
S6_49159139 6 49159139 0.000217232746937786
S6_49159422 6 49159422 2.40184941364377e-05
S6_49167452 6 49167452 7.92604079530055e-05
S6_49170633 6 49170633 2.02987291787072e-08
S6_49173387 6 49173387 0.000100119472896988
S6_49326027 6 49326027 0.000259072616672256
S6_49328594 6 49328594 7.96095524440367e-05
S6_49360366 6 49360366 4.94591649364224e-06
S6_49373938 6 49373938 0.000664489907861153
S6_49537548 6 49537548 0.000567099650368093
S6_49553935 6 49553935 1.63281625228239e-07
S6_49561074 6 49561074 0.000231134679543275
S6_49573351 6 49573351 8.30588998135731e-05
S6_49573380 6 49573380 0.000171262240618881
S6_49576316 6 49576316 0.00040930136841731
S6_49582201 6 49582201 0.000566144456327722
S6_49582290 6 49582290 0.000608179806559678
S6_49582299 6 49582299 6.63617924923789e-05
S6_49582314 6 49582314 6.63617924923789e-05
S6_49582334 6 49582334 6.63617924923789e-05
S6_49582344 6 49582344 6.63617924923789e-05
S6_49582426 6 49582426 0.000177149988136918
S6_49582429 6 49582429 0.000177149988136918
S6_49632283 6 49632283 1.3721121044286e-06
S6_49795124 6 49795124 0.000139108968873189
S6_49816720 6 49816720 1.08365377658257e-05
S6_49817867 6 49817867 0.000735747042943258
S6_49820389 6 49820389 0.000731704415063917
S6_49871867 6 49871867 0.000679662888619463
S6_49882008 6 49882008 6.3944633365058e-05
S6_49961460 6 49961460 0.000654933885102858
S6_49964649 6 49964649 0.000244005507373269
S6_49964665 6 49964665 0.000203257508475823
S6_50033418 6 50033418 0.000176152925755402
S6_50068055 6 50068055 9.88818962976889e-06
S6_50076927 6 50076927 0.000676016238270857
S6_50076930 6 50076930 0.0004899141108033
S6_50077462 6 50077462 0.000157508654278711
S6_50265621 6 50265621 0.000374341915912561
S6_50287830 6 50287830 0.000585564595213268
S6_50327347 6 50327347 0.000913484244395044
S6_50334728 6 50334728 0.000373140779374736
S6_50346885 6 50346885 0.000369874551316245
S6_50352232 6 50352232 0.000581016947968721
S6_50352374 6 50352374 0.000430612513539339
S6_50355722 6 50355722 0.000372065957012116
S6_50356689 6 50356689 0.000934820551503236
S6_50356704 6 50356704 0.000934820551503236
S6_50360494 6 50360494 0.000227696909946688
S6_50367259 6 50367259 0.000174364726217626
S6_50378637 6 50378637 0.000385605986162699
S6_50378677 6 50378677 0.000620703910031757
S6_50385927 6 50385927 0.00097087653293024
S6_50592688 6 50592688 0.000672948536338709
S6_50613418 6 50613418 0.000617783371523515
S6_50622469 6 50622469 0.00055997604458524
S6_50714027 6 50714027 9.4202692030868e-06
S6_51355286 6 51355286 0.000520751764825735
S6_51380513 6 51380513 0.00062158665956661
S6_51564931 6 51564931 0.000989607924178205
S6_51565010 6 51565010 0.000443953183714334
S6_51565097 6 51565097 0.000114657195993854
S6_51576473 6 51576473 5.1045983270719e-05
S6_51577039 6 51577039 7.56988439329603e-05
S6_51608312 6 51608312 0.000627791787034399
S6_51608398 6 51608398 7.41870780462512e-05
S6_51609592 6 51609592 0.000661377750846865
S6_51614663 6 51614663 2.36848111551225e-05
S6_51635268 6 51635268 6.02694754403701e-05
S6_51659928 6 51659928 7.75670392506392e-05
S6_51659947 6 51659947 2.91201566095365e-05
S6_51673670 6 51673670 0.000898751261022921
S6_51680610 6 51680610 3.25708213508323e-06
S6_51719501 6 51719501 0.000309929965206604
S6_51775233 6 51775233 5.15181948990871e-05
S6_52035188 6 52035188 0.000169396611649472
S6_52137940 6 52137940 7.14574300276306e-06
S6_52142218 6 52142218 2.17245177918482e-06
S6_52144536 6 52144536 1.60677053515079e-05
S6_52153180 6 52153180 0.000664277390847233
S6_52153193 6 52153193 0.000664277390847233
S6_52176390 6 52176390 1.93833421245354e-05
S6_52196246 6 52196246 0.000164263382216727
S6_52251435 6 52251435 5.27966651379839e-06
S6_52259614 6 52259614 0.000303666362228024
S6_52259617 6 52259617 0.000316465483603435
S6_52269553 6 52269553 0.000946889063904724
S6_52269560 6 52269560 0.000946889063904724
S6_52289540 6 52289540 4.72002671946257e-05
S6_52418490 6 52418490 4.10810065124372e-05
S6_52480016 6 52480016 0.000391342062438758
S6_52627315 6 52627315 0.000784310678824858
S6_52627351 6 52627351 0.000784310678824858
S6_52627826 6 52627826 7.59416182299697e-07
S6_52800675 6 52800675 0.000331027734985577
S6_52800676 6 52800676 0.000383963608107492
S6_52803957 6 52803957 0.000265918356871115
S6_52868238 6 52868238 0.000393374006154971
S6_52871994 6 52871994 0.000827229970860161
S6_52890813 6 52890813 0.000682896651619109
S6_52945337 6 52945337 0.000771957909077584
S6_52959849 6 52959849 5.85837226477181e-06
S6_52986750 6 52986750 6.25639241387242e-06
S6_52987069 6 52987069 8.55255656326957e-05
S6_52993695 6 52993695 0.000129586262451841
S6_53329783 6 53329783 9.26591852702083e-06
S6_53449694 6 53449694 0.000113416592117888
S6_53510204 6 53510204 0.000385763099979886
S6_53553758 6 53553758 0.00029312501295881
S6_53567688 6 53567688 0.000411395715833056
S6_53567689 6 53567689 0.000411395715833056
S6_53570984 6 53570984 5.22651936528516e-05
S6_53727312 6 53727312 0.000439877360084165
S6_53804212 6 53804212 0.000562931815881313
S6_53833437 6 53833437 0.000636948722010255
S6_53842283 6 53842283 1.27140514811271e-05
S6_53850580 6 53850580 0.000920505076194598
S6_53850617 6 53850617 0.000764654105201492
S6_53968954 6 53968954 0.000567786040189369
S6_54095520 6 54095520 0.000746839606902201
S6_54105275 6 54105275 0.000282829139925452
S6_54204192 6 54204192 0.000130882891819343
S6_54211531 6 54211531 0.000746129930965865
S6_54221186 6 54221186 1.0352625393828e-05
S6_54224509 6 54224509 8.57280927970113e-05
S6_54224523 6 54224523 5.67805181147324e-05
S6_54411053 6 54411053 6.84132168611949e-05
S6_54412586 6 54412586 0.000300499699404962
S6_54424359 6 54424359 0.00037728273563286
S6_54424364 6 54424364 0.000121898418389894
S6_54464610 6 54464610 0.000537173671300162
S6_54478163 6 54478163 8.21098859770593e-05
S6_54514332 6 54514332 3.37791168243542e-05
S6_54550619 6 54550619 0.000918225648039156
S6_54551551 6 54551551 0.000650475435896002
S6_54579915 6 54579915 0.00054778718659697
S6_54584758 6 54584758 7.81781107906561e-06
S6_54691982 6 54691982 0.000301443822977152
S6_54737902 6 54737902 0.000629057668394293
S6_54790732 6 54790732 0.000844797862868429
S6_54815196 6 54815196 1.69684767648018e-06
S6_54815198 6 54815198 1.00810823520788e-05
S6_54848460 6 54848460 0.000207201581440834
S6_54894538 6 54894538 0.00059129242742709
S6_54910615 6 54910615 0.00078086077331038
S6_55042417 6 55042417 0.000139592227653865
S6_55051189 6 55051189 3.28845111078379e-05
S6_55051195 6 55051195 3.28845111078379e-05
S6_55051394 6 55051394 0.000148584142361541
S6_55051439 6 55051439 0.000148584142361559
S6_55051669 6 55051669 0.000399405537095426
S6_55091034 6 55091034 0.000172712044222526
S6_55136222 6 55136222 6.51990136989933e-05
S6_55136232 6 55136232 0.000341207755269185
S6_55136233 6 55136233 0.000341207755269185
S6_55136234 6 55136234 0.000341207755269185
S6_55136237 6 55136237 0.000341207755269185
S6_55136239 6 55136239 0.000341207755269185
S6_55150771 6 55150771 2.27238386293094e-05
S6_55223623 6 55223623 0.000351718610882425
S6_55226661 6 55226661 0.000457704122982995
S6_55227930 6 55227930 0.000168072196313127
S6_55368626 6 55368626 5.54456317247165e-08
S6_55386833 6 55386833 0.000818843719996009
S6_55388786 6 55388786 2.66229269954228e-05
S6_55408302 6 55408302 0.000914191951389785
S6_55408311 6 55408311 0.000914191951389785
S6_55409171 6 55409171 3.31702312004222e-05
S6_55423562 6 55423562 0.000716108528640236
S6_55468151 6 55468151 4.40301223233719e-05
S6_55493766 6 55493766 0.000883682517109268
S6_55505487 6 55505487 9.78802061297208e-05
S6_55539086 6 55539086 0.000289192725972438
S6_55630815 6 55630815 0.000689779656533166
S6_55680828 6 55680828 0.000906163059437983
S6_55694180 6 55694180 0.000185214580985173
S6_55710163 6 55710163 0.000668633348013865
S6_55710165 6 55710165 0.000668633348013865
S6_55710189 6 55710189 0.000668633348013865
S6_55710216 6 55710216 0.000532393397462044
S6_55921773 6 55921773 0.00024015627441806
S6_55950419 6 55950419 7.95532113952153e-05
S6_55950420 6 55950420 0.000103915321781612
S6_55970098 6 55970098 8.89993396537302e-05
S6_56004074 6 56004074 0.000620991083834747
S6_56005077 6 56005077 0.000347847554797108
S6_56005081 6 56005081 0.000361983495146581
S6_56005085 6 56005085 0.000347847554797108
S6_56032063 6 56032063 0.000594030350980454
S6_56038644 6 56038644 4.26785794898074e-05
S6_56038663 6 56038663 4.97334253647037e-05
S6_56061761 6 56061761 4.11844455992757e-07
S6_56094562 6 56094562 0.000707059726452572
S6_56097090 6 56097090 0.000919926354778006
S6_56097091 6 56097091 0.000919926354778006
S6_56114760 6 56114760 0.000864436223149852
S6_56121509 6 56121509 1.5405903986465e-05
S6_56197863 6 56197863 0.000376226852208089
S6_56200657 6 56200657 0.000346226278931609
S6_56209046 6 56209046 2.8366920424562e-05
S6_56218823 6 56218823 3.22807863046925e-05
S6_56220553 6 56220553 3.09482835856141e-05
S6_56235775 6 56235775 1.058602292693e-07
S6_56245616 6 56245616 2.99914095689832e-05
S6_56245631 6 56245631 2.99914095689832e-05
S6_56255368 6 56255368 2.84976564397582e-05
S6_56255464 6 56255464 8.92550492900877e-05
S6_56262451 6 56262451 0.000129135139715348
S6_56262452 6 56262452 0.000129135139715348
S6_56262485 6 56262485 0.000129135139715348
S6_56263120 6 56263120 0.000297932124410252
S6_56355535 6 56355535 6.0209796321059e-05
S6_56367391 6 56367391 0.00048827599883674
S6_56383757 6 56383757 0.000590549178968171
S6_56446978 6 56446978 0.000373827076383984
S6_56476618 6 56476618 4.62220668703632e-05
S6_56476652 6 56476652 4.62220668703632e-05
S6_56477246 6 56477246 0.00015689044268096
S6_56479726 6 56479726 6.73467368853439e-05
S6_56479754 6 56479754 6.73467368853439e-05
S6_56479763 6 56479763 6.73467368853439e-05
S6_56489815 6 56489815 1.32451923441319e-06
S6_56489826 6 56489826 1.32451923441319e-06
S6_56489919 6 56489919 0.000214798313772775
S6_56490410 6 56490410 0.000162687926981535
S6_56490422 6 56490422 0.000163490910974711
S6_56490732 6 56490732 1.10440152472806e-06
S6_56491760 6 56491760 0.000114562901969756
S6_56496467 6 56496467 0.000335687042426014
S6_56496578 6 56496578 0.000392929144232756
S6_56496587 6 56496587 0.000497691821343867
S6_56499986 6 56499986 6.34891874848462e-05
S6_56500040 6 56500040 6.62468579928696e-05
S6_56500686 6 56500686 0.000287801534490578
S6_56502229 6 56502229 0.000403983833070431
S6_56502262 6 56502262 0.000204983114163083
S6_56504131 6 56504131 0.000246034911493036
S6_56504608 6 56504608 0.000930135505268032
S6_56504627 6 56504627 0.00069122189420753
S6_56511099 6 56511099 8.01208308160547e-05
S6_56511977 6 56511977 2.76430967804473e-05
S6_56511986 6 56511986 2.76430967804473e-05
S6_56512009 6 56512009 8.49277196067666e-06
S6_56512190 6 56512190 1.43164857020092e-05
S6_56516832 6 56516832 0.000920249176979039
S6_56529874 6 56529874 0.000981177410688486
S6_56532047 6 56532047 0.000963177860385485
S6_56533141 6 56533141 0.000219895155879794
S6_56575712 6 56575712 0.00078772005971797
S6_56577597 6 56577597 0.000665320428416106
S6_56577621 6 56577621 0.000613176621010086
S6_56577633 6 56577633 0.000665320428416207
S6_56579535 6 56579535 0.000492262680580637
S6_56582135 6 56582135 0.000210982834004885
S6_56582137 6 56582137 0.000209284453570852
S6_56582140 6 56582140 0.000209284453570852
S6_56591192 6 56591192 7.88138851347709e-05
S6_56594726 6 56594726 0.000133672456977862
S6_56603682 6 56603682 3.56695473013323e-05
S6_56606952 6 56606952 0.000405877677149838
S6_56606995 6 56606995 0.000104374884728581
S6_56609236 6 56609236 0.000251120595966557
S6_56628033 6 56628033 2.86221733188828e-05
S6_56641846 6 56641846 1.17814245176834e-05
S6_56709673 6 56709673 0.000294427443256208
S6_56745854 6 56745854 2.14193121486472e-07
S6_56745862 6 56745862 1.2252217198547e-05
S6_56751101 6 56751101 6.08726494640697e-05
S6_56858199 6 56858199 0.000183973013759707
S6_56998749 6 56998749 0.000980854090488454
S6_57105530 6 57105530 0.000932091022279872
S6_57222720 6 57222720 5.87518249813261e-06
S6_57260811 6 57260811 7.44147265817157e-05
S6_57260812 6 57260812 7.44147265817157e-05
S6_57328796 6 57328796 1.30011422918757e-05
S6_57344922 6 57344922 0.000992295690381964
S6_57461174 6 57461174 3.54749867107087e-06
S6_57569549 6 57569549 1.82461344220078e-05
S6_57569550 6 57569550 1.3323433332166e-05
S6_57643633 6 57643633 4.02869672853164e-05
S6_57700678 6 57700678 0.000361682555397005
S6_57770556 6 57770556 0.000633859253142592
S6_57777230 6 57777230 0.000737241290853425
S6_58022894 6 58022894 2.35393498971902e-05
S6_58022906 6 58022906 3.43146597162385e-05
S6_58024317 6 58024317 0.000144570525475327
S6_58024337 6 58024337 0.000130556424451162
S6_58041074 6 58041074 0.000191988816312646
S6_58054627 6 58054627 0.000695300271374367
S6_58154846 6 58154846 0.000373014359265899
S6_58154853 6 58154853 0.000373014359265899
S6_58154868 6 58154868 0.000373014359265899
S6_58154881 6 58154881 0.000373014359265899
S6_58165387 6 58165387 8.02438517862757e-05
S6_58216459 6 58216459 1.13898130386549e-05
S6_58217364 6 58217364 0.000593131471843955
S6_58218618 6 58218618 2.08978470272301e-05
S6_58218641 6 58218641 1.98097201024731e-05
S6_58227580 6 58227580 3.1359599192628e-05
S6_58230233 6 58230233 0.0003715337509359
S6_58247423 6 58247423 9.31019915752217e-05
S6_58247453 6 58247453 8.86044316365926e-05
S6_58247655 6 58247655 0.0004689583384235
S6_58250625 6 58250625 0.000198750200080423
S6_58250630 6 58250630 0.000213562070843155
S6_58251091 6 58251091 1.07738012434525e-05
S6_58251116 6 58251116 1.07738012434525e-05
S6_58251157 6 58251157 0.000869934013180795
S6_58251195 6 58251195 0.000134147734944361
S6_58251198 6 58251198 0.000134147734944361
S6_58251208 6 58251208 0.000134147734944361
S6_58251808 6 58251808 0.000576010729716641
S6_58251825 6 58251825 0.000576010729716641
S6_58251878 6 58251878 2.73051931706776e-05
S6_58251936 6 58251936 9.96555573959565e-05
S6_58251953 6 58251953 2.92529637660486e-05
S6_58252368 6 58252368 0.000195742618278183
S6_58252392 6 58252392 0.000403097031896475
S6_58252410 6 58252410 1.02133043435777e-05
S6_58256083 6 58256083 0.000263473113319462
S6_58256133 6 58256133 0.000108083949731503
S6_58321271 6 58321271 6.02859300398363e-05
S6_58387701 6 58387701 0.00019710393444908
S6_58399059 6 58399059 0.000161708442454429
S6_58410677 6 58410677 0.000876890847709194
S6_58423670 6 58423670 0.000224957876212592
S6_58435577 6 58435577 0.000284165133903067
S6_58439665 6 58439665 0.000592246552226772
S6_58460950 6 58460950 0.000807807985733702
S6_58460951 6 58460951 0.000906121630438244
S6_58474846 6 58474846 0.000991588384262991
S6_58475595 6 58475595 0.00073813163701715
S6_58503394 6 58503394 9.04813336100201e-06
S6_58825954 6 58825954 0.000591719415465705
S6_58945036 6 58945036 0.000583878123572184
S6_58945893 6 58945893 0.000132376850331567
S6_58963136 6 58963136 0.000178887108259134
S6_59058898 6 59058898 3.61388002347587e-06
S6_59060330 6 59060330 2.6885638340425e-05
S6_59063750 6 59063750 1.91029262542222e-05
S6_59107430 6 59107430 4.5767165815379e-05
S6_59107503 6 59107503 5.97907640752885e-05
S6_59291097 6 59291097 0.000559911358501392
S6_59291104 6 59291104 0.000559911358501392
S6_59291119 6 59291119 0.000559911358501392
S6_59291122 6 59291122 0.000559911358501392
S6_59296018 6 59296018 0.000924141874757591
S6_59315570 6 59315570 1.25044643838361e-09
S6_59315577 6 59315577 6.69670509641838e-11
S6_59316410 6 59316410 0.000240419383813746
S6_59365579 6 59365579 5.82259587841466e-05
S6_59386798 6 59386798 1.02302330387015e-05
S6_59493859 6 59493859 8.15525718602201e-06
S6_59526894 6 59526894 0.000378675507823641
S6_59526897 6 59526897 0.000374864262090683
S6_59617882 6 59617882 0.000281402159710664
S6_59617916 6 59617916 0.000394244559701657
S6_59617921 6 59617921 0.000394244559701721
S6_59618585 6 59618585 0.000697261262929099
S6_59654358 6 59654358 0.00087303399379241
S6_59745012 6 59745012 1.95196627846555e-05
S6_59745015 6 59745015 1.21199584605114e-05
S6_59917382 6 59917382 0.000187085929867055
S6_59917400 6 59917400 0.000187085929867055
S6_59993268 6 59993268 0.000482436437384278
S6_60254195 6 60254195 0.000549762643848659
S6_60499792 6 60499792 0.000514279461655344
S6_60528235 6 60528235 0.00099359136338292
S6_60546101 6 60546101 0.000224677134934799
S6_60558287 6 60558287 0.000467689837251333
S6_60559033 6 60559033 5.05101385497985e-05
S6_60559938 6 60559938 0.000357230326213146
S6_60611559 6 60611559 0.000413982907385882
S6_60623052 6 60623052 0.000542753638415999
S6_60623269 6 60623269 0.000614681728582897
S6_60654317 6 60654317 0.00064467549353268
S6_60759687 6 60759687 0.000232673474874016
S6_60825462 6 60825462 0.000571367832169307
S6_60826142 6 60826142 0.000735025560284732
S6_60926963 6 60926963 0.000120618432404198
S6_60982797 6 60982797 0.00022941088326135
S6_61031277 6 61031277 0.000564608277238149
S6_61036242 6 61036242 0.000458033078009403
S6_61036279 6 61036279 0.000710792568881543
S6_61036283 6 61036283 0.00077259828239681
S6_61036297 6 61036297 0.00077259828239681
S6_61071744 6 61071744 0.000319389093248403
S6_61253235 6 61253235 0.000719586756818161
S6_61258529 6 61258529 1.50564578080305e-05
S6_61475869 6 61475869 0.000278430929129358
S6_61541200 6 61541200 2.93072515470051e-06
S6_61541223 6 61541223 1.4356031002874e-06
S6_61588312 6 61588312 0.000382863952664625
S6_61588313 6 61588313 0.000327841169939705
S6_61602055 6 61602055 0.000170330624502563
S6_61610765 6 61610765 5.65856923640985e-05
S6_61832185 6 61832185 0.000193878210612191
S6_61845947 6 61845947 0.000708078915159857
S6_61874005 6 61874005 0.000144927352055062
S6_61874007 6 61874007 2.73587302645715e-05
S6_61935292 6 61935292 4.6720631540863e-05
S6_61979605 6 61979605 0.000110906541221642
S6_61979607 6 61979607 0.000110906541221642
