Marker Chr Pos p
S4_74583 4 74583 0.000165913258795259
S4_99190 4 99190 0.00032777820008617
S4_138167 4 138167 0.000823859712926597
S4_159123 4 159123 0.000372557481179396
S4_159124 4 159124 0.000692959476937582
S4_189355 4 189355 0.000322769749550391
S4_218957 4 218957 2.36796018381001e-06
S4_272973 4 272973 0.000651181231891809
S4_294916 4 294916 0.000659913504525314
S4_296097 4 296097 7.58589295643554e-06
S4_351585 4 351585 0.000166747936777741
S4_470180 4 470180 6.80305381529738e-06
S4_472936 4 472936 0.000507759948813593
S4_515596 4 515596 0.000731444030760956
S4_537382 4 537382 0.000430484143697814
S4_557127 4 557127 0.000388650096419109
S4_557129 4 557129 0.000403178383424857
S4_557206 4 557206 1.38004484326017e-05
S4_557230 4 557230 5.69480548399394e-05
S4_577319 4 577319 0.000405786829715894
S4_577320 4 577320 0.000294785157410658
S4_610861 4 610861 5.39522530142401e-05
S4_792721 4 792721 7.94432736092736e-06
S4_892017 4 892017 0.000945526044232556
S4_1137941 4 1137941 0.000204146497834863
S4_1173498 4 1173498 7.77843992094925e-05
S4_1173543 4 1173543 0.000121535036912765
S4_1191029 4 1191029 2.84176767361807e-07
S4_1196187 4 1196187 0.000182954788525572
S4_1242476 4 1242476 0.000144460356833242
S4_1256162 4 1256162 1.43102130817561e-05
S4_1402844 4 1402844 2.3265873032395e-05
S4_1467455 4 1467455 0.00010323678015817
S4_1477071 4 1477071 0.000958274132073013
S4_1528096 4 1528096 6.35290632956386e-07
S4_1549372 4 1549372 1.99370861407848e-05
S4_1595414 4 1595414 0.00088988260621563
S4_1737926 4 1737926 4.24540594929505e-05
S4_1740807 4 1740807 6.43070390663569e-06
S4_1740828 4 1740828 6.43070390663461e-06
S4_1748643 4 1748643 0.00015253938919668
S4_1809305 4 1809305 0.00072252056623464
S4_1853905 4 1853905 7.80518566986472e-05
S4_1893406 4 1893406 9.1879082626196e-05
S4_1911024 4 1911024 5.82815887218435e-05
S4_1919199 4 1919199 0.000171987992373591
S4_1961600 4 1961600 0.000206706751334415
S4_2014360 4 2014360 8.57763096896584e-06
S4_2079519 4 2079519 0.000721068230975229
S4_2085770 4 2085770 0.000132939885477967
S4_2085819 4 2085819 5.39636058660074e-05
S4_2182638 4 2182638 0.000935620355770698
S4_2246487 4 2246487 3.32661480651537e-05
S4_2307637 4 2307637 4.53047898463576e-05
S4_2320886 4 2320886 0.000436477488524263
S4_2770078 4 2770078 3.41519527746963e-05
S4_2819981 4 2819981 2.80673655800844e-05
S4_2820012 4 2820012 2.80673655800844e-05
S4_2838195 4 2838195 0.000471995185451527
S4_2857295 4 2857295 0.000101702470671773
S4_2866424 4 2866424 0.00022445323245432
S4_2868404 4 2868404 0.000156992160511075
S4_2995927 4 2995927 7.85542781731369e-07
S4_3126783 4 3126783 2.7092874130535e-09
S4_3140712 4 3140712 0.000155805905945893
S4_3192620 4 3192620 6.32584175700459e-06
S4_3311103 4 3311103 0.000638156731816014
S4_3311104 4 3311104 0.000638156731816014
S4_3391866 4 3391866 5.63490655837729e-05
S4_3512631 4 3512631 0.000327880685800559
S4_3668721 4 3668721 0.000223708302447573
S4_3684821 4 3684821 0.000150508589710576
S4_3684822 4 3684822 0.000149485186806065
S4_3684823 4 3684823 0.000149485186806065
S4_3695821 4 3695821 0.000265016569546347
S4_3718536 4 3718536 6.6953125137326e-05
S4_3718545 4 3718545 6.6953125137301e-05
S4_3723610 4 3723610 3.15568951948962e-05
S4_3723611 4 3723611 3.15568951948845e-05
S4_3761611 4 3761611 9.9163985517388e-06
S4_3857777 4 3857777 2.97480446131556e-05
S4_3857796 4 3857796 0.000511878011904662
S4_3879225 4 3879225 0.000351380446281473
S4_3912745 4 3912745 7.34561272370561e-05
S4_3943112 4 3943112 0.000763989720409142
S4_3943321 4 3943321 0.000688488833850023
S4_3954533 4 3954533 3.52802773325471e-06
S4_4066731 4 4066731 8.41437992643898e-05
S4_4075397 4 4075397 0.000961461260690101
S4_4083200 4 4083200 7.25429255332556e-08
S4_4120695 4 4120695 9.5827039690368e-05
S4_4120746 4 4120746 9.58270396904019e-05
S4_4138522 4 4138522 3.64426622664901e-05
S4_4156696 4 4156696 7.3082812204424e-05
S4_4205983 4 4205983 0.00016731448072731
S4_4251088 4 4251088 2.10413700495774e-05
S4_4341772 4 4341772 7.42565079670545e-06
S4_4633221 4 4633221 0.000340877283947074
S4_4694056 4 4694056 4.98251861615989e-05
S4_4983494 4 4983494 0.00061449048320575
S4_5001278 4 5001278 5.0828708103317e-05
S4_5071319 4 5071319 0.000919952330460827
S4_5089167 4 5089167 0.000419308370918847
S4_5131868 4 5131868 0.000180904773246922
S4_5185488 4 5185488 8.71396679125308e-05
S4_5250955 4 5250955 7.15159270044027e-05
S4_5255470 4 5255470 7.01439902131591e-05
S4_5255471 4 5255471 7.01439902131591e-05
S4_5255472 4 5255472 7.01439902131591e-05
S4_5296716 4 5296716 3.24177650511759e-05
S4_5406892 4 5406892 2.16929392477304e-05
S4_5408915 4 5408915 0.000668742870184319
S4_5457074 4 5457074 0.000818692324977536
S4_5484537 4 5484537 2.74790632645176e-06
S4_5484542 4 5484542 2.74790632645176e-06
S4_5484543 4 5484543 2.74790632645176e-06
S4_5484544 4 5484544 2.74790632645176e-06
S4_5774333 4 5774333 4.58793994084228e-05
S4_5777365 4 5777365 2.30705559863538e-05
S4_5827372 4 5827372 7.67461811989529e-06
S4_5937525 4 5937525 0.000455734252760384
S4_6004584 4 6004584 0.000127262246284127
S4_6027871 4 6027871 1.6819915419065e-06
S4_6071011 4 6071011 0.00020577941131326
S4_6128106 4 6128106 0.00013728926598651
S4_6158189 4 6158189 7.75155268477585e-07
S4_6211510 4 6211510 2.68318700246805e-05
S4_6231077 4 6231077 7.38440610099512e-05
S4_6234444 4 6234444 0.00037069207523449
S4_6252085 4 6252085 0.000177840711640297
S4_6295335 4 6295335 0.00060966953045379
S4_6328099 4 6328099 0.000109392960432798
S4_6328100 4 6328100 0.000109392960432798
S4_6328102 4 6328102 0.000109392960432798
S4_6328103 4 6328103 0.000109392960432798
S4_6328104 4 6328104 0.000109392960432798
S4_6328105 4 6328105 0.000109392960432798
S4_6328106 4 6328106 0.000109392960432798
S4_6328107 4 6328107 0.000109392960432798
S4_6353115 4 6353115 8.58419561122344e-05
S4_6366996 4 6366996 0.00055030637236766
S4_6412732 4 6412732 0.000313782737292091
S4_6413008 4 6413008 7.87668668806001e-06
S4_6413242 4 6413242 8.48561903137068e-05
S4_6466894 4 6466894 0.000611227362862627
S4_6503009 4 6503009 6.61116054402547e-05
S4_6527350 4 6527350 1.21862631253195e-05
S4_6555485 4 6555485 0.00053824595168799
S4_6560143 4 6560143 0.000839197387360468
S4_6560157 4 6560157 0.000839197387360651
S4_6560163 4 6560163 0.000839197387360651
S4_6878978 4 6878978 0.000365649253696667
S4_6898183 4 6898183 0.000541276671840405
S4_6999054 4 6999054 0.000102467323281434
S4_7035720 4 7035720 4.43571830914012e-05
S4_7164572 4 7164572 0.000689457183135435
S4_7170911 4 7170911 0.000418088444962567
S4_7342736 4 7342736 8.27239241656315e-05
S4_7380355 4 7380355 3.65715149622703e-06
S4_7381539 4 7381539 2.94858417253257e-05
S4_7382647 4 7382647 0.000195419980434709
S4_7382663 4 7382663 0.000195419980434709
S4_7382664 4 7382664 0.000195419980434709
S4_7425536 4 7425536 2.57265773318652e-07
S4_7482245 4 7482245 2.91921581766613e-05
S4_7497053 4 7497053 6.06513220397123e-05
S4_7685499 4 7685499 0.000652277216440535
S4_7832122 4 7832122 0.000148694686376164
S4_7872478 4 7872478 0.000844006558145327
S4_7872482 4 7872482 0.000844006558145327
S4_7919849 4 7919849 6.29249095433928e-06
S4_7923881 4 7923881 0.000201854967643106
S4_7934193 4 7934193 0.000144858687887785
S4_7943738 4 7943738 0.000165173642214277
S4_7976052 4 7976052 0.000323053489054607
S4_8100854 4 8100854 0.000121460059830562
S4_8100858 4 8100858 0.000121460059830562
S4_8253942 4 8253942 0.000225598461392072
S4_8344883 4 8344883 0.000145166163297289
S4_8389665 4 8389665 0.000163806132037924
S4_8389674 4 8389674 0.000163806132037924
S4_8456384 4 8456384 2.20449424322124e-05
S4_8458338 4 8458338 8.39314532450488e-06
S4_8491371 4 8491371 5.2204983571851e-05
S4_8491401 4 8491401 5.2204983571851e-05
S4_8586257 4 8586257 0.000533890714347998
S4_8651933 4 8651933 1.28893971097515e-05
S4_8651936 4 8651936 1.28893971097515e-05
S4_8662732 4 8662732 0.000193441623528531
S4_8734700 4 8734700 1.67091041646806e-05
S4_8782583 4 8782583 4.43250192189599e-05
S4_8812272 4 8812272 3.30819557141624e-05
S4_9035547 4 9035547 0.000459158409249042
S4_9216401 4 9216401 5.94591083112433e-05
S4_9421346 4 9421346 0.000198505808521398
S4_9458965 4 9458965 0.000220716392326147
S4_9459003 4 9459003 0.000171512264569607
S4_9501608 4 9501608 7.72934426550921e-05
S4_9575904 4 9575904 3.862588149344e-06
S4_9660292 4 9660292 6.77372973587431e-05
S4_9688953 4 9688953 1.276827444083e-05
S4_9729666 4 9729666 8.76342239228885e-05
S4_9753196 4 9753196 0.000659774826118708
S4_9787450 4 9787450 0.000128249687798511
S4_9893568 4 9893568 4.38035035251765e-05
S4_9893586 4 9893586 4.38035035251765e-05
S4_9893605 4 9893605 4.38035035251765e-05
S4_9961357 4 9961357 0.000244614898769956
S4_9964272 4 9964272 4.27696026511705e-05
S4_10062853 4 10062853 7.6168020719422e-05
S4_10117707 4 10117707 9.68441164314989e-05
S4_10182365 4 10182365 0.00040234453576504
S4_10265937 4 10265937 2.38702258157101e-05
S4_10391304 4 10391304 6.169067964658e-05
S4_10486266 4 10486266 2.41265576088906e-05
S4_10503008 4 10503008 5.99250513173329e-05
S4_10559801 4 10559801 0.000187877145741389
S4_10645775 4 10645775 3.89918339655138e-06
S4_11018606 4 11018606 4.53374382914718e-05
S4_11150514 4 11150514 0.000336483929471858
S4_11191980 4 11191980 3.46318117704768e-05
S4_11205880 4 11205880 0.000153886239612364
S4_11301748 4 11301748 0.00038446560880167
S4_11334453 4 11334453 1.92759139592528e-05
S4_11347522 4 11347522 3.50516985140306e-05
S4_11614568 4 11614568 0.000765762086283501
S4_11628427 4 11628427 0.000678189617697553
S4_11628428 4 11628428 0.000695504842504969
S4_11628460 4 11628460 0.000625518890640772
S4_11628472 4 11628472 0.000678189617697553
S4_11628481 4 11628481 0.000678189617697666
S4_11957652 4 11957652 3.02280649057849e-06
S4_12186354 4 12186354 4.98869543688534e-05
S4_12268334 4 12268334 0.000109544405814521
S4_12452286 4 12452286 8.29697545434282e-08
S4_12452312 4 12452312 9.80004192450017e-08
S4_12516874 4 12516874 7.226793327229e-05
S4_12673107 4 12673107 3.9102277637215e-05
S4_13883933 4 13883933 0.000469334554449647
S4_14111626 4 14111626 6.96280939063764e-06
S4_14111630 4 14111630 6.58838631161123e-05
S4_14909067 4 14909067 0.000902663533050857
S4_14973517 4 14973517 0.0001553602738632
S4_14983308 4 14983308 2.76318285969473e-05
S4_15134827 4 15134827 0.000717633899972909
S4_15422233 4 15422233 0.000918001873173432
S4_15519214 4 15519214 0.000981278050977541
S4_15648814 4 15648814 0.000570615241639347
S4_15738418 4 15738418 0.000963025634044665
S4_15764887 4 15764887 0.000446735977938203
S4_16099935 4 16099935 0.000484471644640529
S4_16560292 4 16560292 0.000225986029402328
S4_16560294 4 16560294 0.000364584998480618
S4_18958375 4 18958375 5.02498832583757e-05
S4_20123638 4 20123638 2.68491762076044e-05
S4_22730091 4 22730091 0.000596996741528314
S4_22730092 4 22730092 0.000123438639222109
S4_22927603 4 22927603 8.67169867494639e-06
S4_25644288 4 25644288 6.87879657555419e-05
S4_33489630 4 33489630 0.000296509579910576
S4_33797669 4 33797669 0.000308598134114716
S4_35045173 4 35045173 0.000248823855896996
S4_35907921 4 35907921 0.000250118353585087
S4_36894862 4 36894862 1.06834205825511e-05
S4_36894863 4 36894863 1.06834205825411e-05
S4_37081285 4 37081285 7.28482795111311e-05
S4_37541818 4 37541818 0.000215632549123677
S4_38011310 4 38011310 3.99065321404772e-05
S4_38195309 4 38195309 0.000197958495533709
S4_38363000 4 38363000 0.000509032104454686
S4_38765691 4 38765691 7.45854194975544e-05
S4_38882549 4 38882549 0.000523687812384735
S4_39018394 4 39018394 0.000971796829256807
S4_39104324 4 39104324 0.000171123761871389
S4_39174880 4 39174880 5.95205697112869e-05
S4_39637263 4 39637263 0.000595869401932623
S4_39693247 4 39693247 0.000269864279847481
S4_39693480 4 39693480 1.16733987407637e-05
S4_40452377 4 40452377 0.000217996688078462
S4_40840489 4 40840489 0.000700579885911006
S4_40923661 4 40923661 0.000103231758987831
S4_40923700 4 40923700 0.000103231758987831
S4_40923710 4 40923710 0.000103231758987831
S4_42180012 4 42180012 4.62771747907108e-05
S4_42353957 4 42353957 7.51057127178345e-05
S4_43467908 4 43467908 0.000972050056777041
S4_43498886 4 43498886 0.000318147924702435
S4_43562618 4 43562618 0.000863391092658258
S4_44311761 4 44311761 9.46230162101323e-05
S4_45474324 4 45474324 0.000173989915624443
S4_45474350 4 45474350 0.000393604770297901
S4_45516285 4 45516285 2.61189789598606e-05
S4_46042723 4 46042723 5.14743645959901e-05
S4_46103914 4 46103914 0.000199130862281822
S4_46407812 4 46407812 1.64467807152717e-05
S4_46508121 4 46508121 8.8227162593202e-07
S4_46508148 4 46508148 0.000646169870039556
S4_46668796 4 46668796 0.00070933616776638
S4_46912079 4 46912079 0.000766661213524323
S4_48082442 4 48082442 0.000189196943566366
S4_48315004 4 48315004 0.000294075456393127
S4_48674670 4 48674670 2.60839451833298e-05
S4_48831154 4 48831154 0.000266709487518835
S4_48865964 4 48865964 0.000465885486816186
S4_49120629 4 49120629 7.65434433612895e-05
S4_49147859 4 49147859 0.000208011200814941
S4_49148251 4 49148251 0.000236152889085176
S4_49188347 4 49188347 4.74794132187165e-05
S4_49322500 4 49322500 0.000201304950939565
S4_49458230 4 49458230 0.000346330258306964
S4_49493980 4 49493980 0.000469668945147932
S4_49837128 4 49837128 6.1076449636085e-05
S4_50003836 4 50003836 0.000730707021750451
S4_50052579 4 50052579 0.000530372220111845
S4_50166705 4 50166705 0.000623988867799048
S4_50361290 4 50361290 0.000765658948037059
S4_50370667 4 50370667 0.000316792650468287
S4_50532771 4 50532771 4.36828551414433e-05
S4_50562414 4 50562414 1.03912669861768e-05
S4_50608210 4 50608210 0.000631496893104195
S4_50758307 4 50758307 0.000164669915246457
S4_51051438 4 51051438 4.06047845255989e-09
S4_51069497 4 51069497 1.17220618649145e-07
S4_51104912 4 51104912 1.15367854813756e-06
S4_51104938 4 51104938 1.15367854813756e-06
S4_51104939 4 51104939 1.15367854813756e-06
S4_51104963 4 51104963 1.15367854813756e-06
S4_51167357 4 51167357 0.000668633118390344
S4_51167401 4 51167401 0.000848139381337768
S4_51237649 4 51237649 0.000104415581175947
S4_51266340 4 51266340 0.000643665962414896
S4_51355509 4 51355509 1.54169116137944e-05
S4_51361512 4 51361512 1.78322511240225e-05
S4_51456776 4 51456776 0.000616980150336109
S4_51502008 4 51502008 0.00036367119700341
S4_51692350 4 51692350 0.000453862669008031
S4_51888010 4 51888010 0.000162061457020272
S4_51909820 4 51909820 3.14434891412583e-06
S4_52063764 4 52063764 0.000769780684642436
S4_52157152 4 52157152 2.29853908004896e-05
S4_52157479 4 52157479 3.68990923237711e-05
S4_52157494 4 52157494 3.68990923237648e-05
S4_52355011 4 52355011 0.000798399142555589
S4_52494910 4 52494910 0.000201361290550014
S4_52621662 4 52621662 8.64869259248655e-05
S4_52621677 4 52621677 3.66764341935391e-05
S4_52651955 4 52651955 0.000452930556303318
S4_52700662 4 52700662 5.74256663297814e-05
S4_52700691 4 52700691 5.23615603210175e-05
S4_52863361 4 52863361 6.12148243369645e-05
S4_52877220 4 52877220 7.83884030657689e-06
S4_52877237 4 52877237 7.83884030657689e-06
S4_53085691 4 53085691 0.000179808497642836
S4_53088408 4 53088408 0.000183093480180409
S4_53105067 4 53105067 0.000155543091672864
S4_53118388 4 53118388 0.00021177117144914
S4_53237695 4 53237695 1.74740985310915e-05
S4_53237785 4 53237785 2.00062199966682e-06
S4_53274253 4 53274253 0.000906440963122092
S4_53366986 4 53366986 0.000121315238596673
S4_53388879 4 53388879 4.3698985627028e-05
S4_53534598 4 53534598 0.000324920610028871
S4_53534741 4 53534741 0.000460170656253971
S4_53665991 4 53665991 2.39798805678563e-05
S4_53731608 4 53731608 0.000968175642569406
S4_53752188 4 53752188 1.83181282121002e-06
S4_54019494 4 54019494 0.000540622816973792
S4_54078929 4 54078929 6.3378608440008e-06
S4_54244165 4 54244165 1.13402166051172e-07
S4_54375236 4 54375236 3.49295348512453e-06
S4_54908624 4 54908624 0.000431857454688467
S4_55119444 4 55119444 1.46105909099605e-05
S4_55587232 4 55587232 0.000917894082639799
S4_55587242 4 55587242 0.000918164738896061
S4_55701100 4 55701100 0.000127175136363242
S4_55710493 4 55710493 0.000930056226711126
S4_55712804 4 55712804 1.01736585144134e-05
S4_55712811 4 55712811 1.01736585144134e-05
S4_55712825 4 55712825 1.01736585144134e-05
S4_55734102 4 55734102 0.000532141278739216
S4_55760426 4 55760426 0.000810625232137882
S4_55854506 4 55854506 0.000822970632852162
S4_55867630 4 55867630 0.000516133346547553
S4_55867633 4 55867633 0.000516133346547553
S4_55882656 4 55882656 8.1447169286559e-05
S4_55942973 4 55942973 4.97755072290517e-05
S4_56124258 4 56124258 6.64045707924062e-05
S4_56274011 4 56274011 1.44950470088715e-06
S4_56317746 4 56317746 4.92592254812078e-05
S4_56317801 4 56317801 8.94421926244294e-05
S4_56323904 4 56323904 0.000735364594686529
S4_56323916 4 56323916 0.000735364594686529
S4_56323941 4 56323941 0.000735364594686529
S4_56325625 4 56325625 0.000218510605393418
S4_56363294 4 56363294 2.62932166863627e-05
S4_56515631 4 56515631 0.000120295183627014
S4_56598773 4 56598773 9.45447893170937e-06
S4_57215781 4 57215781 0.000146744344324558
S4_57252386 4 57252386 6.68529236525881e-05
S4_57281304 4 57281304 0.000239984537870745
S4_57333915 4 57333915 0.000316261051412593
S4_57462173 4 57462173 1.10765121369625e-05
S4_57482513 4 57482513 0.000229422771105062
S4_57503388 4 57503388 6.97305174921031e-06
S4_57525719 4 57525719 0.000103267608022563
S4_57560275 4 57560275 2.72586163449304e-05
S4_57564201 4 57564201 4.64443356117582e-05
S4_57592411 4 57592411 0.000297428368018624
S4_57619809 4 57619809 4.32576389743666e-05
S4_57670576 4 57670576 4.84645459106092e-05
S4_57703407 4 57703407 0.000853081209461116
S4_57727369 4 57727369 5.65876909531803e-07
S4_57786451 4 57786451 0.000668325518553705
S4_57795589 4 57795589 1.54200360022248e-05
S4_57807530 4 57807530 0.000841904974007877
S4_58008416 4 58008416 6.05539221744189e-05
S4_58261326 4 58261326 8.01618934693043e-05
S4_58337794 4 58337794 0.000157036227296207
S4_58338267 4 58338267 1.29575489140997e-06
S4_58345607 4 58345607 0.000445081933942965
S4_58359699 4 58359699 5.053389156856e-05
S4_58368035 4 58368035 0.000361075163799376
S4_58378564 4 58378564 8.82397865562317e-05
S4_58453614 4 58453614 5.17251553669109e-05
S4_58474569 4 58474569 6.86051023040493e-06
S4_58632117 4 58632117 6.12380173739902e-05
S4_58660337 4 58660337 5.633487200476e-05
S4_58660401 4 58660401 0.000134415118373759
S4_58683671 4 58683671 1.24142760359813e-05
S4_58683673 4 58683673 1.24142760359813e-05
S4_58683677 4 58683677 1.27575757092916e-05
S4_58790869 4 58790869 9.45037814387047e-06
S4_58798386 4 58798386 0.000516911100908243
S4_58809968 4 58809968 0.000752634059215363
S4_58906455 4 58906455 4.91507997004181e-05
S4_58923944 4 58923944 3.2875000989457e-06
S4_58924304 4 58924304 0.000563625604668806
S4_58939643 4 58939643 0.000133319235468967
S4_59238099 4 59238099 6.69457270996818e-05
S4_59507556 4 59507556 4.72821743963037e-05
S4_59583876 4 59583876 5.98039013248563e-05
S4_59634015 4 59634015 7.97055791213243e-06
S4_60061340 4 60061340 0.000438576466620833
S4_60077678 4 60077678 9.59409843153469e-06
S4_60118192 4 60118192 0.000325843581007788
S4_60357132 4 60357132 0.000429357282700767
S4_60431920 4 60431920 0.000194072532506977
S4_60454421 4 60454421 0.000214165398075124
S4_60482220 4 60482220 0.000181487507811202
S4_60482331 4 60482331 2.18141438656863e-05
S4_60482346 4 60482346 2.15172209297616e-05
S4_60544637 4 60544637 0.000923861553680306
S4_60544638 4 60544638 0.000923861553679695
S4_60776795 4 60776795 9.16580314603694e-06
S4_60788421 4 60788421 1.70454170958911e-05
S4_60798291 4 60798291 0.000846619974524729
S4_60802483 4 60802483 1.03007404421001e-06
S4_60956223 4 60956223 1.89852323258892e-05
S4_60985868 4 60985868 8.151438689152e-05
S4_61082977 4 61082977 5.25744720004722e-06
S4_61180081 4 61180081 0.000199676201041548
S4_61229492 4 61229492 5.44613778812606e-05
S4_61264076 4 61264076 0.000913400480829507
S4_61271338 4 61271338 5.61610517473753e-05
S4_61387934 4 61387934 1.81060513642834e-05
S4_61435587 4 61435587 0.000332471648026397
S4_61438575 4 61438575 0.000219611557852452
S4_61481236 4 61481236 0.000231932881532185
S4_61548136 4 61548136 7.65486303037279e-06
S4_61551730 4 61551730 8.49413754479837e-07
S4_61551731 4 61551731 8.49413754480229e-07
S4_61566860 4 61566860 3.9095220959855e-05
S4_61576748 4 61576748 0.000225165858045345
S4_61674544 4 61674544 0.00011901847805853
S4_61674562 4 61674562 0.00011901847805853
S4_61704299 4 61704299 0.000743555819549715
S4_61800047 4 61800047 0.000728772757711126
S4_61911074 4 61911074 0.000642508921707701
S4_61955166 4 61955166 4.16528539651801e-06
S4_61955890 4 61955890 5.90872121483298e-06
S4_62142639 4 62142639 6.00442892663726e-05
S4_62176722 4 62176722 4.55275740452819e-06
S4_62176724 4 62176724 6.18744256262327e-06
S4_62370173 4 62370173 2.66665588050146e-05
S4_62446040 4 62446040 5.11896245743315e-05
S4_62565311 4 62565311 0.000563011909026118
S4_62565519 4 62565519 0.000233424610278983
S4_62997161 4 62997161 4.87348748995685e-05
S4_63299259 4 63299259 7.3421933268454e-05
S4_63362113 4 63362113 0.000154343437717984
S4_63426024 4 63426024 0.000449254311563078
S4_63426058 4 63426058 0.000449254311563044
S4_63552051 4 63552051 5.76343272156031e-05
S4_63708524 4 63708524 6.93007468303888e-07
S4_63782708 4 63782708 0.000283206875636878
S4_63911401 4 63911401 1.23299082783138e-05
S4_63950240 4 63950240 0.000857239457342985
S4_63981925 4 63981925 6.85673601424182e-07
S4_63981930 4 63981930 6.85673601424182e-07
S4_64019466 4 64019466 8.46202336368037e-06
S4_64116355 4 64116355 0.000733618449253447
S4_64116383 4 64116383 0.000733618449253447
S4_64371887 4 64371887 0.000684705833697622
S4_64413107 4 64413107 2.06715442462912e-05
S4_64439548 4 64439548 2.71386403902882e-06
S4_64522480 4 64522480 0.000694226984831206
S4_64552873 4 64552873 0.000486366251719294
S4_64552950 4 64552950 2.62790296286463e-08
S4_64602739 4 64602739 0.000678142627462801
S4_64661841 4 64661841 0.00077900561158533
S4_64758068 4 64758068 4.22186137342295e-05
S4_64758069 4 64758069 4.06733900045108e-05
S4_64843244 4 64843244 0.000419770922639501
S4_64881453 4 64881453 5.62628456599455e-05
S4_64915250 4 64915250 4.32136339949468e-05
S4_64919774 4 64919774 0.000393970243847091
S4_65026169 4 65026169 0.000398578573932991
S4_65152714 4 65152714 0.000131483935890923
S4_65227642 4 65227642 2.59121685349702e-05
S4_65403696 4 65403696 7.34230089254898e-05
S4_65411756 4 65411756 0.000205201193148722
S4_65520221 4 65520221 0.00018565121790421
S4_65520222 4 65520222 0.00018565121790421
S4_65520223 4 65520223 0.00018565121790421
S4_65520224 4 65520224 0.000211323909163065
S4_65627568 4 65627568 3.02568786360287e-05
S4_65637917 4 65637917 0.000517702662015353
S4_65649466 4 65649466 0.000916550353696633
S4_65668825 4 65668825 0.000861807952568355
S4_65678505 4 65678505 1.58435035242663e-05
S4_65718330 4 65718330 0.000657911755085562
S4_65842920 4 65842920 0.000469779258585436
S4_66015583 4 66015583 0.000587306885667512
S4_66051392 4 66051392 0.000724684548418632
S4_66056438 4 66056438 0.000308513137529184
S4_66162190 4 66162190 6.78643910468331e-05
S4_66277743 4 66277743 9.1099038121312e-06
S4_66295146 4 66295146 0.000330790069379198
S4_66295147 4 66295147 0.000253602704679649
S4_66295152 4 66295152 0.000854983511320845
S4_66368449 4 66368449 1.67155617850304e-05
S4_66379268 4 66379268 3.47074918943276e-05
S4_66523030 4 66523030 0.000719891890386287
S4_66590555 4 66590555 3.18289692877939e-05
S4_66674260 4 66674260 7.26814757203181e-05
S4_66674275 4 66674275 7.26814757203181e-05
S4_66674402 4 66674402 3.60674620527732e-05
S4_66679142 4 66679142 0.000901083315243888
S4_66703644 4 66703644 2.02264052905613e-06
S4_66718650 4 66718650 0.000501131648348223
S4_66731297 4 66731297 6.99933611892109e-05
S4_66733724 4 66733724 4.38576400360119e-05
S4_66772976 4 66772976 0.000809966785858953
S4_66789469 4 66789469 1.63744894751993e-07
S4_66808407 4 66808407 0.000324175731691202
S4_66808408 4 66808408 0.000324175731691244
S4_66930011 4 66930011 0.000960780466011095
S4_66982795 4 66982795 4.2778163751258e-05
S4_66982796 4 66982796 4.2778163751258e-05
S4_67262105 4 67262105 0.000858930550815582
S4_67345270 4 67345270 0.000617042088923858
S4_67355243 4 67355243 8.80553342223242e-05
S4_67355359 4 67355359 0.000782088798334771
S4_67362362 4 67362362 0.000563057769733162
S4_67370092 4 67370092 0.000538488461506126
S4_67370093 4 67370093 0.000538488461506126
S4_67472449 4 67472449 0.000419215681458818
S4_67492572 4 67492572 2.57469783265611e-06
S4_67497189 4 67497189 0.000355019227273236
S4_67588866 4 67588866 0.000664040624612363
S4_67646202 4 67646202 0.000116552340039308
S4_67646220 4 67646220 0.000116552340039267
S4_67646249 4 67646249 0.000116552340039267
S4_67912783 4 67912783 0.000667541661052344
