Marker Chr Pos p
S2_167181 2 167181 0.000192224735327377
S2_319160 2 319160 0.000599263613419947
S2_457074 2 457074 7.3184769393035e-05
S2_457075 2 457075 0.000224202120319813
S2_467414 2 467414 8.9105169287946e-05
S2_518271 2 518271 0.000201047752143051
S2_651786 2 651786 0.000183515431887769
S2_683785 2 683785 1.09601202402886e-06
S2_735743 2 735743 0.000675194057054292
S2_739664 2 739664 0.000328398428851893
S2_764575 2 764575 0.000694039992541909
S2_764681 2 764681 0.00076858614720367
S2_764696 2 764696 0.000768586147203591
S2_768406 2 768406 0.000125677966859079
S2_788682 2 788682 7.39121368064713e-07
S2_790560 2 790560 1.98122240111228e-09
S2_791610 2 791610 0.000443944924575694
S2_791611 2 791611 2.66541792732904e-08
S2_794419 2 794419 9.30518910452936e-07
S2_808910 2 808910 3.85544109773835e-05
S2_815810 2 815810 0.00055495184323874
S2_819887 2 819887 8.18972220693103e-06
S2_820428 2 820428 3.96376032745743e-05
S2_824245 2 824245 0.000283125597787399
S2_1011365 2 1011365 0.00026042012705669
S2_1033692 2 1033692 1.24280899314103e-07
S2_1158946 2 1158946 3.12382960014233e-07
S2_1158986 2 1158986 3.12382960014233e-07
S2_1298038 2 1298038 2.2626648609912e-10
S2_1386232 2 1386232 3.9369717664773e-05
S2_1400533 2 1400533 0.00097156186113718
S2_1420318 2 1420318 0.000544991255938489
S2_1485195 2 1485195 0.000457458717093695
S2_1485655 2 1485655 0.000727684570388358
S2_1485656 2 1485656 0.000727684570388245
S2_1487293 2 1487293 4.2481238634123e-05
S2_1519702 2 1519702 1.31808627061864e-05
S2_1745784 2 1745784 3.68102167120657e-11
S2_1756830 2 1756830 6.27554536541063e-05
S2_1756838 2 1756838 6.27554536540833e-05
S2_1812524 2 1812524 8.77671890195211e-06
S2_1991171 2 1991171 0.000116578969703804
S2_2210441 2 2210441 7.81203761434514e-05
S2_2257612 2 2257612 0.000280156268929886
S2_2302782 2 2302782 7.72600734004787e-05
S2_2329799 2 2329799 3.87325241598501e-05
S2_2333642 2 2333642 0.00011359575681582
S2_2364777 2 2364777 2.47292568926493e-05
S2_2525772 2 2525772 8.43717368346902e-06
S2_2647689 2 2647689 6.74166492888555e-05
S2_2713169 2 2713169 0.000815004269771781
S2_2721096 2 2721096 7.09764632397328e-05
S2_2963701 2 2963701 0.000463226087355686
S2_3075094 2 3075094 0.00025442136573054
S2_3383337 2 3383337 1.22689452216167e-05
S2_3490205 2 3490205 2.86013459323053e-05
S2_3652807 2 3652807 1.52491305472338e-05
S2_3652818 2 3652818 5.19205567118159e-06
S2_3876937 2 3876937 0.000416951703158379
S2_4055785 2 4055785 0.000263711207218283
S2_4055788 2 4055788 0.000263711207218283
S2_4056848 2 4056848 6.27876577109895e-05
S2_4056850 2 4056850 6.27876577109948e-05
S2_4223173 2 4223173 3.96583203414878e-06
S2_4291788 2 4291788 0.000770962253635053
S2_4295485 2 4295485 6.58293510938034e-05
S2_4377992 2 4377992 4.87647221317944e-05
S2_4630010 2 4630010 0.000111893455165603
S2_4649942 2 4649942 0.000461535030016903
S2_4712681 2 4712681 0.000539556052099318
S2_4804395 2 4804395 3.10319730754861e-07
S2_4804396 2 4804396 3.06800496209829e-07
S2_4818669 2 4818669 0.000794621266196926
S2_4834006 2 4834006 0.000606622046839803
S2_4942182 2 4942182 9.28382790822089e-06
S2_4963586 2 4963586 1.22448269812716e-05
S2_5007708 2 5007708 0.000211635922867122
S2_5067310 2 5067310 3.84153690608098e-05
S2_5234539 2 5234539 4.86245312748561e-06
S2_5293248 2 5293248 0.000738607356206485
S2_5297329 2 5297329 0.000566388937032421
S2_5323629 2 5323629 0.000418871730682206
S2_5399704 2 5399704 0.000262171225609164
S2_5436707 2 5436707 4.66033668703619e-06
S2_5452359 2 5452359 4.31991813928236e-05
S2_5471429 2 5471429 0.00052782968929821
S2_5565584 2 5565584 0.0008652534650619
S2_5682393 2 5682393 0.00023039182739613
S2_5909529 2 5909529 6.10732176530019e-05
S2_6018946 2 6018946 9.51929281254583e-05
S2_6018981 2 6018981 5.91271450481214e-08
S2_6023319 2 6023319 4.62463978303672e-05
S2_6249005 2 6249005 3.39559989041157e-05
S2_6249017 2 6249017 2.46731101349677e-05
S2_6450176 2 6450176 3.75793944248383e-05
S2_6450198 2 6450198 3.75793944248383e-05
S2_6450518 2 6450518 3.28088180460257e-06
S2_6463657 2 6463657 9.14818898807916e-06
S2_6499236 2 6499236 1.00703349814259e-05
S2_6649982 2 6649982 0.000608072396687331
S2_6677920 2 6677920 8.38792414406653e-06
S2_6693078 2 6693078 0.000125471405578817
S2_6903054 2 6903054 0.000204209573689756
S2_6903079 2 6903079 0.000204209573689756
S2_6903081 2 6903081 0.000204209573689734
S2_6921407 2 6921407 0.000744198575878427
S2_6921451 2 6921451 0.000744198575878427
S2_6934449 2 6934449 6.60272125479303e-07
S2_6971050 2 6971050 0.000342618265448063
S2_6971071 2 6971071 0.000427296619074923
S2_7009509 2 7009509 0.000273876503358086
S2_7024942 2 7024942 7.60459324425211e-05
S2_7024948 2 7024948 7.60459324425211e-05
S2_7025084 2 7025084 0.000445125027455066
S2_7033093 2 7033093 0.000794592234987565
S2_7037473 2 7037473 1.64864943164139e-06
S2_7102906 2 7102906 1.97575928236385e-06
S2_7108470 2 7108470 8.01383486085348e-07
S2_7285005 2 7285005 0.00020078646838564
S2_7424162 2 7424162 0.00054857910645559
S2_7624578 2 7624578 0.000101659602269822
S2_7627915 2 7627915 0.000512194801429739
S2_7852960 2 7852960 1.49081894405139e-06
S2_7857131 2 7857131 2.85570639648127e-05
S2_7970536 2 7970536 0.000976835854041415
S2_8473215 2 8473215 0.000510103282019813
S2_8602042 2 8602042 0.000244929731741256
S2_8619422 2 8619422 0.000254399584465513
S2_8626542 2 8626542 0.000439171661313301
S2_8760323 2 8760323 0.00075248512726704
S2_8852743 2 8852743 0.000222839684840034
S2_8875124 2 8875124 0.000392413472423671
S2_8914399 2 8914399 0.000919856511416828
S2_8916191 2 8916191 0.000224269235958374
S2_8916278 2 8916278 0.000241397594190715
S2_9000983 2 9000983 4.90630860880728e-05
S2_9001075 2 9001075 2.8899821170775e-05
S2_9242042 2 9242042 9.99526214707095e-05
S2_9314040 2 9314040 9.09889854704749e-06
S2_9330842 2 9330842 1.98792943440566e-05
S2_9383332 2 9383332 7.72388692925929e-08
S2_9462425 2 9462425 0.000666946401594394
S2_9492626 2 9492626 8.45633484412292e-05
S2_9525549 2 9525549 1.08846301958029e-07
S2_9947289 2 9947289 4.06609841461211e-06
S2_10004185 2 10004185 0.000140829536794928
S2_10019862 2 10019862 0.000747959359038096
S2_10112972 2 10112972 0.00053500608431695
S2_10169184 2 10169184 0.000233355347923068
S2_10187276 2 10187276 0.000190698732212874
S2_10215035 2 10215035 0.000217613026005943
S2_10215056 2 10215056 0.000217613026005943
S2_10243759 2 10243759 0.000409746791530746
S2_10243767 2 10243767 0.000409746791530746
S2_10273255 2 10273255 1.45245323566964e-05
S2_10273257 2 10273257 0.000865980630143805
S2_10643870 2 10643870 3.00175766845531e-05
S2_10878449 2 10878449 0.000464458497714596
S2_10885265 2 10885265 0.000458446604579332
S2_10902103 2 10902103 2.50838927466559e-07
S2_10914554 2 10914554 4.01077550842789e-05
S2_10932102 2 10932102 0.000773713710946742
S2_10946951 2 10946951 0.000611215419146516
S2_11346611 2 11346611 1.09555231903838e-05
S2_11450769 2 11450769 6.54638227525057e-06
S2_11703958 2 11703958 2.93669990743624e-05
S2_11703967 2 11703967 2.96962669821013e-05
S2_11705429 2 11705429 0.000307637535587465
S2_11705432 2 11705432 0.000307637535587465
S2_11843828 2 11843828 0.000936616983941329
S2_11869869 2 11869869 0.000970765759488677
S2_11910652 2 11910652 0.000427295263388564
S2_12160927 2 12160927 0.000985353866610781
S2_12383415 2 12383415 0.000527450951523232
S2_12429421 2 12429421 8.88476197116086e-05
S2_12431753 2 12431753 1.56268241252942e-06
S2_12814857 2 12814857 6.79199853189063e-06
S2_12915405 2 12915405 1.17602918778971e-05
S2_12915411 2 12915411 1.16628048251219e-05
S2_12915428 2 12915428 1.16628048251219e-05
S2_12915449 2 12915449 1.16628048251182e-05
S2_13517792 2 13517792 0.000576518404850633
S2_13589342 2 13589342 0.000774912601904153
S2_13618156 2 13618156 3.07946755386935e-05
S2_13877606 2 13877606 0.000630466390673132
S2_14432783 2 14432783 4.91169887473447e-05
S2_14464781 2 14464781 3.49366882212347e-05
S2_14545124 2 14545124 0.000994784691187394
S2_14694908 2 14694908 2.76504749541399e-07
S2_14782074 2 14782074 4.54155394762922e-05
S2_14853542 2 14853542 0.000874416005819973
S2_14853543 2 14853543 0.000156880173668126
S2_15096385 2 15096385 0.000936457342056912
S2_15949784 2 15949784 1.19479081163028e-05
S2_16059272 2 16059272 0.000312900115260952
S2_16142271 2 16142271 7.28099824813708e-05
S2_16448821 2 16448821 0.000277763236456492
S2_16448822 2 16448822 4.37064261424994e-10
S2_16448832 2 16448832 2.49013345279362e-10
S2_16448847 2 16448847 2.49013345279399e-10
S2_16481455 2 16481455 0.000863312106769971
S2_16879607 2 16879607 0.000204011512092673
S2_16879718 2 16879718 2.13445160373601e-05
S2_16955703 2 16955703 0.0001457397965609
S2_16997857 2 16997857 0.000621746113490923
S2_17057385 2 17057385 0.00033676621638125
S2_17114697 2 17114697 3.2904574136432e-07
S2_17115681 2 17115681 0.00034037433991106
S2_17214098 2 17214098 0.000505843857969668
S2_17388923 2 17388923 0.00059203953356389
S2_17395601 2 17395601 9.87961970945824e-05
S2_17432436 2 17432436 0.000116862808489773
S2_17645304 2 17645304 0.000299309404879256
S2_17645545 2 17645545 0.000450415922081545
S2_17646357 2 17646357 0.000675587688292456
S2_17652407 2 17652407 0.000397143976178171
S2_17657072 2 17657072 0.000119697329183451
S2_17662795 2 17662795 0.000863320177774966
S2_18007500 2 18007500 2.61691756630547e-06
S2_18052460 2 18052460 0.00012254565052235
S2_18092976 2 18092976 2.63822456629442e-05
S2_18122275 2 18122275 5.80706437760166e-05
S2_18183978 2 18183978 0.000639723525538933
S2_18192987 2 18192987 0.000945371578540583
S2_18195640 2 18195640 0.000694738682290812
S2_18195641 2 18195641 0.000694738682290812
S2_18195642 2 18195642 0.000282961498328602
S2_18196852 2 18196852 0.000388232952509238
S2_18213869 2 18213869 0.000114237015070213
S2_18329577 2 18329577 1.73757579427398e-05
S2_18342571 2 18342571 0.000543696042016149
S2_18413477 2 18413477 0.000397155420527772
S2_18515355 2 18515355 0.000352022310822195
S2_18587566 2 18587566 0.000384266719653989
S2_19385082 2 19385082 0.000772184910128828
S2_19576038 2 19576038 8.59938247370035e-07
S2_19877748 2 19877748 1.32899331865428e-05
S2_20101462 2 20101462 3.94390690256026e-05
S2_20253883 2 20253883 0.000590327890113136
S2_20258153 2 20258153 0.000647046042499669
S2_20258283 2 20258283 0.000833780638584876
S2_20592968 2 20592968 0.000981283414580075
S2_20592992 2 20592992 0.00066165202875419
S2_20716967 2 20716967 0.000265727151652645
S2_20716975 2 20716975 8.97197275718568e-05
S2_20882172 2 20882172 5.75028977549005e-06
S2_20919590 2 20919590 0.000704447843008538
S2_20927387 2 20927387 3.38510259686281e-05
S2_21072520 2 21072520 0.000234469481087845
S2_21128316 2 21128316 7.28054620381012e-05
S2_21365050 2 21365050 0.000935019008057007
S2_21531614 2 21531614 0.000492541168922152
S2_21532119 2 21532119 8.25265928438964e-05
S2_21724881 2 21724881 0.000445611645782272
S2_21739215 2 21739215 0.000153930284806519
S2_22138635 2 22138635 0.000535623047746891
S2_22141309 2 22141309 0.000247591790838468
S2_22258436 2 22258436 0.000635159985021816
S2_22471954 2 22471954 0.000182601960444382
S2_22491501 2 22491501 0.000589791667034581
S2_23344808 2 23344808 0.000417429777198475
S2_23363011 2 23363011 3.8553237578721e-05
S2_23505269 2 23505269 8.16127599184101e-06
S2_25933393 2 25933393 0.000169306465680865
S2_26409341 2 26409341 0.000104678911779166
S2_26409357 2 26409357 5.03056093396904e-05
S2_27064684 2 27064684 0.000649136637614253
S2_27200959 2 27200959 0.000227399391863905
S2_28680023 2 28680023 7.05512774923306e-07
S2_29919145 2 29919145 1.97376478718255e-09
S2_31003649 2 31003649 0.000222257123153357
S2_31910683 2 31910683 0.000628511713196398
S2_32879494 2 32879494 0.000793249970514517
S2_32978837 2 32978837 0.000939389423683597
S2_32983174 2 32983174 8.19540390694331e-05
S2_34880836 2 34880836 0.000246258682426315
S2_35225051 2 35225051 0.000333167943554058
S2_36978859 2 36978859 0.000630840004754277
S2_37089568 2 37089568 0.000382426641351465
S2_37089576 2 37089576 0.00038242664135157
S2_37329234 2 37329234 0.00057020011636129
S2_37615675 2 37615675 0.000252308769546335
S2_37940189 2 37940189 0.000508616238399212
S2_38561151 2 38561151 0.000347776677644192
S2_38869041 2 38869041 0.000291275526126525
S2_39631756 2 39631756 0.000759803229541894
S2_40185607 2 40185607 4.71428520805677e-06
S2_40377055 2 40377055 0.000697546012353421
S2_40855824 2 40855824 0.000112084997251013
S2_41583902 2 41583902 0.000933813120143343
S2_41699986 2 41699986 4.38679094802085e-05
S2_42033969 2 42033969 0.0002419166582245
S2_42695280 2 42695280 0.000675295457479391
S2_43626933 2 43626933 0.000748416602215012
S2_44082465 2 44082465 0.000174508132208412
S2_44434526 2 44434526 0.00092106438932545
S2_45085508 2 45085508 0.000302196267629086
S2_45402508 2 45402508 0.000852355790507872
S2_45519532 2 45519532 0.000727342427391049
S2_45873489 2 45873489 1.24121982446398e-08
S2_46291730 2 46291730 0.000316792093091289
S2_46466670 2 46466670 0.000388430936154158
S2_46798212 2 46798212 0.000833720820685639
S2_46864814 2 46864814 6.8618141309639e-05
S2_46882330 2 46882330 0.000627085946218896
S2_47370525 2 47370525 0.000322046502531239
S2_47476875 2 47476875 0.000433410855362655
S2_47635270 2 47635270 0.000322718620536527
S2_47635325 2 47635325 0.000149455247850498
S2_47726034 2 47726034 0.000175171599693515
S2_47760164 2 47760164 0.000326148722328019
S2_47827898 2 47827898 0.000510671766404555
S2_48206805 2 48206805 0.000419931442324446
S2_48643639 2 48643639 0.000372206799329696
S2_49312635 2 49312635 0.000680666086254861
S2_49538105 2 49538105 2.15934301974342e-05
S2_49538109 2 49538109 2.15934301974342e-05
S2_49538111 2 49538111 2.32601231172239e-05
S2_49538112 2 49538112 0.00017567097934021
S2_49538113 2 49538113 2.15934301974342e-05
S2_49538115 2 49538115 2.15934301974342e-05
S2_50075240 2 50075240 2.96027064885448e-05
S2_50176486 2 50176486 0.000180653231034923
S2_50209576 2 50209576 0.000863636576555637
S2_50276438 2 50276438 8.29248244821708e-05
S2_50362216 2 50362216 0.000692918360249048
S2_50363866 2 50363866 0.000378820197110932
S2_50600051 2 50600051 3.5616671330406e-05
S2_50800692 2 50800692 6.30090986378824e-05
S2_51127481 2 51127481 0.000102282384942489
S2_51211533 2 51211533 0.000503916402222499
S2_51246026 2 51246026 5.55644874799398e-06
S2_51516846 2 51516846 6.26087454749436e-05
S2_51855804 2 51855804 0.000217451204514533
S2_51855821 2 51855821 0.000217451204514533
S2_51855822 2 51855822 0.000217451204514533
S2_52126260 2 52126260 1.26597777029203e-05
S2_52721935 2 52721935 7.51148599719842e-05
S2_52721983 2 52721983 4.65728550102762e-05
S2_52722027 2 52722027 4.65728550102762e-05
S2_52932940 2 52932940 3.10958425893313e-05
S2_53236868 2 53236868 0.000925117102608282
S2_53507243 2 53507243 0.000203320364923803
S2_53507247 2 53507247 6.65623455329287e-07
S2_53541115 2 53541115 0.000239135492784334
S2_53602289 2 53602289 1.27636327439025e-05
S2_53793438 2 53793438 2.90957756843276e-05
S2_53793463 2 53793463 2.90957756843276e-05
S2_53816363 2 53816363 1.37514613126497e-07
S2_53920955 2 53920955 0.000237883447281716
S2_54082601 2 54082601 0.000365631296939093
S2_54594100 2 54594100 7.57036512471472e-05
S2_54601221 2 54601221 0.000300647399281516
S2_54635879 2 54635879 1.34386746133886e-05
S2_54649221 2 54649221 8.51119353073992e-05
S2_54693725 2 54693725 0.00028030498206121
S2_55676008 2 55676008 0.000179969294829843
S2_55676045 2 55676045 4.07211395550243e-06
S2_55833437 2 55833437 0.000159089859197291
S2_56233707 2 56233707 2.84087786454564e-05
S2_56470289 2 56470289 0.00041118576887109
S2_56537453 2 56537453 4.14718039706994e-06
S2_56671283 2 56671283 1.6450760329148e-06
S2_56696852 2 56696852 3.12833815052147e-05
S2_56789916 2 56789916 8.44011970007939e-06
S2_56923866 2 56923866 0.000351889478350451
S2_56963277 2 56963277 7.38840506580059e-08
S2_57036926 2 57036926 7.70555425460952e-05
S2_57252572 2 57252572 0.000369666105177179
S2_57252745 2 57252745 0.000680681864199123
S2_57264201 2 57264201 1.56463738118968e-05
S2_57264202 2 57264202 1.56463738118968e-05
S2_57753040 2 57753040 0.0007937140918337
S2_57803723 2 57803723 0.000377102249137852
S2_57804698 2 57804698 0.000911660187207508
S2_58005790 2 58005790 3.44374719476401e-05
S2_58209473 2 58209473 0.000135846706809803
S2_58678392 2 58678392 0.000525341357126348
S2_58678395 2 58678395 0.000525341357126348
S2_58867983 2 58867983 0.000328650453764918
S2_58873011 2 58873011 5.4081201893823e-05
S2_58920462 2 58920462 0.000846025826406534
S2_58920467 2 58920467 0.000785201709817421
S2_59158546 2 59158546 0.000163766030300827
S2_59240834 2 59240834 5.79298236112408e-05
S2_59253689 2 59253689 7.20411835742008e-05
S2_59709007 2 59709007 0.000243650427235674
S2_59755214 2 59755214 0.000721872594264897
S2_59806538 2 59806538 9.35878723971082e-05
S2_59877933 2 59877933 0.000290147672756392
S2_59921969 2 59921969 3.32114183776441e-05
S2_60032850 2 60032850 6.92815039528766e-08
S2_60037988 2 60037988 4.32078205895009e-05
S2_60098175 2 60098175 8.55107013482739e-05
S2_60105659 2 60105659 9.37671120161553e-06
S2_60116885 2 60116885 0.000145374971732389
S2_60116889 2 60116889 0.000145374971732389
S2_60288158 2 60288158 1.62790949079955e-05
S2_60294384 2 60294384 0.000759525634912415
S2_60296711 2 60296711 0.00020966893625704
S2_60296713 2 60296713 0.000195035976193043
S2_60589438 2 60589438 1.41899431144988e-05
S2_60871473 2 60871473 0.000522336468779746
S2_60871485 2 60871485 0.000522336468779746
S2_60872562 2 60872562 0.000264511961589744
S2_61086948 2 61086948 9.98108033743094e-06
S2_61104498 2 61104498 0.000417866496501399
S2_61104504 2 61104504 1.82198812835532e-05
S2_61123200 2 61123200 2.77316306645417e-05
S2_61123230 2 61123230 2.77316306645417e-05
S2_61165830 2 61165830 2.65962690540123e-05
S2_61165845 2 61165845 2.65962690540123e-05
S2_61224282 2 61224282 9.59486058013998e-05
S2_61274968 2 61274968 0.000113665160450894
S2_61413245 2 61413245 0.000652151393998045
S2_61444341 2 61444341 0.000191340095907969
S2_61536363 2 61536363 0.00060449035085842
S2_61539608 2 61539608 0.000543969176870631
S2_61614426 2 61614426 3.41322572060611e-05
S2_61614427 2 61614427 4.33698641145767e-05
S2_61620367 2 61620367 0.000437774177300284
S2_61774298 2 61774298 0.000164185597461125
S2_61811259 2 61811259 1.27979145816648e-05
S2_61813036 2 61813036 0.000281814418883711
S2_61828141 2 61828141 9.23475443435935e-10
S2_61853132 2 61853132 0.000174708888854779
S2_61888022 2 61888022 0.000597457808575462
S2_61933915 2 61933915 4.52947461816686e-05
S2_61969298 2 61969298 0.000767317088062695
S2_62080000 2 62080000 0.000816257685545731
S2_62112632 2 62112632 0.000765924042315492
S2_62117562 2 62117562 8.36735674656156e-05
S2_62124082 2 62124082 2.95606205669707e-05
S2_62482269 2 62482269 3.9969023311994e-07
S2_62515217 2 62515217 5.20466378237468e-05
S2_62677128 2 62677128 0.000153270245479452
S2_62776920 2 62776920 1.35915928138263e-05
S2_62955077 2 62955077 5.34547107974019e-06
S2_63085074 2 63085074 1.93522398422677e-05
S2_63141816 2 63141816 0.000479140509493451
S2_63351088 2 63351088 0.000991923199020113
S2_63410209 2 63410209 5.45503007905785e-05
S2_63535883 2 63535883 1.1270431341947e-05
S2_63537604 2 63537604 0.000676337621802086
S2_63540305 2 63540305 0.000205462050901995
S2_63546544 2 63546544 0.000864826396919655
S2_63546545 2 63546545 0.000864826396919655
S2_63546546 2 63546546 0.000864826396919655
S2_63546547 2 63546547 0.000960161180490451
S2_63546548 2 63546548 0.000864826396919655
S2_63546551 2 63546551 0.000960161180490451
S2_63546552 2 63546552 0.000960161180490451
S2_63546554 2 63546554 0.000960161180490451
S2_63546556 2 63546556 0.000864826396919655
S2_63550254 2 63550254 4.11892203829603e-05
S2_63550296 2 63550296 0.000875448487432133
S2_63550308 2 63550308 0.000832726582888982
S2_63556151 2 63556151 0.000327471457770969
S2_63570630 2 63570630 0.000414145376270585
S2_63638177 2 63638177 0.000107020795951596
S2_63707722 2 63707722 0.00023251586795885
S2_63712381 2 63712381 0.00054884399978049
S2_63712398 2 63712398 0.00028527584037823
S2_63793162 2 63793162 0.000783976437952415
S2_63793269 2 63793269 0.000765221305565962
S2_63793415 2 63793415 0.000860305709470489
S2_64156924 2 64156924 0.000214396345097163
S2_64206431 2 64206431 6.25653211140574e-06
S2_64318497 2 64318497 0.000357804621073236
S2_64526400 2 64526400 0.000991543394942801
S2_64531448 2 64531448 0.00012031816012017
S2_64554727 2 64554727 1.14052499663171e-06
S2_64729801 2 64729801 0.000839821263758577
S2_64876001 2 64876001 6.0769489230736e-06
S2_64944413 2 64944413 1.08823987292912e-05
S2_64981953 2 64981953 0.000998279112696021
S2_65149470 2 65149470 1.09510326128785e-07
S2_65172719 2 65172719 0.000833059835850269
S2_65172768 2 65172768 0.000761255453093834
S2_65172783 2 65172783 1.11519398733014e-05
S2_65176896 2 65176896 0.000594025918598107
S2_65176904 2 65176904 0.000594025918598107
S2_65202828 2 65202828 4.03016924168246e-06
S2_65286666 2 65286666 0.000830396180988855
S2_65564055 2 65564055 0.000917231921662528
S2_65579278 2 65579278 0.000553065943005179
S2_65735026 2 65735026 4.78463961923891e-05
S2_65735254 2 65735254 0.000155131521709462
S2_65735291 2 65735291 0.000155131521709462
S2_65804129 2 65804129 9.52738768996104e-06
S2_65926945 2 65926945 0.000259071657829475
S2_65931585 2 65931585 0.000179459630250665
S2_65997416 2 65997416 0.000693888729546476
S2_66047862 2 66047862 4.25212415560339e-05
S2_66065228 2 66065228 0.000142864369363888
S2_66085511 2 66085511 0.000161680709698664
S2_66085764 2 66085764 0.000261625297656226
S2_66085784 2 66085784 0.000261625297656226
S2_66088901 2 66088901 0.000126880341073627
S2_66272496 2 66272496 2.86918857870137e-06
S2_66326930 2 66326930 8.27611374808444e-05
S2_66483458 2 66483458 5.72647632755036e-06
S2_66567410 2 66567410 1.14720753840942e-07
S2_66679485 2 66679485 0.0007029497594549
S2_66709727 2 66709727 0.000253695168733403
S2_67005747 2 67005747 0.000999764569910528
S2_67008246 2 67008246 0.0006999842437812
S2_67011794 2 67011794 0.000620350747981702
S2_67078225 2 67078225 9.75267977786156e-07
S2_67110880 2 67110880 0.00072011615188873
S2_67110881 2 67110881 0.000797595824367981
S2_67110885 2 67110885 0.00079759582436801
S2_67144398 2 67144398 0.000342716514756096
S2_67152665 2 67152665 0.000111210081837556
S2_67152667 2 67152667 0.000111210081837556
S2_67162058 2 67162058 0.000190513122797321
S2_67198755 2 67198755 0.000500974965538282
S2_67198780 2 67198780 0.000103571316057739
S2_67252052 2 67252052 0.000304860356534085
S2_67312485 2 67312485 0.000992188353956587
S2_67608537 2 67608537 0.000132629950831307
S2_67608562 2 67608562 0.000132629950831307
S2_67766075 2 67766075 0.000361579081309477
S2_67974633 2 67974633 0.000372511135700187
S2_67980056 2 67980056 1.38704714953464e-05
S2_67998293 2 67998293 0.0001309451811993
S2_68010379 2 68010379 4.463840592762e-05
S2_68059702 2 68059702 7.67737017257933e-05
S2_68061183 2 68061183 2.73194466258013e-05
S2_68061184 2 68061184 2.73286747318642e-05
S2_68089028 2 68089028 0.000489844350838989
S2_68110517 2 68110517 1.82858821691627e-05
S2_68110519 2 68110519 1.82858821691627e-05
S2_68157264 2 68157264 0.000869494733113559
S2_68157271 2 68157271 0.000869494733113559
S2_68157296 2 68157296 0.000869494733113559
S2_68158566 2 68158566 0.000960790101797141
S2_68158732 2 68158732 2.64616170694408e-05
S2_68354669 2 68354669 4.06596194554808e-05
S2_68370991 2 68370991 4.3927097961404e-05
S2_68371146 2 68371146 3.0692931369174e-05
S2_68371518 2 68371518 3.75632675250549e-05
S2_68379198 2 68379198 0.000795234139158933
S2_68379206 2 68379206 0.000795234139158933
S2_68430431 2 68430431 4.64155224305383e-05
S2_68445020 2 68445020 0.000872283749948362
S2_68445038 2 68445038 0.000872283749948529
S2_68469359 2 68469359 4.09408230873135e-05
S2_68470064 2 68470064 2.2991220036607e-06
S2_68485014 2 68485014 3.52182052556549e-06
S2_68577431 2 68577431 2.45629123508547e-05
S2_68597176 2 68597176 0.00088920089535735
S2_68642597 2 68642597 0.000719232323992004
S2_68661749 2 68661749 5.14995683957813e-05
S2_68661753 2 68661753 5.1499568395814e-05
S2_68773492 2 68773492 0.000311634253764974
S2_68773501 2 68773501 7.88151225176991e-05
S2_68783308 2 68783308 0.000422263373329232
S2_68852853 2 68852853 0.000314180827663038
S2_68960459 2 68960459 2.98411635221726e-05
S2_68960470 2 68960470 2.68665055758605e-05
S2_68971582 2 68971582 0.000232726718165344
S2_68971583 2 68971583 0.000232726718165344
S2_68971584 2 68971584 0.000232726718165382
S2_68971585 2 68971585 0.000232726718165344
S2_68971592 2 68971592 0.000232726718165382
S2_69013995 2 69013995 0.000612687276188398
S2_69016350 2 69016350 5.79773608457846e-06
S2_69130149 2 69130149 1.59760709365111e-05
S2_69170281 2 69170281 0.000390563187681765
S2_69206325 2 69206325 7.32267749648598e-05
S2_69207829 2 69207829 6.70981724823896e-06
S2_69218908 2 69218908 0.000321373028291251
S2_69218933 2 69218933 0.000329645200465223
S2_69254434 2 69254434 0.000449777594116435
S2_69254549 2 69254549 1.92363015654847e-08
S2_69254553 2 69254553 1.9236301565483e-08
S2_69276535 2 69276535 5.67238259019894e-06
S2_69339926 2 69339926 0.000996553472221195
S2_69340169 2 69340169 7.60673183215336e-05
S2_69469796 2 69469796 0.000776211444033339
S2_69469797 2 69469797 0.000776211444033339
S2_69469799 2 69469799 0.000776211444033339
S2_69604328 2 69604328 1.63332517959284e-05
S2_69608652 2 69608652 1.3276718898496e-08
S2_69608653 2 69608653 1.3276718898496e-08
S2_69609245 2 69609245 0.000955860087059082
S2_69609246 2 69609246 0.000488629471934624
S2_69615185 2 69615185 5.91709548237665e-09
S2_69629408 2 69629408 0.000519438612319742
S2_69640859 2 69640859 0.000531626053538897
S2_69642015 2 69642015 4.55463926694268e-08
S2_69696395 2 69696395 0.000648893292164465
S2_69714301 2 69714301 1.14462005479262e-05
S2_69738488 2 69738488 4.24991636719587e-08
S2_69738491 2 69738491 9.63983794853128e-09
S2_69739270 2 69739270 0.000650094225339079
S2_69739310 2 69739310 6.32751503041997e-08
S2_69739311 2 69739311 1.39479347502588e-05
S2_69739370 2 69739370 0.000558954439491715
S2_69739447 2 69739447 0.000948849335973983
S2_69739504 2 69739504 0.000754806224542933
S2_69803657 2 69803657 0.000331102178051182
S2_69820498 2 69820498 3.45364785215769e-05
S2_69820499 2 69820499 0.000121261576354937
S2_69840478 2 69840478 0.00050214149641203
S2_69858055 2 69858055 2.62459373553343e-07
S2_69889548 2 69889548 4.23793140401262e-07
S2_69891135 2 69891135 0.000158848997216832
S2_69895565 2 69895565 0.000672472524944401
S2_69922727 2 69922727 2.65178688272709e-05
S2_69941457 2 69941457 1.30455718258883e-05
S2_69941459 2 69941459 3.95258873120692e-05
S2_69941461 2 69941461 2.00575033867308e-05
S2_69944208 2 69944208 3.51630617259793e-05
S2_69995183 2 69995183 0.000361216248026828
S2_70010801 2 70010801 0.000189023948070817
S2_70010807 2 70010807 3.92469328718429e-05
S2_70049249 2 70049249 3.85954710772463e-05
S2_70049906 2 70049906 7.55808276347444e-07
S2_70053812 2 70053812 2.03843914386403e-08
S2_70055782 2 70055782 3.92562912858769e-09
S2_70056165 2 70056165 7.68506880215514e-05
S2_70057997 2 70057997 0.000912536820028749
S2_70058012 2 70058012 0.000912536820028749
S2_70084674 2 70084674 0.000608471159081967
S2_70086766 2 70086766 3.23084844471251e-07
S2_70086767 2 70086767 3.23084844471251e-07
S2_70102823 2 70102823 1.12760728656133e-05
S2_70112560 2 70112560 1.01621591277949e-05
S2_70112576 2 70112576 4.47869922108118e-05
S2_70148173 2 70148173 3.71981598386828e-05
S2_70237928 2 70237928 4.49051424905525e-05
S2_70237971 2 70237971 6.20301998568899e-05
S2_70237973 2 70237973 6.20301998568781e-05
S2_70278485 2 70278485 0.000854997608335554
S2_70312282 2 70312282 0.000216708456314929
S2_70318782 2 70318782 0.000112377412733194
S2_70366146 2 70366146 1.74034783078261e-06
S2_70366150 2 70366150 9.16884797590753e-08
S2_70370726 2 70370726 0.0008513780543813
S2_70386781 2 70386781 0.000936748963531629
S2_70423334 2 70423334 0.000368470907799515
S2_70460890 2 70460890 2.57721581425357e-07
S2_70463736 2 70463736 6.13521732716227e-06
S2_70506714 2 70506714 0.000391860632681193
S2_70517105 2 70517105 6.58972562925876e-05
S2_70517110 2 70517110 0.000109473895554073
S2_70517378 2 70517378 6.50531516174845e-05
S2_70554742 2 70554742 0.000407148235170746
S2_70593880 2 70593880 0.000817102725626337
S2_70625214 2 70625214 1.67517118968108e-06
S2_70723320 2 70723320 0.000831808455166232
S2_70723330 2 70723330 2.58979205958561e-05
S2_70723339 2 70723339 0.000831808455166232
S2_70723360 2 70723360 3.35468993495202e-06
S2_70747599 2 70747599 0.000219034640425978
S2_70749288 2 70749288 4.75935175092299e-09
S2_70750965 2 70750965 0.000847583384281521
S2_70751343 2 70751343 9.43013670600219e-06
S2_70763777 2 70763777 0.000845028447117401
S2_70771328 2 70771328 1.13925792160863e-05
S2_70813777 2 70813777 0.000302467330557065
S2_70885787 2 70885787 5.67724693442565e-05
S2_70903923 2 70903923 0.000469463713685448
S2_70947189 2 70947189 1.05208276026916e-05
S2_71001680 2 71001680 0.000737925068870333
S2_71014032 2 71014032 5.54355153459275e-06
S2_71128779 2 71128779 0.000160858442131818
S2_71455546 2 71455546 0.000185563767907758
S2_71461823 2 71461823 0.0001124130995092
S2_71463984 2 71463984 0.000105466782605678
S2_71464052 2 71464052 0.000334868581503101
S2_71467860 2 71467860 0.000130501470619618
S2_71509408 2 71509408 2.03953700333975e-05
S2_71522662 2 71522662 0.000483303434210749
S2_71640328 2 71640328 2.5464385634689e-06
S2_71661594 2 71661594 0.000719200682044503
S2_71749938 2 71749938 5.91820111587228e-05
S2_71772882 2 71772882 0.000254360556276016
S2_71773005 2 71773005 0.000452689494647606
S2_71900313 2 71900313 0.000358009893605984
S2_71945061 2 71945061 3.03156823069504e-09
S2_71971200 2 71971200 0.000778821839809028
S2_72178491 2 72178491 0.000978682766496752
S2_72214081 2 72214081 0.000652227671545278
S2_72264059 2 72264059 0.000552549218685493
S2_72303126 2 72303126 8.57835098534204e-05
S2_72338338 2 72338338 8.74942376267071e-05
S2_72362307 2 72362307 0.000152653159667125
S2_72365363 2 72365363 1.76451824529051e-06
S2_72372172 2 72372172 0.000119665787933332
S2_72378974 2 72378974 6.09919678870401e-05
S2_72398622 2 72398622 5.27607607565152e-05
S2_72454481 2 72454481 0.000123286483733076
S2_72533443 2 72533443 0.000467133239228714
S2_72547272 2 72547272 0.00023237748237963
S2_72670979 2 72670979 5.99323410989416e-05
S2_72723493 2 72723493 0.000208356207528995
S2_72725520 2 72725520 3.9170976444748e-07
S2_72727617 2 72727617 8.32641414657443e-05
S2_72728215 2 72728215 0.000484486327134639
S2_72781043 2 72781043 4.07486185700918e-05
S2_72848996 2 72848996 0.000366813227263649
S2_72871982 2 72871982 0.00075257773665398
S2_72876438 2 72876438 0.000285536167782343
S2_72892325 2 72892325 0.000133080184651409
S2_72906838 2 72906838 2.42456952146156e-05
S2_72936501 2 72936501 2.50002833636874e-05
S2_72994263 2 72994263 0.000681694770625503
S2_72994264 2 72994264 0.000814410594360865
S2_73009075 2 73009075 0.000643133190134123
S2_73041519 2 73041519 0.000451287886910445
S2_73054226 2 73054226 1.9595438865096e-07
S2_73241138 2 73241138 2.56861539298169e-05
S2_73241143 2 73241143 2.56861539298356e-05
S2_73306235 2 73306235 0.000450172647214143
S2_73306944 2 73306944 1.40992472878458e-05
S2_73495573 2 73495573 6.86075909605818e-05
S2_73616119 2 73616119 9.16069906199827e-05
S2_73654857 2 73654857 3.69955929953156e-06
S2_73693968 2 73693968 7.64740058593076e-05
S2_73693980 2 73693980 7.64740058593076e-05
S2_73694319 2 73694319 2.32101771701533e-05
S2_73794918 2 73794918 9.99821634747924e-07
S2_73798289 2 73798289 3.54432973973562e-10
S2_73798290 2 73798290 5.41021965836991e-11
S2_73798291 2 73798291 5.41021965836991e-11
S2_73893272 2 73893272 0.000138888379201023
S2_74042898 2 74042898 0.000663167335617858
S2_74092076 2 74092076 0.000953869975154684
S2_74112562 2 74112562 0.000517251742737861
S2_74307111 2 74307111 4.06675031597157e-05
S2_74337093 2 74337093 9.72460832833868e-06
S2_74415360 2 74415360 7.80289516910816e-05
S2_74418849 2 74418849 0.000424767622861265
S2_74419857 2 74419857 0.000310827766247984
S2_74665160 2 74665160 0.000222790926579069
S2_74707645 2 74707645 9.09439855757788e-07
S2_74707669 2 74707669 3.57300180215285e-05
S2_74707676 2 74707676 3.24639131992645e-05
S2_74707691 2 74707691 9.09439855757788e-07
S2_74716293 2 74716293 0.000248267501248073
S2_74960970 2 74960970 0.000336577548868662
S2_75037811 2 75037811 4.26844659008515e-05
S2_75038126 2 75038126 0.000758477822790417
S2_75103906 2 75103906 1.28648898560206e-09
S2_75147458 2 75147458 2.79388002288758e-08
S2_75165642 2 75165642 8.55073802167091e-08
S2_75175075 2 75175075 9.69475166858696e-06
S2_75203786 2 75203786 0.000142049715584226
S2_75243352 2 75243352 1.75545695296313e-05
S2_75243875 2 75243875 8.30993119954497e-11
S2_75411288 2 75411288 0.000244122091820234
S2_75465431 2 75465431 0.000228533153944288
S2_75569820 2 75569820 2.60347201244604e-05
S2_75575844 2 75575844 0.000131912186181381
S2_75576700 2 75576700 4.44448831942768e-05
S2_75602119 2 75602119 1.55002411832636e-05
S2_75613942 2 75613942 0.000660897926151778
S2_75616100 2 75616100 1.8028621423683e-05
S2_75639012 2 75639012 0.000905798702575138
S2_75649145 2 75649145 0.000761053469655465
S2_75659463 2 75659463 0.000377960852435276
S2_75668720 2 75668720 2.20513745532994e-05
S2_75688228 2 75688228 0.000377940179676364
S2_75688234 2 75688234 0.000377940179676364
S2_75688244 2 75688244 0.000377940179676364
S2_75688580 2 75688580 1.30882999436875e-05
S2_75688621 2 75688621 1.30882999436875e-05
S2_75695533 2 75695533 3.16469978814625e-05
S2_75723856 2 75723856 1.23289600188026e-05
S2_75783890 2 75783890 0.000126132049509867
S2_75788124 2 75788124 0.000549127875148111
S2_75805283 2 75805283 0.000152682003374948
S2_75805416 2 75805416 2.90998547426815e-05
S2_75835344 2 75835344 0.000189464957084928
S2_75843964 2 75843964 4.49841044985437e-05
S2_75844211 2 75844211 4.11265292545668e-05
S2_75844243 2 75844243 4.11265292545668e-05
S2_75847407 2 75847407 0.000323239179111955
S2_75892745 2 75892745 3.28734319317406e-05
S2_75924396 2 75924396 0.00020539065806047
S2_75962970 2 75962970 0.000454659923944693
S2_75994736 2 75994736 0.000340218051290088
S2_76211088 2 76211088 2.53955396810497e-05
S2_76230679 2 76230679 0.000425138351439442
S2_76233202 2 76233202 0.000130106488857141
S2_76380415 2 76380415 2.39307630549783e-06
S2_76484822 2 76484822 0.00050390589189643
S2_76543786 2 76543786 5.77964182678611e-05
S2_76607244 2 76607244 8.12699226134148e-05
S2_76637849 2 76637849 9.35645862229335e-05
S2_76637871 2 76637871 9.53022226618751e-05
S2_76655418 2 76655418 0.000405311057280296
S2_76671118 2 76671118 2.01564460331826e-06
S2_76970764 2 76970764 4.12351683477508e-05
S2_76970804 2 76970804 4.12351683477508e-05
S2_77164229 2 77164229 0.000623502221400258
S2_77361436 2 77361436 0.000845532945296433
S2_77690509 2 77690509 1.26887377843373e-05
S2_77845189 2 77845189 2.89408594842242e-05
S2_77853528 2 77853528 0.000900566316311491
S2_77870375 2 77870375 1.48412241128877e-06
