Marker Chr Pos p
S8_419387 8 419387 0.000960027752157684
S8_419403 8 419403 0.000960027752157684
S8_511888 8 511888 1.05266428122227e-05
S8_569520 8 569520 1.1473357524719e-05
S8_675443 8 675443 0.000459861921486191
S8_682325 8 682325 0.000994161289419963
S8_685789 8 685789 0.000541172606187789
S8_690094 8 690094 0.000736243201357629
S8_690459 8 690459 0.000536299082152595
S8_690475 8 690475 0.000536299082152595
S8_690540 8 690540 0.000604373968339077
S8_719948 8 719948 0.000608074953151667
S8_721355 8 721355 0.000547782033758428
S8_737296 8 737296 0.000658607427803362
S8_742502 8 742502 0.000747942821679859
S8_745998 8 745998 0.000674403546291488
S8_746214 8 746214 0.000441938885084296
S8_749368 8 749368 0.000580638358659336
S8_749372 8 749372 0.000580638358659241
S8_749542 8 749542 0.000425002949394295
S8_749951 8 749951 0.000953130944162692
S8_751251 8 751251 0.000857272783086283
S8_751358 8 751358 0.000560470170383955
S8_751718 8 751718 0.000536465620120759
S8_786426 8 786426 0.000537738054740809
S8_786427 8 786427 0.000537738054740629
S8_826305 8 826305 0.000744560376514481
S8_826308 8 826308 0.000744560376514292
S8_829600 8 829600 0.000265547463756741
S8_830953 8 830953 0.000559769822046348
S8_831192 8 831192 0.000741139954363936
S8_832077 8 832077 0.000411647880755436
S8_832437 8 832437 0.000609261292983326
S8_834244 8 834244 0.000579924394337021
S8_834270 8 834270 0.000579924394337021
S8_834715 8 834715 4.74017096592581e-05
S8_843682 8 843682 0.000630036044650026
S8_843687 8 843687 0.00063003604465034
S8_861762 8 861762 0.000385235047813141
S8_862142 8 862142 0.000184102099780615
S8_862148 8 862148 0.000184102099780641
S8_862413 8 862413 0.000814346971945248
S8_862429 8 862429 0.000814346971945248
S8_862430 8 862430 0.000814346971945248
S8_878214 8 878214 0.000427919220482921
S8_878340 8 878340 0.000461000385450319
S8_879952 8 879952 0.000905297654330524
S8_880439 8 880439 0.000386998438757525
S8_881797 8 881797 0.00043264992438755
S8_882034 8 882034 0.000325589171676963
S8_890615 8 890615 0.000603130796425845
S8_891325 8 891325 0.0001748412790038
S8_891326 8 891326 0.0001748412790038
S8_891327 8 891327 0.0001748412790038
S8_891328 8 891328 0.0001748412790038
S8_891338 8 891338 0.0001748412790038
S8_977405 8 977405 0.000228974689366616
S8_1146691 8 1146691 0.000564810727812606
S8_1151630 8 1151630 2.06049318500699e-05
S8_1215212 8 1215212 0.000171949717436175
S8_1215545 8 1215545 1.84853280263106e-07
S8_1307907 8 1307907 0.000521507449598714
S8_1604006 8 1604006 7.17175728609582e-06
S8_1604031 8 1604031 7.17175728609582e-06
S8_1604050 8 1604050 7.17175728609125e-06
S8_1636247 8 1636247 0.000172804567835994
S8_1707143 8 1707143 0.000733157369757424
S8_1721001 8 1721001 0.00058407351188701
S8_1826465 8 1826465 0.000561905897564889
S8_1826474 8 1826474 0.000561905897564889
S8_1826476 8 1826476 0.000561905897564889
S8_1866568 8 1866568 0.000199155974022773
S8_1968136 8 1968136 0.000337686125583927
S8_2012086 8 2012086 2.01720941793057e-05
S8_2047887 8 2047887 6.36391074865236e-05
S8_2070156 8 2070156 6.94595011784606e-05
S8_2070559 8 2070559 0.000445068935847878
S8_2117939 8 2117939 0.00046685798644446
S8_2142748 8 2142748 0.000856678678023055
S8_2144044 8 2144044 0.00018969558165108
S8_2181991 8 2181991 0.000167248364101225
S8_2260250 8 2260250 0.000240250688207551
S8_2260320 8 2260320 0.000122660456171539
S8_2260650 8 2260650 6.53320631070554e-05
S8_2261372 8 2261372 0.000101687123734047
S8_2261578 8 2261578 0.00023028695414596
S8_2287188 8 2287188 2.85338539418105e-05
S8_2341077 8 2341077 1.44191179632072e-05
S8_2360713 8 2360713 0.000717854211135228
S8_2373110 8 2373110 0.000232711149759176
S8_2373213 8 2373213 2.52687669258867e-06
S8_2378259 8 2378259 0.000225361826486562
S8_2401276 8 2401276 0.000540724964561101
S8_2401378 8 2401378 0.000204747932207391
S8_2416538 8 2416538 0.000764306840715755
S8_2416552 8 2416552 0.000371765699993051
S8_2416558 8 2416558 0.000764306840715755
S8_2416568 8 2416568 0.000764306840715755
S8_2416807 8 2416807 0.000210427953339085
S8_2438671 8 2438671 0.000380337667499755
S8_2438677 8 2438677 0.000380337667499683
S8_2440173 8 2440173 1.03684125571452e-06
S8_2440185 8 2440185 3.36667434947214e-05
S8_2450358 8 2450358 8.48975643456087e-06
S8_2455938 8 2455938 1.11457707787194e-06
S8_2455969 8 2455969 3.4669379881893e-06
S8_2455978 8 2455978 3.59035265591032e-06
S8_2467523 8 2467523 0.00014539956727895
S8_2467530 8 2467530 0.000786076744006377
S8_2475428 8 2475428 0.00010722387495679
S8_2482893 8 2482893 2.71879684153745e-05
S8_2483291 8 2483291 4.92158443755361e-05
S8_2485071 8 2485071 2.16288701402409e-06
S8_2508156 8 2508156 2.08962578704673e-07
S8_2508186 8 2508186 0.000241011345640289
S8_2508364 8 2508364 0.000252508542674071
S8_2508484 8 2508484 5.69829699110929e-05
S8_2508591 8 2508591 5.27678295124583e-05
S8_2508614 8 2508614 5.27678295124583e-05
S8_2512896 8 2512896 0.000171259922328401
S8_2513136 8 2513136 3.91276330348055e-05
S8_2528768 8 2528768 1.70538680984695e-06
S8_2528799 8 2528799 1.86459891861621e-06
S8_2606695 8 2606695 0.000229915580277109
S8_2611770 8 2611770 2.28917774343697e-05
S8_2742536 8 2742536 0.000225488176822507
S8_2742540 8 2742540 0.000471956372314103
S8_2831966 8 2831966 0.000234236268330684
S8_2857875 8 2857875 8.8183865155273e-05
S8_2857894 8 2857894 8.8183865155273e-05
S8_2888496 8 2888496 0.000662533979885828
S8_2949671 8 2949671 0.00058885360151597
S8_2950073 8 2950073 0.000733678766626592
S8_2998142 8 2998142 7.02679186275607e-06
S8_3250970 8 3250970 0.000110144470532152
S8_3263877 8 3263877 1.64806642907801e-05
S8_3273549 8 3273549 0.000497906556025469
S8_3292774 8 3292774 0.000380562350616348
S8_3304291 8 3304291 1.42158129189327e-05
S8_3343184 8 3343184 1.14389727649612e-05
S8_3344668 8 3344668 0.000203115733404055
S8_3557038 8 3557038 0.000866608183053769
S8_3709239 8 3709239 6.32818013210373e-06
S8_3894887 8 3894887 8.14861807519983e-06
S8_3910295 8 3910295 3.63036762160207e-06
S8_3949481 8 3949481 1.02791125752141e-05
S8_4146661 8 4146661 0.000263025895024205
S8_4149714 8 4149714 0.000618629501488326
S8_4235042 8 4235042 9.33458554647326e-07
S8_4261828 8 4261828 0.000768200670024671
S8_4304336 8 4304336 0.000169505200611455
S8_4305781 8 4305781 0.000692073791401847
S8_4445167 8 4445167 0.000231589958635051
S8_4471471 8 4471471 1.55577210939501e-07
S8_4471472 8 4471472 1.55577210939501e-07
S8_4485626 8 4485626 0.000307311593754841
S8_4679349 8 4679349 0.000611860608392377
S8_4679366 8 4679366 0.00060098448937808
S8_4751781 8 4751781 1.44389928592307e-05
S8_4769352 8 4769352 1.2748652089446e-08
S8_4826453 8 4826453 0.000150300756095359
S8_4953656 8 4953656 0.000221268200372097
S8_4956906 8 4956906 0.000454809833960249
S8_5034588 8 5034588 1.96238933035214e-05
S8_5081540 8 5081540 0.000634466106807557
S8_5106749 8 5106749 6.72147007051577e-05
S8_5123396 8 5123396 0.000758439168572399
S8_5123400 8 5123400 0.000758439168572399
S8_5183652 8 5183652 0.000741482317590728
S8_5285131 8 5285131 7.39564888694635e-06
S8_5285231 8 5285231 7.88001050274094e-05
S8_5301537 8 5301537 0.00028640793211641
S8_5301869 8 5301869 0.000582423379702102
S8_6026336 8 6026336 0.000955894065909454
S8_6531516 8 6531516 1.54562825117931e-07
S8_6531695 8 6531695 0.000831554113333668
S8_6641980 8 6641980 6.32628311927478e-05
S8_6642722 8 6642722 0.00070455108176359
S8_6644122 8 6644122 0.000330193268107302
S8_6644130 8 6644130 0.000330193268107204
S8_6912687 8 6912687 0.000362529207399965
S8_6912689 8 6912689 0.000363663062506399
S8_7046954 8 7046954 5.62903040509273e-05
S8_7047173 8 7047173 0.000690535500471282
S8_7131640 8 7131640 1.82555458576424e-05
S8_7210804 8 7210804 0.000403210087562744
S8_7279006 8 7279006 7.96886285332707e-05
S8_7402959 8 7402959 0.00030264420830923
S8_7416672 8 7416672 1.65054366721652e-06
S8_7528254 8 7528254 0.00014173319570413
S8_7608291 8 7608291 9.15471201695239e-05
S8_7821554 8 7821554 6.64338958906986e-08
S8_7943011 8 7943011 7.08034554041063e-05
S8_8063320 8 8063320 0.00060434289264942
S8_8065966 8 8065966 0.000421008983101545
S8_8841149 8 8841149 0.000384642656809056
S8_8896480 8 8896480 0.00040372102025282
S8_9211262 8 9211262 0.000107672888466977
S8_9214045 8 9214045 4.34317506676824e-05
S8_9314670 8 9314670 0.000358176397586084
S8_9476714 8 9476714 0.000693639532943599
S8_9486389 8 9486389 0.000928086022476094
S8_9711706 8 9711706 0.000784012331569488
S8_9726911 8 9726911 0.00079922054461705
S8_9726914 8 9726914 0.000754653386982208
S8_9726950 8 9726950 2.70416747313387e-07
S8_9728353 8 9728353 4.55910339871704e-06
S8_9728424 8 9728424 8.81600656296497e-06
S8_10008660 8 10008660 3.22261629899663e-06
S8_10008764 8 10008764 2.48758488341884e-06
S8_10069403 8 10069403 1.8458744369743e-05
S8_10098758 8 10098758 3.86089664330221e-05
S8_10119691 8 10119691 5.90614294301464e-06
S8_10162356 8 10162356 0.000134989134174076
S8_10162358 8 10162358 0.000134989134174111
S8_10169778 8 10169778 0.000147278966957651
S8_10170124 8 10170124 0.00060778742770076
S8_10181086 8 10181086 0.000854762399246615
S8_10224679 8 10224679 0.000383074075653658
S8_10225841 8 10225841 0.000142359010497378
S8_10294170 8 10294170 7.56338598446567e-05
S8_10398576 8 10398576 0.000681153606057535
S8_10410792 8 10410792 0.000142347401156087
S8_10940270 8 10940270 0.000334879732311644
S8_10940323 8 10940323 0.000106183640141548
S8_10967906 8 10967906 6.71836215457199e-05
S8_11006481 8 11006481 0.000134227721044387
S8_11007028 8 11007028 0.00019309661872451
S8_11021877 8 11021877 3.67398969135624e-06
S8_11510951 8 11510951 2.41872059024257e-05
S8_12094713 8 12094713 0.000194944659716206
S8_12101438 8 12101438 0.000158148646548155
S8_12275946 8 12275946 0.000115915006903317
S8_12297657 8 12297657 0.000274844862208358
S8_12337030 8 12337030 4.77956708168609e-06
S8_12567206 8 12567206 3.05621609660881e-07
S8_12862727 8 12862727 4.73884173132831e-05
S8_14195817 8 14195817 0.000517559830891183
S8_14250048 8 14250048 0.000744852337243584
S8_14250054 8 14250054 0.00074485233724346
S8_14534378 8 14534378 0.000150716694599032
S8_15903881 8 15903881 8.62726562306241e-07
S8_16159475 8 16159475 3.24295223872536e-05
S8_18027701 8 18027701 0.000231610684758461
S8_18116872 8 18116872 7.05707198752324e-06
S8_22466046 8 22466046 3.28543001395221e-05
S8_24125684 8 24125684 0.000892646106592863
S8_25142770 8 25142770 0.000111088312758492
S8_27107837 8 27107837 7.76626909568949e-06
S8_29410621 8 29410621 0.00038638220388931
S8_29556551 8 29556551 0.00028521099682585
S8_30555659 8 30555659 0.000911954091423464
S8_32825800 8 32825800 0.000360778619295596
S8_36643766 8 36643766 8.44850093498923e-08
S8_38432664 8 38432664 2.10053892032325e-05
S8_39324036 8 39324036 3.05644561928087e-05
S8_39354379 8 39354379 7.69510014308366e-05
S8_40209682 8 40209682 0.000830918752500797
S8_40219339 8 40219339 2.34290613554686e-05
S8_40326673 8 40326673 0.000989873452616362
S8_40329386 8 40329386 1.05421548243704e-06
S8_40427159 8 40427159 0.000677056521052438
S8_40895646 8 40895646 1.28961001491755e-07
S8_41214715 8 41214715 0.000386133012484989
S8_41273083 8 41273083 1.14279800672932e-05
S8_41318031 8 41318031 0.000126724775944073
S8_41378057 8 41378057 0.000452754053390908
S8_41726146 8 41726146 7.62227255759728e-06
S8_41726148 8 41726148 7.62227255759728e-06
S8_41726149 8 41726149 7.62227255759728e-06
S8_41950345 8 41950345 0.000644668955512337
S8_41950360 8 41950360 0.000644668955512337
S8_42400827 8 42400827 0.00033682235643242
S8_42542514 8 42542514 0.000767641978573878
S8_42596756 8 42596756 0.000836324651229
S8_42695655 8 42695655 0.000339844884237454
S8_42716431 8 42716431 9.60975715362552e-05
S8_42780766 8 42780766 8.24629101999405e-06
S8_43660606 8 43660606 4.11996585387867e-06
S8_43699956 8 43699956 7.33987451593996e-05
S8_43987829 8 43987829 1.26628496911078e-05
S8_43987855 8 43987855 1.35495916842075e-06
S8_44212032 8 44212032 0.000103085559924502
S8_44560158 8 44560158 0.000899683398652985
S8_44582139 8 44582139 3.87301836062464e-09
S8_44726724 8 44726724 0.000414661424015384
S8_45159684 8 45159684 0.000789535221995032
S8_45199372 8 45199372 3.25607873357657e-05
S8_45321570 8 45321570 0.000517321669621931
S8_45372477 8 45372477 5.38313895129067e-05
S8_46057780 8 46057780 0.00082610168283575
S8_46057782 8 46057782 1.75424558739171e-05
S8_46300591 8 46300591 0.000904080798496634
S8_46420478 8 46420478 1.34628647179964e-05
S8_46482976 8 46482976 2.79847760725183e-05
S8_46483658 8 46483658 6.96053130063069e-06
S8_46494272 8 46494272 0.000884208417923676
S8_46572988 8 46572988 0.00045854117497427
S8_46756569 8 46756569 0.000613638024453691
S8_46850752 8 46850752 3.5947078452878e-05
S8_46887888 8 46887888 0.000436393612338828
S8_46891144 8 46891144 0.000344061224998164
S8_46932051 8 46932051 0.000440386566303102
S8_46932078 8 46932078 0.000440386566303102
S8_46972877 8 46972877 0.000642189709842839
S8_47033886 8 47033886 0.000689871850598986
S8_47093322 8 47093322 3.17156347224941e-05
S8_47375291 8 47375291 2.3282668071298e-05
S8_47434228 8 47434228 0.000110135011760156
S8_47459881 8 47459881 0.000497652012217061
S8_47503192 8 47503192 2.49189403042835e-05
S8_47807564 8 47807564 0.000291169690749841
S8_47861320 8 47861320 0.000692855043498886
S8_47861321 8 47861321 0.000692855043498886
S8_47913992 8 47913992 0.000382723910690868
S8_47931450 8 47931450 0.000239871974455578
S8_48387335 8 48387335 1.88138337852504e-05
S8_48387337 8 48387337 1.88138337852504e-05
S8_48397476 8 48397476 0.00062545955891316
S8_48487151 8 48487151 3.10627615474355e-05
S8_48548428 8 48548428 5.81222152595206e-05
S8_48583389 8 48583389 0.000397010120145169
S8_48618616 8 48618616 2.84170884945688e-06
S8_48683924 8 48683924 0.000662282079600351
S8_48878366 8 48878366 4.50960585994796e-06
S8_48915863 8 48915863 0.00019502968661562
S8_48948210 8 48948210 6.69316672109678e-05
S8_48992570 8 48992570 3.03594543298689e-05
S8_49031397 8 49031397 0.000113720258407788
S8_49283509 8 49283509 3.79117066339524e-06
S8_49357712 8 49357712 7.24935188268159e-06
S8_49435921 8 49435921 7.31641211128886e-06
S8_49443963 8 49443963 3.93753776991431e-05
S8_49505361 8 49505361 0.000194624115146012
S8_49710223 8 49710223 9.63530340357575e-07
S8_49731194 8 49731194 0.000439879539624301
S8_49792750 8 49792750 0.000930059431699321
S8_49792771 8 49792771 0.000869239817473432
S8_49818056 8 49818056 0.000843969811908823
S8_49818072 8 49818072 0.000843969811908823
S8_49883402 8 49883402 0.000187479866242031
S8_49899037 8 49899037 0.000171416214707802
S8_50111797 8 50111797 2.75195393628494e-05
S8_50230651 8 50230651 3.6106857687339e-06
S8_50230690 8 50230690 3.61068576873344e-06
S8_50231623 8 50231623 0.000230774216638171
S8_50237283 8 50237283 2.5840977725518e-06
S8_50248949 8 50248949 7.99402966057511e-09
S8_50378604 8 50378604 0.000894928810259989
S8_50425886 8 50425886 0.000114948439191353
S8_50425892 8 50425892 0.000114948439191353
S8_50505164 8 50505164 0.000684611255503323
S8_50592676 8 50592676 7.6947582637262e-06
S8_50592677 8 50592677 7.6947582637262e-06
S8_50796527 8 50796527 3.13568838335295e-06
S8_51041108 8 51041108 0.000366495941823802
S8_51058448 8 51058448 1.65517927497341e-05
S8_51147653 8 51147653 3.04992591423134e-06
S8_51147654 8 51147654 4.10332318313325e-05
S8_51147696 8 51147696 0.000354996892245436
S8_51293297 8 51293297 0.000341569066023113
S8_51430186 8 51430186 0.000490489739255879
S8_51634477 8 51634477 0.000552944233688504
S8_51826631 8 51826631 0.000372016320648868
S8_52046154 8 52046154 0.000901259586724969
S8_52125021 8 52125021 1.67793088110296e-06
S8_52141723 8 52141723 0.000422775999789977
S8_52154145 8 52154145 0.000317882652146721
S8_52375210 8 52375210 9.6406657511778e-05
S8_52482323 8 52482323 0.00096207522701641
S8_52495205 8 52495205 0.000332132271100985
S8_52743354 8 52743354 0.000168736148577588
S8_52743364 8 52743364 0.000168736148577588
S8_52772344 8 52772344 3.45744894797834e-08
S8_52772628 8 52772628 0.00088889379568687
S8_52772659 8 52772659 0.00088889379568687
S8_52773196 8 52773196 8.91025028010673e-05
S8_52879835 8 52879835 3.30710785665822e-05
S8_52879967 8 52879967 0.0006225477463517
S8_52885465 8 52885465 0.00026781168511858
S8_52889527 8 52889527 6.34301453269719e-05
S8_52913874 8 52913874 0.000966892108483024
S8_53096499 8 53096499 2.6486541304845e-05
S8_53239393 8 53239393 0.000254074022091165
S8_53329513 8 53329513 0.000163803424044934
S8_53404413 8 53404413 5.90285720595466e-05
S8_53404416 8 53404416 5.90285720595634e-05
S8_53404418 8 53404418 5.90285720595634e-05
S8_53673237 8 53673237 0.000212967072955236
S8_53945547 8 53945547 0.000313284040643401
S8_53945551 8 53945551 0.000691078792243099
S8_53975324 8 53975324 0.000179548591465211
S8_54000192 8 54000192 3.2234513547876e-05
S8_54000327 8 54000327 5.5121786536057e-05
S8_54122819 8 54122819 6.79850919803441e-06
S8_54303658 8 54303658 9.46787522680368e-05
S8_54303662 8 54303662 8.9216743305693e-05
S8_54308321 8 54308321 0.000151320722524077
S8_54547157 8 54547157 0.000360200035228408
S8_54553072 8 54553072 2.57760135542588e-05
S8_54586457 8 54586457 0.000107535474774057
S8_54586462 8 54586462 0.000153949755527536
S8_54682259 8 54682259 0.000738695276780016
S8_54719892 8 54719892 0.000133229542648643
S8_54763702 8 54763702 0.000292992144878058
S8_54870784 8 54870784 0.000659531151751167
S8_54960557 8 54960557 0.000570292850513295
S8_54966337 8 54966337 8.65319953467083e-06
S8_54966359 8 54966359 0.000322857470200254
S8_54992251 8 54992251 0.000631715665468603
S8_55079563 8 55079563 0.000132501546971367
S8_55150375 8 55150375 9.87806039757112e-06
S8_55201106 8 55201106 4.87997100564154e-05
S8_55201108 8 55201108 4.87997100564154e-05
S8_55201109 8 55201109 4.87997100564154e-05
S8_55269426 8 55269426 0.000259993868426185
S8_55299940 8 55299940 7.16774076359144e-08
S8_55343236 8 55343236 6.41680945832163e-05
S8_55349806 8 55349806 6.31146306857687e-05
S8_55350337 8 55350337 4.59387192107589e-07
S8_55405598 8 55405598 0.00010473344257007
S8_55418169 8 55418169 9.66778467519336e-07
S8_55438771 8 55438771 2.75284864353194e-10
