Marker Chr Pos p
S2_490868 2 490868 0.000492623183245409
S2_500815 2 500815 0.000443267128699609
S2_554375 2 554375 0.00031693199598393
S2_554378 2 554378 0.000434847095129156
S2_615598 2 615598 0.000203819948034476
S2_735431 2 735431 0.000562691982711129
S2_735451 2 735451 0.000562691982711129
S2_744043 2 744043 0.000171389816863159
S2_788682 2 788682 0.000682968837584801
S2_790560 2 790560 0.000539418515050901
S2_808910 2 808910 0.00097482510874652
S2_883953 2 883953 0.000188642807728429
S2_883990 2 883990 0.000188642807728429
S2_968417 2 968417 4.82009162308658e-05
S2_1009084 2 1009084 0.000132129198099878
S2_1033692 2 1033692 0.000448999773288712
S2_1042719 2 1042719 0.000515387186851524
S2_1166459 2 1166459 0.000772715601983959
S2_1371620 2 1371620 0.00011001354609512
S2_1425119 2 1425119 0.000598973876930627
S2_1497085 2 1497085 0.000386556728016598
S2_1741397 2 1741397 0.000187132185231798
S2_1741398 2 1741398 0.000291074502057401
S2_1741441 2 1741441 0.000378269696797301
S2_1972155 2 1972155 0.000768198721609041
S2_2054466 2 2054466 3.37474415806177e-06
S2_2054469 2 2054469 3.37474415806177e-06
S2_2081487 2 2081487 0.000247887853081461
S2_2195314 2 2195314 4.81054533414837e-05
S2_2209233 2 2209233 0.00098089603827395
S2_2292957 2 2292957 0.000100978463545073
S2_2299801 2 2299801 1.26919171740863e-05
S2_2300667 2 2300667 0.000715200374316758
S2_2303377 2 2303377 0.000306704840143983
S2_2303389 2 2303389 0.000306704840143983
S2_2329799 2 2329799 0.000311556086047836
S2_2333642 2 2333642 3.57935351952365e-05
S2_2358050 2 2358050 0.000266077537688366
S2_2358182 2 2358182 0.000698255878562828
S2_2518584 2 2518584 0.000274139528347232
S2_2617003 2 2617003 0.000552458720864801
S2_2620625 2 2620625 0.00074006174484609
S2_2637434 2 2637434 9.80076304006498e-05
S2_2647529 2 2647529 0.000841938932420642
S2_2647553 2 2647553 0.000977651623597205
S2_2670317 2 2670317 0.000144904271628836
S2_2721500 2 2721500 2.38306476866811e-07
S2_2721502 2 2721502 3.89492250215807e-06
S2_2764081 2 2764081 3.8367888623154e-09
S2_2773025 2 2773025 2.56840667015951e-07
S2_2808679 2 2808679 0.000419613052465992
S2_2829830 2 2829830 0.000158182827232833
S2_2833496 2 2833496 1.3474748299941e-05
S2_2833503 2 2833503 0.000376349676713594
S2_2837872 2 2837872 0.00029411818782802
S2_2838296 2 2838296 0.00062991562002393
S2_2839784 2 2839784 0.000877017488851197
S2_2875739 2 2875739 0.000420665196719011
S2_2905220 2 2905220 0.000455368938874646
S2_3029603 2 3029603 0.000241234713250398
S2_3082595 2 3082595 0.000344104990082082
S2_3094439 2 3094439 0.000177834520009222
S2_3107747 2 3107747 0.000292026140891916
S2_3123275 2 3123275 0.000817081717593929
S2_3123972 2 3123972 0.000104197796367426
S2_3126447 2 3126447 0.00049258031023419
S2_3126515 2 3126515 0.000189526071676858
S2_3133552 2 3133552 0.000643911374486933
S2_3133771 2 3133771 0.000520409411219326
S2_3282177 2 3282177 0.000147464570627264
S2_3282181 2 3282181 0.000147464570627264
S2_3282208 2 3282208 0.000147464570627264
S2_3359963 2 3359963 0.000149057167500377
S2_3395647 2 3395647 3.05066874766437e-05
S2_3427055 2 3427055 0.000118401595633542
S2_3427098 2 3427098 8.22350891764502e-05
S2_3434397 2 3434397 0.000627076238185053
S2_3443502 2 3443502 0.000163975184059679
S2_3482500 2 3482500 0.000418923859988124
S2_3620265 2 3620265 0.00081579019409795
S2_3638976 2 3638976 1.41985000895392e-06
S2_3654886 2 3654886 0.000717655924666884
S2_3716114 2 3716114 1.74795327391386e-06
S2_3773235 2 3773235 0.000309458354744824
S2_3791546 2 3791546 0.000933330828804778
S2_3791574 2 3791574 0.000596314251883937
S2_3792464 2 3792464 0.000394323808682934
S2_3794311 2 3794311 1.3664352796928e-07
S2_3800174 2 3800174 0.000328847673526173
S2_3800217 2 3800217 0.000213620179150751
S2_3823393 2 3823393 3.76275888022104e-06
S2_3858662 2 3858662 0.000216129229659694
S2_3858664 2 3858664 0.000220062986806251
S2_3873184 2 3873184 0.000794796876780831
S2_3873196 2 3873196 0.000794796876780831
S2_3876855 2 3876855 0.000709929893904676
S2_3878840 2 3878840 0.000486867090087067
S2_3878934 2 3878934 0.000521529697902674
S2_3896105 2 3896105 0.000195701081381049
S2_3898566 2 3898566 2.39084235730622e-07
S2_3916849 2 3916849 0.000850364858368012
S2_3918566 2 3918566 3.82365397532687e-07
S2_3918569 2 3918569 3.82365397532687e-07
S2_3935077 2 3935077 3.20775732918799e-06
S2_3962207 2 3962207 0.000436324761455579
S2_3987913 2 3987913 0.000872535140734416
S2_4000041 2 4000041 0.000993603044532764
S2_4000057 2 4000057 0.000156123224786392
S2_4004211 2 4004211 0.000102404830503749
S2_4018560 2 4018560 0.000530784375350149
S2_4055807 2 4055807 4.36207372785658e-05
S2_4069391 2 4069391 8.52521139388655e-05
S2_4099056 2 4099056 0.000966978688884981
S2_4099061 2 4099061 0.000966978688884981
S2_4109847 2 4109847 0.000636007177752446
S2_4145088 2 4145088 0.000124702646559425
S2_4153370 2 4153370 0.000641340101856151
S2_4154609 2 4154609 0.000604872537775564
S2_4164884 2 4164884 9.65510791092901e-05
S2_4168450 2 4168450 0.000638442945230147
S2_4190435 2 4190435 0.00013424047983456
S2_4220128 2 4220128 7.96159055937926e-05
S2_4286104 2 4286104 0.000455177273276376
S2_4295245 2 4295245 0.000235733391725074
S2_4332807 2 4332807 5.39906265445517e-07
S2_4351839 2 4351839 0.000267620543528839
S2_4351866 2 4351866 0.000596771711855319
S2_4353656 2 4353656 0.000746657111637062
S2_4361838 2 4361838 0.000392635651749053
S2_4376875 2 4376875 5.64189433196851e-06
S2_4380312 2 4380312 4.6019084156929e-06
S2_4380400 2 4380400 0.000249562594739922
S2_4446641 2 4446641 4.32167626395016e-05
S2_4499717 2 4499717 7.18127442053663e-06
S2_4574971 2 4574971 0.000681676832406273
S2_4602194 2 4602194 2.51001483455745e-05
S2_4615091 2 4615091 0.000365653441283191
S2_4630010 2 4630010 2.18770314557739e-07
S2_4645780 2 4645780 0.000140662503962113
S2_4762344 2 4762344 5.80463810184821e-05
S2_4833442 2 4833442 0.000592001258578355
S2_5135947 2 5135947 0.000624754138433921
S2_5135948 2 5135948 0.000624754138433921
S2_5177700 2 5177700 5.76386523520389e-05
S2_5237228 2 5237228 7.765584671338e-05
S2_5256315 2 5256315 0.000295642533879016
S2_5382889 2 5382889 4.82867033742077e-06
S2_5382891 2 5382891 1.46669048863892e-06
S2_5390907 2 5390907 0.000329071581319372
S2_5390937 2 5390937 0.000329071581319372
S2_5392421 2 5392421 3.30387232203123e-05
S2_5445755 2 5445755 0.000385299504125516
S2_5470222 2 5470222 0.000116254632227183
S2_5481769 2 5481769 0.00043994159817617
S2_5502623 2 5502623 0.000175763772962214
S2_5530070 2 5530070 3.26378988365281e-06
S2_5531095 2 5531095 0.00023482713273907
S2_5565923 2 5565923 0.000485440696250024
S2_5653147 2 5653147 0.000301944724792794
S2_5754822 2 5754822 0.00061618418440655
S2_5791727 2 5791727 0.000310245932616161
S2_6249998 2 6249998 6.8828927336351e-05
S2_6263979 2 6263979 0.000685494803536671
S2_6499236 2 6499236 0.000853524517469106
S2_6506882 2 6506882 1.04586789091593e-05
S2_6511474 2 6511474 0.000785110081147749
S2_6511682 2 6511682 0.000334444792123471
S2_6511733 2 6511733 0.000733228938618574
S2_6539839 2 6539839 0.000971082754490866
S2_6546256 2 6546256 1.84488443126717e-05
S2_6558639 2 6558639 0.000328670242609807
S2_6595252 2 6595252 3.43302383060132e-05
S2_6595257 2 6595257 3.43302383060132e-05
S2_6606378 2 6606378 0.000704591144707418
S2_6675501 2 6675501 0.000298418978620049
S2_6693100 2 6693100 2.96685708482288e-05
S2_6859488 2 6859488 2.44649352670997e-06
S2_6873069 2 6873069 4.01310392510504e-05
S2_6897114 2 6897114 0.000431553580925171
S2_6897177 2 6897177 0.000112275022427671
S2_6903054 2 6903054 9.71531142079423e-05
S2_6903079 2 6903079 9.71531142079423e-05
S2_6903081 2 6903081 9.71531142079423e-05
S2_6931084 2 6931084 0.000516824305996798
S2_6931351 2 6931351 0.000999126037247403
S2_6931646 2 6931646 5.07950642579461e-06
S2_6931684 2 6931684 5.16151652549906e-05
S2_6934181 2 6934181 0.000100836484266561
S2_6960779 2 6960779 2.75668756164413e-07
S2_6997723 2 6997723 0.000572689673308763
S2_7005076 2 7005076 0.000619220233306538
S2_7009509 2 7009509 9.88215011097344e-08
S2_7014670 2 7014670 1.82312690066981e-07
S2_7024935 2 7024935 0.000389909123878661
S2_7025179 2 7025179 0.00029856354071887
S2_7025274 2 7025274 3.80429140248492e-05
S2_7031424 2 7031424 0.000185982063486385
S2_7033072 2 7033072 0.00079778292954941
S2_7033193 2 7033193 0.000123576769305493
S2_7035618 2 7035618 0.000517734099881292
S2_7035641 2 7035641 0.000530646837822401
S2_7035654 2 7035654 0.000517734099881292
S2_7035669 2 7035669 3.12176906049208e-05
S2_7035681 2 7035681 3.12176906049208e-05
S2_7035685 2 7035685 1.39993870842332e-05
S2_7035711 2 7035711 1.39993870842332e-05
S2_7037424 2 7037424 9.25807837260142e-07
S2_7041009 2 7041009 0.000617072133759048
S2_7041038 2 7041038 1.10740866172751e-05
S2_7050554 2 7050554 0.000350594633390628
S2_7053570 2 7053570 8.06902386958675e-05
S2_7065842 2 7065842 0.000577206384085474
S2_7069769 2 7069769 3.8773784065722e-05
S2_7069928 2 7069928 7.8016335033818e-05
S2_7091372 2 7091372 8.67212491124469e-05
S2_7141599 2 7141599 1.43831918698959e-06
S2_7230851 2 7230851 0.000939705697574402
S2_7286813 2 7286813 0.000297713964482032
S2_7329300 2 7329300 5.93284818601647e-07
S2_7428153 2 7428153 2.28487380078737e-05
S2_7428178 2 7428178 4.52159349754628e-05
S2_7431998 2 7431998 2.12028149107767e-05
S2_7432026 2 7432026 5.44464441993046e-05
S2_7432087 2 7432087 4.92551247271069e-05
S2_7433596 2 7433596 3.01966987073785e-06
S2_7433603 2 7433603 2.64032687830008e-06
S2_7433604 2 7433604 3.98041908828413e-06
S2_7435704 2 7435704 6.81033740449855e-05
S2_7436862 2 7436862 9.09156913381723e-05
S2_7436981 2 7436981 0.000143230605438354
S2_7441268 2 7441268 0.000584767601488236
S2_7441367 2 7441367 4.21277538973194e-05
S2_7441964 2 7441964 0.000526305421455291
S2_7441972 2 7441972 0.000526305421455291
S2_7444764 2 7444764 3.32758827869599e-05
S2_7444794 2 7444794 3.32758827869599e-05
S2_7448522 2 7448522 4.0232298566679e-05
S2_7470042 2 7470042 3.20922788589371e-05
S2_7470171 2 7470171 1.42827132651899e-07
S2_7636613 2 7636613 4.0505776281319e-06
S2_7645459 2 7645459 0.000176855797551068
S2_7645462 2 7645462 0.000176855797551056
S2_7645490 2 7645490 0.000176855797551068
S2_7672902 2 7672902 0.000867270153374771
S2_7689469 2 7689469 0.000194290774371934
S2_7701502 2 7701502 1.53259085768967e-05
S2_7705600 2 7705600 4.71528121840529e-06
S2_7739483 2 7739483 0.000330742119206828
S2_7739907 2 7739907 4.61560130910592e-06
S2_7765967 2 7765967 2.14181135252425e-06
S2_7782065 2 7782065 0.000900544039969516
S2_7786820 2 7786820 5.60556164052346e-05
S2_7822580 2 7822580 2.00668279752706e-05
S2_7822592 2 7822592 2.00668279752706e-05
S2_7836085 2 7836085 0.000120589228213046
S2_7836095 2 7836095 0.000904941902777747
S2_7836102 2 7836102 0.000904941902777747
S2_7871592 2 7871592 4.20350759747393e-05
S2_7871904 2 7871904 0.000964741364200469
S2_7900215 2 7900215 0.000174078343172125
S2_7900338 2 7900338 0.000133146606093652
S2_7900339 2 7900339 0.000133146606093628
S2_7900340 2 7900340 0.000133146606093628
S2_7985654 2 7985654 0.000133743035547478
S2_8203313 2 8203313 0.000109339617812424
S2_8203330 2 8203330 0.000109339617812417
S2_8203741 2 8203741 0.000532671608669653
S2_8203823 2 8203823 1.63357538722781e-05
S2_8258812 2 8258812 2.27733569979942e-05
S2_8266469 2 8266469 0.000809016238211118
S2_8340580 2 8340580 0.000504351692898317
S2_8487661 2 8487661 0.000685374028350677
S2_8570578 2 8570578 3.57289781993667e-05
S2_8582017 2 8582017 1.11744312730042e-05
S2_8650338 2 8650338 0.000409550305890611
S2_8760323 2 8760323 4.16605519015315e-05
S2_8827323 2 8827323 1.76728010799744e-06
S2_8829764 2 8829764 0.000364011403599481
S2_8852771 2 8852771 0.00016211285907568
S2_8914361 2 8914361 0.00036916784458346
S2_8914421 2 8914421 0.000846134788528863
S2_8917923 2 8917923 2.79771954295223e-05
S2_8973276 2 8973276 5.46457472215678e-05
S2_8975602 2 8975602 0.00042602480107525
S2_9042091 2 9042091 4.40813894312634e-05
S2_9087835 2 9087835 0.000234793422219106
S2_9096028 2 9096028 0.000906366069108297
S2_9329339 2 9329339 0.000459410606350398
S2_9329400 2 9329400 2.31768808301607e-07
S2_9524655 2 9524655 8.919502144887e-05
S2_9524745 2 9524745 4.4851309483989e-07
S2_9608489 2 9608489 0.000217766162581429
S2_9608495 2 9608495 1.67384020228749e-05
S2_9655871 2 9655871 2.87435905149783e-07
S2_9755056 2 9755056 0.00091036775649003
S2_10187521 2 10187521 0.000329895859425363
S2_10203158 2 10203158 0.000249648986211843
S2_10243906 2 10243906 0.000744987007037295
S2_10243985 2 10243985 4.40791064311192e-06
S2_10268238 2 10268238 7.36044361150138e-05
S2_10338939 2 10338939 0.000161089104970868
S2_10379005 2 10379005 0.000187867440556983
S2_10450147 2 10450147 0.000203175106867128
S2_10501009 2 10501009 0.000465141303246088
S2_10541932 2 10541932 2.92867873814151e-05
S2_10682101 2 10682101 0.000164848934640893
S2_10752516 2 10752516 4.71676378696325e-05
S2_10819374 2 10819374 0.000974971920372448
S2_10878254 2 10878254 9.34445867533249e-05
S2_10889366 2 10889366 3.11728351944855e-05
S2_11112679 2 11112679 0.000457475760943203
S2_11153017 2 11153017 0.000157018695693206
S2_11273497 2 11273497 4.90469854566269e-05
S2_11604042 2 11604042 0.000543005320421925
S2_11816972 2 11816972 0.000469067437444005
S2_11816984 2 11816984 0.000469067437444005
S2_12016261 2 12016261 7.30079519766409e-05
S2_12489599 2 12489599 0.00046843710954042
S2_12509679 2 12509679 0.000631522868152376
S2_12663530 2 12663530 6.84774992883281e-05
S2_12663711 2 12663711 7.3598817432658e-05
S2_12712011 2 12712011 2.20714743325588e-05
S2_12725908 2 12725908 0.000589530575843788
S2_12803218 2 12803218 0.000486730085052226
S2_12813629 2 12813629 0.000373154241711044
S2_12813647 2 12813647 0.000373154241711044
S2_12883853 2 12883853 0.000289658147356958
S2_13056612 2 13056612 0.000527449339790936
S2_13168923 2 13168923 0.000872176068522399
S2_13170977 2 13170977 0.000595113275357346
S2_13327197 2 13327197 0.000251847771511572
S2_13335173 2 13335173 0.000670472596959412
S2_13335234 2 13335234 7.01779655012566e-05
S2_13382343 2 13382343 0.000982903633530942
S2_13421831 2 13421831 6.67112871889442e-05
S2_13495881 2 13495881 1.24972454053919e-05
S2_13495882 2 13495882 1.24972454053919e-05
S2_13501226 2 13501226 0.000820326532612148
S2_13501419 2 13501419 0.000105155809033304
S2_13501428 2 13501428 0.000105155809033304
S2_13571777 2 13571777 0.000570593864808112
S2_13589342 2 13589342 0.000227630463818237
S2_13935517 2 13935517 5.33043183710375e-05
S2_14699473 2 14699473 0.000312885147755587
S2_14845056 2 14845056 3.11955495954096e-05
S2_14853542 2 14853542 9.26513332119717e-09
S2_14853543 2 14853543 6.86319928432673e-09
S2_14856312 2 14856312 0.000118878462264465
S2_14881144 2 14881144 0.000159094885128072
S2_14881145 2 14881145 0.000159094885128072
S2_14888402 2 14888402 4.20955167484278e-05
S2_14941021 2 14941021 0.000109254371975615
S2_15016709 2 15016709 0.000288445612953852
S2_15017634 2 15017634 0.000182964294183088
S2_15033862 2 15033862 0.000874652997138411
S2_15328475 2 15328475 0.000392794713521757
S2_16129291 2 16129291 0.000254152668917896
S2_16142501 2 16142501 0.000305731179318945
S2_16444576 2 16444576 0.000216157567588353
S2_16450014 2 16450014 0.000148548311818499
S2_16455887 2 16455887 3.65167151968315e-05
S2_16455903 2 16455903 0.000553912901374984
S2_16455924 2 16455924 0.000189525101229939
S2_16468894 2 16468894 0.000720155032290253
S2_16725313 2 16725313 0.000931845587272312
S2_17985466 2 17985466 0.000346163649817058
S2_18078071 2 18078071 0.000404821004441193
S2_19200153 2 19200153 4.23306647417163e-05
S2_19204988 2 19204988 8.01247065352789e-05
S2_19344193 2 19344193 2.44497408961181e-05
S2_19344196 2 19344196 2.44497408961181e-05
S2_19344198 2 19344198 2.44497408961181e-05
S2_19759739 2 19759739 4.40647310439148e-05
S2_19815962 2 19815962 0.000238859919656076
S2_19823491 2 19823491 0.000120136185159717
S2_19847906 2 19847906 3.70176807377108e-05
S2_19864937 2 19864937 8.31772551177753e-05
S2_19880265 2 19880265 0.000921209022545653
S2_20017270 2 20017270 0.000257567170944637
S2_20052911 2 20052911 0.000331813878354661
S2_20053040 2 20053040 0.000320372956533165
S2_20088341 2 20088341 0.000244696176451291
S2_20118653 2 20118653 0.000461260500061329
S2_20118715 2 20118715 0.000702516356438368
S2_20155797 2 20155797 0.000150335510868432
S2_20171729 2 20171729 0.000497989139200588
S2_20187623 2 20187623 0.000578800465406697
S2_20211106 2 20211106 8.75229589413819e-05
S2_20251693 2 20251693 0.000114903697628782
S2_20296221 2 20296221 0.000430334546253102
S2_20333377 2 20333377 0.000889996259180794
S2_20414859 2 20414859 0.000488474598068158
S2_20428110 2 20428110 0.000857490593612876
S2_20591054 2 20591054 2.27209615762055e-05
S2_20662428 2 20662428 0.000592376142191513
S2_20718810 2 20718810 0.000242089408485405
S2_20731257 2 20731257 7.13471723211961e-05
S2_20731352 2 20731352 0.000914415114944088
S2_20943496 2 20943496 2.96148264136206e-09
S2_20982445 2 20982445 0.000909218761408542
S2_20985050 2 20985050 0.000408396856370377
S2_20989082 2 20989082 6.49963189829184e-05
S2_20995109 2 20995109 0.000311461706642072
S2_21072388 2 21072388 0.000377667454352173
S2_21072389 2 21072389 0.000377667454352173
S2_21072390 2 21072390 0.000377667454352173
S2_21127994 2 21127994 0.000963473675763937
S2_21128184 2 21128184 0.000550877129757041
S2_21134431 2 21134431 2.28409051110546e-05
S2_21173914 2 21173914 0.000195813176125208
S2_21359901 2 21359901 0.000206500849588666
S2_21532557 2 21532557 0.00035331435201419
S2_21532719 2 21532719 0.000245047449776309
S2_21534180 2 21534180 0.000405182100658961
S2_21534333 2 21534333 0.000580060105062713
S2_21567909 2 21567909 0.000278355817478934
S2_21623548 2 21623548 2.64473419707636e-05
S2_21732653 2 21732653 0.00040215863087629
S2_22132561 2 22132561 0.000177775193048341
S2_22132577 2 22132577 0.000145195069196294
S2_22138224 2 22138224 7.22443039727486e-05
S2_22138611 2 22138611 0.000507628929875893
S2_22138630 2 22138630 0.000507628929875927
S2_22140651 2 22140651 0.000740305377265753
S2_22148048 2 22148048 0.000134760536778822
S2_22148250 2 22148250 0.000190180557379327
S2_22311334 2 22311334 0.000470255905907597
S2_22345671 2 22345671 0.00055524933957158
S2_22345688 2 22345688 0.00055524933957158
S2_22804027 2 22804027 3.70866753093871e-05
S2_23004465 2 23004465 0.000516074837004052
S2_23126634 2 23126634 0.000172330855746577
S2_23150702 2 23150702 0.00010784704816944
S2_23397237 2 23397237 1.46318774840528e-05
S2_24866716 2 24866716 7.11675730096272e-06
S2_24965756 2 24965756 8.74444687313726e-05
S2_24965806 2 24965806 8.74444687313726e-05
S2_25332897 2 25332897 0.000301693642433458
S2_25765914 2 25765914 2.43093632421036e-05
S2_26380403 2 26380403 0.000860894058893113
S2_27629427 2 27629427 6.06300697064948e-05
S2_31299444 2 31299444 0.000393487739653902
S2_31540068 2 31540068 0.000127713839500574
S2_31910138 2 31910138 0.000172446540378961
S2_36876713 2 36876713 0.000209835876270528
S2_37089568 2 37089568 0.000678628076960106
S2_37089576 2 37089576 0.000678628076960303
S2_37185405 2 37185405 0.000194600009951064
S2_37883709 2 37883709 4.37785871999468e-05
S2_39606424 2 39606424 0.000288271211464059
S2_40848095 2 40848095 0.000608293192565046
S2_42454155 2 42454155 0.000690252859335559
S2_42958571 2 42958571 0.000132537441953107
S2_45999765 2 45999765 7.9800956458331e-06
S2_45999766 2 45999766 7.9800956458331e-06
S2_46690174 2 46690174 0.000673850856168928
S2_46690177 2 46690177 0.000673850856168928
S2_46864814 2 46864814 0.000399086525488012
S2_48440345 2 48440345 0.000133529550829224
S2_48643639 2 48643639 0.000703058707888096
S2_49748164 2 49748164 8.49672130156959e-05
S2_49771756 2 49771756 0.000389226227964853
S2_49866896 2 49866896 0.000393436028125404
S2_50224497 2 50224497 7.64089899493004e-05
S2_50296322 2 50296322 0.000446131922185982
S2_50699686 2 50699686 0.000693996362715256
S2_50753721 2 50753721 0.000528917199018205
S2_50798227 2 50798227 0.000409230954424831
S2_50927323 2 50927323 0.000849612012865308
S2_50927366 2 50927366 0.000232835391941773
S2_50927632 2 50927632 0.000499036508791654
S2_51109041 2 51109041 5.10311061581691e-05
S2_51246083 2 51246083 0.000862792506305836
S2_51255409 2 51255409 0.00023097158803276
S2_51563804 2 51563804 9.82038809203431e-05
S2_51770156 2 51770156 1.15315517958688e-09
S2_51974386 2 51974386 8.20485788679672e-08
S2_52036816 2 52036816 3.44809794620798e-05
S2_52036834 2 52036834 3.44809794620778e-05
S2_52314147 2 52314147 2.9047898957822e-05
S2_52505024 2 52505024 0.000442208584325447
S2_52647707 2 52647707 0.000428548332709309
S2_52771627 2 52771627 8.28730895437624e-05
S2_52972113 2 52972113 2.60826002487853e-05
S2_53920125 2 53920125 0.000427758593338904
S2_53920955 2 53920955 0.000956429738096599
S2_53920980 2 53920980 2.88297775895495e-05
S2_54082601 2 54082601 0.00031873383284159
S2_54234730 2 54234730 0.000661253578485691
S2_54234750 2 54234750 0.000661253578485691
S2_54234887 2 54234887 0.00038716492876231
S2_54237862 2 54237862 9.62185890345535e-05
S2_54276826 2 54276826 0.000432868300356296
S2_54277709 2 54277709 0.000372147718192212
S2_54278639 2 54278639 0.000122411691654031
S2_54278652 2 54278652 0.000137351074677491
S2_54278807 2 54278807 0.00070596462469399
S2_54313468 2 54313468 0.000557539044429627
S2_54313480 2 54313480 0.000557539044429627
S2_54313486 2 54313486 0.000557539044429627
S2_54427980 2 54427980 0.000572377058919977
S2_54431391 2 54431391 0.000443099534310391
S2_54431446 2 54431446 0.000432248362404942
S2_54496825 2 54496825 0.000364405727458201
S2_54513456 2 54513456 0.000371607549160462
S2_54515166 2 54515166 0.000689752319319747
S2_54524944 2 54524944 0.000327493391368319
S2_54649266 2 54649266 1.63678658122853e-05
S2_54657200 2 54657200 9.81447461373903e-05
S2_54666116 2 54666116 6.51552401903768e-06
S2_54691090 2 54691090 0.000972764597719517
S2_54692604 2 54692604 0.000437160903728281
S2_54781070 2 54781070 0.000177995458424968
S2_54938390 2 54938390 0.00018855853706957
S2_55333760 2 55333760 0.000258679852378832
S2_55424299 2 55424299 9.12858597506654e-05
S2_55424981 2 55424981 0.000721500914482955
S2_55580901 2 55580901 0.000904295283742317
S2_55580902 2 55580902 0.000904295283742317
S2_55580903 2 55580903 0.000910887477315809
S2_55580904 2 55580904 0.000904295283742317
S2_55580905 2 55580905 0.000904295283742317
S2_55580906 2 55580906 0.000904295283742317
S2_55580908 2 55580908 0.000904295283742317
S2_55580910 2 55580910 0.000904295283742317
S2_55580916 2 55580916 0.000904295283742317
S2_55580918 2 55580918 0.000904295283742317
S2_55580919 2 55580919 0.000904295283742317
S2_55580920 2 55580920 0.000904295283742317
S2_55580921 2 55580921 0.000904295283742317
S2_55580923 2 55580923 0.000884649207766692
S2_55580925 2 55580925 0.000803906553131577
S2_55580926 2 55580926 0.000879772973515841
S2_55580928 2 55580928 0.000879772973515841
S2_55606223 2 55606223 5.88371946948805e-08
S2_55610593 2 55610593 1.0496069177557e-05
S2_55662719 2 55662719 0.000589689338057852
S2_55668639 2 55668639 8.74665180477594e-05
S2_55675702 2 55675702 0.000117066923190579
S2_55727399 2 55727399 0.000231672512022945
S2_55732386 2 55732386 0.000441442957398825
S2_55747146 2 55747146 5.1401819012302e-05
S2_55754842 2 55754842 3.02827803695296e-05
S2_55792258 2 55792258 0.000238888654092963
S2_55792299 2 55792299 0.000524536729380816
S2_55792306 2 55792306 0.000526563898946722
S2_55792310 2 55792310 0.000173816971908265
S2_55792841 2 55792841 0.000115777947646654
S2_55805498 2 55805498 0.000487825540172323
S2_55819445 2 55819445 3.87076028967976e-05
S2_55856493 2 55856493 4.27481841877423e-06
S2_55893851 2 55893851 1.00107735180027e-05
S2_55932644 2 55932644 1.97227604167597e-07
S2_55958468 2 55958468 7.64169443944275e-06
S2_55959917 2 55959917 2.28342673115487e-11
S2_56005737 2 56005737 0.000277717564562323
S2_56010016 2 56010016 1.9044579574324e-06
S2_56011769 2 56011769 0.000248194200827601
S2_56169105 2 56169105 0.000282685464166677
S2_56169119 2 56169119 0.000282685464166677
S2_56180965 2 56180965 0.000983418390074054
S2_56180983 2 56180983 0.000983418390074054
S2_56203305 2 56203305 1.72525512646745e-05
S2_56369559 2 56369559 1.1972222730965e-08
S2_56369569 2 56369569 1.1972222730965e-08
S2_56369583 2 56369583 1.25527369459569e-08
S2_56435388 2 56435388 3.04947517808159e-07
S2_56443037 2 56443037 2.36838453337252e-05
S2_56695343 2 56695343 0.000470907641494827
S2_56697381 2 56697381 0.000523164790131843
S2_56702905 2 56702905 0.000772539991493706
S2_56733251 2 56733251 0.000744259249035476
S2_56763607 2 56763607 0.000323062134478911
S2_56766413 2 56766413 0.000402757016264811
S2_56789916 2 56789916 2.71270177942013e-05
S2_56829711 2 56829711 1.63888147821192e-06
S2_56841143 2 56841143 0.000338524636166141
S2_56847726 2 56847726 0.000466807906719679
S2_56859074 2 56859074 0.000748507301042536
S2_56882792 2 56882792 3.39803678987376e-06
S2_56882796 2 56882796 2.14386186477299e-06
S2_56905618 2 56905618 1.85226275001886e-05
S2_56905638 2 56905638 3.14812194412016e-05
S2_56905659 2 56905659 2.59307696083294e-05
S2_56918132 2 56918132 1.36350763596307e-05
S2_56918230 2 56918230 0.000761821473910064
S2_56918233 2 56918233 0.000543276708379274
S2_56918236 2 56918236 0.000607077717562477
S2_56918664 2 56918664 0.000143989543501719
S2_56923866 2 56923866 0.000533089495542862
S2_56926493 2 56926493 4.65589567851328e-05
S2_56926494 2 56926494 4.61353309871869e-05
S2_56963268 2 56963268 8.23208978542347e-05
S2_56963277 2 56963277 2.07450962341935e-10
S2_56963287 2 56963287 8.23208978542347e-05
S2_56979034 2 56979034 0.000195505852549063
S2_57142833 2 57142833 5.85760888108172e-05
S2_57159347 2 57159347 7.51352537233598e-07
S2_57159349 2 57159349 4.26105047847798e-07
S2_57159350 2 57159350 1.88132614910273e-07
S2_57159351 2 57159351 4.26105047847798e-07
S2_57159352 2 57159352 4.26105047847798e-07
S2_57159353 2 57159353 5.95672831603731e-06
S2_57159354 2 57159354 8.23300199210628e-07
S2_57252572 2 57252572 0.000815949166737052
S2_57255233 2 57255233 0.000698023385334943
S2_57443160 2 57443160 1.14914138292483e-05
S2_57443189 2 57443189 0.000274350535277241
S2_57447779 2 57447779 0.000750005940657685
S2_57447783 2 57447783 0.000750005940657685
S2_57448195 2 57448195 0.000508188053604087
S2_57448219 2 57448219 0.000508188053604087
S2_57448306 2 57448306 0.000150851097559487
S2_57448717 2 57448717 4.30480695569638e-05
S2_57448746 2 57448746 0.000254486089943276
S2_57454150 2 57454150 0.000271398863475967
S2_57454153 2 57454153 0.000271398863475967
S2_57466505 2 57466505 0.000685633684469316
S2_57518554 2 57518554 9.74922215831064e-06
S2_57773674 2 57773674 0.000586861722971864
S2_57803723 2 57803723 1.7157912817419e-07
S2_57846980 2 57846980 0.000808475110537755
S2_57847112 2 57847112 2.09547371320553e-05
S2_57848439 2 57848439 0.000114137963704159
S2_57861543 2 57861543 6.78972557277702e-05
S2_58024116 2 58024116 0.000185252691028819
S2_58072230 2 58072230 7.78244704534423e-05
S2_58072875 2 58072875 9.40559838593649e-05
S2_58196192 2 58196192 5.81132036100161e-06
S2_58288838 2 58288838 0.000195718285325871
S2_58410349 2 58410349 0.000658942001142191
S2_58430567 2 58430567 6.97339321309707e-05
S2_58501105 2 58501105 0.000263938252008265
S2_58507449 2 58507449 0.000558396599186522
S2_58556407 2 58556407 0.000170780556539637
S2_58556453 2 58556453 0.000894277374489623
S2_58573796 2 58573796 1.69713886562552e-05
S2_58598943 2 58598943 0.00059738692098928
S2_58598961 2 58598961 0.000686917236025268
S2_58598966 2 58598966 0.00059738692098928
S2_58598968 2 58598968 0.00059738692098928
S2_58607513 2 58607513 0.000995605483029382
S2_58638598 2 58638598 1.64368375102599e-05
S2_58688592 2 58688592 3.77383952773545e-06
S2_58701455 2 58701455 1.30625878166345e-07
S2_58701456 2 58701456 1.14443499465094e-07
S2_58701458 2 58701458 1.30625878166388e-07
S2_58756130 2 58756130 0.000167549868061423
S2_58757558 2 58757558 3.05443705828399e-06
S2_58759044 2 58759044 0.000125032470542325
S2_58841626 2 58841626 7.43089670372483e-06
S2_58841627 2 58841627 2.09623424120876e-06
S2_58841831 2 58841831 9.42341054230589e-05
S2_58844492 2 58844492 1.42830825343895e-06
S2_58846287 2 58846287 2.14783037821155e-07
S2_58847443 2 58847443 2.76298762810428e-06
S2_58865523 2 58865523 1.70820969377268e-05
S2_58880120 2 58880120 0.00048252981622666
S2_58901882 2 58901882 0.000245098109697178
S2_58904279 2 58904279 1.7514103784396e-08
S2_58910541 2 58910541 3.81866402347177e-06
S2_58955212 2 58955212 3.85243520031445e-07
S2_58963893 2 58963893 0.000469964159032706
S2_58997925 2 58997925 1.02532608377817e-08
S2_59084278 2 59084278 1.01124363967491e-08
S2_59131511 2 59131511 0.000342866761135274
S2_59134841 2 59134841 8.00562132195653e-12
S2_59134992 2 59134992 3.73858436488561e-08
S2_59158546 2 59158546 2.54611809967528e-06
S2_59179852 2 59179852 0.000382526791655781
S2_59179902 2 59179902 0.00030795436767807
S2_59179903 2 59179903 0.000307954367678111
S2_59179905 2 59179905 0.000330239929094994
S2_59240834 2 59240834 9.33058771585129e-11
S2_59242696 2 59242696 0.000128004112176482
S2_59242847 2 59242847 0.000288434429126375
S2_59243957 2 59243957 0.000168785074173384
S2_59254582 2 59254582 2.562714956083e-08
S2_59341310 2 59341310 0.000777177429796534
S2_59439999 2 59439999 0.000415071358432665
S2_59570818 2 59570818 1.21542734340377e-05
S2_59570819 2 59570819 1.26583754910341e-05
S2_59570820 2 59570820 1.26583754910341e-05
S2_59572992 2 59572992 8.59104243553002e-05
S2_59589362 2 59589362 4.75764048301001e-06
S2_59600060 2 59600060 1.22910341151355e-06
S2_59600175 2 59600175 0.000935997815672366
S2_59610243 2 59610243 0.000133684094343186
S2_59619523 2 59619523 3.61585120902517e-09
S2_59620028 2 59620028 2.20015691643716e-05
S2_59627869 2 59627869 4.75492632889382e-05
S2_59630393 2 59630393 0.000796162201694313
S2_59637339 2 59637339 9.92230667028696e-05
S2_59637473 2 59637473 3.13024203662423e-05
S2_59637475 2 59637475 3.13024203662423e-05
S2_59637506 2 59637506 4.15135979068127e-05
S2_59637632 2 59637632 0.000366374178510959
S2_59644973 2 59644973 7.04332298145594e-08
S2_59645397 2 59645397 0.000670635454942111
S2_59657450 2 59657450 4.01980564813502e-05
S2_59694465 2 59694465 0.000997255082440445
S2_59697337 2 59697337 4.38000622174688e-05
S2_59700973 2 59700973 6.17667089021013e-05
S2_59709007 2 59709007 4.99365109704202e-05
S2_59722758 2 59722758 0.000866461100783775
S2_59724563 2 59724563 8.67961591637221e-10
S2_59727243 2 59727243 0.000143918585910249
S2_59734236 2 59734236 2.72107631740678e-05
S2_59734440 2 59734440 0.000677865811381157
S2_59734479 2 59734479 1.44063863294254e-08
S2_59737933 2 59737933 0.000120654875705384
S2_59739259 2 59739259 3.10148764670832e-06
S2_59739476 2 59739476 1.9087197246854e-05
S2_59806538 2 59806538 4.8185283113921e-12
S2_59915080 2 59915080 0.000278398987552632
S2_60032850 2 60032850 0.000967484251073015
S2_60061189 2 60061189 3.21483890758145e-07
S2_60138373 2 60138373 8.56761306771358e-09
S2_60139200 2 60139200 8.58141286803152e-05
S2_60139203 2 60139203 8.58141286803152e-05
S2_60139205 2 60139205 8.58141286803152e-05
S2_60147000 2 60147000 0.000537773440989045
S2_60182865 2 60182865 2.23930056585404e-08
S2_60228069 2 60228069 9.87913421424081e-06
S2_60230364 2 60230364 0.00043588541870813
S2_60250254 2 60250254 0.000634119860596128
S2_60256666 2 60256666 0.000544447157711715
S2_60321067 2 60321067 3.43445679660806e-05
S2_60355271 2 60355271 2.54375110702669e-05
S2_60355283 2 60355283 0.000152076547059565
S2_60358022 2 60358022 0.000290204548161112
S2_60425765 2 60425765 0.000819219343308166
S2_60429854 2 60429854 0.000103829447228389
S2_60434759 2 60434759 0.000191806843857355
S2_60450175 2 60450175 0.000573016361675029
S2_60450334 2 60450334 3.41058176235565e-07
S2_60452559 2 60452559 4.79718354582233e-05
S2_60453052 2 60453052 9.38190410615857e-06
S2_60457893 2 60457893 2.51019222938862e-09
S2_60457921 2 60457921 2.51019222938882e-09
S2_60464996 2 60464996 1.38508574607456e-06
S2_60582039 2 60582039 8.10301065730834e-05
S2_60586676 2 60586676 1.68863114186772e-05
S2_60586687 2 60586687 0.000978359900741684
S2_60587949 2 60587949 5.03382128901039e-05
S2_60645524 2 60645524 8.84151165164635e-05
S2_60694620 2 60694620 0.000202834678993908
S2_60717599 2 60717599 2.09934507614495e-06
S2_60759109 2 60759109 2.18036019054843e-06
S2_60823263 2 60823263 0.000683347375763847
S2_60832291 2 60832291 0.000145036141988192
S2_60986817 2 60986817 4.96748174434402e-09
S2_60986820 2 60986820 4.96748174434595e-09
S2_60998228 2 60998228 9.55359851284385e-07
S2_61018697 2 61018697 8.42172340394548e-06
S2_61044256 2 61044256 2.34402900969429e-05
S2_61044294 2 61044294 2.34142297918849e-05
S2_61059175 2 61059175 0.000617317683878743
S2_61066150 2 61066150 0.000266006839850502
S2_61073386 2 61073386 3.41405788231707e-06
S2_61096458 2 61096458 0.000365327650581807
S2_61097455 2 61097455 8.44097728940944e-09
S2_61099072 2 61099072 2.34781033652544e-08
S2_61104037 2 61104037 0.000824685779372063
S2_61104358 2 61104358 1.20150298150243e-08
S2_61117543 2 61117543 1.57032782819835e-05
S2_61123200 2 61123200 5.40873766516968e-06
S2_61123230 2 61123230 5.40873766516968e-06
S2_61125583 2 61125583 6.49890127224129e-05
S2_61140049 2 61140049 0.000779878532759504
S2_61148103 2 61148103 0.00028354563530819
S2_61148104 2 61148104 0.000931401733068146
S2_61148109 2 61148109 0.000931401733068146
S2_61148117 2 61148117 0.000828149798529831
S2_61165830 2 61165830 0.000623351658976106
S2_61165845 2 61165845 0.000623351658976106
S2_61175708 2 61175708 0.000792001330108793
S2_61258765 2 61258765 1.26172516691112e-07
S2_61331815 2 61331815 0.000192275767882062
S2_61354263 2 61354263 0.000878673973491325
S2_61369482 2 61369482 0.000233812949301095
S2_61396877 2 61396877 0.000385958684458267
S2_61428463 2 61428463 0.000199365763636925
S2_61428497 2 61428497 0.000456967235823262
S2_61431092 2 61431092 0.000494729826531588
S2_61448133 2 61448133 7.22921473390571e-05
S2_61448165 2 61448165 1.04632041203767e-05
S2_61455101 2 61455101 6.32399175029015e-05
S2_61458602 2 61458602 0.000501953931844562
S2_61462503 2 61462503 4.03673405738418e-06
S2_61466251 2 61466251 0.000433098896108272
S2_61468795 2 61468795 2.35132275725419e-05
S2_61527085 2 61527085 2.28365011850144e-07
S2_61536363 2 61536363 1.56250556274547e-05
S2_61536367 2 61536367 3.61644261051141e-08
S2_61539608 2 61539608 0.000609897961580786
S2_61543248 2 61543248 1.94288956133988e-05
S2_61569162 2 61569162 8.87774943308461e-05
S2_61572370 2 61572370 0.000367527125150458
S2_61574032 2 61574032 0.000885347261152926
S2_61575492 2 61575492 3.01993398688357e-07
S2_61616376 2 61616376 0.000227653078167414
S2_61620029 2 61620029 0.000678866471712452
S2_61620367 2 61620367 1.18183932298429e-06
S2_61662921 2 61662921 0.000687914353700342
S2_61662959 2 61662959 0.000687914353700533
S2_61684525 2 61684525 0.00011436465512393
S2_61711436 2 61711436 0.000139868143102915
S2_61757320 2 61757320 3.97924544804425e-06
S2_61759686 2 61759686 0.00029612782190655
S2_61762786 2 61762786 0.000118439076454545
S2_61765512 2 61765512 2.12874808644808e-06
S2_61808869 2 61808869 0.000211514397416153
S2_61828141 2 61828141 2.17595432503006e-05
S2_61987079 2 61987079 0.000173296085500278
S2_61987080 2 61987080 0.000173296085500278
S2_61989650 2 61989650 0.000224636373944479
S2_62063896 2 62063896 8.70928222043887e-05
S2_62107230 2 62107230 0.000619068860219586
S2_62124082 2 62124082 0.000191955264868208
S2_62373808 2 62373808 0.000244668322009169
S2_62373816 2 62373816 0.000244668322009169
S2_62482269 2 62482269 6.18820877584658e-09
S2_62677128 2 62677128 9.76672121127227e-06
S2_62768407 2 62768407 0.000360818194688176
S2_62942979 2 62942979 0.000341021686822745
S2_62942998 2 62942998 0.000341021686822745
S2_62943008 2 62943008 0.000341021686822745
S2_62944915 2 62944915 0.000527257592246267
S2_62946540 2 62946540 0.000810114667495187
S2_62946544 2 62946544 0.000810114667495187
S2_62946770 2 62946770 0.000944426578910666
S2_62950363 2 62950363 0.000432297911616209
S2_62950378 2 62950378 0.000211219156016947
S2_62950479 2 62950479 0.000209674469058054
S2_62973669 2 62973669 0.000242090796182782
S2_62985364 2 62985364 0.000699912592067965
S2_63164612 2 63164612 0.000656309723430223
S2_63210916 2 63210916 0.000252205406710221
S2_63220768 2 63220768 0.00026709761121105
S2_63412000 2 63412000 0.000308788526296086
S2_63420563 2 63420563 0.000655623906046787
S2_63501224 2 63501224 0.000325872655199087
S2_63501225 2 63501225 0.000325872655199087
S2_63529227 2 63529227 0.00097343606365771
S2_63532133 2 63532133 0.000593596334840963
S2_63600200 2 63600200 0.000241068207696677
S2_63683491 2 63683491 0.000864746399296106
S2_63695751 2 63695751 0.000494351804304022
S2_63696110 2 63696110 0.00036278085587016
S2_64197681 2 64197681 0.000149067783230302
S2_64268322 2 64268322 8.30932658405675e-06
S2_64278706 2 64278706 6.05937185807033e-05
S2_64290146 2 64290146 1.19167881338548e-07
S2_64317182 2 64317182 0.000669169716725886
S2_64342113 2 64342113 3.83559625526986e-05
S2_64711960 2 64711960 0.000229749986998737
S2_64717470 2 64717470 0.000320554420794642
S2_64730242 2 64730242 0.000307302240903428
S2_64730371 2 64730371 0.000636666725465962
S2_64730379 2 64730379 0.000974925602120992
S2_64778280 2 64778280 7.20175552558114e-05
S2_64907032 2 64907032 9.92880898859692e-05
S2_64907034 2 64907034 8.89989169516428e-06
S2_64991130 2 64991130 0.000153602869169457
S2_65136676 2 65136676 0.000237809935658052
S2_65136678 2 65136678 0.000399523106530374
S2_65270806 2 65270806 0.000259565622879367
S2_65270809 2 65270809 0.000526372775338525
S2_65271546 2 65271546 9.17075523255241e-05
S2_65272184 2 65272184 0.000103920530113521
S2_65276626 2 65276626 6.1177778492567e-05
S2_65441418 2 65441418 9.70549586222881e-05
S2_65453192 2 65453192 0.000823688345614038
S2_65458239 2 65458239 0.000560071523231488
S2_65465205 2 65465205 0.000795815468639219
S2_65489796 2 65489796 0.000185458192675367
S2_65512542 2 65512542 0.000313339940306474
S2_65512543 2 65512543 0.000313339940306474
S2_65547950 2 65547950 0.000403708750837426
S2_65547958 2 65547958 0.0004703218135194
S2_65549946 2 65549946 3.11490027912464e-06
S2_65643319 2 65643319 0.000583706021351802
S2_65663365 2 65663365 0.000234183133810994
S2_65666843 2 65666843 0.000590856773755782
S2_65694131 2 65694131 0.000492832952299819
S2_65720192 2 65720192 0.000974849233605631
S2_65728330 2 65728330 0.000152421067168536
S2_65758983 2 65758983 0.000442008750824882
S2_65804242 2 65804242 0.000149056271655009
S2_65825613 2 65825613 0.00082841838914162
S2_65828208 2 65828208 3.06320181052772e-05
S2_65833165 2 65833165 7.87907691170323e-06
S2_65866015 2 65866015 5.05975132923362e-05
S2_65875313 2 65875313 2.16042736708393e-05
S2_65877949 2 65877949 0.000167569232160862
S2_65880646 2 65880646 9.83876269961561e-06
S2_65883971 2 65883971 0.000853599449332
S2_65993181 2 65993181 0.000630826591736861
S2_66083265 2 66083265 0.000242985783424794
S2_66185670 2 66185670 0.000908678234799787
S2_66301443 2 66301443 0.000246846995980863
S2_66303270 2 66303270 7.32857660249903e-08
S2_66376728 2 66376728 0.000724054124312189
S2_66418832 2 66418832 3.93650206053014e-05
S2_66685911 2 66685911 9.07264923162489e-05
S2_66709502 2 66709502 0.00024029051622068
S2_66718914 2 66718914 0.000456068711936117
S2_66789369 2 66789369 0.00017768057208907
S2_67010225 2 67010225 0.000129727678124843
S2_67114055 2 67114055 0.000872049429104207
S2_67120005 2 67120005 0.000122696056968126
S2_67162906 2 67162906 1.48119099977723e-05
S2_67198780 2 67198780 0.000282377299056735
S2_67270018 2 67270018 0.000920050713633467
S2_67357368 2 67357368 0.00011874826082139
S2_67357372 2 67357372 0.00011874826082139
S2_67357397 2 67357397 0.000141635611997824
S2_67528343 2 67528343 9.15923839051568e-05
S2_67575854 2 67575854 5.07754808410182e-05
S2_67639966 2 67639966 0.000138502602947055
S2_67652907 2 67652907 0.000620387068274538
S2_67721299 2 67721299 9.79240429438229e-05
S2_67774388 2 67774388 0.000196781156197509
S2_67807097 2 67807097 0.000712654740771756
S2_67810089 2 67810089 5.08990901125026e-08
S2_67825170 2 67825170 4.14123008840792e-05
S2_67844675 2 67844675 0.000221464662657637
S2_67860402 2 67860402 7.25789741038137e-05
S2_68059702 2 68059702 2.87078738955502e-07
S2_68223518 2 68223518 5.18231538402741e-05
S2_68319177 2 68319177 8.2310031899763e-05
S2_68326686 2 68326686 7.70326139662096e-05
S2_68338313 2 68338313 0.000510540276301055
S2_68339356 2 68339356 0.00082380931035846
S2_68423417 2 68423417 2.58152027978104e-05
S2_68477326 2 68477326 0.000353887085321125
S2_68506740 2 68506740 0.000410673080708827
S2_68627575 2 68627575 0.000305230644751394
S2_68636873 2 68636873 0.000641642108323847
S2_68667130 2 68667130 0.000204258558099078
S2_68667135 2 68667135 0.000204258558099106
S2_68667137 2 68667137 0.000202546684545491
S2_68667143 2 68667143 0.000204258558099078
S2_68667241 2 68667241 8.98327202329054e-05
S2_68860344 2 68860344 0.000162004991900686
S2_68867743 2 68867743 3.72402466409221e-07
S2_68960531 2 68960531 0.000643051546030335
S2_69115590 2 69115590 0.000151123221460228
S2_69116232 2 69116232 0.000479094789237599
S2_69131781 2 69131781 0.000233723631064395
S2_69145080 2 69145080 0.000195354160573465
S2_69166659 2 69166659 0.00045853510236284
S2_69188308 2 69188308 0.000924735057936844
S2_69457190 2 69457190 0.000932984971031782
S2_69457212 2 69457212 3.40186341919844e-06
S2_69476523 2 69476523 0.000352546737440936
S2_69590572 2 69590572 0.000625875526766739
S2_69615157 2 69615157 1.42042305783956e-09
S2_69638816 2 69638816 7.52389482307127e-06
S2_69639143 2 69639143 0.000799259023446121
S2_69646869 2 69646869 0.000168504557618279
S2_69652038 2 69652038 0.000710585099821295
S2_69652059 2 69652059 1.77017090893381e-06
S2_69684790 2 69684790 0.000157938185517219
S2_69684797 2 69684797 0.000157938185517219
S2_69684799 2 69684799 0.000157938185517274
S2_69706420 2 69706420 0.000499648352852861
S2_69706606 2 69706606 0.00065727467924092
S2_69707033 2 69707033 0.000475428237692544
S2_69739201 2 69739201 0.000523401489623413
S2_69752876 2 69752876 0.000175675178302499
S2_69753395 2 69753395 9.32259079706056e-05
S2_69753433 2 69753433 9.32259079705925e-05
S2_69753439 2 69753439 0.000304853757533545
S2_69753573 2 69753573 0.000184665967485056
S2_69757865 2 69757865 0.000781215874417196
S2_69757902 2 69757902 2.12644011696776e-06
S2_69761889 2 69761889 4.01967318575402e-05
S2_69788154 2 69788154 9.73478460130077e-05
S2_69803252 2 69803252 0.000999550318069283
S2_69820498 2 69820498 1.21013833299999e-06
S2_69820499 2 69820499 6.86201787876295e-06
S2_69825026 2 69825026 0.000166165823906666
S2_69838625 2 69838625 0.000500591995591917
S2_69859850 2 69859850 2.8252692892889e-05
S2_69889398 2 69889398 0.000912988712125082
S2_69889548 2 69889548 7.68543602780781e-08
S2_69891842 2 69891842 1.2690103749635e-08
S2_69897201 2 69897201 0.000190813230828204
S2_69921295 2 69921295 7.54668030836377e-10
S2_69921302 2 69921302 7.54668030836377e-10
S2_69921506 2 69921506 0.000414553706918553
S2_69923544 2 69923544 5.52910256529194e-05
S2_69923545 2 69923545 5.52910256529194e-05
S2_69926511 2 69926511 1.76491335360479e-05
S2_69938401 2 69938401 0.000381437055777391
S2_69942185 2 69942185 0.000354230274110831
S2_69944225 2 69944225 2.43919036920497e-07
S2_69951821 2 69951821 0.000438044172764998
S2_69973231 2 69973231 0.00011600973317354
S2_69973234 2 69973234 0.000417953999147549
S2_69973235 2 69973235 0.00011600973317354
S2_69973238 2 69973238 0.00011600973317354
S2_69984539 2 69984539 0.000729688599913386
S2_70005448 2 70005448 0.000860119395404223
S2_70005452 2 70005452 0.000703887251300486
S2_70006089 2 70006089 0.000214097325235402
S2_70008870 2 70008870 0.000120113602266148
S2_70008898 2 70008898 0.000120113602266148
S2_70010801 2 70010801 2.50532653513406e-05
S2_70049249 2 70049249 1.68599180934141e-05
S2_70049906 2 70049906 1.41903124579179e-08
S2_70053732 2 70053732 0.000986155849040263
S2_70055775 2 70055775 3.25246961689123e-08
S2_70055782 2 70055782 5.94469471595039e-12
S2_70056063 2 70056063 0.000919422471646916
S2_70056165 2 70056165 3.47920567552969e-06
S2_70058927 2 70058927 2.11328442272222e-05
S2_70061991 2 70061991 5.50033545573989e-07
S2_70084674 2 70084674 2.28383163177198e-05
S2_70093876 2 70093876 5.69454405947276e-05
S2_70093877 2 70093877 0.000117039472578823
S2_70094488 2 70094488 3.02049805754903e-05
S2_70097665 2 70097665 0.000369119209011884
S2_70281819 2 70281819 0.000540295013939235
S2_70281984 2 70281984 0.000145669540421889
S2_70302402 2 70302402 0.000116745791795184
S2_70314415 2 70314415 5.67973475532089e-05
S2_70343823 2 70343823 0.000221899079418012
S2_70369218 2 70369218 0.000586737438006523
S2_70388280 2 70388280 0.000504279879241018
S2_70388520 2 70388520 0.000209008456550414
S2_70390769 2 70390769 0.00011360505340363
S2_70390770 2 70390770 0.00011360505340363
S2_70390771 2 70390771 0.00011360505340363
S2_70390774 2 70390774 0.00011360505340363
S2_70411483 2 70411483 0.000507309983145519
S2_70460871 2 70460871 0.000237456496687946
S2_70460890 2 70460890 1.37622855573424e-10
S2_70460892 2 70460892 4.1897019108882e-08
S2_70517105 2 70517105 0.000482565781016107
S2_70517110 2 70517110 0.000143698413323382
S2_70517378 2 70517378 7.09554178051594e-05
S2_70521745 2 70521745 0.000876768267472004
S2_70521787 2 70521787 3.78294866177214e-08
S2_70523075 2 70523075 3.19964688495669e-07
S2_70523285 2 70523285 0.000164451076725861
S2_70524505 2 70524505 4.94805519961907e-05
S2_70531804 2 70531804 0.00035198119005489
S2_70534151 2 70534151 6.72677861559766e-07
S2_70534160 2 70534160 6.72677861559766e-07
S2_70554653 2 70554653 4.35080443469987e-07
S2_70584618 2 70584618 2.04088416253427e-09
S2_70638391 2 70638391 1.1617610443588e-05
S2_70669647 2 70669647 0.000530074724605382
S2_70669666 2 70669666 0.000678983767350839
S2_70687739 2 70687739 7.10464405783245e-05
S2_70687741 2 70687741 1.3367839278868e-12
S2_70698810 2 70698810 5.39553079852237e-05
S2_70716973 2 70716973 4.41308183861983e-07
S2_70720794 2 70720794 5.5311803486061e-06
S2_70723320 2 70723320 0.000161441606285326
S2_70723339 2 70723339 0.000161441606285326
S2_70723360 2 70723360 5.57124984492135e-05
S2_70729091 2 70729091 8.73851193194614e-05
S2_70733506 2 70733506 0.000543333556425612
S2_70764225 2 70764225 6.80085618235806e-05
S2_70804416 2 70804416 0.000324337402340113
S2_70804474 2 70804474 0.000525933362179226
S2_70804475 2 70804475 0.000115788298960652
S2_70854720 2 70854720 2.70254619302311e-07
S2_70856252 2 70856252 6.71181521825637e-05
S2_70856424 2 70856424 4.98993801081159e-06
S2_70900443 2 70900443 0.000791211382693108
S2_70909080 2 70909080 0.000525580674387949
S2_70909541 2 70909541 0.000581178082247761
S2_70911685 2 70911685 0.000931523111909521
S2_70918596 2 70918596 2.31196683288004e-07
S2_70944313 2 70944313 0.000262586240562966
S2_70980495 2 70980495 0.000613108117362045
S2_71011169 2 71011169 0.000227306686143622
S2_71027721 2 71027721 0.000273411233067094
S2_71027725 2 71027725 0.000273411233067094
S2_71027743 2 71027743 0.000361143779540691
S2_71027758 2 71027758 0.00048275641958808
S2_71073971 2 71073971 0.000790657012898612
S2_71128779 2 71128779 0.000231505584387255
S2_71263303 2 71263303 4.07326145735635e-05
S2_71263323 2 71263323 4.33150597287931e-05
S2_71358664 2 71358664 0.000559544187989139
S2_71358665 2 71358665 0.000559544187989139
S2_71402026 2 71402026 0.00046046710132169
S2_71419274 2 71419274 0.000171846181591146
S2_71420647 2 71420647 0.000129645741336601
S2_71420664 2 71420664 0.000129645741336601
S2_71420678 2 71420678 0.000129645741336601
S2_71430064 2 71430064 6.45521675120387e-08
S2_71430065 2 71430065 0.000239156620560633
S2_71430067 2 71430067 3.91674842527666e-05
S2_71431030 2 71431030 2.31312357214866e-07
S2_71431064 2 71431064 2.31312357214866e-07
S2_71431785 2 71431785 0.00011275638644603
S2_71431786 2 71431786 0.000112756386446014
S2_71452880 2 71452880 0.000245252031858271
S2_71452956 2 71452956 0.000234373017751053
S2_71455546 2 71455546 2.34051608534353e-06
S2_71458490 2 71458490 7.97969570432618e-07
S2_71458494 2 71458494 9.23867644001052e-06
S2_71458517 2 71458517 9.23867644000956e-06
S2_71458600 2 71458600 6.3066402630726e-06
S2_71458603 2 71458603 6.3066402630726e-06
S2_71458624 2 71458624 3.13512143514175e-05
S2_71458629 2 71458629 3.13512143514201e-05
S2_71461811 2 71461811 1.64535621696057e-05
S2_71461817 2 71461817 1.64535621696057e-05
S2_71461823 2 71461823 0.000273235667441964
S2_71461921 2 71461921 4.9455643299627e-05
S2_71463984 2 71463984 6.33742496264026e-08
S2_71467826 2 71467826 0.000153296540546786
S2_71467860 2 71467860 0.000402274120981077
S2_71555959 2 71555959 0.000896916721684055
S2_71562070 2 71562070 0.000336466863146886
S2_71576832 2 71576832 6.63905994990464e-05
S2_71577267 2 71577267 8.70954730721292e-05
S2_71577290 2 71577290 8.70954730721413e-05
S2_71591745 2 71591745 0.000920870191760676
S2_71591750 2 71591750 0.000762721536323889
S2_71591763 2 71591763 0.000762721536323889
S2_71602001 2 71602001 4.11952853089527e-05
S2_71610610 2 71610610 0.0002298238575678
S2_71611657 2 71611657 5.09496787348528e-06
S2_71611701 2 71611701 0.000914943702378774
S2_71628544 2 71628544 0.000179003059752709
S2_71633397 2 71633397 8.53492085368036e-09
S2_71640392 2 71640392 0.00046021714813759
S2_71653506 2 71653506 0.000766778215537537
S2_71670187 2 71670187 0.000820537672081553
S2_71749938 2 71749938 1.41019435856581e-08
S2_71756315 2 71756315 2.52486261153144e-07
S2_71773135 2 71773135 9.66651380175592e-06
S2_71793435 2 71793435 2.06751590422994e-07
S2_71827091 2 71827091 1.45934847783705e-08
S2_71827770 2 71827770 1.16255869541797e-08
S2_71827771 2 71827771 1.3490462479359e-07
S2_71827772 2 71827772 6.55924028308140e-09
S2_71827778 2 71827778 2.50175102329317e-08
S2_71828446 2 71828446 0.000781263652388932
S2_71828542 2 71828542 1.89531853907068e-05
S2_71830698 2 71830698 6.02394298934647e-08
S2_71831912 2 71831912 2.70218239812873e-06
S2_71843398 2 71843398 0.000732505839441016
S2_71843690 2 71843690 0.000285555934977592
S2_71878125 2 71878125 0.000684478708383926
S2_71955512 2 71955512 0.00064369633452463
S2_71994429 2 71994429 8.44071000521183e-05
S2_72194797 2 72194797 5.29684807500795e-05
S2_72332796 2 72332796 0.000336916485041997
S2_72332800 2 72332800 0.000336916485042031
S2_72338045 2 72338045 0.0009189483915279
S2_72362323 2 72362323 0.000140992270809967
S2_72372157 2 72372157 1.04962783229569e-06
S2_72379539 2 72379539 7.27512017078409e-05
S2_72402840 2 72402840 1.62355744195944e-05
S2_72403903 2 72403903 7.00231312596501e-05
S2_72406663 2 72406663 5.94445915539781e-07
S2_72406669 2 72406669 5.94445915539781e-07
S2_72413244 2 72413244 9.11211366031441e-06
S2_72413593 2 72413593 0.000432620436313314
S2_72420897 2 72420897 0.000775571457571646
S2_72420904 2 72420904 0.000169891110434476
S2_72426197 2 72426197 1.05593983677027e-06
S2_72426198 2 72426198 8.91957824205648e-07
S2_72448541 2 72448541 0.000344406556714106
S2_72452689 2 72452689 9.24345052874258e-05
S2_72452973 2 72452973 3.14132071876004e-06
S2_72461694 2 72461694 0.000714037162681516
S2_72467609 2 72467609 0.000133814161726683
S2_72467611 2 72467611 0.000142303085705447
S2_72469736 2 72469736 3.12626757184923e-05
S2_72472297 2 72472297 0.000974628965276599
S2_72491969 2 72491969 0.000641463758492078
S2_72491971 2 72491971 3.09118730731281e-05
S2_72508501 2 72508501 0.000601556045584491
S2_72520197 2 72520197 5.44869305669835e-05
S2_72540429 2 72540429 0.000132061521721697
S2_72548247 2 72548247 0.000477413654341148
S2_72548416 2 72548416 8.83171905226771e-05
S2_72585552 2 72585552 0.000456907071527179
S2_72638446 2 72638446 5.70599056209933e-06
S2_72638516 2 72638516 0.000103823209477576
S2_72651375 2 72651375 7.13551842348509e-07
S2_72655808 2 72655808 1.54324947243913e-05
S2_72668782 2 72668782 3.71177542768475e-10
S2_72669170 2 72669170 0.000133895378057881
S2_72669269 2 72669269 2.12392955364184e-05
S2_72669600 2 72669600 7.21877291403403e-05
S2_72669679 2 72669679 7.04355266458456e-06
S2_72711934 2 72711934 5.45452105393371e-06
S2_72714509 2 72714509 0.000106697062187461
S2_72719855 2 72719855 7.8392093173622e-05
S2_72724203 2 72724203 0.000427913290343468
S2_72734479 2 72734479 0.000183933627293022
S2_72822018 2 72822018 4.27965192294617e-06
S2_72831927 2 72831927 1.03285915733354e-07
S2_72831942 2 72831942 4.32703066132619e-09
S2_72849303 2 72849303 6.2232574405076e-05
S2_72850835 2 72850835 0.00057929164157366
S2_72857600 2 72857600 0.000141587633926222
S2_72865545 2 72865545 0.000208326480054227
S2_72877577 2 72877577 0.000693542569548481
S2_72878495 2 72878495 1.73012320042938e-05
S2_72878882 2 72878882 1.22030785751627e-05
S2_72880082 2 72880082 0.000575242236477672
S2_72894374 2 72894374 4.61197023453636e-05
S2_72922227 2 72922227 0.000656830091018198
S2_72943776 2 72943776 0.000591813607364051
S2_72971497 2 72971497 0.000906332390177572
S2_72992743 2 72992743 0.000618596646554152
S2_72992873 2 72992873 0.000311554237878345
S2_72993178 2 72993178 4.01264576499862e-05
S2_73007354 2 73007354 0.000974740083104356
S2_73007355 2 73007355 0.000974740083104356
S2_73009075 2 73009075 0.000700962190547854
S2_73054226 2 73054226 8.36559862820843e-05
S2_73054477 2 73054477 0.000634551000537347
S2_73063069 2 73063069 0.000167246091605705
S2_73097813 2 73097813 0.000494893514354912
S2_73105707 2 73105707 7.85590332307014e-05
S2_73110386 2 73110386 5.05235682100988e-06
S2_73157207 2 73157207 0.000847223905232025
S2_73158444 2 73158444 0.00039802735453746
S2_73214245 2 73214245 0.000935599207653542
S2_73233373 2 73233373 0.000477895187978035
S2_73238987 2 73238987 4.28912074348572e-07
S2_73240530 2 73240530 1.10954412220925e-05
S2_73240544 2 73240544 2.5193030785455e-05
S2_73240562 2 73240562 1.51450050917753e-05
S2_73240773 2 73240773 0.000100979693988029
S2_73240805 2 73240805 0.000100979693988029
S2_73246352 2 73246352 1.90841249424577e-06
S2_73246418 2 73246418 1.20522022851832e-05
S2_73246497 2 73246497 1.22153410882072e-07
S2_73249851 2 73249851 0.00056222230854005
S2_73249872 2 73249872 0.000981415120875057
S2_73306235 2 73306235 1.09325446089008e-06
S2_73314183 2 73314183 4.71473915330723e-05
S2_73316006 2 73316006 8.61399205863824e-05
S2_73322129 2 73322129 0.000155263591012357
S2_73322132 2 73322132 0.000155263591012357
S2_73322304 2 73322304 0.000860825930360747
S2_73324131 2 73324131 4.99623399382399e-05
S2_73324245 2 73324245 1.11627119827557e-05
S2_73324530 2 73324530 0.00090993080967266
S2_73407959 2 73407959 2.82341376255136e-06
S2_73445897 2 73445897 0.000143120419080148
S2_73446967 2 73446967 9.72199749612507e-05
S2_73477088 2 73477088 0.000377127155746861
S2_73513103 2 73513103 1.61908577640867e-08
S2_73513115 2 73513115 8.91325956564241e-08
S2_73513494 2 73513494 2.99456941453504e-06
S2_73575292 2 73575292 0.000789270053104326
S2_73583161 2 73583161 8.195330388466e-06
S2_73583184 2 73583184 8.19533038846652e-06
S2_73583553 2 73583553 0.000263642062635029
S2_73583568 2 73583568 0.000331209992059851
S2_73583601 2 73583601 0.000791312295020684
S2_73585652 2 73585652 0.000291621663645121
S2_73592009 2 73592009 0.000810132230633283
S2_73596435 2 73596435 0.00089702969877267
S2_73610777 2 73610777 0.000825888603474466
S2_73632384 2 73632384 0.000185265337511644
S2_73654857 2 73654857 7.67413391762815e-09
S2_73655833 2 73655833 2.01717965877955e-08
S2_73693968 2 73693968 2.25104099785566e-08
S2_73693980 2 73693980 2.25104099785566e-08
S2_73714417 2 73714417 2.48302259282592e-05
S2_73721113 2 73721113 1.44364473589512e-05
S2_73726139 2 73726139 2.38744021033616e-05
S2_73736497 2 73736497 0.000202845380936426
S2_73737526 2 73737526 8.83145979260226e-05
S2_73755453 2 73755453 0.00014597479201967
S2_73762082 2 73762082 9.61259775231512e-05
S2_73794918 2 73794918 8.78163571031541e-06
S2_73796712 2 73796712 0.000550710511538373
S2_73798289 2 73798289 1.24027315009976e-07
S2_73798290 2 73798290 7.89627080351695e-08
S2_73798291 2 73798291 7.89627080351695e-08
S2_73802943 2 73802943 5.17682999556635e-05
S2_73802970 2 73802970 5.17682999556501e-05
S2_73802979 2 73802979 5.17682999556635e-05
S2_73826192 2 73826192 4.16497039476531e-05
S2_73843812 2 73843812 0.00060152356191403
S2_73843826 2 73843826 0.000612079404503702
S2_73843831 2 73843831 0.000612079404503606
S2_73843840 2 73843840 0.000612079404503702
S2_73865904 2 73865904 0.000901019625044125
S2_73893272 2 73893272 4.45330390993119e-05
S2_73963338 2 73963338 1.16093426356835e-07
S2_73964645 2 73964645 4.34197733459215e-07
S2_73964881 2 73964881 2.22974320741467e-07
S2_73964904 2 73964904 9.87813467591434e-09
S2_73964919 2 73964919 5.81586657304681e-06
S2_74042834 2 74042834 8.95606157416631e-05
S2_74042844 2 74042844 2.23881321207735e-05
S2_74063507 2 74063507 0.000130400750879698
S2_74092076 2 74092076 0.000313506679328773
S2_74095559 2 74095559 0.000101449156698557
S2_74172333 2 74172333 0.000841608020875608
S2_74180802 2 74180802 0.00086552939368471
S2_74187858 2 74187858 0.000185587247745849
S2_74190925 2 74190925 3.76472171162237e-05
S2_74201249 2 74201249 0.000825152615923718
S2_74213277 2 74213277 0.00064877524358405
S2_74214276 2 74214276 0.000383610038463344
S2_74214280 2 74214280 0.000383610038463344
S2_74214404 2 74214404 0.000182533430978985
S2_74231571 2 74231571 0.000487376299982383
S2_74231603 2 74231603 0.000617721607905908
S2_74236050 2 74236050 0.000254314618366094
S2_74248831 2 74248831 2.16712145880808e-06
S2_74248924 2 74248924 8.0511753890996e-05
S2_74313387 2 74313387 0.000169344297220373
S2_74317588 2 74317588 1.44985388418856e-08
S2_74317608 2 74317608 0.000498432174974506
S2_74328278 2 74328278 1.33143891877729e-05
S2_74337323 2 74337323 0.000428390801919976
S2_74339401 2 74339401 0.000434394751745048
S2_74347892 2 74347892 4.53118187132217e-05
S2_74414383 2 74414383 5.61309570743249e-05
S2_74419857 2 74419857 0.00020179454355909
S2_74431797 2 74431797 0.000214452509110416
S2_74431815 2 74431815 0.000522990059179463
S2_74437730 2 74437730 0.000632113480072502
S2_74451454 2 74451454 0.000199110190618892
S2_74454240 2 74454240 0.000230785611114265
S2_74515548 2 74515548 0.000554750557226493
S2_74702773 2 74702773 0.000519596175087112
S2_74806853 2 74806853 8.87914841960128e-05
S2_74945174 2 74945174 0.000116680218015357
S2_75039901 2 75039901 0.000245212477437536
S2_75126323 2 75126323 0.000893226554286017
S2_75203786 2 75203786 0.000187456211816779
S2_75207356 2 75207356 0.000465559052082688
S2_75223216 2 75223216 0.000554415607391342
S2_75278125 2 75278125 0.000231884488507235
S2_75851823 2 75851823 0.000819453719934461
S2_76163537 2 76163537 0.000777216731717498
S2_76340005 2 76340005 0.000233739236541092
S2_76371308 2 76371308 3.76951370352508e-07
S2_76391108 2 76391108 9.09355660500445e-07
S2_76405706 2 76405706 8.17115267002962e-05
S2_76407774 2 76407774 2.12887922988693e-05
S2_76447569 2 76447569 9.55746877864842e-05
S2_76452827 2 76452827 0.00034038428944407
S2_76452829 2 76452829 0.000405416860238625
S2_76453390 2 76453390 7.92253844180549e-05
S2_76464716 2 76464716 6.92841158731398e-06
S2_76465258 2 76465258 0.000103505251034028
S2_76465294 2 76465294 0.000311133108629107
S2_76522640 2 76522640 1.90002427540893e-05
S2_76523044 2 76523044 0.00010963994781817
S2_76523101 2 76523101 0.000587406378031519
S2_76533075 2 76533075 0.000201736113439895
S2_76534999 2 76534999 0.000898809943937501
S2_76560659 2 76560659 0.000922820138377122
S2_76567089 2 76567089 0.000404522692250474
S2_76590821 2 76590821 1.25544062996792e-06
S2_76591003 2 76591003 0.000687114453268993
S2_76596766 2 76596766 0.000935751739925612
S2_76596775 2 76596775 0.000935751739925786
S2_76602092 2 76602092 0.00017780759665649
S2_76602327 2 76602327 0.000354006577605264
S2_76606744 2 76606744 4.41706719470212e-07
S2_76620044 2 76620044 0.000303813718192126
S2_76620824 2 76620824 4.45454523309597e-05
S2_76649208 2 76649208 3.58298032061993e-06
S2_76662966 2 76662966 0.000481606748102077
S2_76671118 2 76671118 2.89882443230429e-06
S2_76671183 2 76671183 1.79767930565544e-06
S2_76681878 2 76681878 0.000526904554251388
S2_76686336 2 76686336 0.000333126734810742
S2_76863796 2 76863796 0.000948251399721608
S2_76890994 2 76890994 0.000542132352055321
S2_76891027 2 76891027 0.000918491976697376
S2_76894646 2 76894646 1.39312666714798e-05
S2_76898241 2 76898241 1.39249132667017e-06
S2_76939471 2 76939471 6.59117743263533e-10
S2_77076990 2 77076990 5.34658491108066e-05
S2_77091418 2 77091418 0.000955621165581844
S2_77091435 2 77091435 0.000955621165581844
S2_77200755 2 77200755 0.00025842236287483
S2_77239104 2 77239104 1.38032916357702e-05
S2_77293136 2 77293136 0.000420863830012184
S2_77323904 2 77323904 9.85273743933458e-05
S2_77349501 2 77349501 0.000173248842136533
S2_77361436 2 77361436 1.46811929114914e-05
S2_77575158 2 77575158 0.000607032917788514
S2_77584445 2 77584445 0.000533823530642213
S2_77789254 2 77789254 0.000374678125527432
S2_77789431 2 77789431 0.000248355976122896
S2_77789457 2 77789457 7.84605380165031e-05
S2_77797032 2 77797032 2.52943667004566e-06
S2_77848247 2 77848247 8.34199496470003e-05
S2_77853409 2 77853409 5.24469364748888e-05
