Marker Chr Pos p
S6_219760 6 219760 0.00036039645804286
S6_256309 6 256309 4.8862946405302e-06
S6_329876 6 329876 0.000533185021048269
S6_329925 6 329925 1.97294031543346e-06
S6_329926 6 329926 2.54486216219796e-06
S6_347993 6 347993 0.000948521430762485
S6_365021 6 365021 0.000807888204125388
S6_367219 6 367219 1.55164471409291e-05
S6_397357 6 397357 0.000174158910372287
S6_397381 6 397381 0.000174158910372287
S6_431371 6 431371 0.000810079595779348
S6_476973 6 476973 0.000640231809280156
S6_476974 6 476974 0.000640231809280156
S6_476976 6 476976 0.000640231809280156
S6_476977 6 476977 0.000640231809280156
S6_487532 6 487532 0.000188815921941315
S6_504194 6 504194 2.0979128388574e-06
S6_509704 6 509704 3.34357210929262e-05
S6_575109 6 575109 9.81686093526362e-05
S6_575137 6 575137 0.000115469892385492
S6_601133 6 601133 5.08246406190061e-07
S6_601185 6 601185 5.08246406190061e-07
S6_753109 6 753109 3.32245265758422e-07
S6_753115 6 753115 3.26307461781436e-07
S6_753118 6 753118 3.26307461781401e-07
S6_753120 6 753120 3.26307461781436e-07
S6_753122 6 753122 3.26307461781401e-07
S6_753124 6 753124 3.59069795404143e-07
S6_753138 6 753138 2.3819539681575e-06
S6_753140 6 753140 2.8123517939062e-06
S6_753143 6 753143 2.3819539681575e-06
S6_811799 6 811799 1.31920597805195e-06
S6_811804 6 811804 1.70645501411872e-06
S6_811806 6 811806 5.04922667345606e-07
S6_838481 6 838481 0.00032340116841646
S6_839246 6 839246 0.000157634369614942
S6_839456 6 839456 0.000132023739151829
S6_928474 6 928474 8.64745756978576e-05
S6_929677 6 929677 0.000988647290487621
S6_929681 6 929681 0.000988647290487621
S6_932149 6 932149 0.000951037852596649
S6_1013103 6 1013103 0.000737107178027234
S6_1021161 6 1021161 0.000725289115391754
S6_1032834 6 1032834 7.05433378178047e-08
S6_1032930 6 1032930 0.000202161781445147
S6_1050696 6 1050696 0.000197196194451304
S6_1199096 6 1199096 0.000130419093027283
S6_1273121 6 1273121 0.000293934432496302
S6_1273424 6 1273424 0.0001906881162066
S6_1292286 6 1292286 7.83714399514274e-07
S6_1366543 6 1366543 0.000816697058298819
S6_1366545 6 1366545 0.000816697058298772
S6_1405368 6 1405368 2.90144634232364e-05
S6_1468553 6 1468553 6.26524313338439e-08
S6_1468556 6 1468556 6.26524313338439e-08
S6_1468742 6 1468742 3.53784929991388e-05
S6_1469659 6 1469659 0.000136759690654275
S6_1486971 6 1486971 1.86955854302254e-07
S6_1493146 6 1493146 0.000262150759231447
S6_1493162 6 1493162 0.000150249348804257
S6_1493171 6 1493171 2.4920410881715e-05
S6_1511550 6 1511550 2.6622624935156e-08
S6_1511558 6 1511558 2.66226249351568e-08
S6_1522210 6 1522210 0.000149936628792732
S6_1522223 6 1522223 0.000149936628792732
S6_1522251 6 1522251 0.000268963364370106
S6_1537435 6 1537435 1.71558170563692e-07
S6_1537436 6 1537436 1.38097085925513e-07
S6_1537437 6 1537437 1.38097085925523e-07
S6_1537438 6 1537438 1.38097085925523e-07
S6_1554873 6 1554873 0.000186659874548258
S6_1554900 6 1554900 9.87265659334029e-06
S6_1564193 6 1564193 0.000141266895294728
S6_1564195 6 1564195 0.000932558455839958
S6_1608036 6 1608036 0.000365660303435923
S6_1608043 6 1608043 0.000365660303435923
S6_1608572 6 1608572 0.000509838889858738
S6_1611302 6 1611302 4.02571828773635e-07
S6_1701384 6 1701384 0.000580968744631407
S6_1701401 6 1701401 9.55687633654262e-11
S6_1706076 6 1706076 0.000529950302658515
S6_1725578 6 1725578 5.51118534724763e-05
S6_1746911 6 1746911 0.000342311783116693
S6_1758883 6 1758883 0.000215346694163793
S6_1775446 6 1775446 0.000516439324002754
S6_1877952 6 1877952 0.000290943513392343
S6_1900843 6 1900843 0.000308133539046143
S6_1900872 6 1900872 1.98288495334991e-05
S6_1915265 6 1915265 0.000970035573940297
S6_1930052 6 1930052 0.000107248742018284
S6_1930148 6 1930148 2.39370547597881e-05
S6_1930154 6 1930154 0.000381810047526718
S6_1947859 6 1947859 9.98109185136301e-05
S6_1947913 6 1947913 0.000940631630334863
S6_1980781 6 1980781 0.00052530351042842
S6_1984678 6 1984678 2.554733402201e-05
S6_2121117 6 2121117 0.000345084921014065
S6_2126834 6 2126834 0.000796011312002614
S6_2126887 6 2126887 0.000940201950596964
S6_2342612 6 2342612 0.000664238606616836
S6_2479008 6 2479008 0.000443970989019265
S6_2527328 6 2527328 0.000514727974141571
S6_2644840 6 2644840 0.00035740210154692
S6_2646371 6 2646371 0.000320012190821578
S6_2661596 6 2661596 0.000217645742800029
S6_2689827 6 2689827 7.74718912421169e-05
S6_2891727 6 2891727 1.70778735462015e-08
S6_2896309 6 2896309 0.00019400477731316
S6_2896343 6 2896343 0.000513663369314363
S6_2955716 6 2955716 6.10138276945069e-06
S6_3009278 6 3009278 0.000314059548556188
S6_3050142 6 3050142 7.61882432437591e-05
S6_3126236 6 3126236 0.00026579401018651
S6_3163732 6 3163732 1.05890082460833e-05
S6_3170282 6 3170282 0.000414059352378939
S6_3176367 6 3176367 1.27672524388091e-09
S6_3186345 6 3186345 0.000858746450632792
S6_3295742 6 3295742 0.000236006997020075
S6_3298472 6 3298472 6.71412205572423e-07
S6_3304556 6 3304556 4.25133611160866e-07
S6_3309321 6 3309321 7.33434597084884e-05
S6_3309378 6 3309378 4.60153982570252e-06
S6_3313263 6 3313263 1.52573702735221e-05
S6_3326437 6 3326437 3.14046315600132e-05
S6_3419487 6 3419487 0.000192821237224054
S6_3448663 6 3448663 1.08827903250408e-05
S6_3448682 6 3448682 1.08827903250408e-05
S6_3448732 6 3448732 1.45671992179982e-11
S6_3448735 6 3448735 3.73251691664298e-11
S6_3457666 6 3457666 0.000154448066647954
S6_3499198 6 3499198 0.000731636735588004
S6_3509503 6 3509503 0.000771289007000542
S6_3509643 6 3509643 2.86126113717524e-06
S6_3509648 6 3509648 2.86126113717524e-06
S6_3509654 6 3509654 2.86126113717524e-06
S6_3510490 6 3510490 1.6481607092971e-05
S6_3510491 6 3510491 2.64437341568519e-05
S6_3518366 6 3518366 5.6429237316163e-06
S6_3522495 6 3522495 6.57810776294211e-05
S6_3527568 6 3527568 0.00038639317629946
S6_3528166 6 3528166 0.000424195794617394
S6_3544007 6 3544007 0.000632904218625141
S6_3545755 6 3545755 5.57809970158889e-05
S6_3551842 6 3551842 0.00025071513897797
S6_3551965 6 3551965 6.5024972363518e-07
S6_3552665 6 3552665 2.9288136938397e-06
S6_3606109 6 3606109 1.78758761802161e-05
S6_3861105 6 3861105 2.79232555375577e-05
S6_3941181 6 3941181 3.20857293360978e-05
S6_3941914 6 3941914 1.48684310283262e-07
S6_3942221 6 3942221 0.000447779851611353
S6_3956274 6 3956274 9.02806462023183e-12
S6_4049884 6 4049884 0.000439854965514041
S6_4049906 6 4049906 0.000119105020705841
S6_4304593 6 4304593 0.000184095126112507
S6_4326248 6 4326248 4.42451289951414e-06
S6_4326414 6 4326414 0.000173715034643457
S6_4356445 6 4356445 3.07204288554163e-05
S6_4356448 6 4356448 2.40081350981284e-05
S6_4358353 6 4358353 1.12828036309833e-05
S6_4358363 6 4358363 1.12828036309833e-05
S6_4358383 6 4358383 1.12828036309833e-05
S6_4358487 6 4358487 0.000581678614246277
S6_4358513 6 4358513 0.000618177290049461
S6_4358519 6 4358519 0.000618177290049461
S6_4425190 6 4425190 5.23719886089024e-06
S6_4429850 6 4429850 0.000858429699113758
S6_4430319 6 4430319 0.000317292279388791
S6_4430627 6 4430627 2.33058557867819e-07
S6_4437705 6 4437705 7.11375006537607e-07
S6_4442676 6 4442676 1.14406034024786e-06
S6_4454679 6 4454679 0.000234905830764132
S6_4478401 6 4478401 5.43986072415854e-06
S6_4478417 6 4478417 5.43986072415854e-06
S6_4545328 6 4545328 1.45242516636267e-05
S6_4672245 6 4672245 1.78834282630832e-06
S6_4709312 6 4709312 2.06707665603052e-07
S6_4709314 6 4709314 2.06707665603052e-07
S6_4714504 6 4714504 1.92251094182933e-07
S6_4717038 6 4717038 2.69930797587758e-05
S6_4920863 6 4920863 1.68267450519958e-05
S6_4925346 6 4925346 1.44715862217683e-05
S6_4949120 6 4949120 0.000378369736285062
S6_5012851 6 5012851 4.68796179730633e-06
S6_5036855 6 5036855 6.53226644208052e-07
S6_5036928 6 5036928 2.76358384021529e-05
S6_5037213 6 5037213 5.01487758613e-08
S6_5044614 6 5044614 6.08995547491274e-05
S6_5048702 6 5048702 6.07668092009565e-06
S6_5116063 6 5116063 4.36195107572835e-05
S6_5254180 6 5254180 0.000142819640225013
S6_5304542 6 5304542 0.000205425352844877
S6_5376016 6 5376016 0.000703774960091726
S6_5547578 6 5547578 1.58298085714503e-05
S6_5553309 6 5553309 9.86411852635554e-05
S6_5604526 6 5604526 0.000322036110933807
S6_5611580 6 5611580 0.000101183474731088
S6_5611581 6 5611581 0.000101183474731097
S6_5614993 6 5614993 1.85216582768084e-05
S6_5668619 6 5668619 0.000215005220850916
S6_5686569 6 5686569 0.000809265578628203
S6_5702674 6 5702674 0.000220886706064801
S6_5704858 6 5704858 0.000924997409612448
S6_5726175 6 5726175 0.000850057584048517
S6_5732347 6 5732347 0.00012837345182437
S6_5786367 6 5786367 0.000643321947047208
S6_5786368 6 5786368 0.000643321947047208
S6_5786481 6 5786481 0.000552926405816999
S6_5904044 6 5904044 0.000593113292361218
S6_6183047 6 6183047 0.000933240125485765
S6_6207821 6 6207821 0.000919735691473753
S6_6293941 6 6293941 2.07751310064455e-05
S6_6294133 6 6294133 1.81245250188131e-06
S6_6294180 6 6294180 1.81245250188131e-06
S6_6378759 6 6378759 0.000558944964819203
S6_6378770 6 6378770 0.000352476717947439
S6_6412692 6 6412692 7.91088583047168e-07
S6_6426346 6 6426346 0.000309087385939189
S6_6426363 6 6426363 0.000309087385939189
S6_6429065 6 6429065 0.000940943731821528
S6_6429102 6 6429102 4.96317488887978e-05
S6_6439515 6 6439515 0.00027850184426326
S6_6439517 6 6439517 0.00027850184426326
S6_6440941 6 6440941 0.000888007039388597
S6_6440948 6 6440948 0.000888007039388672
S6_6453039 6 6453039 0.000409446409769332
S6_6453043 6 6453043 0.000137138295338353
S6_6473430 6 6473430 1.69591883785735e-05
S6_6473457 6 6473457 4.07826901103448e-05
S6_6473458 6 6473458 2.08649198027257e-05
S6_6488987 6 6488987 4.49802676173889e-05
S6_6489049 6 6489049 3.55979441436313e-06
S6_6489651 6 6489651 2.45537916823078e-05
S6_6619820 6 6619820 6.90358197100136e-05
S6_6744771 6 6744771 0.000225744077558187
S6_6876441 6 6876441 5.19777617851576e-08
S6_6985938 6 6985938 1.77572985868815e-06
S6_7178765 6 7178765 0.000914561463854484
S6_7626033 6 7626033 1.57271279170607e-05
S6_7743106 6 7743106 8.595937926919e-05
S6_8067988 6 8067988 0.000222759300248939
S6_8190264 6 8190264 0.00010341756139847
S6_8190332 6 8190332 2.05377002086863e-05
S6_8336727 6 8336727 0.00059823885842915
S6_8508002 6 8508002 0.000121750901121274
S6_8529870 6 8529870 7.93207587832261e-05
S6_8554705 6 8554705 0.000100298129956025
S6_9036427 6 9036427 0.000512587439254575
S6_9266781 6 9266781 4.95723437782062e-06
S6_9294726 6 9294726 0.000198577961496456
S6_9294736 6 9294736 0.000747196682033598
S6_9354003 6 9354003 0.000695218511129533
S6_9354023 6 9354023 0.000695218511129533
S6_9354032 6 9354032 0.000695218511129533
S6_9670157 6 9670157 8.7949985355085e-05
S6_10813812 6 10813812 4.08907515742686e-05
S6_11308819 6 11308819 0.000239089841475788
S6_11769933 6 11769933 0.0009021364564089
S6_12427888 6 12427888 0.000144931545108996
S6_15760358 6 15760358 1.03299869232191e-05
S6_18059187 6 18059187 0.00013492146283595
S6_25948076 6 25948076 0.000185435573816748
S6_28750128 6 28750128 6.63786764633857e-05
S6_29082088 6 29082088 0.000137600433769357
S6_29623991 6 29623991 2.28975891853509e-05
S6_31780404 6 31780404 9.85315219073413e-05
S6_31781450 6 31781450 0.000790466443961966
S6_33867797 6 33867797 0.000617885423818938
S6_35208120 6 35208120 0.000721233628276421
S6_36003432 6 36003432 0.000850194476342501
S6_36647932 6 36647932 0.000153888628067739
S6_37617491 6 37617491 1.49405728206574e-06
S6_37886456 6 37886456 2.40450853588015e-09
S6_37889209 6 37889209 3.86412183377218e-09
S6_37901966 6 37901966 9.56092887528845e-12
S6_37950523 6 37950523 3.02534243608385e-05
S6_38078631 6 38078631 8.84932611361732e-05
S6_38380682 6 38380682 6.75285932640101e-05
S6_38500468 6 38500468 5.31583326565943e-05
S6_38588401 6 38588401 3.37605329160162e-05
S6_39106537 6 39106537 0.000548296501502119
S6_39106683 6 39106683 0.000349413643168332
S6_39193044 6 39193044 0.00026721434543538
S6_39193057 6 39193057 3.45958808499029e-05
S6_39283174 6 39283174 0.00017146487247907
S6_39311725 6 39311725 0.000101531981734583
S6_39367608 6 39367608 0.000341706792022208
S6_39528078 6 39528078 0.000630925517980738
S6_39948239 6 39948239 6.65265074001271e-05
S6_40134027 6 40134027 8.03444353296281e-05
S6_40174286 6 40174286 0.000984175178573222
S6_40264310 6 40264310 6.68924608636722e-09
S6_40282392 6 40282392 0.000232844804387882
S6_40403293 6 40403293 0.000217865884992468
S6_40403295 6 40403295 0.000217865884992468
S6_40601116 6 40601116 5.55793627470269e-05
S6_40908382 6 40908382 0.000998857570871148
S6_41216479 6 41216479 0.000700895023898373
S6_41216481 6 41216481 0.000700895023898373
S6_41219902 6 41219902 4.92462460602835e-05
S6_41237068 6 41237068 0.000362634826847031
S6_41237071 6 41237071 5.18929175178524e-05
S6_41237089 6 41237089 5.18929175178524e-05
S6_41238639 6 41238639 0.000238263887564971
S6_41238678 6 41238678 0.000238263887564971
S6_41238991 6 41238991 0.000798678056114597
S6_41240063 6 41240063 0.000299308460377138
S6_41240065 6 41240065 0.000335973127576524
S6_41240066 6 41240066 0.000335973127576524
S6_41240067 6 41240067 0.000335973127576524
S6_41241264 6 41241264 0.00012054882241779
S6_41241273 6 41241273 9.51684301867045e-05
S6_41241303 6 41241303 0.000204047410604601
S6_41241925 6 41241925 0.000994789519121978
S6_41317209 6 41317209 0.000712338173865052
S6_41317276 6 41317276 0.000430465644777051
S6_41317565 6 41317565 5.68276605986769e-05
S6_41317568 6 41317568 5.68276605986769e-05
S6_41317611 6 41317611 7.18992906742946e-05
S6_41318740 6 41318740 0.000129260098134569
S6_41423684 6 41423684 4.25037389636679e-05
S6_41573492 6 41573492 0.00042151325199111
S6_42041120 6 42041120 0.000832353096207427
S6_42231275 6 42231275 0.000240151518310483
S6_42235104 6 42235104 0.00050627689582971
S6_42311647 6 42311647 1.21872669500206e-05
S6_42312370 6 42312370 0.000981159446688479
S6_42355910 6 42355910 8.7534315875964e-05
S6_42355911 6 42355911 0.000150522717859858
S6_42355914 6 42355914 6.72563359743271e-07
S6_42355915 6 42355915 4.94758776372035e-06
S6_42355916 6 42355916 6.29923256553913e-07
S6_42468620 6 42468620 8.80580134999875e-05
S6_42595419 6 42595419 0.000191347049635362
S6_42618330 6 42618330 9.5450761219747e-05
S6_42618775 6 42618775 0.000210370903940572
S6_42659302 6 42659302 0.000184128467524884
S6_42678326 6 42678326 0.000147750567355361
S6_42678697 6 42678697 0.000180504586214092
S6_42678728 6 42678728 0.000237641237053636
S6_42682713 6 42682713 0.000834838864184179
S6_42703814 6 42703814 0.000155113097858362
S6_42703822 6 42703822 0.000155113097858362
S6_42735800 6 42735800 0.00045369554132127
S6_42735921 6 42735921 3.38673073428962e-06
S6_42736275 6 42736275 2.74227561181484e-05
S6_42741714 6 42741714 7.79993889934403e-05
S6_42746535 6 42746535 5.02567068104101e-05
S6_42776009 6 42776009 0.000723184814821474
S6_42782585 6 42782585 0.000154175361283739
S6_42790178 6 42790178 3.72282196837847e-05
S6_42790179 6 42790179 3.72282196837847e-05
S6_42832902 6 42832902 8.6299529826859e-05
S6_42915697 6 42915697 0.000505393109834442
S6_43010805 6 43010805 0.000308053266461359
S6_43303837 6 43303837 1.22265359673503e-08
S6_43309131 6 43309131 7.49549782820068e-08
S6_43340299 6 43340299 6.07572962581089e-07
S6_43350488 6 43350488 0.000177021992808911
S6_43357139 6 43357139 1.08463512010659e-07
S6_43357140 6 43357140 1.30801554509791e-07
S6_43357296 6 43357296 2.86070794854903e-07
S6_43373338 6 43373338 0.000252258440799255
S6_43409819 6 43409819 1.36306330773976e-06
S6_43454799 6 43454799 0.000269616918441741
S6_43454800 6 43454800 0.000269616918441741
S6_43480855 6 43480855 7.25564629567249e-14
S6_43481755 6 43481755 8.22004187502326e-05
S6_43496982 6 43496982 0.000716177180986833
S6_43496983 6 43496983 0.000540104140871512
S6_43496986 6 43496986 0.000716177180986833
S6_43496988 6 43496988 0.000716177180986833
S6_43497009 6 43497009 0.000553509574744339
S6_43498039 6 43498039 0.000102537507901178
S6_43522811 6 43522811 8.4872851566115e-05
S6_43662211 6 43662211 2.26174234638958e-07
S6_43670054 6 43670054 5.01463223037931e-12
S6_43674304 6 43674304 9.42897036727772e-06
S6_43679298 6 43679298 0.000390306108834103
S6_43679307 6 43679307 0.000390306108834103
S6_43679326 6 43679326 0.000390306108834103
S6_43725646 6 43725646 7.72788108633537e-08
S6_43747323 6 43747323 2.06449699052007e-06
S6_43757140 6 43757140 6.08098571762666e-09
S6_43757198 6 43757198 2.3410992159804e-07
S6_43757229 6 43757229 1.26803081446184e-07
S6_43810474 6 43810474 0.000605859199638496
S6_43828140 6 43828140 0.000691953701053622
S6_43867058 6 43867058 1.73863092597363e-09
S6_43876437 6 43876437 7.11499422786486e-06
S6_43902396 6 43902396 0.000203206795365736
S6_43910037 6 43910037 0.000353988360951676
S6_43910038 6 43910038 0.000353988360951676
S6_43910080 6 43910080 0.000362701542753498
S6_43911649 6 43911649 0.000781259486263488
S6_43912765 6 43912765 0.000836407095603639
S6_43912792 6 43912792 0.000664649680373403
S6_43913847 6 43913847 0.000753091563296609
S6_43913897 6 43913897 0.000753091563296609
S6_43918265 6 43918265 0.000585165352270767
S6_43919804 6 43919804 8.69855200241111e-05
S6_43937778 6 43937778 2.11663829256268e-05
S6_43948004 6 43948004 0.00010575521997272
S6_44035697 6 44035697 0.000110946785845497
S6_44046539 6 44046539 2.9912376130864e-09
S6_44049377 6 44049377 0.000315584241537004
S6_44049479 6 44049479 0.000703718868687058
S6_44049530 6 44049530 5.16341935187693e-05
S6_44049566 6 44049566 0.000384702426252909
S6_44049873 6 44049873 2.58605486268167e-05
S6_44049876 6 44049876 7.41568324577574e-07
S6_44050247 6 44050247 0.000794447207148262
S6_44077276 6 44077276 4.73579157004667e-08
S6_44108468 6 44108468 0.000494081978444886
S6_44108489 6 44108489 0.000541588525311577
S6_44137802 6 44137802 2.04428937455956e-05
S6_44152738 6 44152738 2.57672993229926e-06
S6_44156939 6 44156939 0.00025744715885281
S6_44156940 6 44156940 0.000596976640272767
S6_44156968 6 44156968 4.85648633531567e-05
S6_44166127 6 44166127 2.73813232703488e-05
S6_44184833 6 44184833 9.11188941677392e-06
S6_44188577 6 44188577 0.000120591283522881
S6_44188659 6 44188659 3.67324428486901e-07
S6_44294796 6 44294796 5.84625763752783e-07
S6_44487890 6 44487890 0.000771047047386821
S6_44514108 6 44514108 0.000169634481499176
S6_44737370 6 44737370 0.000773559427893447
S6_44737377 6 44737377 0.000773559427893447
S6_44737387 6 44737387 0.000549690630545986
S6_44786783 6 44786783 0.00080895836756975
S6_44786824 6 44786824 0.000803715869365368
S6_44888455 6 44888455 1.3553709260553e-05
S6_45026666 6 45026666 0.000992482852152775
S6_45134217 6 45134217 0.000942630486043416
S6_45134356 6 45134356 0.000317360346285833
S6_45199865 6 45199865 1.91575091143503e-05
S6_45221180 6 45221180 0.000777406310534565
S6_45221204 6 45221204 9.01832401465049e-05
S6_45224217 6 45224217 2.40694531389571e-05
S6_45226174 6 45226174 0.000396755502556247
S6_45263909 6 45263909 0.000486579052485176
S6_45286102 6 45286102 4.49885912627776e-06
S6_45291329 6 45291329 2.05370238361948e-06
S6_45296772 6 45296772 1.86062752424108e-06
S6_45337948 6 45337948 1.53945434190071e-06
S6_45401242 6 45401242 0.000342320704193238
S6_45432677 6 45432677 1.53244561576049e-06
S6_45432932 6 45432932 1.12061729664837e-05
S6_45448518 6 45448518 0.000312739830024422
S6_45462424 6 45462424 1.87458071319062e-06
S6_45462434 6 45462434 6.91256776763373e-07
S6_45463926 6 45463926 9.00088105497283e-07
S6_45464384 6 45464384 0.00017006870861801
S6_45464390 6 45464390 0.00017006870861801
S6_45465527 6 45465527 3.68839923687555e-06
S6_45465631 6 45465631 8.56899585837781e-08
S6_45465682 6 45465682 0.000902870975353998
S6_45465683 6 45465683 8.45835446934175e-05
S6_45465685 6 45465685 8.45835446934057e-05
S6_45528525 6 45528525 0.000791354924863101
S6_45528529 6 45528529 0.000791323413257736
S6_45528535 6 45528535 0.000791354924862994
S6_45528555 6 45528555 0.000791354924863101
S6_45655042 6 45655042 0.000184472530961293
S6_45731069 6 45731069 0.000782578017093121
S6_45765221 6 45765221 0.000315019565710627
S6_45765250 6 45765250 7.54473152084271e-05
S6_45765274 6 45765274 0.000280613661661447
S6_45765275 6 45765275 0.000268830902633708
S6_45765276 6 45765276 0.000268830902633708
S6_45765277 6 45765277 0.000278807456086909
S6_45765278 6 45765278 0.000181492158336384
S6_45765279 6 45765279 0.000266848659080124
S6_45765280 6 45765280 0.000268830902633674
S6_45789372 6 45789372 5.63321180936817e-05
S6_45790892 6 45790892 0.000130208208441583
S6_45790920 6 45790920 0.000130208208441583
S6_45790974 6 45790974 0.000177138327597614
S6_45801080 6 45801080 0.000375815388698468
S6_45801095 6 45801095 0.000375815388698468
S6_45806679 6 45806679 0.000274489722377317
S6_45806689 6 45806689 8.15607360179572e-05
S6_45806701 6 45806701 8.15607360179295e-05
S6_45806805 6 45806805 0.000254448532504666
S6_45806806 6 45806806 0.000277526143266782
S6_45806832 6 45806832 5.80576914347758e-05
S6_45806836 6 45806836 5.80576914347758e-05
S6_45806837 6 45806837 5.80576914347758e-05
S6_45806839 6 45806839 5.80576914347758e-05
S6_45806843 6 45806843 0.000306841874949464
S6_45806845 6 45806845 5.80576914347758e-05
S6_45808906 6 45808906 0.000750809791908671
S6_45811191 6 45811191 0.000244316512848089
S6_45811207 6 45811207 0.000244316512848089
S6_45812573 6 45812573 0.000402202026793245
S6_45812596 6 45812596 0.000237980281016415
S6_45820254 6 45820254 0.000394453947014493
S6_45820278 6 45820278 0.000394453947014439
S6_45827879 6 45827879 0.00042505243762803
S6_45937985 6 45937985 0.000533408945344499
S6_46061209 6 46061209 0.000669731425674318
S6_46066602 6 46066602 0.000323395526108749
S6_46066888 6 46066888 6.00942796324068e-07
S6_46068824 6 46068824 2.14010992456202e-06
S6_46069300 6 46069300 0.000236770235615308
S6_46073906 6 46073906 0.000267495660107929
S6_46073909 6 46073909 0.000495799307533492
S6_46123671 6 46123671 8.88459991507284e-06
S6_46167869 6 46167869 5.193421270906e-06
S6_46167874 6 46167874 4.09332098913707e-05
S6_46189346 6 46189346 4.28132887096878e-05
S6_46230916 6 46230916 5.09519586146089e-05
S6_46265813 6 46265813 0.000687547316799614
S6_46277261 6 46277261 4.97144183711537e-05
S6_46285201 6 46285201 0.000218882761571068
S6_46428516 6 46428516 0.00021950908483265
S6_46518964 6 46518964 0.000135693509463526
S6_46518974 6 46518974 9.13276346884793e-06
S6_46522448 6 46522448 6.22771059552097e-09
S6_46556328 6 46556328 2.71922818832625e-06
S6_46557572 6 46557572 0.000786400531571885
S6_46558183 6 46558183 0.000500379817287865
S6_46569060 6 46569060 1.00250788667062e-06
S6_46589170 6 46589170 8.71788759856639e-06
S6_46645037 6 46645037 3.68595239515475e-05
S6_46645041 6 46645041 2.92060451606728e-05
S6_46670843 6 46670843 3.3602753306634e-07
S6_46673775 6 46673775 1.53781622465058e-09
S6_46673828 6 46673828 1.53781622465058e-09
S6_46686682 6 46686682 1.76593341698672e-05
S6_46686759 6 46686759 0.00017221028024384
S6_46686781 6 46686781 0.00017221028024384
S6_46686942 6 46686942 0.000888072202165982
S6_46687541 6 46687541 0.000221756700974063
S6_46699644 6 46699644 0.000392887776829383
S6_46699676 6 46699676 0.000527341804486465
S6_46728496 6 46728496 0.000322015036321216
S6_46728498 6 46728498 0.000322015036321216
S6_46769649 6 46769649 6.69986630352189e-05
S6_46780882 6 46780882 1.69260387677622e-06
S6_46814584 6 46814584 9.79372144660753e-05
S6_46814654 6 46814654 0.000650727410912195
S6_46815462 6 46815462 0.000514770510681771
S6_46821963 6 46821963 5.61652404141886e-05
S6_46899389 6 46899389 3.78386204435902e-05
S6_46905545 6 46905545 3.0741327491553e-06
S6_46919133 6 46919133 1.74642025641172e-05
S6_46935637 6 46935637 1.15532603562899e-05
S6_46938092 6 46938092 0.000107043224309494
S6_46938093 6 46938093 0.00010086137984198
S6_46938095 6 46938095 0.000105772150476002
S6_46938096 6 46938096 0.00010086137984198
S6_46954169 6 46954169 1.92579960023196e-05
S6_46954170 6 46954170 1.92579960023196e-05
S6_46954172 6 46954172 1.92579960023196e-05
S6_46961162 6 46961162 0.000317042584508994
S6_46961639 6 46961639 0.000155700536395468
S6_46965889 6 46965889 3.52023417656361e-05
S6_46998387 6 46998387 6.86243145565308e-05
S6_47017803 6 47017803 2.43189285736254e-06
S6_47017840 6 47017840 1.92356781270428e-06
S6_47018254 6 47018254 0.000361255453749454
S6_47021488 6 47021488 0.000214119442958239
S6_47062458 6 47062458 0.000133472644844076
S6_47193279 6 47193279 0.000936216473392285
S6_47249192 6 47249192 0.000832915713958939
S6_47453626 6 47453626 0.000704685786072878
S6_47573549 6 47573549 4.13852294837179e-08
S6_47614993 6 47614993 0.000260494039808324
S6_47631019 6 47631019 0.000218969593420323
S6_47645907 6 47645907 0.000253591242174897
S6_47667930 6 47667930 8.20143068260382e-06
S6_47667961 6 47667961 0.00021430467272498
S6_47668089 6 47668089 3.52010509992628e-06
S6_47682613 6 47682613 7.68631334801932e-05
S6_47730642 6 47730642 0.0002030925702172
S6_47732693 6 47732693 6.54607459521224e-05
S6_47733979 6 47733979 0.000275899322590973
S6_47844684 6 47844684 0.000731342096515033
S6_47855090 6 47855090 0.000214140062170822
S6_47974532 6 47974532 0.000332476879940073
S6_47974744 6 47974744 0.000783654953736042
S6_47976775 6 47976775 0.00057757464525642
S6_47977409 6 47977409 8.21116005981876e-05
S6_47977635 6 47977635 0.00011279040439324
S6_47996209 6 47996209 1.16113042934144e-05
S6_48016338 6 48016338 2.44065724847579e-05
S6_48018417 6 48018417 7.46083379996147e-05
S6_48027392 6 48027392 0.000534199345780754
S6_48028449 6 48028449 0.000277375124590017
S6_48028523 6 48028523 0.000263858792450938
S6_48046957 6 48046957 0.000820567448505873
S6_48122407 6 48122407 9.6676868134755e-06
S6_48149383 6 48149383 9.98511371976069e-06
S6_48169171 6 48169171 0.000991467776812438
S6_48184788 6 48184788 0.000304886766656823
S6_48184802 6 48184802 0.000304886766656823
S6_48184813 6 48184813 0.000304886766656823
S6_48184817 6 48184817 0.000304886766656823
S6_48184819 6 48184819 0.000304886766656823
S6_48188786 6 48188786 1.87746725274288e-06
S6_48188813 6 48188813 3.67893871296727e-05
S6_48196231 6 48196231 0.000332395445732389
S6_48196232 6 48196232 0.000320940173783663
S6_48196313 6 48196313 0.000210227556417844
S6_48199789 6 48199789 3.33017828082125e-05
S6_48205934 6 48205934 9.07596813264207e-06
S6_48220196 6 48220196 3.19881601680279e-06
S6_48220240 6 48220240 5.60620243759343e-05
S6_48226128 6 48226128 1.30452265026325e-11
S6_48226182 6 48226182 7.27442927165047e-05
S6_48228618 6 48228618 0.000529844329616966
S6_48230102 6 48230102 0.000386418445168332
S6_48244285 6 48244285 0.000703234835074251
S6_48244286 6 48244286 6.20226458500216e-07
S6_48244287 6 48244287 0.000296904302521743
S6_48244740 6 48244740 2.15008501393062e-05
S6_48246041 6 48246041 0.000483737436293143
S6_48246053 6 48246053 0.000483737436293143
S6_48261532 6 48261532 2.82621226980575e-06
S6_48261543 6 48261543 1.06899414900742e-05
S6_48271085 6 48271085 4.40998346918143e-05
S6_48271283 6 48271283 0.000113567853625896
S6_48279036 6 48279036 2.61906192040788e-05
S6_48279358 6 48279358 4.04620205499115e-06
S6_48323442 6 48323442 0.000697839218185785
S6_48332858 6 48332858 2.68737840362647e-05
S6_48334640 6 48334640 7.06871322728313e-05
S6_48335433 6 48335433 7.12526873260051e-06
S6_48335514 6 48335514 0.000173573544376698
S6_48335719 6 48335719 0.000949558877770052
S6_48343005 6 48343005 0.000268707693102599
S6_48351198 6 48351198 0.000962582398714311
S6_48351507 6 48351507 5.16262945054173e-05
S6_48387239 6 48387239 2.74850362141445e-05
S6_48415485 6 48415485 4.30321422873621e-06
S6_48464583 6 48464583 0.000133630239569777
S6_48466337 6 48466337 0.000203969453140575
S6_48467371 6 48467371 0.000162127645825665
S6_48467390 6 48467390 1.97051883481405e-06
S6_48477891 6 48477891 1.0250051433986e-11
S6_48493168 6 48493168 0.000153823778663959
S6_48493952 6 48493952 3.81022386924734e-06
S6_48494746 6 48494746 2.46878859523001e-10
S6_48495526 6 48495526 1.51275139565493e-05
S6_48495568 6 48495568 1.28873952075503e-08
S6_48498860 6 48498860 4.22911387466233e-11
S6_48501086 6 48501086 9.93709829690705e-10
S6_48520133 6 48520133 4.21137011085683e-05
S6_48538089 6 48538089 0.000124877081956215
S6_48549172 6 48549172 8.30821759306936e-05
S6_48550222 6 48550222 0.000819797225256642
S6_48550248 6 48550248 0.000638310892109591
S6_48562575 6 48562575 1.36253520065181e-08
S6_48562581 6 48562581 1.36253520065181e-08
S6_48564005 6 48564005 8.87374326534374e-07
S6_48564812 6 48564812 0.000897468169695813
S6_48564828 6 48564828 0.000897468169695813
S6_48564830 6 48564830 0.000902824978725584
S6_48565012 6 48565012 0.000120462879664165
S6_48566346 6 48566346 0.000312191599369794
S6_48566875 6 48566875 2.05386963948588e-05
S6_48569556 6 48569556 1.80769044700065e-05
S6_48570692 6 48570692 0.000140506881036104
S6_48570812 6 48570812 0.000737311228475325
S6_48574979 6 48574979 0.000595551514562722
S6_48575797 6 48575797 9.29886057409702e-05
S6_48582992 6 48582992 2.7442834421292e-06
S6_48583011 6 48583011 3.62094352654125e-06
S6_48590952 6 48590952 0.000441454675776887
S6_48598035 6 48598035 1.04498335851118e-07
S6_48618794 6 48618794 5.23359398121584e-07
S6_48620651 6 48620651 0.000819121508226357
S6_48623244 6 48623244 5.58709349262397e-05
S6_48636245 6 48636245 6.2114914210331e-06
S6_48666484 6 48666484 0.000105149451919261
S6_48666489 6 48666489 0.000105149451919261
S6_48683597 6 48683597 2.6973985014955e-05
S6_48683800 6 48683800 0.000231148795038479
S6_48685064 6 48685064 0.000350298212093467
S6_48701826 6 48701826 1.8036048407866e-06
S6_48701851 6 48701851 3.69955561700264e-06
S6_48702055 6 48702055 4.46419362439056e-05
S6_48702058 6 48702058 0.000169307937827685
S6_48702474 6 48702474 0.000359372491100118
S6_48702586 6 48702586 9.29638523026093e-05
S6_48703546 6 48703546 0.000106355647377717
S6_48717073 6 48717073 0.000219662843605281
S6_48723979 6 48723979 7.09006537880819e-07
S6_48723991 6 48723991 7.09006537880819e-07
S6_48727864 6 48727864 2.39487822806276e-05
S6_48727865 6 48727865 1.43975457109779e-05
S6_48733087 6 48733087 0.000126051783187759
S6_48740685 6 48740685 0.000238200877836605
S6_48746122 6 48746122 2.07916162199727e-06
S6_48748405 6 48748405 2.8201653911312e-06
S6_48755053 6 48755053 8.51752769925127e-06
S6_48755056 6 48755056 2.80813925647592e-05
S6_48755057 6 48755057 2.80813925647592e-05
S6_48755059 6 48755059 0.00044409053331815
S6_48755062 6 48755062 0.000521581174699148
S6_48758850 6 48758850 0.000139176226760591
S6_48764696 6 48764696 4.75856424033798e-05
S6_48767065 6 48767065 0.000261005400688446
S6_48782509 6 48782509 3.56376658826817e-07
S6_48783030 6 48783030 0.000817975610999822
S6_48783046 6 48783046 0.000817975610999822
S6_48783512 6 48783512 2.41632202593056e-09
S6_48799582 6 48799582 1.7614252253941e-10
S6_48799616 6 48799616 6.10689915453408e-08
S6_48802631 6 48802631 1.62670139894945e-06
S6_48805908 6 48805908 1.75124303648227e-07
S6_48805919 6 48805919 3.11684397041539e-07
S6_48805956 6 48805956 3.11684397041539e-07
S6_48806967 6 48806967 5.65059243918988e-12
S6_48843922 6 48843922 0.000722295907369123
S6_48847150 6 48847150 8.69051625322757e-06
S6_48848876 6 48848876 4.38792061375012e-07
S6_48851177 6 48851177 0.000406620415222006
S6_48851423 6 48851423 0.000197687373574116
S6_48851525 6 48851525 0.000747850849613642
S6_48851540 6 48851540 0.00019568950651952
S6_48851804 6 48851804 0.000373145891959504
S6_48858797 6 48858797 0.000495218965525782
S6_48869272 6 48869272 0.000768052750618578
S6_48877580 6 48877580 3.94984819970954e-06
S6_48878147 6 48878147 0.000113019685034716
S6_48878227 6 48878227 0.000259164648139184
S6_48879001 6 48879001 3.58354896201632e-05
S6_48879002 6 48879002 3.58354896201632e-05
S6_48879003 6 48879003 3.58354896201632e-05
S6_48879004 6 48879004 3.58354896201632e-05
S6_48883295 6 48883295 0.000486574584886354
S6_48889384 6 48889384 0.000450485161545395
S6_48889838 6 48889838 1.97028140521586e-05
S6_48910967 6 48910967 6.26339136582349e-07
S6_48911464 6 48911464 0.000198827817435625
S6_48933384 6 48933384 6.74072006207016e-06
S6_48943364 6 48943364 1.88974379376572e-06
S6_48943387 6 48943387 0.000533413981381345
S6_48955742 6 48955742 1.00413711627585e-05
S6_48964679 6 48964679 6.3502587644978e-08
S6_48964697 6 48964697 0.000692248259213898
S6_48965666 6 48965666 7.46374172723776e-07
S6_48999090 6 48999090 1.04649708855457e-06
S6_49033231 6 49033231 0.000409279005086352
S6_49037107 6 49037107 0.000884838033860304
S6_49071890 6 49071890 2.16926404637897e-05
S6_49073039 6 49073039 0.000301669272977211
S6_49073054 6 49073054 8.92540704568958e-07
S6_49073057 6 49073057 8.92540704568958e-07
S6_49073060 6 49073060 8.92540704568958e-07
S6_49091647 6 49091647 0.000362696015411867
S6_49103810 6 49103810 5.91942777294749e-05
S6_49103826 6 49103826 5.91942777294749e-05
S6_49104494 6 49104494 1.47498896670521e-06
S6_49136976 6 49136976 1.66309858583454e-10
S6_49137623 6 49137623 3.56283547279005e-06
S6_49155826 6 49155826 3.29125975465008e-06
S6_49158921 6 49158921 1.24832608821087e-08
S6_49159070 6 49159070 6.77063056619963e-08
S6_49159120 6 49159120 1.02062758328023e-08
S6_49159139 6 49159139 1.95824018986036e-08
S6_49159373 6 49159373 0.000483129585720047
S6_49159422 6 49159422 3.50253426090912e-09
S6_49169984 6 49169984 8.37321233768863e-09
S6_49170570 6 49170570 1.06841548810213e-06
S6_49194115 6 49194115 2.34231572848858e-05
S6_49212014 6 49212014 0.000640552923157378
S6_49212826 6 49212826 1.19364236380494e-06
S6_49213422 6 49213422 2.14505496786072e-05
S6_49217176 6 49217176 0.000105288051896621
S6_49250433 6 49250433 0.000830365543295854
S6_49290949 6 49290949 0.000210423084807189
S6_49317744 6 49317744 0.000926434020639012
S6_49326027 6 49326027 8.93106418120638e-05
S6_49328594 6 49328594 0.000980140913398136
S6_49336773 6 49336773 1.63737853705571e-08
S6_49364343 6 49364343 0.000793104234119934
S6_49373836 6 49373836 0.000101959510640101
S6_49373938 6 49373938 0.000133038986810642
S6_49433779 6 49433779 9.86169422097157e-07
S6_49435946 6 49435946 0.000850400391649166
S6_49444498 6 49444498 3.17317484227399e-05
S6_49444509 6 49444509 5.59093260110214e-05
S6_49444529 6 49444529 0.00011399037073915
S6_49444570 6 49444570 8.06809988774462e-09
S6_49444598 6 49444598 3.0118257254805e-06
S6_49444615 6 49444615 3.0118257254805e-06
S6_49444731 6 49444731 1.93569247543414e-05
S6_49444734 6 49444734 3.1161075117148e-05
S6_49445315 6 49445315 0.000356276533945358
S6_49445592 6 49445592 0.000276830385922375
S6_49445602 6 49445602 0.000314317821099092
S6_49455566 6 49455566 2.04060005706175e-08
S6_49463871 6 49463871 0.000152918133843132
S6_49470806 6 49470806 0.000177896281466889
S6_49470846 6 49470846 8.62427659144527e-05
S6_49476922 6 49476922 3.82638709031649e-05
S6_49482970 6 49482970 3.74162643799569e-05
S6_49493079 6 49493079 0.000651403388231814
S6_49537189 6 49537189 0.000845660098265435
S6_49537548 6 49537548 4.73651371621606e-06
S6_49538095 6 49538095 5.96177580554891e-05
S6_49538171 6 49538171 6.78923081441129e-07
S6_49605273 6 49605273 1.3790188812937e-05
S6_49605327 6 49605327 7.99845940487013e-08
S6_49809808 6 49809808 0.000833812126860179
S6_49815657 6 49815657 0.000991114876062919
S6_49816494 6 49816494 0.000164487432318992
S6_49816720 6 49816720 3.68409527410189e-05
S6_49817370 6 49817370 3.0662298567777e-12
S6_49817867 6 49817867 8.74658781062462e-09
S6_49820295 6 49820295 1.02227238571234e-08
S6_49820768 6 49820768 1.43790595887757e-08
S6_49855222 6 49855222 9.86889623560612e-09
S6_49860978 6 49860978 8.55750477208822e-09
S6_49871867 6 49871867 2.69755816833639e-08
S6_49890058 6 49890058 0.000186890201394867
S6_49890060 6 49890060 0.000584469045240173
S6_49890063 6 49890063 2.34834488323438e-05
S6_49890660 6 49890660 4.17213361747721e-05
S6_49890711 6 49890711 5.67999951726781e-05
S6_49890755 6 49890755 5.72509936034834e-05
S6_49890894 6 49890894 6.56391117101005e-05
S6_49890896 6 49890896 7.06702246117364e-05
S6_49895405 6 49895405 0.000564983807803392
S6_49903016 6 49903016 0.000333725468699859
S6_49903925 6 49903925 2.37977420587394e-07
S6_49903948 6 49903948 2.37977420587394e-07
S6_49903967 6 49903967 7.20268119119842e-08
S6_49903992 6 49903992 6.68710843921513e-08
S6_49930436 6 49930436 0.000240592186037412
S6_49930492 6 49930492 2.30276517878563e-06
S6_50032646 6 50032646 5.70390104596119e-06
S6_50033418 6 50033418 5.64864930202957e-07
S6_50033555 6 50033555 0.000703426491727308
S6_50076927 6 50076927 6.71494929370112e-09
S6_50076930 6 50076930 8.04921906811242e-09
S6_50077462 6 50077462 1.69250537273297e-06
S6_50090464 6 50090464 0.000716501617351761
S6_50140779 6 50140779 0.000783144937110395
S6_50189989 6 50189989 8.29514285073883e-05
S6_50190023 6 50190023 6.30693466541175e-05
S6_50190973 6 50190973 5.17347281641431e-05
S6_50190978 6 50190978 5.17347281641431e-05
S6_50190986 6 50190986 5.17347281641431e-05
S6_50196157 6 50196157 6.27180846437037e-05
S6_50213777 6 50213777 2.15204814192747e-11
S6_50214436 6 50214436 1.11418016927288e-05
S6_50219653 6 50219653 2.13513372441333e-10
S6_50245191 6 50245191 3.03031924471689e-09
S6_50252978 6 50252978 5.91300194242517e-10
S6_50256942 6 50256942 2.94302466765505e-09
S6_50257770 6 50257770 3.45071230217492e-11
S6_50257845 6 50257845 2.09267159509266e-11
S6_50257854 6 50257854 1.82581813511033e-11
S6_50257856 6 50257856 2.11710552494536e-11
S6_50257890 6 50257890 1.96992140555393e-11
S6_50260136 6 50260136 1.56705875120001e-09
S6_50260170 6 50260170 4.62158462108771e-06
S6_50262217 6 50262217 1.24963647030562e-10
S6_50262909 6 50262909 1.91437324528581e-10
S6_50264004 6 50264004 4.62857397908511e-10
S6_50264043 6 50264043 8.89543736356312e-10
S6_50264048 6 50264048 8.89543736356312e-10
S6_50264575 6 50264575 4.88540879041875e-10
S6_50264657 6 50264657 1.25338740214011e-10
S6_50265621 6 50265621 3.68531813029775e-11
S6_50265754 6 50265754 7.85526542921417e-11
S6_50266172 6 50266172 1.16306078019131e-09
S6_50287830 6 50287830 1.11709029040354e-10
S6_50296357 6 50296357 3.22538460938082e-10
S6_50296671 6 50296671 4.64762373438695e-05
S6_50322903 6 50322903 6.00372601893594e-05
S6_50323287 6 50323287 0.000137823743643877
S6_50323405 6 50323405 0.000111427582153428
S6_50325813 6 50325813 5.24249694599567e-05
S6_50325857 6 50325857 0.000152040451901821
S6_50327347 6 50327347 4.46034587949515e-10
S6_50329869 6 50329869 0.000283433108385602
S6_50334728 6 50334728 8.92168939828111e-11
S6_50344576 6 50344576 9.62639031071556e-10
S6_50346444 6 50346444 3.51055980525785e-12
S6_50346885 6 50346885 4.11692489212084e-10
S6_50346939 6 50346939 8.19706386313521e-06
S6_50347097 6 50347097 2.10348953883434e-05
S6_50347269 6 50347269 3.44783753113144e-06
S6_50347293 6 50347293 3.44783753113144e-06
S6_50347331 6 50347331 1.41308806981492e-06
S6_50347380 6 50347380 1.18289451938896e-06
S6_50347544 6 50347544 4.825326852548e-05
S6_50352213 6 50352213 6.54277804275708e-06
S6_50352220 6 50352220 6.54277804275708e-06
S6_50352232 6 50352232 1.22953988995466e-09
S6_50352374 6 50352374 5.87242608160417e-11
S6_50352379 6 50352379 1.09208969639349e-05
S6_50353428 6 50353428 5.77164481048574e-05
S6_50354709 6 50354709 2.87098057293262e-06
S6_50355658 6 50355658 3.09115102650713e-06
S6_50355722 6 50355722 1.71032320070269e-05
S6_50356371 6 50356371 8.20024468478607e-09
S6_50356773 6 50356773 1.71446807023373e-07
S6_50356780 6 50356780 1.73254155331705e-07
S6_50357871 6 50357871 2.1426055277776e-11
S6_50359668 6 50359668 3.4350906230761e-13
S6_50359706 6 50359706 8.00607354641876e-13
S6_50360062 6 50360062 5.72102102266625e-08
S6_50360463 6 50360463 2.81752737080367e-09
S6_50361139 6 50361139 8.0107276221682e-12
S6_50361140 6 50361140 1.17794260684866e-11
S6_50365999 6 50365999 5.49107123378664e-07
S6_50367203 6 50367203 1.51938050854222e-11
S6_50367259 6 50367259 1.51294680728989e-09
S6_50370772 6 50370772 1.60077773071212e-06
S6_50370804 6 50370804 1.60077773071212e-06
S6_50370887 6 50370887 2.55710827700849e-06
S6_50370920 6 50370920 5.70473966971093e-06
S6_50378286 6 50378286 0.000185997317997016
S6_50378637 6 50378637 1.9228753315231e-06
S6_50378677 6 50378677 4.93970192348967e-06
S6_50379206 6 50379206 3.69262840920687e-06
S6_50379576 6 50379576 9.74639524921032e-09
S6_50379825 6 50379825 7.77150396094359e-06
S6_50379950 6 50379950 6.35319819897826e-07
S6_50380208 6 50380208 3.15492133282779e-07
S6_50380302 6 50380302 8.1955293008779e-07
S6_50381460 6 50381460 9.9113644065061e-07
S6_50385281 6 50385281 8.28191789304425e-05
S6_50385307 6 50385307 8.28191789304468e-05
S6_50385843 6 50385843 0.000408302443282462
S6_50385846 6 50385846 0.000350254668646685
S6_50386002 6 50386002 0.000540059092668573
S6_50389345 6 50389345 0.000178449916279921
S6_50389923 6 50389923 0.000489150061762502
S6_50389985 6 50389985 1.90694590933426e-06
S6_50390163 6 50390163 0.000145905959484905
S6_50390173 6 50390173 0.000188486993179604
S6_50392560 6 50392560 3.51729295573444e-05
S6_50392561 6 50392561 0.000250866459489928
S6_50393284 6 50393284 0.000209636690997502
S6_50393347 6 50393347 3.70869202262475e-05
S6_50395962 6 50395962 0.000159433837234714
S6_50395965 6 50395965 0.000159433837234714
S6_50396973 6 50396973 2.25811730379575e-05
S6_50397096 6 50397096 4.46110115802934e-05
S6_50397118 6 50397118 6.39400355651092e-05
S6_50397161 6 50397161 0.000103031199861471
S6_50397346 6 50397346 0.000498920027749439
S6_50397350 6 50397350 0.000451165479280296
S6_50398055 6 50398055 0.000209435161872446
S6_50398341 6 50398341 7.81090944689725e-05
S6_50399848 6 50399848 0.000124897718021984
S6_50403250 6 50403250 0.000480802850781125
S6_50404406 6 50404406 1.07456988735062e-09
S6_50436063 6 50436063 8.95745555420048e-06
S6_50437637 6 50437637 0.000138642020459926
S6_50442732 6 50442732 5.14896537199482e-10
S6_50466170 6 50466170 2.09790966277384e-07
S6_50466171 6 50466171 2.53201727218205e-07
S6_50485677 6 50485677 1.03494378367782e-06
S6_50493579 6 50493579 4.19210023488453e-05
S6_50511024 6 50511024 4.10063583342912e-06
S6_50511621 6 50511621 1.87267069300133e-05
S6_50511725 6 50511725 1.34713633783239e-06
S6_50511801 6 50511801 3.04216973978474e-05
S6_50513947 6 50513947 3.30256170372795e-05
S6_50528303 6 50528303 8.80288187369769e-07
S6_50528561 6 50528561 3.8227376598307e-06
S6_50528630 6 50528630 0.000420503866578443
S6_50528940 6 50528940 1.31846053854494e-05
S6_50528941 6 50528941 5.08165324845614e-06
S6_50539399 6 50539399 5.50983032398991e-07
S6_50540608 6 50540608 2.4187558987497e-05
S6_50540944 6 50540944 0.000139957383883653
S6_50550310 6 50550310 3.89092672751542e-05
S6_50556638 6 50556638 5.58798366012824e-05
S6_50556640 6 50556640 5.58798366012824e-05
S6_50557011 6 50557011 0.00015626681840945
S6_50561157 6 50561157 6.17142199394327e-05
S6_50576504 6 50576504 6.57270199801562e-08
S6_50584506 6 50584506 5.22674286542482e-06
S6_50591086 6 50591086 2.29257197241117e-05
S6_50591125 6 50591125 2.29257197241117e-05
S6_50591210 6 50591210 9.40389821513617e-07
S6_50621613 6 50621613 1.12541215487048e-06
S6_50627079 6 50627079 2.52140813482359e-06
S6_50663276 6 50663276 1.53820530360006e-07
S6_50686584 6 50686584 0.000724755575011308
S6_50722368 6 50722368 2.71862342195866e-06
S6_50733596 6 50733596 0.000942046876339952
S6_50746880 6 50746880 0.000387561660634061
S6_50756176 6 50756176 8.14597442006025e-06
S6_50760839 6 50760839 0.000537594504679984
S6_50761007 6 50761007 0.000128937579200485
S6_50761031 6 50761031 0.000128937579200485
S6_50761185 6 50761185 8.26373375736433e-06
S6_50761217 6 50761217 8.26373375736433e-06
S6_50777901 6 50777901 6.80278295693428e-06
S6_50812510 6 50812510 0.000477732247632602
S6_50830783 6 50830783 0.000411720928233447
S6_50834537 6 50834537 7.71695593450272e-06
S6_50834567 6 50834567 1.10330075812121e-05
S6_50834591 6 50834591 1.57591744341443e-05
S6_50836666 6 50836666 7.28596628498216e-05
S6_50874804 6 50874804 0.000326545658039749
S6_50874814 6 50874814 0.000589279238102466
S6_50874853 6 50874853 0.000195627338975358
S6_50875050 6 50875050 0.000753214670661336
S6_50875052 6 50875052 0.000753214670661336
S6_50875145 6 50875145 0.00048591892852687
S6_50887033 6 50887033 0.000412373191716404
S6_51009442 6 51009442 0.000255222402828148
S6_51029694 6 51029694 8.75966106837075e-05
S6_51031858 6 51031858 0.000258384742549883
S6_51093596 6 51093596 0.000112892712238219
S6_51122823 6 51122823 4.73981026060294e-08
S6_51132484 6 51132484 9.86195509429986e-05
S6_51140239 6 51140239 0.000113012366246722
S6_51153878 6 51153878 2.37982161936474e-06
S6_51160517 6 51160517 4.1840321489043e-05
S6_51163876 6 51163876 4.11979369508804e-05
S6_51163880 6 51163880 1.97896442363302e-05
S6_51163883 6 51163883 4.05675312031617e-05
S6_51164867 6 51164867 8.37104163429029e-05
S6_51164875 6 51164875 0.000156164528932549
S6_51164881 6 51164881 0.000156164528932571
S6_51176672 6 51176672 5.36651457601541e-07
S6_51244113 6 51244113 3.54182759581998e-08
S6_51288053 6 51288053 0.000569548418226476
S6_51314122 6 51314122 4.07971513023128e-05
S6_51355146 6 51355146 0.000840960666928452
S6_51355286 6 51355286 1.95171240647549e-05
S6_51373284 6 51373284 1.48759087911464e-05
S6_51380513 6 51380513 0.000315017484347037
S6_51396666 6 51396666 1.02788312428889e-05
S6_51475844 6 51475844 1.81166488055692e-05
S6_51485939 6 51485939 0.000379040303253775
S6_51499987 6 51499987 0.000447694047237078
S6_51500142 6 51500142 1.51617307271211e-07
S6_51500281 6 51500281 0.000434307334482037
S6_51564122 6 51564122 2.23236181778711e-05
S6_51564931 6 51564931 4.74722208951657e-08
S6_51565010 6 51565010 5.31007392887771e-08
S6_51565039 6 51565039 2.25235878701329e-06
S6_51565042 6 51565042 1.59640247898781e-06
S6_51565097 6 51565097 7.81438131181445e-07
S6_51574387 6 51574387 2.26690959706278e-07
S6_51576473 6 51576473 1.17626606941539e-07
S6_51577039 6 51577039 4.0874335809977e-08
S6_51608312 6 51608312 3.02376573927437e-07
S6_51608398 6 51608398 0.000653542105411901
S6_51609592 6 51609592 3.2189641111786e-05
S6_51612157 6 51612157 0.000999087343609124
S6_51614663 6 51614663 1.72441581598637e-07
S6_51632008 6 51632008 0.00056939616847552
S6_51635590 6 51635590 0.000108865415805906
S6_51644442 6 51644442 0.000456573256352081
S6_51673670 6 51673670 0.000391769448138587
S6_51680610 6 51680610 6.50077184916235e-05
S6_51719501 6 51719501 2.63168683971541e-07
S6_51841029 6 51841029 0.000463271073420453
S6_51844213 6 51844213 0.00084839924608587
S6_51844283 6 51844283 0.000313675899329369
S6_51902534 6 51902534 1.69525395478275e-06
S6_51947710 6 51947710 0.000137379474107002
S6_51964933 6 51964933 5.55847017240834e-05
S6_52006843 6 52006843 1.70398819601595e-06
S6_52008290 6 52008290 0.000623105507875024
S6_52017322 6 52017322 3.77035457674063e-05
S6_52017702 6 52017702 0.000630398662201107
S6_52018992 6 52018992 8.14398488857157e-05
S6_52019044 6 52019044 9.46007959015098e-05
S6_52019093 6 52019093 0.000120607782115044
S6_52019096 6 52019096 0.000142502624956371
S6_52019172 6 52019172 0.000166685730635497
S6_52074480 6 52074480 0.000229829952932521
S6_52094659 6 52094659 0.000731841838896285
S6_52101103 6 52101103 0.00039365779059815
S6_52103412 6 52103412 0.000416721286738079
S6_52107872 6 52107872 3.88605520905168e-09
S6_52119762 6 52119762 0.000285371136051359
S6_52125476 6 52125476 6.79377545222803e-06
S6_52137940 6 52137940 0.000772145648789151
S6_52138776 6 52138776 1.50009224007033e-05
S6_52152013 6 52152013 7.02442446807405e-07
S6_52175009 6 52175009 0.000759672940021952
S6_52204515 6 52204515 2.4731264811568e-06
S6_52224910 6 52224910 1.764153229097e-06
S6_52236681 6 52236681 0.000563163741150231
S6_52238273 6 52238273 0.00017074965481671
S6_52238298 6 52238298 0.000170749654816729
S6_52238749 6 52238749 2.96450870752796e-05
S6_52238761 6 52238761 2.96450870752813e-05
S6_52238771 6 52238771 3.71319307672861e-05
S6_52238772 6 52238772 3.71319307672836e-05
S6_52250247 6 52250247 1.20161489784715e-06
S6_52259614 6 52259614 1.29559251102883e-05
S6_52259617 6 52259617 1.2765888705094e-05
S6_52336486 6 52336486 0.000282443525464993
S6_52353713 6 52353713 5.40525726287997e-06
S6_52357325 6 52357325 6.67071810548372e-07
S6_52358275 6 52358275 1.74718496790967e-07
S6_52358436 6 52358436 1.80857025629344e-05
S6_52358472 6 52358472 7.47148018449811e-05
S6_52358992 6 52358992 6.20520081065144e-05
S6_52359212 6 52359212 3.09447052313401e-06
S6_52382614 6 52382614 0.000938194617286579
S6_52386152 6 52386152 8.4446871211182e-09
S6_52386409 6 52386409 2.03560433241794e-07
S6_52386412 6 52386412 2.03560433241772e-07
S6_52386649 6 52386649 1.66669218257024e-05
S6_52386934 6 52386934 9.23756034768682e-05
S6_52388060 6 52388060 5.60817325208953e-05
S6_52405140 6 52405140 4.14596992637508e-08
S6_52405142 6 52405142 4.14596992637508e-08
S6_52405253 6 52405253 1.71977674858529e-09
S6_52408471 6 52408471 1.53627246878173e-05
S6_52418309 6 52418309 0.000817312085145216
S6_52424724 6 52424724 0.000850827753556253
S6_52442166 6 52442166 0.000107927158948884
S6_52480016 6 52480016 1.12961401444247e-07
S6_52515805 6 52515805 0.000943986962219564
S6_52517428 6 52517428 0.000856573221949709
S6_52581419 6 52581419 0.000830468965993329
S6_52604852 6 52604852 5.95787562261407e-05
S6_52604867 6 52604867 0.000126578265133308
S6_52604884 6 52604884 0.000126578265133325
S6_52608265 6 52608265 0.000112634811348793
S6_52619879 6 52619879 0.00038811025945674
S6_52619891 6 52619891 0.00038811025945674
S6_52619900 6 52619900 0.00038811025945674
S6_52646452 6 52646452 0.000764612504113728
S6_52646459 6 52646459 0.000764612504113728
S6_52698281 6 52698281 0.000689056351986465
S6_52698282 6 52698282 0.000689056351986465
S6_52698283 6 52698283 0.000689056351986465
S6_52698321 6 52698321 0.000689056351986465
S6_52701869 6 52701869 0.000676827690324666
S6_52701891 6 52701891 0.000676827690324666
S6_52731530 6 52731530 0.000315001919505827
S6_52745298 6 52745298 0.000117759689060629
S6_52776999 6 52776999 0.000223853831984464
S6_52781970 6 52781970 0.000970525775574151
S6_52781992 6 52781992 0.000944756105989745
S6_52786504 6 52786504 0.000744954685976275
S6_52789108 6 52789108 4.15670958223251e-06
S6_52794061 6 52794061 1.88090248372493e-05
S6_52794085 6 52794085 9.28304579394171e-06
S6_52794527 6 52794527 0.000282457843906028
S6_52803782 6 52803782 0.000329401795155251
S6_52840087 6 52840087 0.000575014527057388
S6_52844576 6 52844576 0.00019060915173184
S6_52853689 6 52853689 1.83638457315437e-06
S6_52854320 6 52854320 4.31474885648723e-05
S6_52899338 6 52899338 0.000564714139959277
S6_52976171 6 52976171 0.000192994457713471
S6_52976501 6 52976501 0.000245346384110295
S6_52980317 6 52980317 4.4510483194641e-05
S6_52986750 6 52986750 0.000965781213712307
S6_52993695 6 52993695 5.15828427037556e-10
S6_52996652 6 52996652 5.26452620045036e-05
S6_53084162 6 53084162 0.000541802633950996
S6_53094792 6 53094792 0.000647912208500217
S6_53105010 6 53105010 4.36565799147301e-06
S6_53127844 6 53127844 0.000560992687656875
S6_53142578 6 53142578 0.000834585959467168
S6_53265727 6 53265727 0.000171526260595996
S6_53276118 6 53276118 0.000796498630652928
S6_53276119 6 53276119 0.000796498630652928
S6_53448746 6 53448746 0.000976641629811403
S6_53476503 6 53476503 2.23445926177306e-08
S6_53502179 6 53502179 0.00070337300699524
S6_53552998 6 53552998 1.27595178939767e-06
S6_53553022 6 53553022 3.27678776632135e-05
S6_53553067 6 53553067 3.28602681322439e-06
S6_53553071 6 53553071 3.28602681322439e-06
S6_53553080 6 53553080 1.98424152168443e-06
S6_53553126 6 53553126 1.98424152168443e-06
S6_53553218 6 53553218 2.17887385217578e-07
S6_53553249 6 53553249 2.17887385217578e-07
S6_53553365 6 53553365 1.43209852403194e-05
S6_53553382 6 53553382 1.4616003760183e-05
S6_53553402 6 53553402 1.4616003760183e-05
S6_53553425 6 53553425 2.15669906937115e-05
S6_53553462 6 53553462 2.26324847311359e-05
S6_53553468 6 53553468 2.26324847311359e-05
S6_53553605 6 53553605 1.423471650675e-08
S6_53553616 6 53553616 1.42347165067518e-08
S6_53553638 6 53553638 1.71347981818583e-07
S6_53553758 6 53553758 3.00997959208003e-07
S6_53554077 6 53554077 4.64554874784438e-06
S6_53567479 6 53567479 7.45459765302616e-07
S6_53567514 6 53567514 7.45459765302616e-07
S6_53567688 6 53567688 6.85553859974037e-06
S6_53567689 6 53567689 6.85553859974037e-06
S6_53587464 6 53587464 5.94971125915268e-06
S6_53601975 6 53601975 0.000823809207306252
S6_53602025 6 53602025 0.000823809207306252
S6_53605528 6 53605528 0.000608065604636282
S6_53639393 6 53639393 4.31039324512496e-05
S6_53641286 6 53641286 1.16270145860338e-05
S6_53694602 6 53694602 0.00016045719342275
S6_53694750 6 53694750 9.28555904710726e-06
S6_53694760 6 53694760 9.28555904710661e-06
S6_53705758 6 53705758 1.75793876572851e-05
S6_53706040 6 53706040 0.000955622377062778
S6_53729861 6 53729861 0.000495273361661464
S6_53731823 6 53731823 0.000865365991588598
S6_53748115 6 53748115 2.53375810599529e-10
S6_53748126 6 53748126 2.53375810599529e-10
S6_53748128 6 53748128 2.533758105995e-10
S6_53748292 6 53748292 3.7627589541334e-09
S6_53748318 6 53748318 2.44652939098393e-09
S6_53750922 6 53750922 2.62462196778448e-11
S6_53750945 6 53750945 2.62462196778435e-11
S6_53753634 6 53753634 1.78446533799738e-11
S6_53758896 6 53758896 1.50863601128378e-06
S6_53765297 6 53765297 0.000138877795551537
S6_53765298 6 53765298 5.83801961549074e-06
S6_53772905 6 53772905 1.04790100073103e-08
S6_53775338 6 53775338 3.92541575372263e-10
S6_53776912 6 53776912 1.46777342523884e-10
S6_53776983 6 53776983 7.1697145541138e-10
S6_53784900 6 53784900 1.32839952176969e-06
S6_53784902 6 53784902 1.32839952176969e-06
S6_53784916 6 53784916 1.32839952176969e-06
S6_53784927 6 53784927 1.32839952176969e-06
S6_53786145 6 53786145 8.14448941490619e-07
S6_53787091 6 53787091 4.46162830581228e-08
S6_53798821 6 53798821 1.434147780243e-07
S6_53804212 6 53804212 0.000137429683005696
S6_53815946 6 53815946 0.000962141274081595
S6_53816294 6 53816294 6.275812491038e-05
S6_53822855 6 53822855 1.40883955766805e-05
S6_53822856 6 53822856 1.40883955766805e-05
S6_53822858 6 53822858 6.79507890557133e-06
S6_53833437 6 53833437 0.000898266026272735
S6_53833917 6 53833917 0.000575130409637719
S6_53833945 6 53833945 0.000388770804829918
S6_53833953 6 53833953 0.000299807110923487
S6_53833954 6 53833954 0.000678121999493268
S6_53834143 6 53834143 0.000675915836326668
S6_53834162 6 53834162 0.000675915836326668
S6_53848111 6 53848111 7.93380570456737e-05
S6_53849566 6 53849566 4.68257855547093e-05
S6_53856024 6 53856024 1.21979323016323e-05
S6_53908624 6 53908624 1.8959714742182e-06
S6_53971470 6 53971470 1.9247352561859e-05
S6_53988430 6 53988430 0.000375819271579182
S6_53990115 6 53990115 0.00042484576233295
S6_53990139 6 53990139 0.000267562627682764
S6_53990140 6 53990140 0.000484881710021912
S6_53992425 6 53992425 0.000127670766823285
S6_53992762 6 53992762 0.000206337692122383
S6_54064431 6 54064431 0.000161043007028394
S6_54067719 6 54067719 1.04772586017584e-05
S6_54105275 6 54105275 0.000732824483485898
S6_54105276 6 54105276 0.000492645174548207
S6_54116262 6 54116262 0.000562941688816899
S6_54117790 6 54117790 0.000239008758944675
S6_54123184 6 54123184 0.000189325462195874
S6_54125356 6 54125356 0.000906099304243123
S6_54125380 6 54125380 0.000591408343907604
S6_54125594 6 54125594 9.99109069416963e-05
S6_54125713 6 54125713 0.000367121613905268
S6_54127687 6 54127687 6.42830514244672e-06
S6_54131663 6 54131663 0.000630868763088662
S6_54161926 6 54161926 7.7396013110593e-06
S6_54162518 6 54162518 0.000256500054111311
S6_54163504 6 54163504 0.000154407390721937
S6_54172521 6 54172521 0.000822396049108859
S6_54201908 6 54201908 0.00016038780867937
S6_54201986 6 54201986 4.35216753540712e-06
S6_54209654 6 54209654 1.65098806749576e-05
S6_54212373 6 54212373 4.10954713801292e-08
S6_54212375 6 54212375 4.10954713801292e-08
S6_54212376 6 54212376 4.10954713801336e-08
S6_54212377 6 54212377 4.10954713801336e-08
S6_54224380 6 54224380 0.000135704262452658
S6_54230977 6 54230977 5.24067866563601e-08
S6_54230997 6 54230997 2.45992429024141e-08
S6_54231231 6 54231231 2.96506620943439e-05
S6_54231296 6 54231296 0.000575324685963035
S6_54231298 6 54231298 0.000472238623477639
S6_54231303 6 54231303 0.000542418181039735
S6_54231304 6 54231304 0.000520040180936265
S6_54243640 6 54243640 9.26773370438515e-06
S6_54244890 6 54244890 0.000117509700216802
S6_54254068 6 54254068 3.0659688200812e-05
S6_54257705 6 54257705 8.01246008026024e-05
S6_54408962 6 54408962 0.000658727039538883
S6_54408966 6 54408966 0.000457744558393886
S6_54409003 6 54409003 1.8750013449712e-05
S6_54463844 6 54463844 4.76205278027932e-07
S6_54463848 6 54463848 1.20053106414837e-08
S6_54464568 6 54464568 4.4626533947248e-07
S6_54464987 6 54464987 5.46791769581116e-06
S6_54503507 6 54503507 1.05718818880669e-05
S6_54506858 6 54506858 0.000123870855220184
S6_54507273 6 54507273 6.54192316665519e-05
S6_54507278 6 54507278 0.000265211993966774
S6_54508269 6 54508269 0.000354221627743821
S6_54508463 6 54508463 2.54332757711895e-05
S6_54508508 6 54508508 0.000418924292222776
S6_54508529 6 54508529 0.000295387681585809
S6_54513806 6 54513806 0.000371599536338433
S6_54514306 6 54514306 0.00014993242277927
S6_54517037 6 54517037 5.98219734517771e-06
S6_54521382 6 54521382 1.95695342695497e-05
S6_54521541 6 54521541 0.000629101687189236
S6_54528814 6 54528814 9.54718412952937e-05
S6_54529055 6 54529055 0.000138716512947276
S6_54529085 6 54529085 0.000276893009794976
S6_54551546 6 54551546 0.000427140413809998
S6_54554060 6 54554060 9.46266393769681e-05
S6_54566601 6 54566601 7.42674507187504e-05
S6_54566625 6 54566625 6.64497666428132e-05
S6_54566714 6 54566714 0.000103348302078982
S6_54566719 6 54566719 0.000103348302078982
S6_54571660 6 54571660 0.000356211691335818
S6_54571857 6 54571857 0.000401287678160041
S6_54573357 6 54573357 1.09582996414816e-06
S6_54580718 6 54580718 3.09442056056281e-05
S6_54580750 6 54580750 3.09442056056281e-05
S6_54584809 6 54584809 0.000541243490442849
S6_54589713 6 54589713 5.59660448837187e-05
S6_54590540 6 54590540 1.29803376456394e-07
S6_54590577 6 54590577 1.31369475066608e-07
S6_54590616 6 54590616 0.000240488781743528
S6_54592975 6 54592975 0.000439666719884222
S6_54597307 6 54597307 1.7872116351357e-06
S6_54598897 6 54598897 6.53572678162098e-06
S6_54606210 6 54606210 2.07792098042738e-05
S6_54607726 6 54607726 7.14826468635938e-06
S6_54607744 6 54607744 6.704239099174e-06
S6_54607945 6 54607945 0.000495199915309524
S6_54623223 6 54623223 0.000828208428602577
S6_54647595 6 54647595 0.000544814456457531
S6_54656239 6 54656239 0.000377474284520722
S6_54656519 6 54656519 4.15823000905835e-05
S6_54671315 6 54671315 1.76559328549719e-05
S6_54681143 6 54681143 0.000445873446082059
S6_54691943 6 54691943 8.3103186460461e-10
S6_54691982 6 54691982 4.55773582365924e-06
S6_54696544 6 54696544 0.000724168413076932
S6_54697268 6 54697268 1.74746233986021e-05
S6_54735812 6 54735812 0.000452122824497926
S6_54806320 6 54806320 3.0243491742373e-05
S6_54833960 6 54833960 2.45376247596499e-06
S6_54834118 6 54834118 1.07871297283652e-06
S6_54834120 6 54834120 1.07871297283652e-06
S6_54834122 6 54834122 1.0787129728361e-06
S6_54834164 6 54834164 1.50202518442049e-06
S6_54840179 6 54840179 1.74650311680169e-05
S6_54842766 6 54842766 1.704038234973e-06
S6_54848460 6 54848460 3.68007180456793e-07
S6_54856043 6 54856043 2.69557236457061e-05
S6_54856681 6 54856681 0.000213805414389888
S6_54857569 6 54857569 0.000315932014880095
S6_54862847 6 54862847 0.000150143221379803
S6_54871083 6 54871083 0.000165162276997829
S6_54882556 6 54882556 7.77012985833849e-05
S6_54894538 6 54894538 6.78091120866343e-07
S6_54910615 6 54910615 0.000100325241239322
S6_54952864 6 54952864 0.000847610297011939
S6_54954423 6 54954423 2.19075313213026e-05
S6_55003600 6 55003600 5.3041975744602e-06
S6_55013097 6 55013097 0.000923034643779161
S6_55051394 6 55051394 5.48421089688467e-05
S6_55051439 6 55051439 5.48421089688467e-05
S6_55051469 6 55051469 0.000999638887058475
S6_55051669 6 55051669 3.4569327928756e-05
S6_55059570 6 55059570 0.000685005382673754
S6_55091034 6 55091034 1.9695034797266e-05
S6_55091040 6 55091040 0.000721140489383716
S6_55096306 6 55096306 0.000161013776941366
S6_55106702 6 55106702 7.38345289110438e-07
S6_55106724 6 55106724 8.05554478585857e-07
S6_55126607 6 55126607 9.24089309043279e-10
S6_55136012 6 55136012 0.000114114459956134
S6_55136855 6 55136855 1.5345082324463e-07
S6_55150771 6 55150771 1.23484935080901e-06
S6_55151147 6 55151147 9.35340625004555e-06
S6_55151581 6 55151581 8.84785974328214e-06
S6_55159830 6 55159830 1.69211406695916e-09
S6_55173080 6 55173080 2.4243921863024e-05
S6_55186669 6 55186669 9.507264806238e-05
S6_55214701 6 55214701 0.000211655805297736
S6_55214857 6 55214857 0.000178886871141879
S6_55214911 6 55214911 0.000691610672020051
S6_55218195 6 55218195 2.74441135541271e-06
S6_55221423 6 55221423 1.5953777977571e-05
S6_55223623 6 55223623 0.000125975495782609
S6_55226661 6 55226661 2.33666081134626e-08
S6_55227930 6 55227930 8.52070270569813e-07
S6_55232111 6 55232111 8.78669621959028e-08
S6_55245490 6 55245490 7.57289608003578e-05
S6_55273558 6 55273558 2.79999897867767e-07
S6_55282389 6 55282389 0.000558528127231516
S6_55282390 6 55282390 0.000832866917094139
S6_55290729 6 55290729 0.000209793363334658
S6_55290734 6 55290734 0.000208576688028284
S6_55290806 6 55290806 8.03569757065412e-05
S6_55290830 6 55290830 8.03569757065412e-05
S6_55295061 6 55295061 8.44577910661173e-08
S6_55298717 6 55298717 7.7772830382033e-06
S6_55299444 6 55299444 3.19223012000774e-07
S6_55299449 6 55299449 4.51365008800285e-05
S6_55302536 6 55302536 3.92556391680468e-06
S6_55302646 6 55302646 7.67729242125127e-07
S6_55310339 6 55310339 0.000119649274481448
S6_55310797 6 55310797 4.20164524131504e-07
S6_55318582 6 55318582 1.66099288501439e-05
S6_55318967 6 55318967 9.36263284903029e-07
S6_55345000 6 55345000 0.000721671954952004
S6_55345353 6 55345353 1.29196985400165e-06
S6_55345924 6 55345924 0.000408145327107145
S6_55351688 6 55351688 3.71790191949946e-05
S6_55351719 6 55351719 2.94862540641079e-06
S6_55369087 6 55369087 0.000317258428430629
S6_55372950 6 55372950 3.66034803806545e-08
S6_55372999 6 55372999 3.66034803806545e-08
S6_55373035 6 55373035 3.76128564711502e-05
S6_55386833 6 55386833 0.000882566836476571
S6_55389429 6 55389429 2.36499556906034e-05
S6_55396349 6 55396349 7.93941420503989e-05
S6_55396563 6 55396563 3.4407337168347e-07
S6_55397051 6 55397051 5.20859916629335e-05
S6_55397561 6 55397561 0.000216053811058452
S6_55408284 6 55408284 9.11353891149655e-05
S6_55408302 6 55408302 1.39116336717502e-06
S6_55408308 6 55408308 1.39671792406829e-06
S6_55408311 6 55408311 1.39116336717502e-06
S6_55412769 6 55412769 6.21868611838516e-05
S6_55413359 6 55413359 3.6797190260432e-07
S6_55413379 6 55413379 9.22197337009315e-08
S6_55423562 6 55423562 2.75749440839504e-10
S6_55427381 6 55427381 7.27718976595735e-05
S6_55452248 6 55452248 0.000385110718245721
S6_55452840 6 55452840 1.68336483357987e-05
S6_55484237 6 55484237 0.000155387040246126
S6_55495244 6 55495244 3.205244983593e-06
S6_55495539 6 55495539 2.11137002365059e-10
S6_55495553 6 55495553 2.11137002365059e-10
S6_55496989 6 55496989 1.5341046853034e-08
S6_55505487 6 55505487 6.10263680822429e-06
S6_55506057 6 55506057 0.000836978206378459
S6_55506083 6 55506083 8.92088060704394e-05
S6_55534313 6 55534313 0.00032743686714565
S6_55534399 6 55534399 5.54046738164252e-05
S6_55539411 6 55539411 2.67249093042781e-05
S6_55539424 6 55539424 0.000288142616323912
S6_55539969 6 55539969 9.1091636688529e-05
S6_55540215 6 55540215 0.000120041250003928
S6_55540219 6 55540219 3.91955115286289e-06
S6_55540428 6 55540428 3.36627194085904e-05
S6_55550620 6 55550620 6.23292879487917e-08
S6_55550664 6 55550664 6.64532732455889e-07
S6_55554245 6 55554245 9.52010378462527e-05
S6_55557788 6 55557788 7.88444566178902e-08
S6_55560132 6 55560132 1.6112476508221e-09
S6_55561911 6 55561911 0.000437748990309878
S6_55562663 6 55562663 2.77618129414759e-09
S6_55563095 6 55563095 2.93746821192972e-08
S6_55563374 6 55563374 6.92354638211173e-07
S6_55565387 6 55565387 8.7246288299307e-09
S6_55567855 6 55567855 0.000464036096689207
S6_55567856 6 55567856 0.000464036096689207
S6_55570751 6 55570751 2.25364376105057e-07
S6_55580461 6 55580461 0.000692720250221019
S6_55582817 6 55582817 1.18275854891522e-06
S6_55587723 6 55587723 1.91244878291492e-05
S6_55597168 6 55597168 4.13887643728951e-09
S6_55601497 6 55601497 6.21047468438332e-07
S6_55601587 6 55601587 7.84470196231531e-05
S6_55601599 6 55601599 0.000821886700701314
S6_55629374 6 55629374 1.71052652803708e-06
S6_55629517 6 55629517 0.000320805800030654
S6_55629713 6 55629713 7.01342362672519e-09
S6_55629975 6 55629975 4.67052877638142e-10
S6_55630815 6 55630815 8.39426447972576e-08
S6_55634462 6 55634462 2.09946276535281e-06
S6_55641564 6 55641564 8.40461525540921e-05
S6_55641749 6 55641749 1.20726346453937e-05
S6_55643382 6 55643382 0.000257301145814541
S6_55645227 6 55645227 3.2426858918061e-08
S6_55660393 6 55660393 8.7006693986277e-07
S6_55664525 6 55664525 0.000136184328711116
S6_55665100 6 55665100 0.000128467598462586
S6_55666367 6 55666367 1.48451610013066e-07
S6_55666368 6 55666368 6.9044665435849e-08
S6_55666369 6 55666369 6.9044665435849e-08
S6_55666370 6 55666370 0.00038268163504938
S6_55668291 6 55668291 3.7499982367185e-05
S6_55668732 6 55668732 0.000970335978199732
S6_55680384 6 55680384 2.45176974530784e-07
S6_55680453 6 55680453 9.8198316838279e-10
S6_55680504 6 55680504 3.25673390950201e-06
S6_55680581 6 55680581 1.20867795016689e-05
S6_55680828 6 55680828 2.83825573180557e-06
S6_55683540 6 55683540 0.000531391267804623
S6_55684109 6 55684109 9.17063107006255e-08
S6_55689265 6 55689265 2.60852710883556e-08
S6_55689559 6 55689559 2.76454265280001e-05
S6_55689560 6 55689560 2.76454265280001e-05
S6_55689561 6 55689561 2.76454265280001e-05
S6_55689964 6 55689964 3.64013237086227e-06
S6_55690113 6 55690113 0.000249486167101836
S6_55691281 6 55691281 0.000210563483941434
S6_55691286 6 55691286 0.000210563483941434
S6_55691568 6 55691568 2.55773543562571e-05
S6_55691652 6 55691652 0.000109332454222978
S6_55691671 6 55691671 7.97343187577204e-05
S6_55692224 6 55692224 0.000371193592198378
S6_55693661 6 55693661 0.000840032868332077
S6_55693719 6 55693719 5.89290490749939e-06
S6_55694180 6 55694180 3.32208476032665e-05
S6_55694443 6 55694443 0.00086950116192386
S6_55694467 6 55694467 0.000183048041655181
S6_55694642 6 55694642 3.56291853018246e-05
S6_55694660 6 55694660 3.68100142537909e-05
S6_55703407 6 55703407 9.04274744664923e-06
S6_55706469 6 55706469 3.39928639891786e-07
S6_55706935 6 55706935 0.00030528212107943
S6_55706974 6 55706974 0.000949897438205123
S6_55710163 6 55710163 2.36167852325775e-08
S6_55710165 6 55710165 2.36167852325745e-08
S6_55710189 6 55710189 2.36167852325745e-08
S6_55710216 6 55710216 2.83770970802787e-08
S6_55710288 6 55710288 6.81536937205282e-06
S6_55714728 6 55714728 0.00022740558552921
S6_55714762 6 55714762 0.00022740558552921
S6_55717352 6 55717352 0.000272140113823895
S6_55793114 6 55793114 4.04225938153532e-05
S6_55793129 6 55793129 4.04225938153532e-05
S6_55838432 6 55838432 1.92818064970986e-06
S6_55838450 6 55838450 3.32471725360785e-06
S6_55843130 6 55843130 2.82294685169609e-05
S6_55856067 6 55856067 1.72867898252147e-05
S6_55863775 6 55863775 2.06591851965416e-07
S6_55864768 6 55864768 4.41483172239270e-09
S6_55864783 6 55864783 4.41483172239270e-09
S6_55864977 6 55864977 7.59990141590799e-06
S6_55864982 6 55864982 7.59990141590799e-06
S6_55865002 6 55865002 7.59990141590799e-06
S6_55867550 6 55867550 2.98763540012678e-06
S6_55888407 6 55888407 0.000358103961676226
S6_55898395 6 55898395 1.26972647205834e-06
S6_55905552 6 55905552 4.47942052700796e-06
S6_55905608 6 55905608 1.70056472755259e-05
S6_55905609 6 55905609 1.70056472755259e-05
S6_55905610 6 55905610 1.70056472755259e-05
S6_55905612 6 55905612 1.70056472755259e-05
S6_55908864 6 55908864 5.20422040941091e-05
S6_55911101 6 55911101 0.000588358175941761
S6_55944282 6 55944282 0.000500106081254273
S6_55944726 6 55944726 0.000997949364758301
S6_55944978 6 55944978 4.72355411777598e-05
S6_55950173 6 55950173 0.000861749182228508
S6_55951639 6 55951639 1.98607878123303e-07
S6_55951648 6 55951648 1.98607878123303e-07
S6_55951846 6 55951846 0.000244143393486532
S6_55952181 6 55952181 0.000257905897419968
S6_55961147 6 55961147 1.30440652835161e-07
S6_55962068 6 55962068 4.54365432458141e-05
S6_55963821 6 55963821 5.13809968435445e-07
S6_55970087 6 55970087 2.02253710461559e-07
S6_55970098 6 55970098 0.000579129819595173
S6_55971313 6 55971313 0.000181091555204372
S6_55978956 6 55978956 7.60355560798548e-05
S6_55978961 6 55978961 7.60355560798548e-05
S6_55978975 6 55978975 0.000173641472173881
S6_55987392 6 55987392 0.000137178150672495
S6_55989117 6 55989117 0.000131939484243146
S6_55989165 6 55989165 3.82133110628507e-08
S6_56002552 6 56002552 2.51102051871443e-06
S6_56004074 6 56004074 3.65777962863764e-07
S6_56004918 6 56004918 2.2741104195361e-05
S6_56004996 6 56004996 1.32643232114961e-05
S6_56005031 6 56005031 3.80620913482094e-05
S6_56005032 6 56005032 1.35821735146587e-05
S6_56005077 6 56005077 0.000735500408440391
S6_56005081 6 56005081 0.000675131735386482
S6_56005085 6 56005085 0.000735500408440391
S6_56005290 6 56005290 0.000697155528475003
S6_56023727 6 56023727 8.35176109621199e-08
S6_56023735 6 56023735 7.78301594968081e-07
S6_56024189 6 56024189 2.41703757807736e-05
S6_56060080 6 56060080 2.43376947710983e-05
S6_56061761 6 56061761 5.13457541869338e-09
S6_56061921 6 56061921 2.45691507561097e-10
S6_56079698 6 56079698 3.08402208290297e-05
S6_56093989 6 56093989 6.36667814614522e-10
S6_56094303 6 56094303 1.42607137384398e-06
S6_56094311 6 56094311 1.42607137384398e-06
S6_56094332 6 56094332 1.42607137384398e-06
S6_56094549 6 56094549 4.20555272083805e-07
S6_56094562 6 56094562 8.27182753048297e-11
S6_56094570 6 56094570 4.20555272083805e-07
S6_56096985 6 56096985 4.33826039939191e-09
S6_56097090 6 56097090 2.84571645012229e-08
S6_56097091 6 56097091 2.84571645012229e-08
S6_56097554 6 56097554 1.74043993304329e-07
S6_56097659 6 56097659 1.29912071081241e-05
S6_56101430 6 56101430 1.44222781845476e-11
S6_56108189 6 56108189 1.41683197870774e-07
S6_56108214 6 56108214 2.19899329314059e-06
S6_56108232 6 56108232 2.19899329314059e-06
S6_56113584 6 56113584 4.00631330214514e-13
S6_56113585 6 56113585 3.65138700369224e-12
S6_56114256 6 56114256 0.000568216552672808
S6_56114760 6 56114760 1.08874430751808e-05
S6_56118385 6 56118385 7.57420586823429e-05
S6_56118685 6 56118685 0.000232267392216572
S6_56121527 6 56121527 9.53442218714348e-08
S6_56121712 6 56121712 0.000241974104666315
S6_56121714 6 56121714 9.00514756820969e-05
S6_56121715 6 56121715 0.000164881481481354
S6_56122054 6 56122054 3.23342565612645e-07
S6_56122055 6 56122055 6.49211589353055e-07
S6_56129558 6 56129558 0.000135934197792406
S6_56129608 6 56129608 0.000108595983213981
S6_56140753 6 56140753 3.79316649422657e-08
S6_56158438 6 56158438 5.81884396668564e-10
S6_56158509 6 56158509 3.07040990835211e-08
S6_56158631 6 56158631 0.000203967608032468
S6_56159860 6 56159860 0.00074684883846344
S6_56181353 6 56181353 1.44476742451277e-06
S6_56197863 6 56197863 0.000184698816389743
S6_56208693 6 56208693 1.48304231796409e-05
S6_56208695 6 56208695 1.72877122113599e-05
S6_56213866 6 56213866 0.000271763542268227
S6_56220511 6 56220511 0.000462657724743209
S6_56221147 6 56221147 7.72914989787705e-05
S6_56233688 6 56233688 0.000745119147601254
S6_56233690 6 56233690 0.000745119147601254
S6_56233691 6 56233691 0.000745119147601164
S6_56233692 6 56233692 0.000745119147601254
S6_56233693 6 56233693 0.000745119147601164
S6_56233694 6 56233694 0.000745119147601164
S6_56234045 6 56234045 6.09122652120566e-09
S6_56234061 6 56234061 6.09122652120566e-09
S6_56234122 6 56234122 9.20231382716457e-08
S6_56235076 6 56235076 1.44303338198051e-05
S6_56235077 6 56235077 1.44303338198051e-05
S6_56235079 6 56235079 1.44303338198051e-05
S6_56235080 6 56235080 1.44303338198051e-05
S6_56235775 6 56235775 1.16041668992694e-07
S6_56245773 6 56245773 5.31339857682839e-06
S6_56245774 6 56245774 5.31339857682949e-06
S6_56246448 6 56246448 6.21735783648615e-07
S6_56254772 6 56254772 0.000468407036917286
S6_56254965 6 56254965 4.01334530878008e-11
S6_56255387 6 56255387 0.000311457954546001
S6_56255568 6 56255568 0.00010850475091521
S6_56262451 6 56262451 3.53784364369112e-07
S6_56262452 6 56262452 3.53784364369112e-07
S6_56262485 6 56262485 3.53784364369112e-07
S6_56263120 6 56263120 4.51265395438642e-06
S6_56263525 6 56263525 4.86352978413205e-05
S6_56263851 6 56263851 0.000855762919498913
S6_56303758 6 56303758 0.000466015855294928
S6_56303771 6 56303771 0.000353244573144813
S6_56317247 6 56317247 0.000271387709845604
S6_56342588 6 56342588 0.00085184840771684
S6_56343834 6 56343834 0.00033490444969995
S6_56362651 6 56362651 0.00040502985761571
S6_56367391 6 56367391 1.33841847902627e-09
S6_56367570 6 56367570 4.87850598053029e-05
S6_56374171 6 56374171 0.000170505225274369
S6_56383757 6 56383757 3.80900212923283e-06
S6_56393544 6 56393544 3.12238218069215e-05
S6_56393613 6 56393613 3.65139963573797e-05
S6_56393724 6 56393724 0.000133734836201562
S6_56393765 6 56393765 0.000130882813136002
S6_56393825 6 56393825 1.01319497795376e-05
S6_56395272 6 56395272 0.000248023327733432
S6_56395290 6 56395290 2.45296773431654e-05
S6_56395929 6 56395929 0.000321214213016603
S6_56433303 6 56433303 4.44559195455331e-09
S6_56443794 6 56443794 7.88497817436874e-06
S6_56474654 6 56474654 5.10093060308407e-05
S6_56489818 6 56489818 0.000598618991557675
S6_56490768 6 56490768 2.09688950025321e-07
S6_56495309 6 56495309 0.000792823178492583
S6_56500842 6 56500842 1.26840185981955e-06
S6_56511417 6 56511417 0.000100392013011526
S6_56515544 6 56515544 5.12637317025673e-09
S6_56529766 6 56529766 1.92162949229836e-08
S6_56529796 6 56529796 1.92162949229836e-08
S6_56532861 6 56532861 7.79915419972434e-09
S6_56582325 6 56582325 3.6537504347841e-07
S6_56590387 6 56590387 1.43657153074203e-07
S6_56605909 6 56605909 1.44261468321657e-10
S6_56605910 6 56605910 1.44261468321638e-10
S6_56605911 6 56605911 1.44261468321657e-10
S6_56606953 6 56606953 3.41170493533578e-05
S6_56607531 6 56607531 4.19495559404945e-09
S6_56609140 6 56609140 2.74466551362288e-05
S6_56609236 6 56609236 0.000143071535323431
S6_56613274 6 56613274 0.000465579426847107
S6_56709673 6 56709673 9.64310681624959e-09
S6_56711931 6 56711931 2.33511489655701e-05
S6_56740011 6 56740011 0.000889066286727992
S6_56745635 6 56745635 7.96897928880088e-05
S6_56745854 6 56745854 0.000458408559267072
S6_56745862 6 56745862 0.000873796647726399
S6_56750629 6 56750629 6.02364523927812e-09
S6_56762018 6 56762018 0.000148716545660774
S6_56952041 6 56952041 0.000259780395966205
S6_56953017 6 56953017 0.000596992137233282
S6_56953018 6 56953018 0.000596992137233282
S6_57133072 6 57133072 0.000552691205492227
S6_57161037 6 57161037 0.000365748207864413
S6_57267942 6 57267942 2.17165220308763e-08
S6_57328795 6 57328795 0.000142843937357396
S6_57334949 6 57334949 0.00079453653369173
S6_57334951 6 57334951 0.000794536533691623
S6_57334952 6 57334952 0.000794536533691623
S6_57336246 6 57336246 0.000665296162429651
S6_57391892 6 57391892 3.01106543407332e-07
S6_57414646 6 57414646 0.000718582669967034
S6_57436184 6 57436184 1.1493890514594e-08
S6_57452332 6 57452332 5.19041494552388e-09
S6_57465785 6 57465785 7.52491191141456e-09
S6_57465789 6 57465789 7.52491191141456e-09
S6_57465798 6 57465798 7.52491191141456e-09
S6_57553987 6 57553987 8.80905803494906e-12
S6_57556246 6 57556246 0.000533533378299869
S6_57560442 6 57560442 0.000153586788494243
S6_57569525 6 57569525 8.03963957465185e-09
S6_57569549 6 57569549 1.06209047583935e-05
S6_57569550 6 57569550 9.30654380736321e-06
S6_57643637 6 57643637 0.000199547283240404
S6_57686553 6 57686553 1.5088454929802e-09
S6_57694987 6 57694987 9.56274728269342e-10
S6_57710086 6 57710086 2.47899443561147e-09
S6_57964018 6 57964018 0.000579382788258977
S6_58105559 6 58105559 2.9735981557873e-05
S6_58105862 6 58105862 0.000513848616119827
S6_58105864 6 58105864 0.000513848616119827
S6_58106216 6 58106216 3.0109286913943e-05
S6_58106263 6 58106263 4.99042687224561e-05
S6_58106266 6 58106266 4.93030186325892e-05
S6_58107468 6 58107468 1.81553134739932e-05
S6_58107470 6 58107470 2.03737579882245e-05
S6_58107472 6 58107472 3.25192892745353e-05
S6_58116360 6 58116360 0.000324865493649246
S6_58116361 6 58116361 0.000373453629057788
S6_58118381 6 58118381 1.21261393691001e-08
S6_58121099 6 58121099 1.56249568425015e-05
S6_58124507 6 58124507 9.13190956198934e-07
S6_58125442 6 58125442 4.54811812995857e-06
S6_58125451 6 58125451 4.54811812995874e-06
S6_58125472 6 58125472 4.54811812995874e-06
S6_58175874 6 58175874 2.02427745907548e-08
S6_58212871 6 58212871 8.08793931549433e-10
S6_58213494 6 58213494 5.63663151478524e-11
S6_58217469 6 58217469 0.000585249953320034
S6_58221811 6 58221811 0.0002137992620078
S6_58252675 6 58252675 1.06050404945859e-06
S6_58281026 6 58281026 0.000454451598281278
S6_58293295 6 58293295 0.000611518728087112
S6_58309533 6 58309533 0.000135609927040772
S6_58389986 6 58389986 0.000597207075661119
S6_58391980 6 58391980 0.00038002746829421
S6_58391982 6 58391982 0.00038002746829421
S6_58395082 6 58395082 4.37468079205287e-05
S6_58409596 6 58409596 0.000261133840179724
S6_58409925 6 58409925 0.000512216226660432
S6_58420252 6 58420252 0.000531031914153197
S6_58461265 6 58461265 0.000126613655433241
S6_58498695 6 58498695 0.000632187955534123
S6_58498920 6 58498920 2.5446702312721e-06
S6_58514534 6 58514534 0.000494907973974389
S6_58536884 6 58536884 3.97772938064243e-09
S6_58558597 6 58558597 3.87564190189343e-05
S6_58580886 6 58580886 1.52671498826882e-05
S6_58581842 6 58581842 0.000633113895889562
S6_58610323 6 58610323 0.000154850518058926
S6_58611410 6 58611410 0.000413493944609229
S6_58612909 6 58612909 0.000416875674264544
S6_58616258 6 58616258 1.69493711177442e-05
S6_58616461 6 58616461 9.075229683379e-05
S6_58797717 6 58797717 2.46007928384144e-07
S6_58809354 6 58809354 4.30558189459994e-08
S6_58809401 6 58809401 4.30558189459945e-08
S6_58815932 6 58815932 3.40486157285017e-05
S6_58817518 6 58817518 1.41650443447839e-07
S6_58819688 6 58819688 1.34099072684123e-08
S6_58842555 6 58842555 0.000731420831635166
S6_58863044 6 58863044 0.000495945326832198
S6_58863143 6 58863143 0.000623478751767136
S6_58866070 6 58866070 4.01756320183437e-05
S6_58866078 6 58866078 4.51861457131894e-05
S6_58869010 6 58869010 3.95516013230925e-05
S6_58869988 6 58869988 4.42869522338915e-05
S6_58914255 6 58914255 6.24186914621943e-07
S6_58915926 6 58915926 1.10126345328245e-09
S6_58920709 6 58920709 6.90337680109723e-05
S6_58963015 6 58963015 0.000618317788269415
S6_58963042 6 58963042 0.000960658879962353
S6_58963124 6 58963124 1.11518491319776e-07
S6_59004117 6 59004117 0.00086842293498271
S6_59012519 6 59012519 0.000238199055886433
S6_59060330 6 59060330 0.000843934778931343
S6_59063733 6 59063733 5.03514920935883e-06
S6_59082334 6 59082334 8.71141650705247e-05
S6_59092842 6 59092842 0.000117748089158237
S6_59092891 6 59092891 5.20918536971572e-05
S6_59096634 6 59096634 0.000414753072944025
S6_59096635 6 59096635 0.000414753072944025
S6_59107128 6 59107128 7.40391351909651e-06
S6_59107232 6 59107232 5.33444000520184e-05
S6_59107256 6 59107256 0.00028769768359916
S6_59107503 6 59107503 1.5671439137718e-05
S6_59108222 6 59108222 1.02548600351985e-05
S6_59111901 6 59111901 0.000456860117203229
S6_59126851 6 59126851 5.91304256568125e-05
S6_59126966 6 59126966 0.000361354021945548
S6_59126967 6 59126967 0.000430208019277954
S6_59131036 6 59131036 4.44736197611457e-05
S6_59131502 6 59131502 0.000442053927044238
S6_59131844 6 59131844 8.30605846591127e-05
S6_59137330 6 59137330 2.12375472418519e-05
S6_59137838 6 59137838 0.000199909318080358
S6_59160437 6 59160437 4.62830762119793e-05
S6_59163940 6 59163940 4.03405543182816e-08
S6_59163953 6 59163953 1.39845493424683e-05
S6_59165843 6 59165843 3.40750748419834e-09
S6_59194072 6 59194072 0.000286771340559434
S6_59195733 6 59195733 1.7895229879094e-06
S6_59220792 6 59220792 0.000710004547306855
S6_59223416 6 59223416 2.95320579129618e-07
S6_59261445 6 59261445 1.47816704794135e-09
S6_59261472 6 59261472 0.000278021656873116
S6_59265822 6 59265822 7.70758663438538e-05
S6_59270370 6 59270370 1.69750323412476e-05
S6_59270377 6 59270377 1.69750323412476e-05
S6_59279283 6 59279283 0.00017167920037145
S6_59291097 6 59291097 7.27631055013681e-06
S6_59291104 6 59291104 7.27631055013681e-06
S6_59291119 6 59291119 7.27631055013681e-06
S6_59291122 6 59291122 7.27631055013681e-06
S6_59291274 6 59291274 6.83850419264446e-05
S6_59291287 6 59291287 6.1221914376456e-05
S6_59294388 6 59294388 0.000329413792497869
S6_59297001 6 59297001 1.1784466374737e-06
S6_59303321 6 59303321 2.48490110371287e-07
S6_59303679 6 59303679 4.36995552352163e-06
S6_59305002 6 59305002 0.000641956946431802
S6_59305003 6 59305003 0.000497787766310694
S6_59305056 6 59305056 0.000648285762876477
S6_59305080 6 59305080 8.0041109785159e-05
S6_59306809 6 59306809 7.97584288286735e-05
S6_59315858 6 59315858 6.45003885203908e-05
S6_59320844 6 59320844 0.000531056554780721
S6_59320923 6 59320923 0.000486915275875172
S6_59333673 6 59333673 0.000875482365872439
S6_59333722 6 59333722 1.51328710358182e-07
S6_59333998 6 59333998 0.000779738914428966
S6_59349918 6 59349918 6.99980890410698e-06
S6_59362411 6 59362411 0.000145748013769058
S6_59365954 6 59365954 0.000132355243823081
S6_59365977 6 59365977 0.000558230975858817
S6_59365992 6 59365992 0.000633332315653513
S6_59369332 6 59369332 3.50464683458774e-06
S6_59370519 6 59370519 0.000854295949543997
S6_59370634 6 59370634 2.74982596516305e-05
S6_59375356 6 59375356 0.000389394961742122
S6_59375865 6 59375865 0.000248046778489135
S6_59375904 6 59375904 6.7187324103014e-05
S6_59385004 6 59385004 4.19933817214923e-06
S6_59386292 6 59386292 2.68306588032036e-05
S6_59386792 6 59386792 8.76929816950796e-05
S6_59395389 6 59395389 0.000831172125520117
S6_59415699 6 59415699 0.000765590878861201
S6_59467096 6 59467096 7.56280895658557e-05
S6_59467169 6 59467169 5.18230644161805e-05
S6_59467251 6 59467251 0.000573916881414593
S6_59472890 6 59472890 0.00054281474043997
S6_59482631 6 59482631 0.000171874024431317
S6_59484476 6 59484476 1.50649467005341e-05
S6_59486978 6 59486978 2.54219548715478e-09
S6_59504520 6 59504520 7.75639610693139e-10
S6_59527096 6 59527096 1.06104681158065e-05
S6_59527098 6 59527098 1.06104681158065e-05
S6_59537837 6 59537837 0.000118851051750571
S6_59547717 6 59547717 0.000837454739062148
S6_59547729 6 59547729 1.19239719631743e-06
S6_59547885 6 59547885 0.000467819992170802
S6_59553968 6 59553968 4.53540284301666e-07
S6_59555735 6 59555735 3.07735243345986e-07
S6_59564954 6 59564954 0.000746543921255796
S6_59581191 6 59581191 4.35187350583168e-05
S6_59581196 6 59581196 4.35187350583168e-05
S6_59618249 6 59618249 7.19368114749246e-05
S6_59618277 6 59618277 7.19368114749246e-05
S6_59618477 6 59618477 0.00018050132227575
S6_59618485 6 59618485 2.89224820488867e-05
S6_59618507 6 59618507 2.89224820488867e-05
S6_59618560 6 59618560 0.000197212563413866
S6_59619406 6 59619406 3.98948625351374e-05
S6_59647157 6 59647157 1.10406424059335e-06
S6_59649429 6 59649429 0.000349260421398222
S6_59649430 6 59649430 0.000349260421398222
S6_59654358 6 59654358 5.24944269858004e-07
S6_59665277 6 59665277 0.000316291945987741
S6_59667320 6 59667320 0.000472704447713771
S6_59687909 6 59687909 0.000208856924250967
S6_59729426 6 59729426 0.00056741965068103
S6_59729567 6 59729567 0.000442347436172453
S6_59739175 6 59739175 0.000284139702473339
S6_59739184 6 59739184 0.000284139702473339
S6_59739279 6 59739279 0.000437649492350098
S6_59741455 6 59741455 3.35291350202248e-07
S6_59741770 6 59741770 9.62841027154931e-05
S6_59741771 6 59741771 9.62841027155047e-05
S6_59741774 6 59741774 0.000106553506452413
S6_59745012 6 59745012 1.25837098371172e-08
S6_59745015 6 59745015 1.04643089497707e-08
S6_59745033 6 59745033 9.79708962305981e-10
S6_59746641 6 59746641 9.5719473359928e-07
S6_59746646 6 59746646 8.58063590996659e-07
S6_59746754 6 59746754 6.12656956199648e-06
S6_59746755 6 59746755 6.12656956199648e-06
S6_59746951 6 59746951 4.77350271122153e-07
S6_59746952 6 59746952 4.77350271122153e-07
S6_59760106 6 59760106 7.62203543342809e-07
S6_59778983 6 59778983 0.000109051070848592
S6_59785177 6 59785177 1.68088890283872e-08
S6_59790203 6 59790203 8.51343070532275e-06
S6_59790564 6 59790564 2.99781529065721e-09
S6_59806431 6 59806431 0.000153904675803265
S6_59806432 6 59806432 0.000153904675803246
S6_59829427 6 59829427 0.0004884938525729
S6_59839376 6 59839376 0.00025363723921049
S6_59842594 6 59842594 2.29886431441123e-08
S6_59842731 6 59842731 0.000227339607529903
S6_59860380 6 59860380 0.000530090545201752
S6_59875822 6 59875822 0.000739338618254238
S6_59892571 6 59892571 6.70168397320017e-10
S6_59897044 6 59897044 3.35388885751332e-07
S6_59928803 6 59928803 2.36964044946393e-06
S6_59932272 6 59932272 0.000351925942577827
S6_60014901 6 60014901 1.05278735095173e-09
S6_60014966 6 60014966 2.93313807337824e-10
S6_60019202 6 60019202 0.000245461634742402
S6_60030680 6 60030680 2.6372943490805e-07
S6_60096266 6 60096266 2.91034206178428e-07
S6_60106314 6 60106314 2.18801636563645e-06
S6_60107736 6 60107736 0.000672150740285807
S6_60109998 6 60109998 2.01412181073273e-06
S6_60109999 6 60109999 1.97253634160556e-06
S6_60110013 6 60110013 1.53352427675514e-06
S6_60110199 6 60110199 3.12639921240024e-05
S6_60110274 6 60110274 1.0016510799914e-05
S6_60110289 6 60110289 1.37222180189606e-05
S6_60110332 6 60110332 0.000248422331309829
S6_60112059 6 60112059 0.000868181791255695
S6_60113971 6 60113971 0.000352041384404487
S6_60113974 6 60113974 0.000352041384404487
S6_60114002 6 60114002 0.000352041384404487
S6_60117693 6 60117693 3.97017256794162e-05
S6_60117725 6 60117725 4.06816136608728e-05
S6_60127871 6 60127871 4.57910904967459e-08
S6_60176803 6 60176803 0.000227274537202595
S6_60180018 6 60180018 0.000143340664862879
S6_60234757 6 60234757 0.000146650549811512
S6_60254195 6 60254195 5.07164594438872e-05
S6_60336916 6 60336916 0.000884711158180066
S6_60342694 6 60342694 2.34617123792515e-05
S6_60344481 6 60344481 1.08982301559629e-06
S6_60352752 6 60352752 1.58113235380975e-07
S6_60411136 6 60411136 7.3142498157507e-05
S6_60468316 6 60468316 9.92017737883149e-05
S6_60474317 6 60474317 3.53287401883639e-05
S6_60474330 6 60474330 4.8122403516913e-05
S6_60474420 6 60474420 0.000316032598653006
S6_60474471 6 60474471 6.6746582332537e-06
S6_60474486 6 60474486 6.42196377354103e-06
S6_60474507 6 60474507 6.6746582332537e-06
S6_60474600 6 60474600 0.000972919377352321
S6_60498228 6 60498228 0.000713617004051616
S6_60498857 6 60498857 2.81847024179375e-05
S6_60499792 6 60499792 0.000748631861325058
S6_60528033 6 60528033 0.000109349042682641
S6_60529278 6 60529278 0.000718925270786292
S6_60532772 6 60532772 0.000669852499395913
S6_60545835 6 60545835 0.000237500866291392
S6_60556331 6 60556331 3.87132336942655e-08
S6_60556372 6 60556372 1.77067666255411e-06
S6_60556388 6 60556388 2.00782560476628e-06
S6_60558287 6 60558287 1.08859317736065e-10
S6_60559033 6 60559033 1.30645231119341e-10
S6_60559938 6 60559938 6.81384183494912e-07
S6_60611559 6 60611559 8.70108113830779e-06
S6_60623052 6 60623052 6.86398025874756e-06
S6_60623241 6 60623241 0.000274731995207214
S6_60623269 6 60623269 1.535800101207e-08
S6_60640063 6 60640063 8.50727164616305e-07
S6_60640227 6 60640227 2.74208888470156e-06
S6_60643031 6 60643031 0.000115504133669924
S6_60643033 6 60643033 0.000115504133669938
S6_60655112 6 60655112 5.17269333996663e-05
S6_60655114 6 60655114 6.19347538292514e-05
S6_60690290 6 60690290 0.000501946626974696
S6_60690302 6 60690302 0.000501946626974696
S6_60715440 6 60715440 7.98430900739715e-09
S6_60715649 6 60715649 4.46548310411639e-05
S6_60733451 6 60733451 5.07608762682936e-07
S6_60733542 6 60733542 1.6695105275198e-05
S6_60753706 6 60753706 1.750722760735e-05
S6_60819052 6 60819052 0.0007208389504302
S6_60846772 6 60846772 0.000384950383811159
S6_60846841 6 60846841 2.42330840564043e-05
S6_60846861 6 60846861 2.42330840564043e-05
S6_60846863 6 60846863 2.41384196884155e-05
S6_60846911 6 60846911 0.000262930858964017
S6_60846999 6 60846999 0.000186469714682651
S6_60847021 6 60847021 0.000186469714682659
S6_60847207 6 60847207 0.000552491583283166
S6_60878532 6 60878532 0.000374478086581958
S6_60895780 6 60895780 0.000168471805432176
S6_60895822 6 60895822 1.53706996857535e-05
S6_60896005 6 60896005 0.00065830554329309
S6_60896118 6 60896118 0.000121761751412262
S6_60896130 6 60896130 0.000518651350162981
S6_60896155 6 60896155 0.000518651350162981
S6_60896157 6 60896157 0.00057738331672783
S6_60896909 6 60896909 0.000423651832922797
S6_60896976 6 60896976 0.000207314700458663
S6_60897115 6 60897115 0.000164321868546887
S6_60897287 6 60897287 7.17796791323893e-05
S6_60897727 6 60897727 4.81145837912935e-06
S6_60933362 6 60933362 5.46478419203627e-05
S6_60981841 6 60981841 0.0003512998787424
S6_60982797 6 60982797 0.00078311836560145
S6_60982940 6 60982940 6.84870292520356e-05
S6_61011463 6 61011463 0.000150084781685228
S6_61013148 6 61013148 2.15454328967542e-05
S6_61020040 6 61020040 1.13993462124174e-07
S6_61020078 6 61020078 0.000116337325519007
S6_61020370 6 61020370 1.35332020376384e-05
S6_61024360 6 61024360 0.000279895948087328
S6_61045136 6 61045136 0.000693552041576591
S6_61109831 6 61109831 0.000176550135324372
S6_61362411 6 61362411 0.000966848195307374
S6_61407301 6 61407301 0.000346271920064461
S6_61470076 6 61470076 2.31865550164093e-05
S6_61515016 6 61515016 0.000374194563044456
S6_61517093 6 61517093 1.91829883910137e-07
S6_61649295 6 61649295 2.33844012208038e-06
S6_61811453 6 61811453 0.000611767347160007
S6_61815279 6 61815279 0.000352636876619334
S6_61836571 6 61836571 9.16932835914734e-05
S6_61960307 6 61960307 3.29030804561205e-06
S6_62016082 6 62016082 0.000145682758070669
