Marker Chr Pos p
S7_153796 7 153796 1.48235281922003e-07
S7_168807 7 168807 0.000444417738846782
S7_169926 7 169926 0.000126585357168589
S7_328860 7 328860 0.000471303243094064
S7_480094 7 480094 7.05599965584853e-05
S7_480096 7 480096 7.6458376718029e-05
S7_480097 7 480097 7.05599965584815e-05
S7_505256 7 505256 5.76041924781247e-07
S7_549033 7 549033 4.32569812046018e-13
S7_602863 7 602863 2.08442758522766e-05
S7_612263 7 612263 0.000220874584646059
S7_614642 7 614642 4.90209664853252e-05
S7_643545 7 643545 3.52564436709642e-05
S7_643565 7 643565 3.52564436709642e-05
S7_643566 7 643566 3.52564436709642e-05
S7_668774 7 668774 2.65437622653257e-14
S7_691363 7 691363 8.17668458256746e-05
S7_719162 7 719162 5.40266773509615e-07
S7_738573 7 738573 3.14717864993226e-06
S7_922067 7 922067 0.00015856794476215
S7_983720 7 983720 9.2270170848697e-05
S7_987047 7 987047 1.56326935298695e-05
S7_987067 7 987067 1.31713627040283e-05
S7_987388 7 987388 4.91266370395916e-07
S7_1157291 7 1157291 0.000418915787490825
S7_1185964 7 1185964 9.20265690550182e-08
S7_1197581 7 1197581 0.000899906490615326
S7_1220115 7 1220115 1.07026167356163e-07
S7_1244443 7 1244443 0.000181206956820679
S7_1254868 7 1254868 1.40799045535743e-06
S7_1269071 7 1269071 0.000115459758693622
S7_1383921 7 1383921 1.34338781733161e-06
S7_1389625 7 1389625 3.57243611593042e-07
S7_1390375 7 1390375 7.66214535209891e-07
S7_1463134 7 1463134 0.00093751943896343
S7_1625544 7 1625544 5.83139174343016e-05
S7_1741454 7 1741454 1.06265701724396e-05
S7_1891323 7 1891323 1.08511000416511e-05
S7_1892357 7 1892357 0.000189986992789727
S7_1905918 7 1905918 5.1979396030085e-06
S7_1932026 7 1932026 2.14219164365021e-07
S7_2007901 7 2007901 7.38642234866796e-07
S7_2070239 7 2070239 9.93777577137884e-05
S7_2180252 7 2180252 0.000131481985854777
S7_2226909 7 2226909 0.000251707212531938
S7_2585730 7 2585730 6.45747025375833e-23
S7_2585762 7 2585762 6.45747025375833e-23
S7_2585774 7 2585774 6.45747025375744e-23
S7_2611308 7 2611308 3.21689072185491e-06
S7_2983115 7 2983115 9.06391251029238e-07
S7_3033214 7 3033214 2.46411016501431e-10
S7_3033706 7 3033706 2.43499391205245e-05
S7_3033849 7 3033849 5.22187267579969e-05
S7_3033891 7 3033891 3.28751428956377e-07
S7_3051177 7 3051177 4.26881689012962e-06
S7_3065818 7 3065818 2.56184873392484e-05
S7_3211994 7 3211994 0.000100423689364542
S7_3309721 7 3309721 3.1043677864408e-05
S7_3309724 7 3309724 4.70010276812161e-05
S7_3309730 7 3309730 3.74333500189711e-05
S7_3429777 7 3429777 0.00047846228825055
S7_3440773 7 3440773 0.000139768715863757
S7_3681844 7 3681844 0.000311144898206396
S7_3831719 7 3831719 3.22166288133428e-05
S7_3832126 7 3832126 3.4181030170715e-06
S7_3856145 7 3856145 0.000481461665214622
S7_3858212 7 3858212 5.12092843938247e-06
S7_3867243 7 3867243 0.000974080852261139
S7_3870982 7 3870982 0.000459676464134021
S7_3896292 7 3896292 5.26837319834569e-06
S7_4060838 7 4060838 0.000394833734690652
S7_4060847 7 4060847 0.000394833734690652
S7_4068561 7 4068561 6.36929592052327e-05
S7_4109718 7 4109718 0.000372035006278577
S7_4133448 7 4133448 0.000148366093400754
S7_4133456 7 4133456 0.000148366093400754
S7_4147189 7 4147189 0.00038921805357122
S7_4206237 7 4206237 0.000455424930722451
S7_4206240 7 4206240 0.000455424930722451
S7_4207469 7 4207469 2.87529922615104e-06
S7_4207774 7 4207774 0.00025755943751514
S7_4215438 7 4215438 6.33354009298663e-07
S7_4225981 7 4225981 2.06947094903257e-06
S7_4242270 7 4242270 0.000994436515727889
S7_4303826 7 4303826 2.17570800390881e-05
S7_4304725 7 4304725 0.000269142270108025
S7_4304726 7 4304726 5.96310840184421e-05
S7_4305787 7 4305787 8.68396788519179e-05
S7_4480812 7 4480812 3.85315003908987e-05
S7_4533604 7 4533604 9.78138610270228e-05
S7_4550352 7 4550352 6.03558947474664e-14
S7_4558106 7 4558106 0.000574328715300733
S7_4589198 7 4589198 0.000431448452299026
S7_4616832 7 4616832 2.02366610743716e-05
S7_4616833 7 4616833 2.0236661074372e-05
S7_4711363 7 4711363 9.28543696032413e-07
S7_4750203 7 4750203 2.46003242164356e-12
S7_4769354 7 4769354 3.37529010245139e-06
S7_4811445 7 4811445 1.84398809552554e-05
S7_4814886 7 4814886 2.66541077712798e-06
S7_4814888 7 4814888 2.6654107771282e-06
S7_4847451 7 4847451 1.75599187364014e-06
S7_4869547 7 4869547 0.000240746366250736
S7_4879761 7 4879761 9.16889288631778e-05
S7_4881309 7 4881309 0.000125458421400003
S7_4916885 7 4916885 4.64831398789057e-05
S7_4963881 7 4963881 0.000133045099958327
S7_5003625 7 5003625 6.47488206985568e-05
S7_5096211 7 5096211 0.000318273060821842
S7_5101040 7 5101040 6.4260795885385e-05
S7_5113658 7 5113658 8.13950363953334e-06
S7_5129517 7 5129517 1.43273939187629e-05
S7_5129669 7 5129669 1.19781096327363e-05
S7_5181215 7 5181215 0.000780924645198682
S7_5191335 7 5191335 0.000138813662746944
S7_5191559 7 5191559 0.000401064757386351
S7_5191561 7 5191561 0.000401064757386351
S7_5195801 7 5195801 0.000185163702392656
S7_5196039 7 5196039 6.71529810971542e-05
S7_5207856 7 5207856 6.42394367659289e-05
S7_5207857 7 5207857 8.68606263218102e-05
S7_5207859 7 5207859 9.13723455595344e-05
S7_5208130 7 5208130 0.000150009646917588
S7_5208147 7 5208147 0.000150009646917588
S7_5208205 7 5208205 2.20037151816391e-05
S7_5208207 7 5208207 2.20037151816386e-05
S7_5208214 7 5208214 2.20037151816391e-05
S7_5213321 7 5213321 0.000884820093482027
S7_5213585 7 5213585 7.5451213226232e-05
S7_5213946 7 5213946 5.21748676086691e-06
S7_5256930 7 5256930 0.000320528276648008
S7_5258886 7 5258886 0.000197464144916506
S7_5329650 7 5329650 5.76970242772002e-05
S7_5341810 7 5341810 2.6114706873335e-05
S7_5382121 7 5382121 4.89297142840208e-05
S7_5389349 7 5389349 4.14555690723321e-06
S7_5401424 7 5401424 0.000719579340999658
S7_5402070 7 5402070 7.39837442061649e-06
S7_5409562 7 5409562 6.48642024996555e-06
S7_5409566 7 5409566 6.48642024996429e-06
S7_5409568 7 5409568 6.48642024996555e-06
S7_5412496 7 5412496 0.000253410309106173
S7_5418991 7 5418991 0.000343183624355581
S7_5444197 7 5444197 2.73334532422801e-08
S7_5486959 7 5486959 2.18784237143302e-05
S7_5507322 7 5507322 0.000267502621454285
S7_5605203 7 5605203 8.76763289727651e-07
S7_5916767 7 5916767 9.37257763740215e-06
S7_5917552 7 5917552 0.000167977273813398
S7_5936242 7 5936242 2.02966982890497e-11
S7_5965482 7 5965482 1.37576351978732e-06
S7_6056026 7 6056026 3.03470636590261e-06
S7_6289900 7 6289900 6.20486033652774e-08
S7_6675821 7 6675821 0.000275171046181523
S7_6852909 7 6852909 0.000688203549606127
S7_6897365 7 6897365 0.000405972918849409
S7_7015582 7 7015582 0.00010975323883588
S7_7097195 7 7097195 2.24838755532793e-14
S7_7362757 7 7362757 5.61091751270509e-05
S7_7491968 7 7491968 0.000299477145368014
S7_7547665 7 7547665 0.000230354713117012
S7_7660848 7 7660848 0.000125742601878828
S7_7662751 7 7662751 0.000116279881749404
S7_7759423 7 7759423 0.00029368843527708
S7_8016506 7 8016506 0.000608501192104585
S7_8240582 7 8240582 3.52073527624179e-05
S7_8315108 7 8315108 2.82538635988257e-05
S7_8382246 7 8382246 1.8243198323799e-11
S7_8398135 7 8398135 1.09297981411717e-07
S7_8418362 7 8418362 0.000124241911600288
S7_8564188 7 8564188 1.41317525384918e-12
S7_8590475 7 8590475 0.000152494125645895
S7_8613397 7 8613397 1.04937216274523e-07
S7_8773007 7 8773007 1.04333580776333e-06
S7_8843439 7 8843439 0.000523510289391962
S7_9301639 7 9301639 0.000270391119026106
S7_9313009 7 9313009 1.84732244713681e-05
S7_9465971 7 9465971 0.000508985353554252
S7_9616472 7 9616472 0.000478955970050711
S7_9663123 7 9663123 7.81285078300469e-10
S7_9663126 7 9663126 7.81285078300469e-10
S7_9663129 7 9663129 2.28249821565317e-07
S7_10258892 7 10258892 0.000297869162583744
S7_10742994 7 10742994 4.92209874059797e-06
S7_11001446 7 11001446 1.15347200667214e-06
S7_12477018 7 12477018 1.34433666595867e-16
S7_12477039 7 12477039 1.34433666595867e-16
S7_12477044 7 12477044 1.34433666595867e-16
S7_12568936 7 12568936 0.000541767056866384
S7_12630502 7 12630502 0.000177744185884489
S7_12712631 7 12712631 5.72996230796451e-05
S7_12739644 7 12739644 1.26654903968838e-07
S7_12840634 7 12840634 0.000554884197620046
S7_12988630 7 12988630 0.00011930265860554
S7_13044007 7 13044007 0.000232299578123648
S7_13072146 7 13072146 0.000923953932662837
S7_13225966 7 13225966 0.000301040259671615
S7_13229782 7 13229782 8.63567320891452e-05
S7_13280203 7 13280203 0.000557035081316948
S7_13280506 7 13280506 3.5180306418929e-05
S7_13335193 7 13335193 0.000501815097706311
S7_13335242 7 13335242 3.26476660933467e-05
S7_13368910 7 13368910 8.18998775661367e-05
S7_13388793 7 13388793 2.22801400511039e-05
S7_13388852 7 13388852 0.00022860834103733
S7_13388855 7 13388855 0.000420589449133959
S7_13388876 7 13388876 0.000845694785066615
S7_13411838 7 13411838 0.000325200074285845
S7_13544570 7 13544570 2.91157242339245e-05
S7_13568561 7 13568561 2.22519448392776e-05
S7_13569613 7 13569613 3.24400943396057e-05
S7_13584446 7 13584446 0.000611415434849784
S7_13584473 7 13584473 2.27993270301468e-05
S7_13709429 7 13709429 6.6914728770749e-05
S7_13763756 7 13763756 2.1239350024055e-06
S7_13763776 7 13763776 8.57281849238082e-06
S7_13763821 7 13763821 0.000288274930990854
S7_13763853 7 13763853 0.000288274930990854
S7_13773262 7 13773262 9.1996611895084e-05
S7_13805804 7 13805804 0.000373419040455053
S7_13805894 7 13805894 0.000845564172422012
S7_13855867 7 13855867 6.68053390631444e-05
S7_13963325 7 13963325 5.39030863127337e-05
S7_13963334 7 13963334 0.000167713927948231
S7_13963336 7 13963336 0.000899274123439484
S7_13963338 7 13963338 0.000462196993696662
S7_13963441 7 13963441 9.64260207398482e-05
S7_13963710 7 13963710 0.000313897316954011
S7_13971894 7 13971894 8.00902673987468e-06
S7_13975572 7 13975572 0.00014014341541842
S7_14156326 7 14156326 0.000237765872451706
S7_14178186 7 14178186 2.6181652234275e-05
S7_14178212 7 14178212 2.61816522342757e-05
S7_14178773 7 14178773 0.000758859302292852
S7_14180672 7 14180672 1.3219911753055e-05
S7_14184129 7 14184129 6.24995958598793e-07
S7_14196203 7 14196203 0.000226674728878643
S7_14210892 7 14210892 0.000874376079505177
S7_14211165 7 14211165 0.000163625990460722
S7_14219734 7 14219734 0.000162664697238761
S7_14221168 7 14221168 0.000206468963948191
S7_14243814 7 14243814 0.000644262227668626
S7_14257444 7 14257444 3.29729802430156e-08
S7_14261805 7 14261805 0.000493858365065745
S7_14261825 7 14261825 2.76778057606954e-05
S7_14267984 7 14267984 0.000207827002665709
S7_14268046 7 14268046 0.000382676761697795
S7_14290972 7 14290972 0.000899398076956284
S7_14386798 7 14386798 4.15258244356209e-08
S7_14387114 7 14387114 4.17875301149816e-13
S7_14414307 7 14414307 0.00034568107471598
S7_14443018 7 14443018 4.24677882942173e-05
S7_14443151 7 14443151 0.000251370919852425
S7_14444058 7 14444058 0.000488344446342141
S7_14444059 7 14444059 0.000488344446342141
S7_14509308 7 14509308 0.000322312737448924
S7_14516410 7 14516410 4.81598300278148e-15
S7_14554156 7 14554156 0.000618477547963263
S7_14554193 7 14554193 0.000618477547963263
S7_14737008 7 14737008 0.00010558440040228
S7_14762172 7 14762172 1.36527823547229e-13
S7_15752826 7 15752826 0.000415985398027655
S7_15967615 7 15967615 0.000200747908967005
S7_19093716 7 19093716 4.00604576665868e-12
S7_23307233 7 23307233 0.000670265917640928
S7_24460257 7 24460257 7.8436592082042e-09
S7_24996571 7 24996571 1.11364227445549e-05
S7_26588666 7 26588666 0.000132069235685798
S7_27596574 7 27596574 1.90959204773354e-06
S7_35239494 7 35239494 3.51915786703042e-17
S7_35666114 7 35666114 2.24270135091047e-14
S7_36049178 7 36049178 7.39035077216976e-07
S7_36352291 7 36352291 1.1091879072811e-14
S7_36429287 7 36429287 1.81740962306697e-05
S7_36429296 7 36429296 1.81740962306697e-05
S7_36439343 7 36439343 9.98805889013927e-15
S7_36497279 7 36497279 9.16038540201445e-13
S7_36499762 7 36499762 4.02574390258462e-08
S7_36589432 7 36589432 0.000602904798442442
S7_36701903 7 36701903 2.27210555525965e-11
S7_36973445 7 36973445 5.73389542638616e-07
S7_37023992 7 37023992 1.25738921494758e-14
S7_37280180 7 37280180 6.25374120707273e-14
S7_37331414 7 37331414 6.59958945916719e-19
S7_37471522 7 37471522 4.61643706059505e-09
S7_37471531 7 37471531 4.61643706059505e-09
S7_37508770 7 37508770 4.17296879750251e-14
S7_37578996 7 37578996 1.65641907142498e-11
S7_37601548 7 37601548 3.29369761353942e-07
S7_37741483 7 37741483 1.42080896325233e-05
S7_37745650 7 37745650 0.000187297608333252
S7_37745759 7 37745759 9.00527132874746e-07
S7_37790673 7 37790673 1.21465227001454e-05
S7_39831786 7 39831786 3.06115845546008e-19
S7_40218375 7 40218375 2.14650231060474e-06
S7_43134156 7 43134156 2.73543577311664e-06
S7_48463927 7 48463927 2.23921504272909e-14
S7_48539107 7 48539107 0.000302221350955427
S7_48723965 7 48723965 0.000826061196727375
S7_48723969 7 48723969 1.71054736298735e-07
S7_48723970 7 48723970 1.78030181964344e-07
S7_48820875 7 48820875 6.20781709194182e-06
S7_48820903 7 48820903 6.07980957417184e-06
S7_48827067 7 48827067 1.57637351617959e-10
S7_48867197 7 48867197 0.000350305132504627
S7_48897704 7 48897704 3.12525191848428e-15
S7_48949881 7 48949881 1.59968563293685e-08
S7_48977508 7 48977508 8.06784019443428e-19
S7_50056441 7 50056441 0.000636747608722493
S7_50057526 7 50057526 7.41927833361447e-06
S7_50057527 7 50057527 7.41927833361406e-06
S7_50064169 7 50064169 0.000557751134166919
S7_50112638 7 50112638 3.57130098789425e-05
S7_50139792 7 50139792 0.000225713869861547
S7_50236685 7 50236685 0.000225768392849476
S7_50357888 7 50357888 0.000387515188262859
S7_50601857 7 50601857 0.000590358819530877
S7_50935457 7 50935457 0.000593880191224067
S7_50935718 7 50935718 0.000379992696583649
S7_51000502 7 51000502 1.71684629647982e-05
S7_51000968 7 51000968 0.000482610715193817
S7_51000984 7 51000984 0.000876301058553979
S7_51066712 7 51066712 3.52175421095463e-05
S7_51066721 7 51066721 3.52175421095463e-05
S7_51066845 7 51066845 0.000127671932358839
S7_51078576 7 51078576 2.77012196527203e-05
S7_51078590 7 51078590 2.77012196527163e-05
S7_51078597 7 51078597 2.77012196527203e-05
S7_51085595 7 51085595 4.91258913108983e-05
S7_51085619 7 51085619 0.000498820540221074
S7_51085649 7 51085649 9.9296669504573e-05
S7_51110208 7 51110208 6.31508834087885e-05
S7_51110343 7 51110343 0.000375825561850665
S7_51110821 7 51110821 3.32356646699142e-05
S7_51293623 7 51293623 2.636132441659e-05
S7_51765949 7 51765949 0.00094293109819049
S7_51980455 7 51980455 5.31952143315155e-09
S7_52320440 7 52320440 4.27688514557543e-07
S7_52536860 7 52536860 9.42669862512849e-16
S7_52560458 7 52560458 0.000295513729268871
S7_52560459 7 52560459 0.000295513729268871
S7_52584484 7 52584484 0.000115082816466961
S7_52610755 7 52610755 3.89693028805496e-05
S7_53378622 7 53378622 7.51496551851632e-20
S7_53403201 7 53403201 0.000505742282162538
S7_53665364 7 53665364 6.32446101100524e-06
S7_53693765 7 53693765 0.000415136451421343
S7_53797090 7 53797090 0.000169289847641064
S7_53953630 7 53953630 1.98260885903463e-05
S7_54872507 7 54872507 3.07117344439327e-05
S7_55254180 7 55254180 0.000571841051594732
S7_55256589 7 55256589 5.49925576965196e-07
S7_55379535 7 55379535 1.56707477026924e-06
S7_55528891 7 55528891 0.000125537262229743
S7_55766912 7 55766912 0.000606941012042949
S7_55767159 7 55767159 5.34527125145813e-05
S7_55894391 7 55894391 8.11091819598493e-05
S7_55926401 7 55926401 4.19596776351893e-05
S7_56126401 7 56126401 3.26468221991662e-07
S7_56135750 7 56135750 0.000940535497806635
S7_56201377 7 56201377 1.97309755998844e-09
S7_56211784 7 56211784 1.1026860287475e-06
S7_56211808 7 56211808 1.10268602874741e-06
S7_56596606 7 56596606 0.000171033155849193
S7_56896353 7 56896353 0.00032040043420689
S7_56896357 7 56896357 0.000308734107607304
S7_56896365 7 56896365 0.000308734107607304
S7_56915740 7 56915740 3.22589046504775e-05
S7_56997133 7 56997133 0.000388878636875133
S7_56997134 7 56997134 2.56709133949023e-05
S7_57049130 7 57049130 8.47503057865062e-07
S7_57123586 7 57123586 0.00026865959501897
S7_57123681 7 57123681 8.03780240644659e-06
S7_57133220 7 57133220 4.14278628256759e-05
S7_57137822 7 57137822 1.31961268560045e-05
S7_57159997 7 57159997 0.000182211614505866
S7_57162950 7 57162950 0.000159762953346892
S7_57177383 7 57177383 5.72072346945548e-05
S7_57261198 7 57261198 2.09114235737686e-05
S7_57283851 7 57283851 0.000551191177284868
S7_57328161 7 57328161 8.25696071811716e-11
S7_57335229 7 57335229 7.55328149044606e-10
S7_57335242 7 57335242 7.55328149044606e-10
S7_57340997 7 57340997 0.000141400826735923
S7_57341033 7 57341033 0.000100783430906508
S7_57371144 7 57371144 1.7940919877534e-05
S7_57441173 7 57441173 1.8077555581045e-15
S7_57456629 7 57456629 8.79182352362571e-06
S7_57532546 7 57532546 1.23460050330496e-07
S7_57633497 7 57633497 2.25437577938914e-16
S7_57705812 7 57705812 1.13409391588499e-06
S7_57706472 7 57706472 3.32644144461955e-05
S7_57706473 7 57706473 0.000172613943859149
S7_57706474 7 57706474 3.32644144461955e-05
S7_57706475 7 57706475 3.32644144461955e-05
S7_57706476 7 57706476 3.32644144461955e-05
S7_57706478 7 57706478 3.32644144461927e-05
S7_57784435 7 57784435 1.8085993525964e-05
S7_57831757 7 57831757 0.000146236714333336
S7_57876441 7 57876441 8.95316396368987e-05
S7_57876445 7 57876445 2.28511379632685e-09
S7_57890155 7 57890155 2.96712366785153e-18
S7_57890265 7 57890265 5.94670602634061e-07
S7_57899486 7 57899486 1.12858557200224e-10
S7_57925799 7 57925799 6.80609294439173e-19
S7_57926657 7 57926657 2.0835723991056e-05
S7_57989347 7 57989347 5.91999743282215e-14
S7_57989474 7 57989474 2.16378010015601e-10
S7_58026969 7 58026969 6.60618881874232e-11
S7_58178547 7 58178547 0.000439453234341121
S7_58179494 7 58179494 9.66207236619593e-05
S7_58463350 7 58463350 0.000416999545283727
S7_58540617 7 58540617 2.01563045294302e-05
S7_58591918 7 58591918 4.63703224746064e-06
S7_58707103 7 58707103 1.34949821797685e-05
S7_58723182 7 58723182 1.49947801002967e-05
S7_59006504 7 59006504 0.000526813730827817
S7_59050591 7 59050591 7.72664879310242e-06
S7_59227557 7 59227557 2.02800791583934e-09
S7_59715868 7 59715868 0.000979218949482417
S7_59750039 7 59750039 6.05746860244167e-20
S7_59799843 7 59799843 2.82560428199142e-10
S7_59915827 7 59915827 0.000128405936354094
S7_60044156 7 60044156 0.000578845272186352
S7_60044188 7 60044188 0.000578845272186352
S7_60118446 7 60118446 0.000832514044729803
S7_60770292 7 60770292 4.48624739920758e-05
S7_61450721 7 61450721 2.39799822752466e-05
S7_61450722 7 61450722 2.33126028190465e-05
S7_61668548 7 61668548 7.22309219618746e-05
S7_62006005 7 62006005 6.06093484337414e-05
S7_62006008 7 62006008 6.06093484337414e-05
S7_62107131 7 62107131 7.57630467260726e-07
S7_62157875 7 62157875 0.000318454577908665
S7_62165250 7 62165250 0.000145232190116359
S7_62197953 7 62197953 1.55400078171853e-05
S7_62233467 7 62233467 3.10980866865888e-07
S7_62330993 7 62330993 3.56639724868094e-05
S7_62544804 7 62544804 1.52513855894581e-05
S7_62560012 7 62560012 0.000805055888796349
S7_62569471 7 62569471 5.71232655783651e-07
S7_62784329 7 62784329 7.08854498825944e-05
S7_62877607 7 62877607 4.62807401072411e-05
S7_62916153 7 62916153 0.000278500239930484
S7_63035795 7 63035795 0.000755460821448727
S7_63261007 7 63261007 0.000182517047958209
S7_63545210 7 63545210 6.98454709566434e-05
S7_63549681 7 63549681 0.000105864727288932
S7_63685009 7 63685009 0.000223067306708933
S7_63870890 7 63870890 0.000122247260128502
S7_63897432 7 63897432 9.66359648747582e-07
S7_63899231 7 63899231 3.02318711484553e-08
S7_64115375 7 64115375 3.09294990638937e-05
S7_64137481 7 64137481 5.27679222637881e-05
S7_64257783 7 64257783 0.000784765829863834
