Marker Chr Pos p
S10_294208 10 294208 2.71871797279955e-05
S10_404014 10 404014 0.000594958746267111
S10_415032 10 415032 1.53081140793512e-08
S10_415463 10 415463 4.808923762223e-05
S10_576906 10 576906 2.18941498826277e-08
S10_576921 10 576921 2.1894149882626e-08
S10_584875 10 584875 5.96484626234929e-05
S10_585082 10 585082 6.86604213522581e-07
S10_585130 10 585130 0.000755058808859331
S10_593422 10 593422 8.78479965023461e-06
S10_594621 10 594621 1.53801185703218e-07
S10_613817 10 613817 2.98937204041551e-05
S10_616146 10 616146 3.46238066210457e-19
S10_618443 10 618443 2.04629666014856e-05
S10_630545 10 630545 0.000167571312469446
S10_660764 10 660764 2.76111320136063e-05
S10_663705 10 663705 7.60416922939806e-05
S10_663709 10 663709 7.60416922939824e-05
S10_678927 10 678927 0.000596652970608491
S10_678933 10 678933 0.000654701303848455
S10_683611 10 683611 0.000219683456034886
S10_683614 10 683614 0.000214624626555587
S10_683632 10 683632 0.000219683456034893
S10_683638 10 683638 0.000219683456034886
S10_755610 10 755610 6.41621158278219e-07
S10_755686 10 755686 2.56683990777253e-05
S10_755687 10 755687 2.56683990777253e-05
S10_755717 10 755717 2.5668399077726e-05
S10_755752 10 755752 1.61520613252299e-08
S10_756504 10 756504 4.0587946815831e-09
S10_758090 10 758090 2.10316821860442e-09
S10_759462 10 759462 9.95721127869007e-07
S10_760194 10 760194 2.52793838923625e-06
S10_836783 10 836783 6.91894660595825e-06
S10_839798 10 839798 8.36612971049950e-12
S10_839808 10 839808 2.59834182717862e-07
S10_839818 10 839818 8.36612971049950e-12
S10_871429 10 871429 4.87250669902773e-06
S10_872441 10 872441 0.000186449172011544
S10_887359 10 887359 1.647481796376e-06
S10_895036 10 895036 2.84197644985319e-06
S10_945306 10 945306 1.2800170391075e-07
S10_1031235 10 1031235 0.000420006775492961
S10_1115710 10 1115710 2.93898263035769e-05
S10_1194182 10 1194182 0.000704202667044608
S10_1199459 10 1199459 0.000175564961178618
S10_1302002 10 1302002 6.8867466051517e-05
S10_1302013 10 1302013 5.92104946025997e-05
S10_1302038 10 1302038 6.08875889704523e-19
S10_1351113 10 1351113 4.36682042592474e-05
S10_1467250 10 1467250 1.37539613118998e-05
S10_1598280 10 1598280 1.48819763516879e-07
S10_1598282 10 1598282 1.61031122405487e-07
S10_1618281 10 1618281 0.000134683036213895
S10_1631928 10 1631928 0.000419421703011932
S10_1754428 10 1754428 1.11692684937901e-05
S10_2395643 10 2395643 0.000862313775989702
S10_2476163 10 2476163 0.000145493715756686
S10_2614147 10 2614147 0.00088790831451715
S10_2728468 10 2728468 6.09558037567021e-05
S10_2836237 10 2836237 0.000693322209075999
S10_2928032 10 2928032 0.000945857081187529
S10_2971553 10 2971553 0.000455887789758737
S10_3125833 10 3125833 5.55182385657126e-05
S10_3128511 10 3128511 0.000365822916344138
S10_3277803 10 3277803 0.000250125004834392
S10_3502047 10 3502047 0.000863218193043287
S10_3508625 10 3508625 0.000947029034743927
S10_3511246 10 3511246 3.27894536681812e-07
S10_3511254 10 3511254 3.27894536681788e-07
S10_3514050 10 3514050 0.000497412475438169
S10_3530554 10 3530554 0.000394021253095099
S10_3637570 10 3637570 6.91698000185991e-05
S10_3760245 10 3760245 0.000658777985329509
S10_3760247 10 3760247 0.000658777985329509
S10_3849895 10 3849895 0.000237500012213343
S10_3896459 10 3896459 0.000709360802617155
S10_4143973 10 4143973 2.9201674331996e-20
S10_4255899 10 4255899 0.00038346612364421
S10_4429224 10 4429224 1.02918720981918e-06
S10_4500958 10 4500958 0.0008796965009576
S10_4524724 10 4524724 0.000160992874933146
S10_4550690 10 4550690 3.35247434250364e-19
S10_4580555 10 4580555 0.000167309196645044
S10_4636579 10 4636579 0.000661072313857909
S10_4636654 10 4636654 1.25651082345494e-05
S10_4671782 10 4671782 5.10104567243044e-06
S10_4731263 10 4731263 5.43987276385862e-05
S10_4731286 10 4731286 0.000508596886287602
S10_4766164 10 4766164 0.000847566611920234
S10_4766188 10 4766188 0.000847566611920193
S10_4960465 10 4960465 5.66896069754065e-05
S10_4960479 10 4960479 0.000647819734183797
S10_4960513 10 4960513 0.000647819734183797
S10_4960516 10 4960516 0.000647819734183797
S10_4960724 10 4960724 0.000184220035582314
S10_4975330 10 4975330 2.58822004844919e-12
S10_5036691 10 5036691 0.000241625241027563
S10_5036730 10 5036730 0.000766557558353532
S10_5042926 10 5042926 2.10069123034203e-06
S10_5042988 10 5042988 0.000250875979110358
S10_5045647 10 5045647 7.90712110543261e-12
S10_5065381 10 5065381 1.29611071215503e-05
S10_5161179 10 5161179 3.08091959961688e-05
S10_5181940 10 5181940 0.000649233568407209
S10_5181972 10 5181972 0.000649233568407209
S10_5181983 10 5181983 0.000649233568407193
S10_5248879 10 5248879 6.70296529425592e-05
S10_5280613 10 5280613 2.39674748705625e-05
S10_5302635 10 5302635 1.91103213931094e-05
S10_5397279 10 5397279 7.89791278170525e-05
S10_5408847 10 5408847 0.000866327232546577
S10_5612424 10 5612424 2.58085359218784e-05
S10_5667921 10 5667921 5.87872746365773e-05
S10_5833839 10 5833839 0.000558226171909716
S10_6013619 10 6013619 0.000336494575057591
S10_6046889 10 6046889 0.00083586450217385
S10_6046895 10 6046895 0.00083586450217385
S10_6113643 10 6113643 7.59498563807912e-06
S10_6247808 10 6247808 0.000680028046730514
S10_6352711 10 6352711 0.000765758554967028
S10_6442237 10 6442237 0.000630376084124787
S10_6481111 10 6481111 0.000566223206244726
S10_6484436 10 6484436 2.14813921656014e-05
S10_6622531 10 6622531 0.000948215674998336
S10_6670703 10 6670703 2.2828557457926e-05
S10_6752773 10 6752773 0.000345262161715271
S10_6941991 10 6941991 0.000782252963458531
S10_6956552 10 6956552 9.24941576177114e-06
S10_7009881 10 7009881 6.99487389473805e-05
S10_7010326 10 7010326 1.94344019885742e-06
S10_7118496 10 7118496 1.45446917443429e-06
S10_7443131 10 7443131 0.000861766023246674
S10_7443144 10 7443144 0.000861766023246674
S10_7443154 10 7443154 0.000861766023246674
S10_7681754 10 7681754 1.68617530978455e-14
S10_7777506 10 7777506 0.000496378379594696
S10_7791605 10 7791605 0.000810130295072516
S10_7879068 10 7879068 9.05962449301994e-06
S10_8363425 10 8363425 5.85875218632187e-05
S10_8363447 10 8363447 5.85875218632187e-05
S10_8388018 10 8388018 6.0152552822876e-15
S10_8505916 10 8505916 2.67898317817772e-19
S10_8649987 10 8649987 1.11191066711388e-15
S10_8744090 10 8744090 7.47584102019363e-09
S10_9202038 10 9202038 0.000914382459008336
S10_9272042 10 9272042 0.000775596988521032
S10_9276157 10 9276157 0.000568527100780954
S10_9327840 10 9327840 0.000396533045384303
S10_9342012 10 9342012 0.000745394475491484
S10_9390044 10 9390044 0.000922303051087952
S10_9421506 10 9421506 0.00041728971599567
S10_9894295 10 9894295 0.000363228288830036
S10_9931896 10 9931896 0.000208155174732225
S10_10077956 10 10077956 0.000278439116079296
S10_10077957 10 10077957 0.000278439116079345
S10_10079500 10 10079500 1.29326088485803e-07
S10_10144764 10 10144764 0.000286742820043177
S10_10400517 10 10400517 5.29044034926552e-05
S10_10402547 10 10402547 5.07869622830848e-07
S10_10421249 10 10421249 0.000161747003591709
S10_10476389 10 10476389 0.000312489281591083
S10_10952158 10 10952158 0.000454611087440287
S10_10991597 10 10991597 0.000323121301224706
S10_10991755 10 10991755 0.000313618737250198
S10_10991826 10 10991826 0.000312063060443877
S10_11028192 10 11028192 0.000100951723511152
S10_11028225 10 11028225 0.000100951723511152
S10_11658263 10 11658263 0.000484914806768703
S10_11670624 10 11670624 1.0060816177624e-18
S10_12046791 10 12046791 0.000797669625321003
S10_12055679 10 12055679 0.000452984682566461
S10_12055889 10 12055889 0.000582414553335083
S10_12103184 10 12103184 5.52509975556531e-05
S10_12120877 10 12120877 4.12606384479343e-06
S10_12790781 10 12790781 0.000309546504473678
S10_12890668 10 12890668 0.000726480246400347
S10_12910882 10 12910882 1.51923292207007e-19
S10_12965223 10 12965223 0.000444943572342297
S10_13474962 10 13474962 0.000301714639350447
S10_13474970 10 13474970 0.000301714639350447
S10_13605854 10 13605854 0.000375878343019068
S10_13725215 10 13725215 7.17032643665126e-07
S10_14140569 10 14140569 0.000697721058167699
S10_14159015 10 14159015 0.000187006064438437
S10_14197348 10 14197348 0.000830345404939467
S10_14222259 10 14222259 0.000555882148706986
S10_14222470 10 14222470 0.000962807654307583
S10_14281438 10 14281438 0.00042032543016358
S10_14338245 10 14338245 0.000215319460608566
S10_14364707 10 14364707 0.000720269775133924
S10_14584749 10 14584749 0.000178851329269106
S10_14639100 10 14639100 9.9417150039527e-09
S10_14639113 10 14639113 7.48560969557653e-09
S10_14639120 10 14639120 9.9417150039527e-09
S10_14937595 10 14937595 0.00065109270116983
S10_14937604 10 14937604 0.00065109270116983
S10_15891730 10 15891730 0.00033035847719751
S10_16509181 10 16509181 0.000243662754169247
S10_16509200 10 16509200 0.000460007609945581
S10_16544242 10 16544242 1.54959838287789e-06
S10_16544243 10 16544243 1.54959838287719e-06
S10_16544277 10 16544277 1.54959838287719e-06
S10_16798420 10 16798420 1.02388136999803e-06
S10_16936621 10 16936621 0.00090852577197672
S10_17060480 10 17060480 4.08025423082208e-06
S10_17086405 10 17086405 0.000310770235357393
S10_17087187 10 17087187 0.000925685914281208
S10_17222469 10 17222469 2.11070535900729e-07
S10_18203768 10 18203768 8.8100552957025e-08
S10_18203906 10 18203906 0.000100578337800579
S10_18297591 10 18297591 1.38545396461354e-05
S10_18306156 10 18306156 2.91621208126217e-05
S10_18360350 10 18360350 7.49136937748623e-06
S10_18444852 10 18444852 0.000523467953344469
S10_18446282 10 18446282 4.24651380608207e-07
S10_18451011 10 18451011 2.57239536216316e-06
S10_18499234 10 18499234 9.55278069715222e-07
S10_18780883 10 18780883 0.000124904825835967
S10_18780884 10 18780884 0.000124904825835977
S10_18964002 10 18964002 0.000288458191402356
S10_19320138 10 19320138 1.14842051601433e-06
S10_19357520 10 19357520 1.72156570106681e-05
S10_19535014 10 19535014 0.000217080352671005
S10_19566451 10 19566451 7.89485889950358e-11
S10_19573357 10 19573357 1.46504476386044e-10
S10_19593482 10 19593482 8.03660359093176e-11
S10_19664988 10 19664988 5.31760388862178e-11
S10_19768607 10 19768607 6.85096167159421e-10
S10_19811397 10 19811397 4.44368510713213e-05
S10_19811473 10 19811473 2.39159520307228e-09
S10_20535865 10 20535865 0.000135998534988193
S10_20568409 10 20568409 1.24263895626841e-05
S10_20937524 10 20937524 2.76779406846452e-08
S10_20938961 10 20938961 0.00011003875648796
S10_21016170 10 21016170 2.59887247649004e-07
S10_21383095 10 21383095 8.00372761852701e-08
S10_21385442 10 21385442 9.43483312970728e-09
S10_21385453 10 21385453 9.43483312970862e-09
S10_21386228 10 21386228 7.62328495724673e-06
S10_21386237 10 21386237 7.62328495724673e-06
S10_21395824 10 21395824 4.08366516619319e-05
S10_21395864 10 21395864 4.66970482309005e-08
S10_21399143 10 21399143 5.82078219575345e-09
S10_21399252 10 21399252 5.84366911226971e-09
S10_21399255 10 21399255 5.6959744859801e-10
S10_21406624 10 21406624 0.00020745020859653
S10_21467548 10 21467548 5.00117236428063e-08
S10_21467558 10 21467558 5.00117236428219e-08
S10_21467683 10 21467683 3.86914240730384e-08
S10_21467722 10 21467722 0.000661286028283609
S10_21467726 10 21467726 3.2871683428064e-11
S10_21468224 10 21468224 3.48615510317287e-06
S10_21469460 10 21469460 1.79218730278974e-06
S10_21475022 10 21475022 5.50560942299667e-09
S10_21546700 10 21546700 5.84903240120221e-08
S10_21548438 10 21548438 3.51461973880465e-06
S10_21548457 10 21548457 3.51461973880432e-06
S10_21548459 10 21548459 3.51461973880465e-06
S10_21549177 10 21549177 4.5911341884834e-19
S10_21549188 10 21549188 4.5911341884834e-19
S10_21549195 10 21549195 4.59113418847945e-19
S10_21577122 10 21577122 7.80263648140069e-11
S10_21603292 10 21603292 5.75956533740837e-08
S10_21604097 10 21604097 6.03741480315073e-14
S10_21604108 10 21604108 6.51384310965611e-14
S10_21616569 10 21616569 2.79213172378797e-07
S10_21715672 10 21715672 6.38387250513313e-06
S10_21717710 10 21717710 2.94056633169046e-05
S10_21731345 10 21731345 6.49269839399076e-05
S10_21733001 10 21733001 7.89183826502656e-06
S10_21737061 10 21737061 4.10938517410512e-09
S10_21741015 10 21741015 0.000283582212486451
S10_21761952 10 21761952 0.000215333043338725
S10_21980854 10 21980854 0.000145968217278798
S10_22239412 10 22239412 2.99166113298675e-14
S10_24658547 10 24658547 2.39038095848428e-20
S10_25117861 10 25117861 0.000954782192440066
S10_32345995 10 32345995 0.00064459602989441
S10_32491477 10 32491477 9.21457834661433e-14
S10_34139900 10 34139900 0.000713307853273789
S10_34224170 10 34224170 0.000926274953369143
S10_34224251 10 34224251 0.000404826496553359
S10_34226827 10 34226827 2.23042107416111e-05
S10_34355621 10 34355621 0.000951238891324493
S10_34380064 10 34380064 7.24466066614735e-06
S10_34380300 10 34380300 0.000843258886239589
S10_34704347 10 34704347 0.000194927727888123
S10_34759760 10 34759760 0.000452545630536658
S10_35008619 10 35008619 0.000424685385797759
S10_35229085 10 35229085 0.000242053189689079
S10_35236215 10 35236215 1.9817670571331e-05
S10_35261429 10 35261429 4.22595835611957e-09
S10_35261432 10 35261432 8.05548406482892e-14
S10_35296115 10 35296115 0.00018354669488821
S10_35351275 10 35351275 8.23489075603817e-05
S10_35499163 10 35499163 0.000136004724166655
S10_35705465 10 35705465 0.000797348639422438
S10_35722063 10 35722063 0.000263976216778527
S10_35841746 10 35841746 0.000966294533872929
S10_35876722 10 35876722 0.000524778903086523
S10_35998886 10 35998886 0.000260350841230501
S10_36024634 10 36024634 0.000245821101047328
S10_36196630 10 36196630 8.52795542330007e-05
S10_36228153 10 36228153 7.40495578879066e-05
S10_36774895 10 36774895 4.90344589539576e-05
S10_36778487 10 36778487 1.97315536161908e-05
S10_36991377 10 36991377 2.88744610162705e-05
S10_37034433 10 37034433 0.000122821820192796
S10_37035764 10 37035764 0.000204437881089988
S10_37036665 10 37036665 8.65678322966704e-05
S10_37236996 10 37236996 0.000169295690956996
S10_37301293 10 37301293 4.42717218396605e-05
S10_37871230 10 37871230 1.38911705591547e-05
S10_37982348 10 37982348 4.17189191515233e-07
S10_38000091 10 38000091 7.58712644074495e-11
S10_38119526 10 38119526 1.71336403865134e-07
S10_38272730 10 38272730 4.4306054111273e-07
S10_38278163 10 38278163 2.55472388429103e-06
S10_38657370 10 38657370 1.65334750619047e-10
S10_38676453 10 38676453 1.14366924210169e-05
S10_38728049 10 38728049 0.000894831100504459
S10_38796300 10 38796300 0.000154442839097161
S10_38798105 10 38798105 0.000384112822984615
S10_39416136 10 39416136 0.000884215426779104
S10_39979825 10 39979825 0.000263228811464362
S10_40037814 10 40037814 4.92888384919669e-05
S10_40092892 10 40092892 0.000863621598048007
S10_40198431 10 40198431 0.000246590328996449
S10_40296235 10 40296235 0.000523599210437709
S10_40389142 10 40389142 0.000158230926051804
S10_40402424 10 40402424 0.000645530378613453
S10_40529231 10 40529231 0.000500375146516681
S10_40581529 10 40581529 0.000834003056032417
S10_40792363 10 40792363 5.39947387966731e-06
S10_40919696 10 40919696 0.000959441365042562
S10_40927046 10 40927046 5.71170570615439e-05
S10_40977399 10 40977399 3.59323812935507e-05
S10_41010379 10 41010379 0.000359456698911388
S10_41052262 10 41052262 0.000618708053453876
S10_41201721 10 41201721 6.84802957146581e-06
S10_41235788 10 41235788 2.22396222473625e-10
S10_41300502 10 41300502 1.04484186894898e-06
S10_41470595 10 41470595 6.10992916283284e-07
S10_41769625 10 41769625 0.000122129285620913
S10_41771520 10 41771520 0.000156274525089478
S10_41771524 10 41771524 6.63467920884156e-05
S10_41930123 10 41930123 4.92881575789043e-06
S10_41986755 10 41986755 4.59497140428014e-05
S10_42014763 10 42014763 0.000456413405315236
S10_42264224 10 42264224 2.96481552561723e-11
S10_42413532 10 42413532 1.97959357360505e-05
S10_42763124 10 42763124 2.72261094868635e-05
S10_42769192 10 42769192 6.21649799009675e-05
S10_42911563 10 42911563 0.000246220838329698
S10_42927008 10 42927008 2.28507300750028e-05
S10_43030752 10 43030752 5.71283119370419e-06
S10_43040234 10 43040234 7.17166960114864e-06
S10_43098832 10 43098832 7.75871273108684e-07
S10_43098883 10 43098883 9.72110644198798e-06
S10_43201562 10 43201562 1.33071423984878e-10
S10_43253079 10 43253079 1.353790638536e-05
S10_43273134 10 43273134 0.00088158780371823
S10_43273824 10 43273824 6.46908757030877e-07
S10_43282573 10 43282573 5.8872652821156e-05
S10_43282619 10 43282619 2.83823354591519e-05
S10_43282633 10 43282633 2.83823354591519e-05
S10_43303298 10 43303298 0.000185290843655763
S10_43351959 10 43351959 2.20424505397832e-06
S10_43419790 10 43419790 0.000658185001120294
S10_43450263 10 43450263 0.000220430714368455
S10_43466442 10 43466442 1.24892109306829e-05
S10_43469348 10 43469348 1.62879415816753e-05
S10_43469358 10 43469358 1.62879415816757e-05
S10_43469421 10 43469421 1.08168881746496e-05
S10_43469444 10 43469444 6.60062050438181e-05
S10_43469859 10 43469859 0.000357914920540719
S10_43469932 10 43469932 8.80404945808767e-06
S10_43470061 10 43470061 3.46581731176684e-09
S10_43471513 10 43471513 0.000116965532912389
S10_43471523 10 43471523 0.000127093588578864
S10_43471597 10 43471597 0.000926630683313587
S10_43472029 10 43472029 3.93813624741223e-06
S10_43472100 10 43472100 2.72624137025936e-07
S10_43472402 10 43472402 1.61581939031636e-06
S10_43472428 10 43472428 1.61581939031636e-06
S10_43480523 10 43480523 0.000113929029119306
S10_43481583 10 43481583 0.000124886584496777
S10_43569861 10 43569861 2.04817546954466e-17
S10_43572666 10 43572666 2.36368236393189e-07
S10_43572683 10 43572683 0.00014125550449714
S10_43572767 10 43572767 0.000507528527369629
S10_43572892 10 43572892 1.20815124392934e-05
S10_43621274 10 43621274 3.03260999125896e-09
S10_43638047 10 43638047 5.02325952464922e-06
S10_43656438 10 43656438 0.000171774914215768
S10_43804287 10 43804287 3.79031196371813e-06
S10_43897136 10 43897136 1.24601442560713e-05
S10_43902338 10 43902338 0.0001021758690681
S10_43969731 10 43969731 1.09010726474415e-05
S10_44000569 10 44000569 1.12848583923613e-05
S10_44088444 10 44088444 0.000236117296605419
S10_44088751 10 44088751 9.97142432688388e-06
S10_44088752 10 44088752 9.9714243268868e-06
S10_44089727 10 44089727 1.20619612375799e-06
S10_44096011 10 44096011 5.83712598237224e-05
S10_44104286 10 44104286 0.000370204953746882
S10_44185454 10 44185454 1.89861186782878e-05
S10_44237570 10 44237570 4.94410547165126e-05
S10_44300897 10 44300897 1.65475311448042e-05
S10_44436211 10 44436211 1.35383872244746e-05
S10_44443313 10 44443313 0.000178216986213286
S10_44443395 10 44443395 2.1673721634219e-05
S10_44445016 10 44445016 6.59690436361647e-05
S10_44445071 10 44445071 0.000129639682206362
S10_44460976 10 44460976 0.000813963277649976
S10_44460986 10 44460986 2.1196279045195e-05
S10_44471829 10 44471829 2.25746890617583e-05
S10_44528215 10 44528215 1.96832669272212e-05
S10_44529155 10 44529155 0.000194383559718464
S10_44536566 10 44536566 1.61867806238397e-05
S10_44536904 10 44536904 1.20038163172897e-05
S10_44540246 10 44540246 1.46141833128405e-05
S10_44541324 10 44541324 0.00016586460940792
S10_44594471 10 44594471 2.35915013344166e-05
S10_44594497 10 44594497 2.35915013344128e-05
S10_44594511 10 44594511 2.35915013344128e-05
S10_44594521 10 44594521 2.35915013344166e-05
S10_44603787 10 44603787 0.000484304389989408
S10_44670729 10 44670729 0.000107745021573567
S10_44804139 10 44804139 0.000325113557099298
S10_44804386 10 44804386 0.000831180610604498
S10_45016182 10 45016182 0.000106573032148246
S10_45235730 10 45235730 0.000153648856919907
S10_45235731 10 45235731 0.000153648856919907
S10_45320759 10 45320759 3.21229683970354e-07
S10_45364873 10 45364873 6.26925909516674e-08
S10_45446148 10 45446148 0.000128674876119737
S10_45446149 10 45446149 0.000128674876119725
S10_45493448 10 45493448 0.000989780365128686
S10_45522026 10 45522026 5.26768536905616e-06
S10_45554146 10 45554146 0.000212679974892757
S10_45577765 10 45577765 1.06667780586727e-06
S10_45577830 10 45577830 0.00051199672082311
S10_45708882 10 45708882 0.000602475176136239
S10_45713230 10 45713230 9.44005145669162e-05
S10_45804653 10 45804653 7.40641271239414e-06
S10_45813043 10 45813043 0.000343112973080244
S10_45873165 10 45873165 4.81315571627967e-07
S10_45873166 10 45873166 1.32319530020116e-07
S10_46550301 10 46550301 1.83177296609621e-14
S10_46550331 10 46550331 6.75609112787006e-05
S10_46946384 10 46946384 1.4163694547332e-06
S10_46947776 10 46947776 0.000148234348521884
S10_46952076 10 46952076 2.2512365781802e-19
S10_47204846 10 47204846 0.000121298415070481
S10_47204900 10 47204900 9.10761720053802e-10
S10_47604113 10 47604113 3.42523736185808e-07
S10_47604122 10 47604122 3.42523736185808e-07
S10_47646502 10 47646502 0.000384598371244795
S10_47759788 10 47759788 0.000148544623292019
S10_47763934 10 47763934 3.25423562015437e-10
S10_47981251 10 47981251 0.000358183069232018
S10_47988320 10 47988320 2.08121193397029e-05
S10_48076412 10 48076412 3.25560511288073e-06
S10_48444930 10 48444930 0.000433357655443519
S10_48509559 10 48509559 0.000456514879473345
S10_48509562 10 48509562 0.000456514879473345
S10_48717265 10 48717265 1.50162602637884e-05
S10_48726898 10 48726898 8.3368888315638e-14
S10_48777557 10 48777557 6.844793243594e-06
S10_48914543 10 48914543 2.76358917294456e-06
S10_48937071 10 48937071 0.000631887719805268
S10_49085398 10 49085398 4.34992756018984e-05
S10_49206401 10 49206401 7.13924768427165e-06
S10_50235771 10 50235771 0.000723991962306739
S10_50429566 10 50429566 1.86039141028957e-07
S10_50429568 10 50429568 1.85097854411149e-07
S10_50429569 10 50429569 4.48051441713281e-06
S10_50429572 10 50429572 1.89045137807513e-07
S10_50429574 10 50429574 1.81306800121657e-07
S10_50429902 10 50429902 9.25674783626468e-05
S10_50529368 10 50529368 0.000188500766551161
S10_50529423 10 50529423 0.000204733064167515
S10_50537275 10 50537275 3.05550210915275e-15
S10_50710472 10 50710472 0.000574776846407726
S10_50785896 10 50785896 0.000271558379879811
S10_50837985 10 50837985 3.46046367940411e-05
S10_50893568 10 50893568 3.3567801115309e-08
S10_50993761 10 50993761 0.000227430079174441
S10_51567301 10 51567301 0.000254066571063014
S10_51714691 10 51714691 7.46651329543265e-06
S10_51754830 10 51754830 3.99395731714316e-05
S10_51804376 10 51804376 0.000345252371699862
S10_51804401 10 51804401 0.000347390037021811
S10_51978269 10 51978269 0.000173280179613068
S10_52170502 10 52170502 5.05092896410558e-06
S10_52170512 10 52170512 5.05092896410558e-06
S10_52385256 10 52385256 0.000161974659637877
S10_52631374 10 52631374 9.12528756767168e-05
S10_52665235 10 52665235 2.37392688708889e-10
S10_52717906 10 52717906 0.000390775014765945
S10_52878450 10 52878450 0.000213589755749374
S10_52878459 10 52878459 0.000254930389907005
S10_52965202 10 52965202 0.00094083518633527
S10_53022254 10 53022254 5.47129367632657e-05
S10_53022813 10 53022813 0.000518948391615023
S10_53638008 10 53638008 1.76688522388741e-05
S10_53693639 10 53693639 0.000738992679288031
S10_53834665 10 53834665 1.82738181909946e-05
S10_54095597 10 54095597 0.000104760848136674
S10_54285212 10 54285212 0.000850189077241998
S10_54386626 10 54386626 0.000646047360366406
S10_54780863 10 54780863 0.000981549487318059
S10_54866796 10 54866796 6.75789784746884e-05
S10_54866821 10 54866821 6.75789784746884e-05
S10_55025754 10 55025754 0.000268423864740912
S10_55038929 10 55038929 0.000957778431187585
S10_55082324 10 55082324 0.00098103796035144
S10_55129776 10 55129776 7.89746430243265e-20
S10_55143190 10 55143190 8.38251353320031e-05
S10_55144781 10 55144781 1.69833023239234e-11
S10_55174365 10 55174365 0.000364184629040801
S10_55174404 10 55174404 0.000364184629040801
S10_55174405 10 55174405 0.000242013803541413
S10_55188200 10 55188200 6.88656659718418e-06
S10_55286550 10 55286550 0.00083743514696277
S10_55286558 10 55286558 0.000837435146962901
S10_55286570 10 55286570 0.00083743514696277
S10_55302698 10 55302698 0.00012935663033639
S10_55302927 10 55302927 5.31439339862902e-05
S10_55422445 10 55422445 0.000700351520930445
S10_55429486 10 55429486 5.0658199705391e-05
S10_55429527 10 55429527 0.000233359191382231
S10_55524641 10 55524641 0.0002145416641588
S10_55552179 10 55552179 6.54193055577054e-12
S10_55668815 10 55668815 0.00064682994938424
S10_55738815 10 55738815 0.000255700385816775
S10_55747822 10 55747822 0.00098697136691086
S10_55763388 10 55763388 0.000124719197631051
S10_55803403 10 55803403 6.21792405990855e-07
S10_56045909 10 56045909 7.44356398075717e-05
S10_56046168 10 56046168 6.41039656390695e-08
S10_56306051 10 56306051 3.34639429239697e-05
S10_56727571 10 56727571 0.000256951005378045
S10_57113669 10 57113669 0.000551252792549177
S10_57175632 10 57175632 2.10443880944012e-05
S10_57273285 10 57273285 0.000219399205974956
S10_57598646 10 57598646 0.000991579912402053
S10_57621795 10 57621795 1.66128909254754e-07
S10_57623799 10 57623799 2.16200418546457e-05
S10_57773440 10 57773440 0.000994401491352478
S10_57877148 10 57877148 5.26823397757499e-05
S10_57933627 10 57933627 0.000828189928689152
S10_58268006 10 58268006 0.000210228712331463
S10_58428800 10 58428800 8.05541737670171e-05
S10_58575553 10 58575553 4.32346564370522e-13
S10_58599204 10 58599204 1.51925880081223e-06
S10_58609751 10 58609751 1.56930922453354e-05
S10_58729698 10 58729698 4.55050767597258e-06
S10_58960827 10 58960827 3.7895688164175e-05
S10_59175784 10 59175784 0.000211250128877207
S10_59289846 10 59289846 0.000343455250783003
S10_59297522 10 59297522 3.47760181119234e-08
S10_59305103 10 59305103 0.000338486320151707
S10_59305129 10 59305129 0.000338486320151707
S10_59528313 10 59528313 1.02506927487934e-07
S10_59528622 10 59528622 7.57476065011699e-08
S10_59783644 10 59783644 9.12725780981008e-05
S10_59933454 10 59933454 3.01423817431879e-06
S10_59947028 10 59947028 0.000109184797540132
S10_59959673 10 59959673 0.000647599209000611
S10_59960969 10 59960969 0.000773545275330793
S10_60000813 10 60000813 0.000421457192392474
S10_60008173 10 60008173 0.000611023302637998
S10_60142601 10 60142601 6.54933072425293e-05
S10_60206221 10 60206221 4.05951464909039e-07
S10_60236159 10 60236159 6.11642974481169e-08
S10_60236225 10 60236225 3.71883754796615e-06
S10_60236249 10 60236249 5.69063148744261e-08
S10_60333500 10 60333500 1.88754129542449e-07
S10_60382646 10 60382646 0.000542681462019959
S10_60565908 10 60565908 1.88151863848649e-05
S10_60603548 10 60603548 2.31809055586292e-06
S10_60623295 10 60623295 0.000510580263547912
S10_60628485 10 60628485 3.48247460465874e-08
S10_60628572 10 60628572 0.000550601486375956
S10_60628583 10 60628583 0.000550601486375956
S10_60628698 10 60628698 0.000244060213932081
S10_60648818 10 60648818 2.73950112169569e-06
S10_60661302 10 60661302 4.75779388040596e-08
S10_60691781 10 60691781 0.000252668294931704
S10_60708369 10 60708369 1.61785699968431e-05
S10_60742739 10 60742739 0.000318842283845033
S10_60751335 10 60751335 2.5331802824481e-05
S10_60864803 10 60864803 0.000419914681261111
S10_60908790 10 60908790 1.28378822171241e-07
S10_60911073 10 60911073 9.89047676898077e-05
S10_60918137 10 60918137 3.47388215233677e-06
S10_60967463 10 60967463 0.000855247799637506
