Marker Chr Pos p
S3_30581 3 30581 1.28396436239283e-12
S3_113289 3 113289 9.84045203103184e-06
S3_124355 3 124355 0.000110213070392472
S3_131992 3 131992 0.000919984216481947
S3_212227 3 212227 6.06685320586398e-07
S3_269200 3 269200 0.000125329794198404
S3_309287 3 309287 0.000396664832613005
S3_323129 3 323129 0.000362035410260879
S3_492941 3 492941 0.000510047473718586
S3_492942 3 492942 0.000106523973845626
S3_505661 3 505661 1.58358101401153e-05
S3_542743 3 542743 4.10481047597382e-05
S3_552758 3 552758 2.36271995145361e-05
S3_566489 3 566489 0.000490665062388522
S3_595645 3 595645 0.000340670674869526
S3_619980 3 619980 0.00043821803549035
S3_626117 3 626117 0.000532249159403299
S3_629272 3 629272 3.14528505644432e-05
S3_665347 3 665347 6.69190991412174e-06
S3_765883 3 765883 0.000708271378183309
S3_765959 3 765959 9.78140550760363e-05
S3_781683 3 781683 0.00056235542694586
S3_892331 3 892331 0.000146434091919171
S3_918828 3 918828 1.07982444622454e-10
S3_941710 3 941710 0.000379307793330084
S3_1134142 3 1134142 0.000195111665655659
S3_1134475 3 1134475 0.000864181552815187
S3_1143650 3 1143650 3.38685084299457e-05
S3_1143773 3 1143773 7.43806104497351e-05
S3_1149589 3 1149589 6.28353222454583e-06
S3_1150208 3 1150208 0.000705108981285674
S3_1174176 3 1174176 0.000573170394428705
S3_1326543 3 1326543 0.000532238589687745
S3_1379565 3 1379565 0.000170192673959746
S3_1379740 3 1379740 4.5829765594075e-07
S3_1381554 3 1381554 0.000120186177332486
S3_1381560 3 1381560 0.000120186177332486
S3_1406545 3 1406545 0.00019367019011177
S3_1422978 3 1422978 2.46312607555091e-06
S3_1422983 3 1422983 1.25564010133788e-09
S3_1423591 3 1423591 1.69608061351429e-05
S3_1425712 3 1425712 6.49163612103216e-06
S3_1481801 3 1481801 0.000666620008017689
S3_1496547 3 1496547 0.000563962238327952
S3_1638564 3 1638564 2.2274870066621e-05
S3_1732395 3 1732395 2.09283770068024e-15
S3_1732396 3 1732396 6.23788114164928e-21
S3_1754299 3 1754299 7.54102988390805e-06
S3_1764458 3 1764458 3.88314268110264e-10
S3_1834074 3 1834074 1.85747573049301e-05
S3_1857398 3 1857398 2.42604902895626e-05
S3_1914418 3 1914418 6.91362603574977e-07
S3_1914876 3 1914876 9.03972657117802e-08
S3_1955068 3 1955068 1.4412994796725e-05
S3_1970034 3 1970034 6.45606094892379e-05
S3_2002360 3 2002360 6.99314236437976e-06
S3_2054853 3 2054853 1.21349336056539e-05
S3_2054871 3 2054871 6.11981330582551e-05
S3_2056180 3 2056180 0.000854552141910436
S3_2056205 3 2056205 0.000744963705559699
S3_2070812 3 2070812 5.60129886730986e-06
S3_2104909 3 2104909 0.000133527586193908
S3_2104950 3 2104950 0.000133527586193908
S3_2140952 3 2140952 3.6256733813262e-05
S3_2144883 3 2144883 0.000216752857113044
S3_2144909 3 2144909 0.000401116969600322
S3_2144910 3 2144910 5.19869614446055e-06
S3_2159370 3 2159370 1.67165623086077e-05
S3_2213887 3 2213887 4.44320169331813e-10
S3_2214546 3 2214546 3.92028573355156e-06
S3_2231328 3 2231328 0.000125550551585023
S3_2234909 3 2234909 8.59201739881611e-05
S3_2289771 3 2289771 3.23462690222611e-06
S3_2377716 3 2377716 1.33332803423218e-06
S3_2390008 3 2390008 1.70970109441134e-05
S3_2390117 3 2390117 8.86437114691554e-06
S3_2390120 3 2390120 8.86437114691554e-06
S3_2471630 3 2471630 0.000251223092417231
S3_2472883 3 2472883 0.000553368557732919
S3_2472954 3 2472954 0.000136933539545596
S3_2513250 3 2513250 1.55460655313028e-05
S3_2535960 3 2535960 5.2170614426801e-06
S3_2549824 3 2549824 0.00016618348114645
S3_2567697 3 2567697 7.90308501175482e-10
S3_2634119 3 2634119 6.40993641621514e-05
S3_2635585 3 2635585 1.63259532783805e-05
S3_2635592 3 2635592 1.63259532783805e-05
S3_2719528 3 2719528 1.75801338010554e-05
S3_2761061 3 2761061 0.00016701336600413
S3_2761064 3 2761064 0.000167013366004142
S3_2798947 3 2798947 0.000239587550717938
S3_2809768 3 2809768 0.000517007276820053
S3_2815372 3 2815372 0.000800971866544525
S3_2815386 3 2815386 0.000800971866544525
S3_2815409 3 2815409 0.000800971866544627
S3_2833031 3 2833031 1.47937596517098e-05
S3_2833582 3 2833582 5.32204478394959e-05
S3_2862298 3 2862298 6.1740293551782e-05
S3_2862300 3 2862300 5.32158833402625e-05
S3_2914938 3 2914938 0.000752994236833343
S3_2971834 3 2971834 0.000392621992596397
S3_2972820 3 2972820 0.000411993437769919
S3_2972821 3 2972821 0.000249145378634115
S3_2972822 3 2972822 0.000249145378634115
S3_2990660 3 2990660 8.38840851724938e-05
S3_2991106 3 2991106 2.17140305809463e-09
S3_2991108 3 2991108 7.95872500265756e-06
S3_2991109 3 2991109 0.000109156588228943
S3_2999124 3 2999124 5.16906596091537e-05
S3_3057066 3 3057066 0.000474812940015909
S3_3079485 3 3079485 0.000756409097757778
S3_3103526 3 3103526 0.000121060683508409
S3_3124636 3 3124636 0.000126991986022301
S3_3201024 3 3201024 8.76849167814916e-06
S3_3210278 3 3210278 4.70463037383084e-06
S3_3212778 3 3212778 0.000321905221317819
S3_3220118 3 3220118 5.13788088004261e-05
S3_3220120 3 3220120 6.91072326110902e-06
S3_3220122 3 3220122 7.077182721907e-05
S3_3264963 3 3264963 5.36224135804347e-05
S3_3277397 3 3277397 2.11768174549351e-05
S3_3278864 3 3278864 0.000460058810260386
S3_3278879 3 3278879 0.000671161662472215
S3_3280713 3 3280713 2.49653741191546e-05
S3_3280826 3 3280826 0.000104322258938022
S3_3302584 3 3302584 0.000292129630787169
S3_3303765 3 3303765 0.000197948862530944
S3_3306149 3 3306149 0.000182207988581838
S3_3306552 3 3306552 0.000359186406730396
S3_3306555 3 3306555 0.000359186406730413
S3_3306557 3 3306557 0.000359186406730396
S3_3325587 3 3325587 2.39173552059128e-08
S3_3329518 3 3329518 4.71726980248309e-05
S3_3351879 3 3351879 9.58678944185794e-05
S3_3402604 3 3402604 0.000372548331177919
S3_3436668 3 3436668 0.000178367787137351
S3_3443614 3 3443614 6.37286787955158e-05
S3_3503852 3 3503852 2.23928895302602e-05
S3_3613938 3 3613938 1.4926762651772e-20
S3_3614378 3 3614378 1.75720030166722e-05
S3_3614866 3 3614866 0.000112407995190821
S3_3619054 3 3619054 0.000102817338528793
S3_3638276 3 3638276 4.00912665951707e-05
S3_3638319 3 3638319 4.00912665951707e-05
S3_3650312 3 3650312 0.000320691115976796
S3_3650359 3 3650359 0.000168878324559017
S3_3656739 3 3656739 0.00030275293787199
S3_3661777 3 3661777 2.83365816302196e-05
S3_3669064 3 3669064 5.42669971670242e-05
S3_3669494 3 3669494 4.94555235129783e-05
S3_3669495 3 3669495 4.94555235129783e-05
S3_3671432 3 3671432 0.000259386418522692
S3_3711880 3 3711880 0.000182064826909807
S3_3714513 3 3714513 7.97811241497338e-06
S3_3724401 3 3724401 0.000573523929705594
S3_3733133 3 3733133 6.57814098421302e-05
S3_3733147 3 3733147 3.41274896416525e-09
S3_3752165 3 3752165 6.39842749063708e-05
S3_3752353 3 3752353 0.00010990896310397
S3_3753409 3 3753409 0.000474642156667494
S3_3758006 3 3758006 0.000106558530237227
S3_3758266 3 3758266 0.000243474842102646
S3_3760847 3 3760847 2.00351845174823e-05
S3_3763435 3 3763435 4.12647084096682e-05
S3_3764745 3 3764745 1.11017800755109e-07
S3_3764746 3 3764746 1.11017800755109e-07
S3_3764748 3 3764748 1.11017800755103e-07
S3_3764749 3 3764749 1.11017800755103e-07
S3_3764772 3 3764772 1.11017800755103e-07
S3_3764774 3 3764774 1.11017800755109e-07
S3_3764818 3 3764818 2.35922486662347e-06
S3_3764819 3 3764819 2.35922486662347e-06
S3_3765220 3 3765220 2.15783115503693e-05
S3_3765222 3 3765222 2.15783115503693e-05
S3_3765223 3 3765223 2.15783115503689e-05
S3_3765224 3 3765224 0.000824341813689005
S3_3765225 3 3765225 2.15783115503693e-05
S3_3765229 3 3765229 2.15783115503689e-05
S3_3765230 3 3765230 2.15783115503693e-05
S3_3765231 3 3765231 2.15783115503689e-05
S3_3765236 3 3765236 2.15783115503693e-05
S3_3765237 3 3765237 2.15783115503689e-05
S3_3765241 3 3765241 2.15783115503693e-05
S3_3765242 3 3765242 2.15783115503689e-05
S3_3774073 3 3774073 1.27577733745464e-05
S3_3779165 3 3779165 0.000268398208555942
S3_3781497 3 3781497 0.000107883017421432
S3_3817735 3 3817735 0.000370120938751047
S3_3817771 3 3817771 6.53924533304042e-05
S3_3817795 3 3817795 0.000348618147604018
S3_3817801 3 3817801 9.55183157759029e-05
S3_3817803 3 3817803 0.000496372181886721
S3_3828732 3 3828732 0.000936449487735826
S3_3834814 3 3834814 4.09934388337979e-05
S3_3834849 3 3834849 1.57814841114224e-05
S3_3834852 3 3834852 2.99862391796557e-05
S3_3834864 3 3834864 1.5781484111423e-05
S3_3843322 3 3843322 4.22992518999013e-06
S3_3843323 3 3843323 4.09344286611412e-06
S3_3843327 3 3843327 4.22992518999013e-06
S3_3880709 3 3880709 0.000201842697671942
S3_3888850 3 3888850 2.37320198739905e-06
S3_3898046 3 3898046 0.00010293582696178
S3_3912560 3 3912560 4.46341419284115e-05
S3_3916014 3 3916014 1.14361686430198e-05
S3_3917992 3 3917992 8.47025282072814e-05
S3_3928308 3 3928308 0.000858872007311896
S3_3928309 3 3928309 0.000858872007311896
S3_3928351 3 3928351 0.000858872007311896
S3_3943979 3 3943979 2.1055593754919e-05
S3_3943991 3 3943991 0.000326108420327162
S3_3944005 3 3944005 0.000326108420327162
S3_3952519 3 3952519 0.000863971896764927
S3_3952525 3 3952525 0.000794257166240549
S3_3955263 3 3955263 0.000135882265364309
S3_3987004 3 3987004 0.000786674302612911
S3_4005807 3 4005807 9.6063016094143e-05
S3_4005906 3 4005906 3.30467267355637e-05
S3_4005990 3 4005990 0.000221594120642626
S3_4031831 3 4031831 0.000529555906394942
S3_4056449 3 4056449 0.00019546213522599
S3_4064187 3 4064187 0.000571229344847028
S3_4070061 3 4070061 0.000870724429955472
S3_4076299 3 4076299 0.000162447754514577
S3_4076917 3 4076917 9.49555486436395e-05
S3_4124097 3 4124097 1.71501564004244e-07
S3_4124120 3 4124120 1.06354593187034e-08
S3_4173089 3 4173089 2.1936876414811e-14
S3_4173234 3 4173234 0.000114850904347641
S3_4200685 3 4200685 4.84838003965371e-05
S3_4208249 3 4208249 0.000791402520395389
S3_4214844 3 4214844 0.000200868675694558
S3_4343147 3 4343147 3.43771007015656e-05
S3_4345175 3 4345175 9.10201649825502e-05
S3_4346516 3 4346516 6.92808359800587e-06
S3_4347806 3 4347806 0.000763786199670327
S3_4386539 3 4386539 7.40721750776343e-05
S3_4387439 3 4387439 0.000494356673777824
S3_4397650 3 4397650 0.00019458594035447
S3_4407011 3 4407011 0.000707769229128517
S3_4464385 3 4464385 0.000404467407222689
S3_4512401 3 4512401 0.000563677074935095
S3_4512441 3 4512441 2.70952419754194e-18
S3_4512482 3 4512482 6.48183050654539e-05
S3_4519983 3 4519983 0.000160618940823604
S3_4519984 3 4519984 0.000161770142270767
S3_4520606 3 4520606 0.000329012893365517
S3_4520612 3 4520612 0.000329012893365517
S3_4521396 3 4521396 0.00023873879753918
S3_4521511 3 4521511 0.000117855844936747
S3_4521544 3 4521544 2.44498190950948e-05
S3_4522028 3 4522028 0.000687705987497967
S3_4523606 3 4523606 0.000429691792967448
S3_4524153 3 4524153 0.000300655773683815
S3_4531527 3 4531527 3.7754663137875e-05
S3_4548569 3 4548569 1.85517887962579e-05
S3_4549859 3 4549859 5.93783084636003e-05
S3_4549863 3 4549863 5.93783084636003e-05
S3_4550087 3 4550087 0.000110308811123681
S3_4550317 3 4550317 6.87574379492268e-05
S3_4550336 3 4550336 6.87574379492204e-05
S3_4554925 3 4554925 9.35501407046434e-05
S3_4554929 3 4554929 9.35501407046434e-05
S3_4554958 3 4554958 9.35501407046434e-05
S3_4554966 3 4554966 9.35501407046434e-05
S3_4556560 3 4556560 3.51694683053819e-06
S3_4557276 3 4557276 3.97788402953927e-05
S3_4614267 3 4614267 6.37496834366208e-05
S3_4648703 3 4648703 2.68658154873729e-05
S3_4755610 3 4755610 2.50666576443554e-17
S3_4755670 3 4755670 0.000296834452710307
S3_4774547 3 4774547 4.47626070829401e-06
S3_4774548 3 4774548 4.47626070829401e-06
S3_4774559 3 4774559 4.47626070829401e-06
S3_4774574 3 4774574 4.47626070829401e-06
S3_4777103 3 4777103 3.09402523387819e-05
S3_4777105 3 4777105 3.09402523387819e-05
S3_4777106 3 4777106 3.09402523387819e-05
S3_4782255 3 4782255 0.000192601539599822
S3_4782256 3 4782256 0.000192601539599822
S3_4782257 3 4782257 0.000192601539599804
S3_4782258 3 4782258 0.000192601539599804
S3_4782259 3 4782259 0.000192601539599822
S3_4782260 3 4782260 0.000192601539599804
S3_4782281 3 4782281 0.000192601539599822
S3_4782398 3 4782398 4.78220685439732e-05
S3_4820861 3 4820861 0.000147458716163217
S3_4823507 3 4823507 8.89561818221343e-06
S3_4823624 3 4823624 2.88880204491563e-06
S3_4829805 3 4829805 0.000188725982881119
S3_4924096 3 4924096 0.000251471755988325
S3_4933911 3 4933911 0.000107021691971096
S3_4951469 3 4951469 1.37219665117433e-06
S3_4951483 3 4951483 3.74814364984477e-06
S3_4951554 3 4951554 2.61756956868095e-06
S3_4951567 3 4951567 2.61756956868101e-06
S3_4954707 3 4954707 0.000410739479671659
S3_4962382 3 4962382 5.953662152654e-07
S3_4969518 3 4969518 1.95727654474737e-05
S3_4973544 3 4973544 1.8344541021016e-05
S3_5133623 3 5133623 0.000150034461234817
S3_5218118 3 5218118 1.17988243415284e-07
S3_5224970 3 5224970 3.24181544039688e-09
S3_5276663 3 5276663 1.22971783012892e-07
S3_5276670 3 5276670 1.57306180520744e-14
S3_5276672 3 5276672 3.21955936485236e-07
S3_5469774 3 5469774 0.000319201746438192
S3_5482060 3 5482060 9.07595450574758e-10
S3_5562350 3 5562350 1.16044162447754e-05
S3_5594610 3 5594610 2.34104689857989e-05
S3_5611624 3 5611624 1.16620044294356e-06
S3_5646863 3 5646863 0.000192306299697487
S3_5661412 3 5661412 4.70924462329884e-06
S3_5668945 3 5668945 0.00019257741254649
S3_5682638 3 5682638 4.03476698762929e-10
S3_5695203 3 5695203 0.000176765112019385
S3_5695219 3 5695219 0.000176765112019385
S3_5696174 3 5696174 0.000584360243551828
S3_5761921 3 5761921 0.000199625319623382
S3_5761939 3 5761939 0.000199625319623387
S3_5775916 3 5775916 0.000172328552184887
S3_5790456 3 5790456 0.000529077499646934
S3_5815740 3 5815740 0.000816648381147754
S3_5846680 3 5846680 0.000953430024177296
S3_5872111 3 5872111 8.28682600209256e-05
S3_5986976 3 5986976 0.000368361467497864
S3_5987035 3 5987035 0.000521115700085096
S3_6016649 3 6016649 0.000726443993807498
S3_6062269 3 6062269 0.000318668330181866
S3_6109258 3 6109258 7.15239566676506e-14
S3_6121578 3 6121578 4.38754852811553e-08
S3_6188087 3 6188087 0.000612784532095434
S3_6188130 3 6188130 0.000612784532095434
S3_6276254 3 6276254 2.96555622330893e-05
S3_6306651 3 6306651 0.00049413906680202
S3_6320944 3 6320944 6.10789599595573e-08
S3_6490466 3 6490466 0.000622654203756996
S3_6547569 3 6547569 0.000421245702788148
S3_6587500 3 6587500 0.000384993765408818
S3_6618042 3 6618042 0.000894758432009286
S3_6676938 3 6676938 7.85147779564835e-10
S3_6680531 3 6680531 5.40817239969999e-06
S3_6680970 3 6680970 6.46138061673354e-06
S3_6682736 3 6682736 1.24305014015476e-06
S3_6682770 3 6682770 9.03097238669068e-07
S3_6703710 3 6703710 2.01991157104348e-05
S3_6734419 3 6734419 0.000902144522323609
S3_6734580 3 6734580 0.000375638249669926
S3_6738263 3 6738263 0.000691418177248115
S3_6760366 3 6760366 7.16182739701732e-05
S3_6781883 3 6781883 0.00075461967874672
S3_6807931 3 6807931 1.07327637610647e-05
S3_6807934 3 6807934 1.07327637610647e-05
S3_6807978 3 6807978 1.07327637610647e-05
S3_6833114 3 6833114 0.00026467904395774
S3_6889847 3 6889847 5.50777881559303e-05
S3_6897275 3 6897275 1.12354075182329e-05
S3_6912418 3 6912418 0.000113546214217934
S3_6930517 3 6930517 0.00016847412125013
S3_6935147 3 6935147 7.88476408295627e-07
S3_6970215 3 6970215 9.8754459717828e-05
S3_7004876 3 7004876 0.000254075344001227
S3_7043717 3 7043717 2.42143838256237e-08
S3_7043735 3 7043735 2.42143838256241e-08
S3_7043738 3 7043738 2.42143838256237e-08
S3_7043832 3 7043832 0.000399832448692678
S3_7062436 3 7062436 0.000287547383205939
S3_7119953 3 7119953 0.000424608327075444
S3_7146106 3 7146106 0.000664728910130023
S3_7160862 3 7160862 1.10021280269397e-13
S3_7246133 3 7246133 0.000154436746546019
S3_7254276 3 7254276 0.000104399202031279
S3_7267181 3 7267181 0.000205282751839667
S3_7331830 3 7331830 0.000102725154850944
S3_7357020 3 7357020 9.80121492399531e-13
S3_7397447 3 7397447 0.000448068091709349
S3_7420561 3 7420561 1.03309134160175e-15
S3_7473934 3 7473934 0.000173021621613697
S3_7489750 3 7489750 0.000431640130714882
S3_7490474 3 7490474 1.43023817760242e-14
S3_7490480 3 7490480 2.45138940321241e-07
S3_7492885 3 7492885 2.48033461697789e-08
S3_7587019 3 7587019 3.06355287773192e-10
S3_7623673 3 7623673 9.67737526567442e-06
S3_7712114 3 7712114 0.000178809120677818
S3_7775475 3 7775475 0.000629855124816687
S3_7775488 3 7775488 0.000625436979997478
S3_7803909 3 7803909 0.000388803838977374
S3_7828710 3 7828710 5.92136154761749e-05
S3_7836537 3 7836537 8.04488367866708e-05
S3_7836544 3 7836544 8.04488367866708e-05
S3_7892329 3 7892329 1.46744165939748e-06
S3_7981096 3 7981096 0.000445507385708397
S3_7999098 3 7999098 0.00033070420228972
S3_8029384 3 8029384 0.000473998631642328
S3_8041269 3 8041269 0.000527581702555855
S3_8050659 3 8050659 0.000113306849984461
S3_8085602 3 8085602 0.000110868695950455
S3_8093584 3 8093584 2.90506744585514e-05
S3_8140692 3 8140692 3.44152871726369e-09
S3_8140949 3 8140949 1.4093170829291e-05
S3_8217449 3 8217449 6.39935652176145e-06
S3_8298306 3 8298306 0.000753795467907747
S3_8322185 3 8322185 1.37026126137911e-19
S3_8385638 3 8385638 0.000262894923157681
S3_8439340 3 8439340 2.36518355265396e-05
S3_8455924 3 8455924 0.000706487804047029
S3_8473464 3 8473464 4.59004464434302e-05
S3_8635964 3 8635964 1.25379592477349e-13
S3_8635981 3 8635981 1.25379592477349e-13
S3_8635996 3 8635996 1.22909130100375e-13
S3_8643305 3 8643305 2.05087987848305e-05
S3_8651404 3 8651404 1.30837156166969e-06
S3_8714074 3 8714074 0.000130365897541934
S3_8809152 3 8809152 0.000701634221765551
S3_8821804 3 8821804 0.000707852368120413
S3_8821805 3 8821805 0.000707852368120413
S3_8830655 3 8830655 1.84054039218198e-06
S3_8830676 3 8830676 3.37194743159217e-08
S3_8843424 3 8843424 4.80712599947965e-06
S3_8843425 3 8843425 4.80712599947987e-06
S3_8843564 3 8843564 6.48859340086545e-05
S3_8844621 3 8844621 0.000523643884014039
S3_8935687 3 8935687 0.000277062685258987
S3_8976434 3 8976434 0.000340452933337639
S3_9099874 3 9099874 0.000249950384523197
S3_9115771 3 9115771 0.000558010716038016
S3_9115779 3 9115779 0.000558010716038016
S3_9116114 3 9116114 0.000200527247503444
S3_9116267 3 9116267 0.000136398143474404
S3_9116268 3 9116268 0.000136398143474404
S3_9120289 3 9120289 3.18321952088414e-05
S3_9120817 3 9120817 0.00076177170653192
S3_9120818 3 9120818 0.000761771706531901
S3_9121190 3 9121190 5.58256135404347e-05
S3_9123460 3 9123460 8.15100823231654e-05
S3_9203261 3 9203261 1.76946894440171e-05
S3_9292355 3 9292355 0.000550668115404172
S3_9349258 3 9349258 0.00029547271796972
S3_9419278 3 9419278 3.92328237556626e-06
S3_9492637 3 9492637 0.000159454601429801
S3_9492669 3 9492669 0.000159454601429801
S3_9566828 3 9566828 0.000211858643194356
S3_9607543 3 9607543 0.000396911515486328
S3_9686315 3 9686315 0.00081613620308411
S3_9686319 3 9686319 0.000816136203084062
S3_9686321 3 9686321 0.00081613620308411
S3_9686507 3 9686507 2.97468932527921e-07
S3_9686515 3 9686515 2.97468932527785e-07
S3_9687024 3 9687024 0.000381676918463247
S3_9687606 3 9687606 8.92295011363383e-05
S3_9713075 3 9713075 0.000859304292315604
S3_9713076 3 9713076 0.000859304292315604
S3_9713077 3 9713077 0.000859304292315604
S3_9713079 3 9713079 0.000859304292315604
S3_9713080 3 9713080 0.000859304292315604
S3_9713082 3 9713082 0.000859304292315604
S3_9713083 3 9713083 0.000859304292315604
S3_9713084 3 9713084 0.000859304292315604
S3_9713086 3 9713086 0.000859304292315604
S3_9791651 3 9791651 1.02435565293881e-07
S3_9811696 3 9811696 0.000593557944870329
S3_9870236 3 9870236 3.6362898441842e-13
S3_9872485 3 9872485 4.26898051583848e-05
S3_9880244 3 9880244 0.000152360662533024
S3_9882334 3 9882334 0.000472536953326847
S3_9883063 3 9883063 5.2175027535205e-05
S3_9946206 3 9946206 2.47379851009121e-06
S3_9990951 3 9990951 4.10014337659456e-05
S3_9991920 3 9991920 2.24275179070941e-06
S3_9992209 3 9992209 2.46127623342223e-05
S3_10046796 3 10046796 0.000367948840684157
S3_10084935 3 10084935 0.000872177111053457
S3_10087133 3 10087133 3.36836938525829e-05
S3_10282951 3 10282951 0.000805016856848361
S3_10490114 3 10490114 0.000169165213902078
S3_10508120 3 10508120 0.00016156748992829
S3_10508135 3 10508135 9.2802841779299e-05
S3_10566366 3 10566366 1.25293965367625e-18
S3_10572631 3 10572631 0.000421123301258918
S3_10601649 3 10601649 1.41400713374511e-18
S3_10601658 3 10601658 1.2070096418965e-10
S3_10611737 3 10611737 4.8238925651122e-10
S3_10613080 3 10613080 0.000859641309427182
S3_10617784 3 10617784 0.000341133052383404
S3_10617798 3 10617798 0.000341133052383404
S3_10617800 3 10617800 0.000341133052383404
S3_10617840 3 10617840 0.000341133052383398
S3_10617874 3 10617874 0.00028998141197219
S3_10617889 3 10617889 0.00028998141197219
S3_10618088 3 10618088 0.00017290067323519
S3_10619605 3 10619605 0.000913626377042058
S3_11159536 3 11159536 0.000334124761052631
S3_11176011 3 11176011 8.21374063869802e-06
S3_11176013 3 11176013 8.21374063869783e-06
S3_11176015 3 11176015 8.21374063869783e-06
S3_11176016 3 11176016 8.21374063869802e-06
S3_11176018 3 11176018 8.21374063869802e-06
S3_11176019 3 11176019 8.21374063869783e-06
S3_11245915 3 11245915 0.000703662558349304
S3_11258408 3 11258408 0.000692344514044705
S3_11313800 3 11313800 1.22372524009945e-06
S3_11313801 3 11313801 1.22372524009945e-06
S3_11338837 3 11338837 2.48896675621207e-13
S3_11350431 3 11350431 0.000691511491537895
S3_11350433 3 11350433 0.000696291660192309
S3_11354890 3 11354890 0.000865729040701739
S3_11443505 3 11443505 1.80985268537198e-06
S3_11458779 3 11458779 0.000912085297306122
S3_11659546 3 11659546 4.54912409846798e-16
S3_11803689 3 11803689 0.000589040845131243
S3_11863844 3 11863844 6.2756371549593e-06
S3_11917319 3 11917319 0.000384632596040861
S3_11952031 3 11952031 0.000253128595173907
S3_12035111 3 12035111 0.000288568304760968
S3_12035112 3 12035112 0.000288568304760968
S3_12035115 3 12035115 0.000288568304761018
S3_12035116 3 12035116 0.000288568304760968
S3_12035122 3 12035122 0.000288568304760968
S3_12035131 3 12035131 0.000288568304760968
S3_12044307 3 12044307 0.00093027525584495
S3_12124753 3 12124753 0.000104043113831833
S3_12229601 3 12229601 1.82239242336238e-20
S3_12282006 3 12282006 0.000359563743036376
S3_12371109 3 12371109 0.000998164639418336
S3_12388496 3 12388496 0.000138142954030563
S3_12393130 3 12393130 0.000235670097575504
S3_12411552 3 12411552 2.58365948912178e-05
S3_12413183 3 12413183 0.000889021535605662
S3_12413987 3 12413987 2.52218261280743e-05
S3_12420678 3 12420678 0.000283503557707844
S3_12451491 3 12451491 5.5712121867464e-05
S3_12611452 3 12611452 1.7871173065781e-08
S3_12611453 3 12611453 2.01773140261007e-08
S3_12685110 3 12685110 6.72722836397701e-05
S3_12729527 3 12729527 2.28692112453241e-05
S3_12749857 3 12749857 0.000183344188595765
S3_12749886 3 12749886 0.000411188629280498
S3_12749894 3 12749894 0.000183344188595765
S3_12749897 3 12749897 0.000411188629280498
S3_12750141 3 12750141 6.37704309399785e-05
S3_12750143 3 12750143 6.37704309399785e-05
S3_12750150 3 12750150 0.000293819790999128
S3_12750177 3 12750177 8.92842075453174e-10
S3_12750269 3 12750269 2.18212182163564e-05
S3_12752035 3 12752035 1.51158567861538e-06
S3_12752066 3 12752066 0.000414735274087451
S3_12754022 3 12754022 3.07613303836285e-09
S3_12862500 3 12862500 5.14574970796987e-07
S3_12876562 3 12876562 4.56965043807655e-08
S3_13089031 3 13089031 1.0531171475174e-06
S3_13089032 3 13089032 1.0531171475174e-06
S3_13135625 3 13135625 8.31996554996949e-06
S3_13136540 3 13136540 6.63787597804313e-06
S3_13140531 3 13140531 1.75113193081019e-05
S3_13142809 3 13142809 3.00749284393526e-06
S3_13144744 3 13144744 1.4838173617646e-05
S3_13154964 3 13154964 6.32077118585723e-06
S3_13225691 3 13225691 9.13931753707008e-06
S3_13229860 3 13229860 7.34359657184889e-05
S3_13273771 3 13273771 5.20861585692238e-06
S3_13297969 3 13297969 0.000136148743392903
S3_13306401 3 13306401 0.000332930543105277
S3_13311730 3 13311730 6.31603100581739e-07
S3_13391079 3 13391079 0.000787275295939406
S3_13410548 3 13410548 2.48329888758072e-17
S3_13487396 3 13487396 2.3534399437019e-10
S3_13553748 3 13553748 8.7664257179439e-07
S3_13562066 3 13562066 3.02513881480792e-16
S3_13606605 3 13606605 0.000178489942795003
S3_13662850 3 13662850 0.000751375223877822
S3_13678190 3 13678190 0.000768377424434516
S3_13678247 3 13678247 0.000926553863150346
S3_13690106 3 13690106 0.000176560664486747
S3_13808376 3 13808376 0.000234328990585637
S3_14084796 3 14084796 0.000448819400803697
S3_14110895 3 14110895 6.92639075933172e-05
S3_14496423 3 14496423 0.00066209156317309
S3_14496424 3 14496424 0.00066209156317309
S3_14717651 3 14717651 0.000417889882568071
S3_14990155 3 14990155 1.69380918007127e-05
S3_15099963 3 15099963 0.000398255694526459
S3_15154302 3 15154302 0.000954938457492791
S3_15186006 3 15186006 8.24367604669807e-06
S3_15186069 3 15186069 0.00032724082266184
S3_15187001 3 15187001 5.02527970486625e-05
S3_15256619 3 15256619 0.000603033099386015
S3_15400431 3 15400431 0.000808532119369435
S3_15400443 3 15400443 0.000808532119369435
S3_15475603 3 15475603 0.000429601563084754
S3_15532730 3 15532730 0.000243445004903383
S3_15645957 3 15645957 3.38936735144361e-05
S3_15646192 3 15646192 0.000158222332732225
S3_15646225 3 15646225 0.000158222332732225
S3_15646242 3 15646242 1.36570537374308e-05
S3_15646245 3 15646245 1.36570537374308e-05
S3_15660579 3 15660579 6.56907624725776e-05
S3_15667613 3 15667613 0.000386734191182
S3_15723304 3 15723304 4.5102578174405e-06
S3_15818154 3 15818154 0.000879481469038745
S3_15838169 3 15838169 0.000390222597850073
S3_15871598 3 15871598 0.000689909352045957
S3_15885526 3 15885526 0.000605321622456912
S3_15943960 3 15943960 0.000175480933661934
S3_15982142 3 15982142 0.00092665667100988
S3_15988689 3 15988689 0.00043228251281105
S3_16052826 3 16052826 1.02416506698214e-09
S3_16433092 3 16433092 5.59788816951072e-07
S3_16458867 3 16458867 7.25058375721347e-05
S3_16458883 3 16458883 7.25058375721368e-05
S3_16458906 3 16458906 7.25058375721347e-05
S3_16459099 3 16459099 0.000805881732631562
S3_16564637 3 16564637 0.00041318454912948
S3_16564655 3 16564655 0.00041318454912948
S3_16622042 3 16622042 0.000738000289763254
S3_16895683 3 16895683 1.94109925349556e-10
S3_17003202 3 17003202 0.00039430944731389
S3_17032497 3 17032497 9.20922031844891e-06
S3_17236713 3 17236713 0.000535864663765513
S3_17443541 3 17443541 1.16657051454287e-05
S3_17488025 3 17488025 0.000102609962436871
S3_17500956 3 17500956 5.58748926724558e-05
S3_17553417 3 17553417 0.000285284771863083
S3_17622639 3 17622639 9.25084047274477e-06
S3_17893144 3 17893144 4.04510843622281e-05
S3_17913021 3 17913021 2.90463646843355e-05
S3_17913027 3 17913027 2.90463646843355e-05
S3_17913988 3 17913988 1.70986320973777e-05
S3_17982963 3 17982963 6.19964744161146e-05
S3_17992851 3 17992851 0.000459946285316505
S3_17992930 3 17992930 6.82064087563918e-05
S3_18112547 3 18112547 7.11591877261702e-05
S3_18136050 3 18136050 0.000622041496018547
S3_18142060 3 18142060 0.000266152683545517
S3_18223729 3 18223729 0.000411317831223912
S3_18224124 3 18224124 0.000796559618011971
S3_18224125 3 18224125 0.000796559618011989
S3_18603919 3 18603919 2.28328190006288e-05
S3_18603973 3 18603973 8.0561454598362e-05
S3_18604005 3 18604005 0.000358054062624045
S3_18778338 3 18778338 0.000740421475197522
S3_18786180 3 18786180 3.13661382196906e-05
S3_18788412 3 18788412 0.0007757176250819
S3_18836837 3 18836837 6.84369292627954e-05
S3_18836871 3 18836871 6.84369292627954e-05
S3_18838826 3 18838826 0.000626174906355972
S3_18942033 3 18942033 2.99574645153531e-05
S3_19027874 3 19027874 0.000326282647127309
S3_19056230 3 19056230 5.76390115184485e-06
S3_19060865 3 19060865 0.000305911055881631
S3_19094395 3 19094395 3.09054228140287e-06
S3_19158966 3 19158966 0.00052106839741579
S3_19271767 3 19271767 0.000103637883423024
S3_19279912 3 19279912 6.28045396815482e-05
S3_19281964 3 19281964 2.29533087159746e-14
S3_19282535 3 19282535 9.11029042021728e-07
S3_19296113 3 19296113 0.000170440208146893
S3_19396920 3 19396920 0.000626422916230283
S3_19412585 3 19412585 2.05155242522152e-05
S3_19439292 3 19439292 0.000136003787405049
S3_19499240 3 19499240 0.000353697943584312
S3_19499745 3 19499745 0.000230715128201725
S3_19656738 3 19656738 6.20598103916994e-05
S3_19656873 3 19656873 0.00012060254597103
S3_19761660 3 19761660 4.72177373472771e-06
S3_19761683 3 19761683 4.72177373472771e-06
S3_19761700 3 19761700 4.72177373472838e-06
S3_20021034 3 20021034 3.62015241716398e-05
S3_20021069 3 20021069 3.02436750612478e-14
S3_20031071 3 20031071 0.000982649276432265
S3_20047391 3 20047391 0.000103206067436101
S3_20047413 3 20047413 0.000203064195627527
S3_20055083 3 20055083 0.000481784776258498
S3_20073243 3 20073243 2.02150628371334e-05
S3_20098324 3 20098324 0.000171829790101163
S3_20290825 3 20290825 1.65300676077927e-05
S3_20290885 3 20290885 7.52935544469382e-06
S3_20356951 3 20356951 1.02318799144976e-05
S3_20392294 3 20392294 0.000146964876351175
S3_20392829 3 20392829 2.21503103618009e-05
S3_20392992 3 20392992 0.000234333147726043
S3_20392994 3 20392994 0.000234333147726043
S3_20393024 3 20393024 4.59491539844732e-05
S3_20400048 3 20400048 0.000435092041669018
S3_20400049 3 20400049 0.000435092041669018
S3_20400077 3 20400077 0.000435092041669018
S3_20423777 3 20423777 0.000749149270407707
S3_20504175 3 20504175 4.3200654787467e-05
S3_20808379 3 20808379 0.000107312635306528
S3_20947761 3 20947761 4.48669883696321e-06
S3_20991223 3 20991223 6.29737253043771e-05
S3_21041712 3 21041712 0.000210680540414538
S3_21118730 3 21118730 6.09083721297711e-05
S3_21208567 3 21208567 0.000725414576734195
S3_21208845 3 21208845 0.000713905237925966
S3_21211654 3 21211654 0.000947444661751205
S3_21221413 3 21221413 0.000892477081035392
S3_21265073 3 21265073 0.000291619433151811
S3_21279110 3 21279110 0.000336534034770292
S3_21431520 3 21431520 0.000877326007981634
S3_21563411 3 21563411 0.0005734834708866
S3_21698583 3 21698583 0.000511433204579117
S3_21698584 3 21698584 0.000511433204579166
S3_21703191 3 21703191 0.000178488408423644
S3_21705784 3 21705784 2.5813148470311e-05
S3_21801058 3 21801058 4.05894509731567e-05
S3_21806831 3 21806831 0.000602420008749651
S3_21957304 3 21957304 0.000474729523884725
S3_22018478 3 22018478 0.000651813190626408
S3_22068095 3 22068095 0.000885680398825114
S3_22291289 3 22291289 0.000300873663318164
S3_22562707 3 22562707 0.000542472841549009
S3_22625161 3 22625161 1.1235919851638e-05
S3_22927395 3 22927395 0.000439734369738778
S3_23131400 3 23131400 0.000560902785929848
S3_23131401 3 23131401 0.000560902785929862
S3_23412916 3 23412916 1.01386619423963e-06
S3_23687654 3 23687654 2.43806587333706e-06
S3_23956315 3 23956315 0.00049536316474844
S3_24039747 3 24039747 0.000418345718397449
S3_24427219 3 24427219 0.000362175048655396
S3_24427239 3 24427239 0.000985257297322094
S3_24488524 3 24488524 0.000757002320908725
S3_24534862 3 24534862 0.000911296113357213
S3_24573618 3 24573618 0.000743462665695219
S3_24773817 3 24773817 0.00072384755696842
S3_24936766 3 24936766 0.000298485871035229
S3_24948496 3 24948496 0.000225353574302629
S3_25179383 3 25179383 6.46619577383458e-05
S3_25202127 3 25202127 0.000507934764089202
S3_25216873 3 25216873 0.000577019717190594
S3_25270219 3 25270219 0.000507234516979386
S3_25270220 3 25270220 0.000507234516979386
S3_25451028 3 25451028 0.000651967351253465
S3_25586796 3 25586796 0.000808888170583109
S3_25722200 3 25722200 5.28470267093562e-06
S3_25730038 3 25730038 3.00289873138486e-05
S3_25736049 3 25736049 0.000281491925519647
S3_25862971 3 25862971 0.000218888914295328
S3_26115041 3 26115041 0.00097848611372391
S3_26150713 3 26150713 0.00061181593058191
S3_26165721 3 26165721 0.000617681527942046
S3_26166501 3 26166501 1.33072673008589e-07
S3_26226194 3 26226194 0.000697590398649768
S3_26284327 3 26284327 0.000539922620077104
S3_26437197 3 26437197 0.000175973803546969
S3_26437200 3 26437200 0.000175973803546969
S3_26539901 3 26539901 0.000596219268143323
S3_26772541 3 26772541 0.000148857123767129
S3_26925201 3 26925201 0.000823573312052062
S3_26990224 3 26990224 0.000541264659830856
S3_26995932 3 26995932 0.000111860089248735
S3_27210796 3 27210796 2.59945500467199e-05
S3_27358256 3 27358256 0.000846614668474999
S3_27672875 3 27672875 0.000606820222679588
S3_27708871 3 27708871 0.000316908613409528
S3_27938931 3 27938931 2.60242123513735e-40
S3_28222979 3 28222979 1.5405402322179e-10
S3_28287091 3 28287091 0.000396688038884447
S3_28498132 3 28498132 0.000341005055085338
S3_28515757 3 28515757 5.85681608874065e-08
S3_28610179 3 28610179 0.000387593727457958
S3_28794139 3 28794139 0.000200952934215276
S3_29039241 3 29039241 0.000219432139685259
S3_29120921 3 29120921 0.000644678654063687
S3_29122851 3 29122851 0.000240396083970625
S3_29511323 3 29511323 0.000553481229047281
S3_29685005 3 29685005 0.000215948069965264
S3_29717357 3 29717357 0.000490650504503124
S3_29839800 3 29839800 0.000716533810160535
S3_30084675 3 30084675 0.000500838361357199
S3_30086424 3 30086424 0.000493010897674596
S3_30183731 3 30183731 4.38157241231118e-07
S3_30183733 3 30183733 4.38157241231109e-07
S3_30367878 3 30367878 0.000485733779958588
S3_30393013 3 30393013 0.000120680022373389
S3_30771651 3 30771651 0.000939586498381723
S3_30956236 3 30956236 0.000428954627068248
S3_30965826 3 30965826 0.000913395540791543
S3_31141988 3 31141988 0.000236254311981556
S3_31168626 3 31168626 0.000653518848145292
S3_31173065 3 31173065 0.000633274453283833
S3_31301173 3 31301173 0.000376857110934904
S3_31348186 3 31348186 0.000238599372032882
S3_31371839 3 31371839 0.000320995105464201
S3_31372827 3 31372827 0.000130930848361735
S3_31390252 3 31390252 0.000288178827548112
S3_31390530 3 31390530 0.000348186242245422
S3_31576848 3 31576848 9.87190471630217e-05
S3_31612313 3 31612313 0.000336761634708451
S3_31736190 3 31736190 0.000265100494617006
S3_31903182 3 31903182 0.000548577678610949
S3_31923890 3 31923890 0.000392658332277092
S3_31958560 3 31958560 0.000923531208756732
S3_32004392 3 32004392 0.000681387048558831
S3_32110525 3 32110525 0.000924897471212833
S3_32263106 3 32263106 0.000202863575546219
S3_32320250 3 32320250 0.000105540973306456
S3_32320251 3 32320251 0.000523744781133356
S3_32496284 3 32496284 0.000231731633107882
S3_32500791 3 32500791 4.90485080359122e-05
S3_32589508 3 32589508 0.00049192253652401
S3_32679607 3 32679607 0.000363074636417602
S3_32683953 3 32683953 0.000333450302920341
S3_33015466 3 33015466 0.000640948226558566
S3_33016485 3 33016485 0.00062818665857115
S3_33356888 3 33356888 0.000542975166783451
S3_33409995 3 33409995 0.000624646004675235
S3_33503782 3 33503782 0.000380494763783128
S3_33557839 3 33557839 0.000367479328899931
S3_33714560 3 33714560 0.000635813005145636
S3_33714570 3 33714570 0.000635813005145636
S3_33714579 3 33714579 0.000635813005145714
S3_33714627 3 33714627 0.000276014867246172
S3_33873844 3 33873844 0.000364502773290138
S3_33988017 3 33988017 0.000783412040473062
S3_34359984 3 34359984 6.95390385063594e-05
S3_34514597 3 34514597 0.000418995362388967
S3_34514603 3 34514603 0.000418995362388991
S3_34625013 3 34625013 0.000778162084492493
S3_34721057 3 34721057 0.00056373471357685
S3_34732453 3 34732453 0.000387133381958247
S3_34899016 3 34899016 0.000373540348170336
S3_35871317 3 35871317 3.09092946146638e-10
S3_35987254 3 35987254 0.000128476119134258
S3_35992036 3 35992036 0.000674958499878884
S3_36305469 3 36305469 1.33252903063479e-05
S3_36890486 3 36890486 0.000601196843409117
S3_36945446 3 36945446 0.000595667887521632
S3_37055352 3 37055352 1.70724277356397e-05
S3_37066148 3 37066148 0.000511895641027207
S3_37102355 3 37102355 0.000450625129791832
S3_37380838 3 37380838 0.000608756937896043
S3_37444968 3 37444968 0.000557323820996903
S3_37544717 3 37544717 0.000325844575835949
S3_37574747 3 37574747 0.000552150009768829
S3_37757879 3 37757879 0.000120767327087989
S3_37871003 3 37871003 0.000598534682604799
S3_37877669 3 37877669 0.000621377912543147
S3_37877670 3 37877670 0.000621377912543147
S3_37940390 3 37940390 0.000523322137996232
S3_37944242 3 37944242 0.000637166730997504
S3_38224025 3 38224025 0.000549967891077671
S3_38255649 3 38255649 0.000543572101209963
S3_38260138 3 38260138 9.41453801577184e-05
S3_38338108 3 38338108 0.000364075106029662
S3_38703033 3 38703033 0.000586034851542335
S3_38797456 3 38797456 0.000601494955670471
S3_38818641 3 38818641 0.000702716424960809
S3_38818785 3 38818785 0.000774583237316633
S3_38820789 3 38820789 0.000604185941809991
S3_38827359 3 38827359 1.30940368207238e-05
S3_38997203 3 38997203 0.0006376646055689
S3_39002427 3 39002427 0.000593122865637755
S3_39134849 3 39134849 0.000834173676170487
S3_39135043 3 39135043 0.000800000534679466
S3_39135055 3 39135055 0.000800000534679491
S3_39257696 3 39257696 0.000586436450579138
S3_39358908 3 39358908 0.000343010504177414
S3_39908651 3 39908651 0.00074020394709263
S3_40116318 3 40116318 0.0007204228038306
S3_40116520 3 40116520 4.50012173797049e-06
S3_40157912 3 40157912 0.000896969436488824
S3_40308928 3 40308928 0.000687086992254298
S3_40423955 3 40423955 0.000715444067755326
S3_40445284 3 40445284 0.000538738361145724
S3_40576252 3 40576252 0.000546519629277485
S3_40758635 3 40758635 5.34553073879691e-05
S3_40795581 3 40795581 4.0639191245585e-05
S3_40938550 3 40938550 0.00057005479571151
S3_40940165 3 40940165 9.824485071432e-05
S3_40964590 3 40964590 3.0967353244571e-05
S3_41084319 3 41084319 0.000589321148669081
S3_41102730 3 41102730 0.000212028004455862
S3_41195703 3 41195703 0.000633163712351434
S3_41419232 3 41419232 0.000544926087935084
S3_41419605 3 41419605 0.000427955102650724
S3_41504758 3 41504758 0.000616067428526521
S3_41514333 3 41514333 0.000645953947070716
S3_41620619 3 41620619 0.000554261936756291
S3_41641316 3 41641316 8.90096847171975e-05
S3_41664980 3 41664980 0.00090858728959742
S3_41733813 3 41733813 0.00084739424634156
S3_41772455 3 41772455 0.00061542807044837
S3_41795007 3 41795007 1.78343278971477e-05
S3_41806546 3 41806546 0.000961047350692899
S3_41904271 3 41904271 0.000459980131662553
S3_41941320 3 41941320 0.000341908434000048
S3_42056258 3 42056258 0.000512153007220292
S3_42065072 3 42065072 0.000373387584750745
S3_42106475 3 42106475 9.48114195288219e-08
S3_42179607 3 42179607 0.000883270434566684
S3_42229995 3 42229995 0.000207727130823594
S3_42317270 3 42317270 0.000312778476342527
S3_42348629 3 42348629 0.000500211077671792
S3_42348932 3 42348932 3.44647285407162e-06
S3_42348938 3 42348938 3.44647285407162e-06
S3_42457910 3 42457910 0.000573335410569122
S3_42499458 3 42499458 0.000362829930484389
S3_42535308 3 42535308 0.000897774195560927
S3_42546672 3 42546672 0.00096921047570265
S3_42642889 3 42642889 0.000432905033552216
S3_42654613 3 42654613 0.000217374568042879
S3_42827638 3 42827638 0.00094069522323546
S3_43236000 3 43236000 4.83781180000831e-05
S3_43236025 3 43236025 4.83781180000831e-05
S3_43236030 3 43236030 2.65947991511154e-07
S3_43385827 3 43385827 0.00048053873452545
S3_43860632 3 43860632 0.000353448294289903
S3_43947959 3 43947959 0.000885323637766945
S3_44152687 3 44152687 0.000855267606604195
S3_44161521 3 44161521 0.000350428939336956
S3_44231484 3 44231484 0.000203821807788841
S3_44231526 3 44231526 0.000178444624764859
S3_44268994 3 44268994 3.34272134910982e-14
S3_44269031 3 44269031 0.000937819001369815
S3_44291475 3 44291475 0.000389036728821383
S3_44312023 3 44312023 0.000518689863217063
S3_44312045 3 44312045 0.000518689863217063
S3_44820589 3 44820589 0.000873071387262324
S3_44963949 3 44963949 7.7281969326016e-06
S3_45237654 3 45237654 0.000351480428782053
S3_45440639 3 45440639 0.00035814281365841
S3_45569548 3 45569548 5.26795019256937e-06
S3_45584515 3 45584515 0.000825739138764513
S3_45594118 3 45594118 0.000631071589719939
S3_45744015 3 45744015 0.000228689319252751
S3_45830858 3 45830858 0.000266655698803639
S3_45854834 3 45854834 0.000560841603871356
S3_45870074 3 45870074 0.00010128485903359
S3_45874120 3 45874120 0.000805586679918746
S3_45986354 3 45986354 0.000821326938448332
S3_45998047 3 45998047 0.000659858972175545
S3_46015551 3 46015551 0.000738891705536363
S3_46204800 3 46204800 0.000602712577985082
S3_46239971 3 46239971 0.000643992712399185
S3_46300324 3 46300324 0.000913721125467013
S3_46345721 3 46345721 0.000340491547368617
S3_46398604 3 46398604 0.000723968651933028
S3_46398737 3 46398737 0.000111475378578504
S3_46401936 3 46401936 0.000780769384537185
S3_46425613 3 46425613 0.000335115545473796
S3_46463079 3 46463079 0.000156491774765572
S3_46463164 3 46463164 0.000597923718674077
S3_46494538 3 46494538 0.00049360455075494
S3_46499381 3 46499381 3.87317580440676e-05
S3_46584112 3 46584112 0.000913744099768109
S3_46617033 3 46617033 0.000367640112393105
S3_46648790 3 46648790 0.000344562033388328
S3_46830484 3 46830484 0.000612962396781823
S3_46878357 3 46878357 5.66490532738548e-31
S3_46878360 3 46878360 3.5140732898727e-14
S3_47307724 3 47307724 8.7509170131433e-15
S3_47371494 3 47371494 9.84944006611636e-05
S3_47472035 3 47472035 3.09778204254965e-15
S3_47477242 3 47477242 0.000922919952277596
S3_47739957 3 47739957 0.000299341869146641
S3_47845334 3 47845334 0.000850611289580568
S3_47845335 3 47845335 0.000850611289580481
S3_47924056 3 47924056 0.000399917076163499
S3_47932907 3 47932907 2.91113180710415e-05
S3_47932923 3 47932923 2.91113180710415e-05
S3_47936585 3 47936585 0.000356668348684388
S3_47969527 3 47969527 0.000850617125164063
S3_48001368 3 48001368 0.000146174992509891
S3_48057678 3 48057678 7.15319105683217e-10
S3_48061682 3 48061682 5.21616454051739e-05
S3_48066634 3 48066634 0.000163557651891785
S3_48067764 3 48067764 3.86792631366101e-05
S3_48207809 3 48207809 2.03789167210759e-05
S3_48357325 3 48357325 0.000337464776767849
S3_48647387 3 48647387 0.000684120493820649
S3_48692288 3 48692288 0.000474044073018584
S3_48706490 3 48706490 0.000423223002604241
S3_48789281 3 48789281 0.000251828495394078
S3_48850806 3 48850806 0.000381286395772043
S3_49079959 3 49079959 0.000336253984005272
S3_49145526 3 49145526 5.60625896758065e-05
S3_49155424 3 49155424 0.000556037350169819
S3_49204791 3 49204791 0.00080151717914293
S3_49204839 3 49204839 2.37303104643416e-05
S3_49205036 3 49205036 0.00018423281308812
S3_49232824 3 49232824 4.508111666465e-05
S3_49272379 3 49272379 0.000358699903461124
S3_49279865 3 49279865 3.09187518360024e-05
S3_49310509 3 49310509 0.00025860257907066
S3_49337696 3 49337696 0.000281808979199155
S3_49585730 3 49585730 0.000110495472236476
S3_49588239 3 49588239 0.000521468816141101
S3_49619417 3 49619417 0.000299792922171635
S3_49753937 3 49753937 0.000933026697641722
S3_49896566 3 49896566 1.42734149646201e-05
S3_49919843 3 49919843 0.000165292134234113
S3_49922569 3 49922569 2.00112667821779e-09
S3_49933005 3 49933005 1.62667094369698e-05
S3_50022790 3 50022790 1.68455366891434e-06
S3_50089956 3 50089956 0.000164602151188432
S3_50109240 3 50109240 1.21530000449169e-14
S3_50210743 3 50210743 3.96420811953365e-05
S3_50210756 3 50210756 3.96420811953365e-05
S3_50218569 3 50218569 0.000481528691900127
S3_50221331 3 50221331 0.000213945129470161
S3_50302689 3 50302689 0.000274062487908585
S3_50340468 3 50340468 0.000885366917809822
S3_50401525 3 50401525 0.000399138426183931
S3_50411622 3 50411622 0.000974822765225013
S3_50447927 3 50447927 7.11811758716635e-05
S3_50625847 3 50625847 9.2563166691709e-11
S3_50640880 3 50640880 7.66256707707409e-09
S3_50640886 3 50640886 7.66256707707417e-09
S3_50641177 3 50641177 3.09002950400814e-05
S3_50722134 3 50722134 0.000577096058666109
S3_50722139 3 50722139 0.000453174265552754
S3_50763457 3 50763457 0.000558473425895026
S3_50803935 3 50803935 0.000388338789621292
S3_50846659 3 50846659 5.44969076133288e-05
S3_50874104 3 50874104 2.48589313143829e-05
S3_50874538 3 50874538 1.71177756038112e-05
S3_50875941 3 50875941 0.000777398535650948
S3_51075932 3 51075932 0.000508061492371733
S3_51075933 3 51075933 0.000508061492371733
S3_51170594 3 51170594 0.000941669861920544
S3_51192309 3 51192309 0.000984435456999344
S3_51317404 3 51317404 0.000677513835517025
S3_51368443 3 51368443 0.000187273257935194
S3_51702070 3 51702070 0.000158398789049585
S3_51730392 3 51730392 6.39565360761427e-07
S3_51740141 3 51740141 0.000577541643735186
S3_51750279 3 51750279 0.000313389288820727
S3_51761251 3 51761251 0.000599594084080067
S3_51856009 3 51856009 1.27500522879654e-08
S3_51859276 3 51859276 0.000746625937065474
S3_51972120 3 51972120 2.39040615079086e-07
S3_51977356 3 51977356 0.000506397254719375
S3_51977361 3 51977361 0.000506397254719419
S3_52016362 3 52016362 0.000131042759173226
S3_52048911 3 52048911 0.000137420558605539
S3_52049075 3 52049075 0.000676860267365449
S3_52085986 3 52085986 0.000134580592655927
S3_52298058 3 52298058 0.000126669724090169
S3_52308852 3 52308852 3.23250066751623e-06
S3_52479333 3 52479333 8.24593672601106e-05
S3_52479494 3 52479494 7.44243975531417e-05
S3_52502941 3 52502941 0.000438130215657889
S3_52503028 3 52503028 0.000266008171486895
S3_52503743 3 52503743 0.000216898084103316
S3_52503951 3 52503951 0.000158902078673922
S3_52507217 3 52507217 3.17948283660194e-06
S3_52511805 3 52511805 8.72968352203045e-05
S3_52523473 3 52523473 5.20432843061267e-05
S3_52523827 3 52523827 0.000369050671059256
S3_52791870 3 52791870 0.000792705971295212
S3_52859248 3 52859248 2.39189418051513e-06
S3_52895757 3 52895757 2.85420935251157e-11
S3_52895794 3 52895794 2.85420935251157e-11
S3_52895801 3 52895801 2.85420935251157e-11
S3_53028126 3 53028126 4.83186201069944e-16
S3_53287733 3 53287733 0.000299631741090885
S3_53287770 3 53287770 2.84571574895145e-11
S3_53296111 3 53296111 0.000571320810900077
S3_53325515 3 53325515 9.90465454896916e-05
S3_53352042 3 53352042 0.000361144970373246
S3_53387910 3 53387910 2.76322393415451e-05
S3_53514480 3 53514480 0.000422724653800559
S3_53570772 3 53570772 0.000497075314257795
S3_53581192 3 53581192 8.28400233557562e-05
S3_53606159 3 53606159 1.12313377251475e-05
S3_53606864 3 53606864 0.000527350488774463
S3_53606873 3 53606873 0.000527350488774463
S3_53606949 3 53606949 1.02162220421643e-11
S3_53625863 3 53625863 4.70593439631986e-06
S3_53626384 3 53626384 5.68614847186601e-06
S3_53779488 3 53779488 3.58175229555969e-06
S3_53857602 3 53857602 0.000175695921164671
S3_53990402 3 53990402 4.80995206620898e-05
S3_53990999 3 53990999 0.000613204061404096
S3_53992410 3 53992410 1.41094555346758e-09
S3_54001579 3 54001579 3.82081422314373e-05
S3_54087795 3 54087795 0.000787240908433362
S3_54111099 3 54111099 3.25266268694052e-10
S3_54137204 3 54137204 4.90752978179751e-08
S3_54149527 3 54149527 6.83138692110267e-06
S3_54201248 3 54201248 4.86150815861354e-05
S3_54221783 3 54221783 0.000300839919046549
S3_54282696 3 54282696 0.000237689983384244
S3_54283633 3 54283633 0.000250051739878745
S3_54283654 3 54283654 0.00025005173987876
S3_54296391 3 54296391 0.000258455283236798
S3_54434603 3 54434603 0.000121660716514389
S3_54482988 3 54482988 8.82849147306562e-07
S3_54560254 3 54560254 0.000681458400522209
S3_54560517 3 54560517 0.000348372492071173
S3_54560598 3 54560598 0.000313617662851033
S3_54561952 3 54561952 6.1873252897882e-05
S3_54562589 3 54562589 0.000301286838586955
S3_54562614 3 54562614 0.000301286838586966
S3_54563187 3 54563187 7.95211035980902e-05
S3_54572400 3 54572400 9.21023808544494e-06
S3_54572402 3 54572402 9.21023808544494e-06
S3_54572432 3 54572432 9.21023808544516e-06
S3_54686585 3 54686585 7.54102238693424e-11
S3_54686587 3 54686587 0.000120718255614747
S3_54831259 3 54831259 1.36174159823799e-07
S3_54831280 3 54831280 1.36174159823799e-07
S3_54832664 3 54832664 2.47493237455976e-07
S3_54837659 3 54837659 8.19175024662779e-07
S3_54842395 3 54842395 0.000240495699295064
S3_54842438 3 54842438 0.000240495699295068
S3_54842439 3 54842439 0.000240495699295064
S3_54842440 3 54842440 0.00024157413941482
S3_54852041 3 54852041 0.000307469173416787
S3_54913898 3 54913898 1.07348605919147e-05
S3_54939875 3 54939875 9.37964801162852e-06
S3_54974098 3 54974098 2.95068684853478e-05
S3_55074526 3 55074526 8.28762775291765e-07
S3_55075738 3 55075738 0.000585542366516447
S3_55085428 3 55085428 5.24480254619841e-07
S3_55093705 3 55093705 7.69988506783201e-05
S3_55124713 3 55124713 1.32207644895094e-05
S3_55298043 3 55298043 1.13106008969462e-09
S3_55338949 3 55338949 0.000488980876335426
S3_55338971 3 55338971 0.000155696443498924
S3_55339239 3 55339239 0.000368333320790336
S3_55455677 3 55455677 3.46510733229224e-06
S3_55456171 3 55456171 6.20942857125063e-08
S3_55472530 3 55472530 4.45528380858167e-09
S3_55475109 3 55475109 1.44908028373037e-05
S3_55488123 3 55488123 2.67734517345256e-07
S3_55490374 3 55490374 6.06592751623417e-06
S3_55508182 3 55508182 2.69100446500791e-07
S3_55515328 3 55515328 7.43342431331316e-07
S3_55540759 3 55540759 0.000851065688357998
S3_55647930 3 55647930 2.34707704667946e-05
S3_55647949 3 55647949 2.16629231570264e-05
S3_56006674 3 56006674 1.09254660071437e-05
S3_56021124 3 56021124 0.000105412756441124
S3_56067610 3 56067610 0.000322092834676958
S3_56074238 3 56074238 2.66707814309297e-10
S3_56095424 3 56095424 1.0773914754474e-11
S3_56145765 3 56145765 2.10972657685393e-11
S3_56148847 3 56148847 1.3219305432928e-11
S3_56150988 3 56150988 0.00099939988959054
S3_56151762 3 56151762 0.000152729886495193
S3_56151763 3 56151763 0.000152729886495193
S3_56151764 3 56151764 0.00015272988649525
S3_56151765 3 56151765 0.000152729886495193
S3_56164727 3 56164727 4.3042039341816e-05
S3_56190879 3 56190879 0.000191714303869112
S3_56260506 3 56260506 0.000164162381055955
S3_56271126 3 56271126 2.07062082796211e-11
S3_56279242 3 56279242 1.2268439478724e-10
S3_56279243 3 56279243 1.22684394787229e-10
S3_56292687 3 56292687 6.62411777877801e-07
S3_56298715 3 56298715 0.000151367785363202
S3_56323933 3 56323933 9.97366325974239e-07
S3_56379786 3 56379786 3.98559135164925e-05
S3_56380599 3 56380599 8.69358049035156e-15
S3_56380820 3 56380820 0.000580894092540135
S3_56380857 3 56380857 0.000565374450636262
S3_56420734 3 56420734 2.81565304589043e-11
S3_56440655 3 56440655 8.43025768696287e-11
S3_56499370 3 56499370 1.04493153210477e-05
S3_56504110 3 56504110 0.000155937528709982
S3_56539626 3 56539626 4.30859574362686e-05
S3_56541059 3 56541059 0.000353025013897744
S3_56541259 3 56541259 5.19848203281956e-06
S3_56551572 3 56551572 0.000988406849848447
S3_56551950 3 56551950 0.000245273242450501
S3_56551979 3 56551979 0.000245273242450501
S3_56552065 3 56552065 0.000309465810719111
S3_56583344 3 56583344 1.93651004052684e-06
S3_56583501 3 56583501 2.66366757402244e-09
S3_56587363 3 56587363 0.000102735135520732
S3_56587377 3 56587377 0.000102735135520732
S3_56587393 3 56587393 0.000102735135520732
S3_56601180 3 56601180 9.30391467660119e-09
S3_56609128 3 56609128 7.8423647799817e-07
S3_56663835 3 56663835 3.67682346497447e-05
S3_56674514 3 56674514 2.23228741136368e-05
S3_56712012 3 56712012 5.49785740252745e-05
S3_56782589 3 56782589 0.000384645109834341
S3_56907317 3 56907317 1.00127434388529e-15
S3_56943240 3 56943240 3.23237860506752e-14
S3_57017364 3 57017364 0.000867264599081405
S3_57021614 3 57021614 0.000820644307681732
S3_57024289 3 57024289 5.53220822717129e-06
S3_57024388 3 57024388 1.30089341772816e-05
S3_57024389 3 57024389 1.30089341772816e-05
S3_57029304 3 57029304 2.01131008273374e-07
S3_57030307 3 57030307 0.000204263526136154
S3_57030328 3 57030328 0.00015666423838738
S3_57031269 3 57031269 4.39147505310094e-10
S3_57032162 3 57032162 9.17211926935276e-05
S3_57032164 3 57032164 0.000117560106463922
S3_57036961 3 57036961 0.000208666898015601
S3_57039934 3 57039934 0.000674779934905048
S3_57039936 3 57039936 0.000674779934905048
S3_57075912 3 57075912 1.3341070369778e-05
S3_57196943 3 57196943 0.000155519535872339
S3_57222222 3 57222222 1.70497944964949e-08
S3_57235840 3 57235840 4.08624412833685e-06
S3_57244375 3 57244375 7.45876253690859e-05
S3_57256112 3 57256112 0.000395915316255477
S3_57284870 3 57284870 3.58611803014859e-06
S3_57288240 3 57288240 1.42324950678766e-05
S3_57313083 3 57313083 4.04722859953009e-08
S3_57314233 3 57314233 3.71146272736095e-05
S3_57324591 3 57324591 0.000276298161546071
S3_57331244 3 57331244 4.18644945173726e-05
S3_57336462 3 57336462 0.00012367478002538
S3_57336475 3 57336475 7.66100401098517e-06
S3_57336498 3 57336498 4.19682576109925e-05
S3_57336584 3 57336584 3.47832834133149e-05
S3_57346580 3 57346580 0.000343594184966291
S3_57346630 3 57346630 9.96957307309757e-06
S3_57347852 3 57347852 0.000104219408072274
S3_57347860 3 57347860 0.000104219408072277
S3_57352203 3 57352203 0.000237549958034019
S3_57352311 3 57352311 1.01542908990195e-05
S3_57352329 3 57352329 1.01542908990193e-05
S3_57352681 3 57352681 0.000224188990384856
S3_57352774 3 57352774 1.14696157427061e-06
S3_57380433 3 57380433 6.37526711847959e-06
S3_57381922 3 57381922 0.000525921834321627
S3_57387764 3 57387764 0.000116723288831667
S3_57387785 3 57387785 0.000116723288831667
S3_57387788 3 57387788 0.000116723288831667
S3_57389220 3 57389220 0.000716240519443129
S3_57389650 3 57389650 9.40138642600047e-05
S3_57395672 3 57395672 3.53492501709313e-06
S3_57472866 3 57472866 0.000122856516278701
S3_57478832 3 57478832 8.75911602405193e-06
S3_57479834 3 57479834 8.36451317185471e-05
S3_57505491 3 57505491 0.000363980489819103
S3_57538925 3 57538925 2.42842210622279e-06
S3_57539361 3 57539361 1.02288449805851e-07
S3_57539494 3 57539494 4.51668579125273e-06
S3_57558662 3 57558662 2.86979266780816e-13
S3_57614742 3 57614742 0.000438777292296085
S3_57626685 3 57626685 8.86623002493373e-05
S3_57626706 3 57626706 2.14071692967652e-08
S3_57626712 3 57626712 2.7263318452053e-05
S3_57626724 3 57626724 2.7263318452053e-05
S3_57626861 3 57626861 2.98981286718639e-06
S3_57626982 3 57626982 9.553335416633e-06
S3_57627002 3 57627002 1.45762984801701e-06
S3_57767910 3 57767910 3.7022048357437e-05
S3_57780090 3 57780090 0.000102263979450923
S3_57852040 3 57852040 5.62757779490487e-09
S3_57852052 3 57852052 5.62757779490487e-09
S3_57860117 3 57860117 7.2384417513049e-06
S3_57901676 3 57901676 1.00125891478019e-09
S3_57901678 3 57901678 1.00125891478019e-09
S3_57901679 3 57901679 1.00125891477997e-09
S3_57901681 3 57901681 2.94615731242276e-06
S3_57902227 3 57902227 4.12397877751409e-06
S3_57903390 3 57903390 0.00011131941479602
S3_57903417 3 57903417 0.000328922132955344
S3_57957215 3 57957215 3.75090524173335e-07
S3_57957557 3 57957557 0.00049168747867607
S3_57957565 3 57957565 0.00049168747867607
S3_58020736 3 58020736 0.000271814828459256
S3_58040574 3 58040574 0.000363103550548177
S3_58041068 3 58041068 0.000732249977117528
S3_58064920 3 58064920 0.000104745122988741
S3_58070822 3 58070822 0.000371407999727187
S3_58071489 3 58071489 0.000523830069757152
S3_58071861 3 58071861 0.000143262725560204
S3_58174523 3 58174523 0.000181157205705688
S3_58214778 3 58214778 1.67590819096019e-05
S3_58220421 3 58220421 0.000461516201149679
S3_58225242 3 58225242 1.60257423003466e-05
S3_58226885 3 58226885 3.80548505849541e-06
S3_58240201 3 58240201 0.000262308765971398
S3_58272524 3 58272524 2.86975993319816e-14
S3_58272767 3 58272767 7.07057092019569e-05
S3_58274080 3 58274080 3.50652018103956e-05
S3_58352290 3 58352290 0.000198290775206286
S3_58386761 3 58386761 0.000618104371404695
S3_58386765 3 58386765 0.000618104371404669
S3_58386766 3 58386766 0.000618104371404695
S3_58386768 3 58386768 0.000618104371404695
S3_58386770 3 58386770 0.000618104371404669
S3_58411490 3 58411490 0.000858122376475086
S3_58513811 3 58513811 5.02355126580696e-05
S3_58513813 3 58513813 5.02355126580696e-05
S3_58514818 3 58514818 3.94029264842727e-05
S3_58534852 3 58534852 0.000370065837210697
S3_58553488 3 58553488 1.28713208906148e-06
S3_58553522 3 58553522 3.20057901979622e-05
S3_58714406 3 58714406 4.9887430263675e-06
S3_58727012 3 58727012 1.21817277461474e-05
S3_58727013 3 58727013 1.21817277461474e-05
S3_58727014 3 58727014 1.21817277461474e-05
S3_58727024 3 58727024 2.47148462897745e-05
S3_58728121 3 58728121 0.000475512715759086
S3_58728660 3 58728660 4.76037023753069e-08
S3_58757310 3 58757310 1.82467972652626e-06
S3_58780949 3 58780949 0.000589439285137563
S3_58782991 3 58782991 3.6823475726909e-05
S3_58821975 3 58821975 0.000943834607833077
S3_58875374 3 58875374 0.000861992226617345
S3_58903131 3 58903131 2.98974215289208e-08
S3_58915858 3 58915858 0.000950552926575512
S3_58915859 3 58915859 0.000950552926575512
S3_58940899 3 58940899 4.80933025628589e-08
S3_58989248 3 58989248 0.000126395381503623
S3_58990804 3 58990804 0.000811507117313826
S3_58999870 3 58999870 0.000470024395629287
S3_59001460 3 59001460 4.2086291962125e-06
S3_59001474 3 59001474 4.2086291962125e-06
S3_59023051 3 59023051 3.70709170918544e-05
S3_59110134 3 59110134 0.000108071144149792
S3_59188230 3 59188230 0.000345529602448863
S3_59270061 3 59270061 1.6362335856514e-14
S3_59412523 3 59412523 0.000549677225114388
S3_59414222 3 59414222 2.75652357235945e-15
S3_59414242 3 59414242 2.75652357235945e-15
S3_59414259 3 59414259 2.75652357235945e-15
S3_59414389 3 59414389 0.000440920490469263
S3_59478244 3 59478244 0.00017066510563672
S3_59508492 3 59508492 1.09548741347492e-05
S3_59583513 3 59583513 0.000884163500797149
S3_59589325 3 59589325 1.4773627980364e-09
S3_59596498 3 59596498 0.000276886274189112
S3_59634245 3 59634245 1.94503275603761e-05
S3_59634251 3 59634251 0.000135379831607988
S3_59634315 3 59634315 0.000808119815981143
S3_59634334 3 59634334 0.00080811981598107
S3_59637381 3 59637381 0.000181272208740877
S3_59637415 3 59637415 0.000152282565765092
S3_59637428 3 59637428 0.000181272208740877
S3_59639090 3 59639090 3.79694026851046e-05
S3_59639583 3 59639583 0.000187285450170454
S3_59639876 3 59639876 0.000314775660681934
S3_59639879 3 59639879 0.000314775660681943
S3_59639909 3 59639909 0.000314775660681934
S3_59663471 3 59663471 0.000477582806505978
S3_59758969 3 59758969 0.000347592878761352
S3_59790969 3 59790969 2.79147999968344e-05
S3_59852896 3 59852896 0.000139372169263986
S3_59985441 3 59985441 1.65064536146106e-05
S3_59995593 3 59995593 0.000955269613183603
S3_59998396 3 59998396 2.53833977833771e-06
S3_60012980 3 60012980 4.30773044210252e-07
S3_60019635 3 60019635 0.000521025770000881
S3_60069948 3 60069948 0.000483098599115966
S3_60204612 3 60204612 3.14570016466963e-06
S3_60210881 3 60210881 4.03782620919564e-08
S3_60215685 3 60215685 0.000786336809379379
S3_60246323 3 60246323 1.47922736188083e-18
S3_60248409 3 60248409 1.97182450914768e-19
S3_60272048 3 60272048 8.70184638803038e-06
S3_60300464 3 60300464 0.000382633154036194
S3_60330242 3 60330242 3.08817697583473e-09
S3_60346098 3 60346098 0.00056016249824942
S3_60346099 3 60346099 0.000128732061051211
S3_60347646 3 60347646 0.000119401974921677
S3_60438944 3 60438944 1.44153154846614e-05
S3_60515864 3 60515864 0.000414855342836565
S3_60578223 3 60578223 0.000133231584704938
S3_60583041 3 60583041 1.17926067900396e-14
S3_60589695 3 60589695 0.000667091546569387
S3_60642576 3 60642576 7.16337357302218e-15
S3_60702606 3 60702606 4.3881017347357e-08
S3_60724227 3 60724227 0.000539985027068557
S3_60742171 3 60742171 0.000736665354182667
S3_60744056 3 60744056 5.54864776230025e-08
S3_60769903 3 60769903 2.36358036658137e-05
S3_60797114 3 60797114 0.000383610246027521
S3_61043178 3 61043178 0.000361027916499732
S3_61135947 3 61135947 4.44670765059868e-07
S3_61206313 3 61206313 0.000689869969105749
S3_61220710 3 61220710 0.000669913232570106
S3_61242365 3 61242365 0.000666797190555164
S3_61336458 3 61336458 2.36184572379779e-11
S3_61338943 3 61338943 0.000760449531456179
S3_61339333 3 61339333 3.5472171813311e-09
S3_61339353 3 61339353 6.7512725280527e-05
S3_61339400 3 61339400 0.000426877899015194
S3_61356115 3 61356115 0.000861455728984181
S3_61380479 3 61380479 9.76045319559951e-05
S3_61462613 3 61462613 0.0003886243758208
S3_61493103 3 61493103 0.000306821659941183
S3_61576302 3 61576302 0.000293396005915754
S3_61804606 3 61804606 7.14657190424552e-05
S3_61804700 3 61804700 2.87090197750379e-05
S3_61805325 3 61805325 0.000203467285773681
S3_61805555 3 61805555 0.000648213453237711
S3_61805556 3 61805556 0.000648213453237692
S3_61810380 3 61810380 5.92178880197126e-05
S3_61813444 3 61813444 1.69874939097582e-06
S3_61818021 3 61818021 3.2254641275246e-05
S3_61821927 3 61821927 2.62761592900164e-05
S3_61827263 3 61827263 9.54614633089891e-06
S3_61853404 3 61853404 9.77965910875279e-05
S3_61912812 3 61912812 0.000160110902656929
S3_61953924 3 61953924 8.94422020882011e-05
S3_61957222 3 61957222 7.71959420929561e-05
S3_61957411 3 61957411 1.14284346215077e-05
S3_61996793 3 61996793 8.49347445268876e-07
S3_62026846 3 62026846 0.00048839711081114
S3_62106885 3 62106885 1.9530178623961e-06
S3_62169054 3 62169054 7.98885246068465e-05
S3_62232619 3 62232619 2.29791559340163e-05
S3_62248239 3 62248239 2.32704059979578e-05
S3_62278090 3 62278090 0.000933299115604138
S3_62278092 3 62278092 0.000933299115604095
S3_62319405 3 62319405 4.89389093123624e-05
S3_62324305 3 62324305 0.000755062097949009
S3_62345173 3 62345173 0.000481324768664889
S3_62398449 3 62398449 0.00041992689368059
S3_62471965 3 62471965 6.18079403294514e-07
S3_62474529 3 62474529 2.82213372683355e-07
S3_62477419 3 62477419 0.000585580094003042
S3_62482011 3 62482011 0.000786827157607558
S3_62494189 3 62494189 5.16347993787509e-08
S3_62514382 3 62514382 3.47975988005724e-05
S3_62514417 3 62514417 3.47975988005713e-05
S3_62543445 3 62543445 5.80547463685676e-05
S3_62565375 3 62565375 8.17921024270151e-05
S3_62647300 3 62647300 8.77424441094077e-07
S3_62698391 3 62698391 2.48776727097339e-05
S3_62789994 3 62789994 2.20869159931285e-15
S3_62841740 3 62841740 1.50390411247984e-07
S3_62843242 3 62843242 0.000596441036629384
S3_62967708 3 62967708 0.00021227689210495
S3_62982811 3 62982811 0.000108131197126653
S3_63009649 3 63009649 0.000181893781971891
S3_63010124 3 63010124 3.8995773015959e-09
S3_63010144 3 63010144 1.79658818446026e-05
S3_63010473 3 63010473 3.65171389156813e-07
S3_63016851 3 63016851 0.000585036773924479
S3_63030240 3 63030240 0.000190346680615369
S3_63030245 3 63030245 2.12348190993043e-06
S3_63051920 3 63051920 2.61704281986487e-06
S3_63055366 3 63055366 0.000111779665481224
S3_63071505 3 63071505 2.99217060311421e-05
S3_63071506 3 63071506 2.707069213224e-05
S3_63074170 3 63074170 7.86463040327275e-05
S3_63086983 3 63086983 0.000134313896009336
S3_63098031 3 63098031 9.7026624497956e-05
S3_63099645 3 63099645 1.05619138372454e-12
S3_63103728 3 63103728 8.42847505930363e-10
S3_63117504 3 63117504 2.47131199001823e-08
S3_63117522 3 63117522 2.47131199001817e-08
S3_63117523 3 63117523 2.47131199001823e-08
S3_63117525 3 63117525 2.47131199001817e-08
S3_63119722 3 63119722 7.83089096264481e-05
S3_63121300 3 63121300 0.00014586026175376
S3_63122428 3 63122428 0.000456797749190552
S3_63122430 3 63122430 0.000922048956722528
S3_63123070 3 63123070 1.90668295619194e-07
S3_63134938 3 63134938 1.43910822489971e-07
S3_63134960 3 63134960 1.43910822489974e-07
S3_63134985 3 63134985 1.43910822489971e-07
S3_63154953 3 63154953 1.22810068593138e-06
S3_63163270 3 63163270 1.82126699307923e-07
S3_63163620 3 63163620 1.79496161242257e-09
S3_63164743 3 63164743 7.11686038951927e-08
S3_63164746 3 63164746 7.11686038951927e-08
S3_63164747 3 63164747 7.11686038951963e-08
S3_63164748 3 63164748 7.11686038951963e-08
S3_63194293 3 63194293 0.000437964115898971
S3_63290060 3 63290060 0.000899344166140074
S3_63290289 3 63290289 6.26097611704957e-05
S3_63291012 3 63291012 0.000732450707911869
S3_63291013 3 63291013 0.000732450707911869
S3_63291066 3 63291066 2.99711100245109e-07
S3_63311844 3 63311844 1.12042448628908e-05
S3_63395871 3 63395871 0.000596712371757891
S3_63418481 3 63418481 1.76209342958126e-06
S3_63418883 3 63418883 1.18352343241155e-06
S3_63440229 3 63440229 0.000123757436389288
S3_63440274 3 63440274 2.59834980972702e-19
S3_63440296 3 63440296 1.35905334143156e-19
S3_63445392 3 63445392 4.63374660121003e-06
S3_63445454 3 63445454 2.50079099514352e-05
S3_63455450 3 63455450 3.43552342224556e-06
S3_63460281 3 63460281 3.06811549745826e-06
S3_63464157 3 63464157 8.79114614758623e-06
S3_63464323 3 63464323 1.25965695275874e-05
S3_63466237 3 63466237 2.09987946120447e-06
S3_63466240 3 63466240 2.09987946120447e-06
S3_63466250 3 63466250 3.59384742653764e-07
S3_63466289 3 63466289 3.59384742653764e-07
S3_63466413 3 63466413 2.51303612328152e-05
S3_63468641 3 63468641 7.19123870659785e-06
S3_63468684 3 63468684 7.19123870659693e-06
S3_63477734 3 63477734 1.93061600998208e-06
S3_63478367 3 63478367 1.50395360648142e-05
S3_63492613 3 63492613 5.35731246864149e-06
S3_63493664 3 63493664 0.000113710302118066
S3_63537960 3 63537960 5.14205392057385e-07
S3_63544225 3 63544225 4.14995089741469e-33
S3_63565271 3 63565271 0.000266272721052299
S3_63573486 3 63573486 3.70021746396502e-07
S3_63585740 3 63585740 8.99615853250168e-07
S3_63591125 3 63591125 0.000552253282072357
S3_63591127 3 63591127 0.000561608067984288
S3_63596557 3 63596557 0.000367541981482791
S3_63596618 3 63596618 2.00440322730525e-06
S3_63596862 3 63596862 2.7378498237857e-07
S3_63596897 3 63596897 0.000802350457811805
S3_63598072 3 63598072 6.24028651779161e-07
S3_63610109 3 63610109 0.000251287611781062
S3_63612458 3 63612458 4.93853372622474e-05
S3_63631062 3 63631062 9.67422538421675e-06
S3_63632616 3 63632616 0.000185281108047412
S3_63633534 3 63633534 3.8393138671957e-06
S3_63633611 3 63633611 3.12596632190017e-16
S3_63633631 3 63633631 4.36292354762108e-13
S3_63633634 3 63633634 1.19873148269012e-15
S3_63636179 3 63636179 3.67065112237799e-06
S3_63653032 3 63653032 2.58910083197184e-06
S3_63653159 3 63653159 1.35907078487892e-06
S3_63672354 3 63672354 0.000118044593086103
S3_63752518 3 63752518 2.20564244143238e-05
S3_63824842 3 63824842 1.86838612503525e-06
S3_63825977 3 63825977 1.9849314568598e-08
S3_63879145 3 63879145 4.86527690438003e-06
S3_63879522 3 63879522 1.25544522952978e-07
S3_63893889 3 63893889 3.3775099188925e-05
S3_63905075 3 63905075 7.14889909079363e-05
S3_63958552 3 63958552 4.14422250846321e-05
S3_63984627 3 63984627 7.26943245402003e-05
S3_63984629 3 63984629 8.18220897749704e-05
S3_63984631 3 63984631 8.47574435395707e-05
S3_64000674 3 64000674 3.57718373912484e-05
S3_64034991 3 64034991 0.000945458344598378
S3_64078057 3 64078057 1.16128604412542e-05
S3_64080624 3 64080624 4.07170861776737e-05
S3_64103421 3 64103421 1.07226630335085e-05
S3_64133688 3 64133688 2.34797377986171e-05
S3_64270223 3 64270223 8.33367813225524e-08
S3_64289618 3 64289618 0.000475200927100486
S3_64420370 3 64420370 9.00367657781402e-17
S3_64421555 3 64421555 1.94251519998561e-06
S3_64422653 3 64422653 0.000105193261422502
S3_64458373 3 64458373 5.56306704532851e-06
S3_64524125 3 64524125 3.52886417577154e-11
S3_64524126 3 64524126 3.52886417577146e-11
S3_64524128 3 64524128 1.90766684239993e-07
S3_64570046 3 64570046 7.00706189920205e-05
S3_64585420 3 64585420 0.000103586685678645
S3_64615240 3 64615240 3.91305535220061e-06
S3_64655999 3 64655999 4.90900152293997e-06
S3_64686799 3 64686799 0.000102159159412399
S3_64824949 3 64824949 0.000115841718037314
S3_64825955 3 64825955 3.07205993101976e-05
S3_64826144 3 64826144 0.000403840771566152
S3_64826182 3 64826182 0.000298892567999662
S3_65052732 3 65052732 8.94207057192852e-06
S3_65078214 3 65078214 7.88009913898587e-08
S3_65127386 3 65127386 4.82092341584306e-06
S3_65143058 3 65143058 0.000625464602067426
S3_65149671 3 65149671 1.06106599176429e-05
S3_65416136 3 65416136 2.10835616028142e-16
S3_65421912 3 65421912 0.000419153160853276
S3_65611317 3 65611317 0.000795114215777903
S3_65612667 3 65612667 3.64407712318368e-05
S3_65612795 3 65612795 0.000106350556666276
S3_65616843 3 65616843 0.000481206352064567
S3_65616856 3 65616856 0.000481206352064567
S3_65616991 3 65616991 2.07109306034801e-05
S3_65620269 3 65620269 2.22859520840053e-05
S3_65622101 3 65622101 7.29175853960151e-06
S3_65671939 3 65671939 0.000117403550647274
S3_65703499 3 65703499 4.7103054545237e-05
S3_65708564 3 65708564 6.80819793712491e-05
S3_65724420 3 65724420 4.6961867044167e-05
S3_65732244 3 65732244 0.000152294168849885
S3_65736357 3 65736357 0.000152124654660372
S3_65736397 3 65736397 0.000152124654660372
S3_65758015 3 65758015 0.000666821871004209
S3_65758452 3 65758452 0.000721656592432019
S3_65771359 3 65771359 0.000671186328234223
S3_65773726 3 65773726 0.000225289713233717
S3_65773727 3 65773727 0.000220695641199311
S3_65790407 3 65790407 0.000162529762604252
S3_65818155 3 65818155 0.000397249150460876
S3_65900810 3 65900810 0.000177867442527451
S3_66074400 3 66074400 0.000728299792721537
S3_66125485 3 66125485 5.79817093413686e-06
S3_66195729 3 66195729 0.000314255663509521
S3_66322783 3 66322783 3.85025740657507e-05
S3_66329298 3 66329298 2.64373604662967e-06
S3_66332821 3 66332821 0.000263412728463272
S3_66332861 3 66332861 9.32497798831271e-05
S3_66332871 3 66332871 9.32497798831271e-05
S3_66332881 3 66332881 9.32497798831271e-05
S3_66332912 3 66332912 9.32497798831271e-05
S3_66338080 3 66338080 9.11367379005888e-07
S3_66338103 3 66338103 9.75073999568321e-05
S3_66339934 3 66339934 0.000229758186006543
S3_66488176 3 66488176 0.000579791794796558
S3_66488177 3 66488177 0.000579791794796558
S3_66498675 3 66498675 4.83486839183894e-05
S3_66571260 3 66571260 3.56402635045468e-07
S3_66741417 3 66741417 0.000554421067832198
S3_66747860 3 66747860 0.000426861492025157
S3_66814588 3 66814588 0.00011777798695689
S3_66838545 3 66838545 1.51621968312886e-05
S3_66886574 3 66886574 0.00082791480637297
S3_66907594 3 66907594 0.000727659062721598
S3_66909610 3 66909610 2.65467022462996e-05
S3_66916908 3 66916908 0.000959080079731611
S3_66920874 3 66920874 0.00096930381953755
S3_66938923 3 66938923 9.07633195213042e-05
S3_66939067 3 66939067 0.000805375806827535
S3_66953061 3 66953061 4.80554713571997e-07
S3_66960900 3 66960900 0.000114173019406081
S3_66960916 3 66960916 0.000114173019406081
S3_66971491 3 66971491 1.73447337182117e-05
S3_66971493 3 66971493 1.73447337182117e-05
S3_66980131 3 66980131 0.000783308164519407
S3_67006470 3 67006470 6.85473960243043e-06
S3_67007413 3 67007413 0.000686741831537704
S3_67009024 3 67009024 0.000574165908489988
S3_67009355 3 67009355 3.75620774221446e-07
S3_67009456 3 67009456 9.64391072253563e-05
S3_67010445 3 67010445 4.8707845685526e-10
S3_67010495 3 67010495 3.34874816782439e-08
S3_67014063 3 67014063 1.96380937472472e-09
S3_67014091 3 67014091 3.01462088920183e-08
S3_67014186 3 67014186 1.14747617308499e-08
S3_67014195 3 67014195 0.000530291357671543
S3_67014455 3 67014455 2.44736148593167e-12
S3_67014456 3 67014456 2.44736148593167e-12
S3_67014490 3 67014490 2.44736148593161e-12
S3_67015757 3 67015757 8.94943220999945e-05
S3_67015873 3 67015873 1.30595564483275e-05
S3_67033014 3 67033014 6.76437104352705e-15
S3_67043779 3 67043779 7.99737293268175e-05
S3_67046627 3 67046627 0.000149159075878836
S3_67094105 3 67094105 0.0009805058963897
S3_67113675 3 67113675 3.60078942248447e-19
S3_67113739 3 67113739 3.13326307606521e-05
S3_67128581 3 67128581 0.000947710229264974
S3_67132511 3 67132511 0.000520302780811388
S3_67180177 3 67180177 3.34402090713543e-15
S3_67200885 3 67200885 0.000736823716764963
S3_67226257 3 67226257 0.000543780660059392
S3_67236644 3 67236644 1.89653289572807e-09
S3_67237281 3 67237281 0.000941045869600556
S3_67248297 3 67248297 0.000497807579240049
S3_67265226 3 67265226 0.00060210566661768
S3_67270688 3 67270688 0.000665128369825969
S3_67283884 3 67283884 0.000405093883307375
S3_67293893 3 67293893 0.000782659383874167
S3_67304973 3 67304973 0.000587175980202104
S3_67325033 3 67325033 0.000361871416992421
S3_67364041 3 67364041 2.40602521331065e-05
S3_67424230 3 67424230 4.38504347478195e-05
S3_67480290 3 67480290 2.26338237600925e-06
S3_67484953 3 67484953 1.75924814398192e-06
S3_67535191 3 67535191 0.000195375288755954
S3_67546367 3 67546367 0.00099407195035111
S3_67546938 3 67546938 1.03561549219933e-07
S3_67616675 3 67616675 1.62290107581904e-07
S3_67623677 3 67623677 0.000682649698781056
S3_67623730 3 67623730 0.000682649698781082
S3_67829525 3 67829525 4.16950279677007e-05
S3_67854104 3 67854104 3.9369120904176e-06
S3_67854107 3 67854107 1.64857041899e-05
S3_67928803 3 67928803 2.35692038204542e-05
S3_67961073 3 67961073 0.000181748759506367
S3_67970550 3 67970550 1.8389949696479e-05
S3_67998853 3 67998853 1.01465223940615e-05
S3_68061487 3 68061487 0.000238440169644256
S3_68087365 3 68087365 0.000816898963863053
S3_68096115 3 68096115 0.000335429001268418
S3_68161236 3 68161236 1.88166953295003e-06
S3_68164970 3 68164970 0.000438659812572001
S3_68164973 3 68164973 0.000438659812572018
S3_68188979 3 68188979 0.000588287737412545
S3_68188980 3 68188980 0.000588287737412545
S3_68192555 3 68192555 3.89356788873324e-06
S3_68211388 3 68211388 0.000213569742938659
S3_68214447 3 68214447 4.35982822992669e-09
S3_68215230 3 68215230 0.00014420631648505
S3_68215250 3 68215250 0.000158762697111883
S3_68218550 3 68218550 0.000115955233636611
S3_68218572 3 68218572 0.000146746497498012
S3_68219536 3 68219536 6.63726054876726e-05
S3_68257878 3 68257878 1.5203277761469e-21
S3_68269757 3 68269757 1.38487385076923e-15
S3_68270711 3 68270711 0.00065740876275807
S3_68274930 3 68274930 0.000366890051901488
S3_68279742 3 68279742 0.000817142455261254
S3_68306071 3 68306071 2.86637578409599e-08
S3_68317674 3 68317674 0.000499206241881196
S3_68359792 3 68359792 1.0940437349315e-06
S3_68363361 3 68363361 2.96764774084448e-08
S3_68377396 3 68377396 0.000605573161960883
S3_68377460 3 68377460 0.000377503200896965
S3_68383399 3 68383399 5.25155659616571e-05
S3_68385538 3 68385538 8.44156997571832e-07
S3_68385543 3 68385543 8.44156997571339e-07
S3_68386103 3 68386103 3.36252510907158e-05
S3_68396147 3 68396147 1.91819765548263e-05
S3_68414226 3 68414226 0.000656630153083905
S3_68444337 3 68444337 4.83618057512923e-06
S3_68450747 3 68450747 0.00058277737292187
S3_68450964 3 68450964 0.0009084222172528
S3_68462175 3 68462175 0.000505561798702775
S3_68462177 3 68462177 0.000505561798702788
S3_68462441 3 68462441 0.000699173328786233
S3_68462564 3 68462564 0.000134553068874
S3_68462862 3 68462862 0.000663443427269021
S3_68462877 3 68462877 0.000663443427269021
S3_68476059 3 68476059 0.000182260887707452
S3_68477993 3 68477993 2.15865840611971e-06
S3_68479157 3 68479157 7.66911747123025e-05
S3_68503279 3 68503279 0.000585478128457733
S3_68566203 3 68566203 1.4184882900123e-06
S3_68586456 3 68586456 1.58566062596858e-06
S3_68586499 3 68586499 1.58566062596858e-06
S3_68631072 3 68631072 3.39990219583279e-06
S3_68714511 3 68714511 0.000123297380944591
S3_68720427 3 68720427 0.000568852542532808
S3_68731124 3 68731124 0.000527762551836474
S3_68731153 3 68731153 0.000866868200259354
S3_68731164 3 68731164 8.57717012812433e-06
S3_68735781 3 68735781 0.000221627793285999
S3_68735782 3 68735782 0.000221627793285999
S3_68737484 3 68737484 7.08254749200372e-08
S3_68738217 3 68738217 6.25235282134671e-05
S3_68738349 3 68738349 2.57341783828966e-05
S3_68738514 3 68738514 1.14033295110958e-05
S3_68747061 3 68747061 0.000501042021752025
S3_68765834 3 68765834 2.71931298746861e-08
S3_68765974 3 68765974 2.40305417566397e-08
S3_68799638 3 68799638 2.40828450281185e-06
S3_68803456 3 68803456 0.000608022354386158
S3_68807063 3 68807063 0.000677111003002136
S3_68809806 3 68809806 0.000339629344538172
S3_68816732 3 68816732 0.000416182330305406
S3_68868685 3 68868685 7.84802736252833e-06
S3_68889462 3 68889462 1.43812908969696e-05
S3_68907914 3 68907914 5.509020378898e-09
S3_68929370 3 68929370 4.74313905827767e-05
S3_68955860 3 68955860 0.000362829246840162
S3_68977168 3 68977168 1.04231431652e-07
S3_68982909 3 68982909 0.000551940492053071
S3_68982936 3 68982936 0.000551940492053071
S3_68995855 3 68995855 9.07423735210523e-07
S3_68997531 3 68997531 0.000373515834320268
S3_69018452 3 69018452 0.000168580648996265
S3_69023583 3 69023583 3.17489965208129e-05
S3_69023684 3 69023684 4.13514993855597e-05
S3_69027097 3 69027097 3.28390655447057e-05
S3_69062499 3 69062499 3.81845457539116e-06
S3_69062518 3 69062518 1.72908633340048e-05
S3_69089672 3 69089672 1.91392048550216e-06
S3_69103458 3 69103458 1.01282536820214e-07
S3_69112904 3 69112904 7.39665226086535e-05
S3_69129963 3 69129963 1.7103371112063e-05
S3_69139159 3 69139159 1.81982162787107e-05
S3_69151696 3 69151696 0.000181696236323473
S3_69160310 3 69160310 6.30021262359356e-05
S3_69167142 3 69167142 1.78793515938545e-05
S3_69236206 3 69236206 0.00010755530256372
S3_69236226 3 69236226 0.000617014171570154
S3_69291093 3 69291093 0.000289574620242965
S3_69297084 3 69297084 0.000610390782451761
S3_69361479 3 69361479 3.8964807670405e-13
S3_69361480 3 69361480 8.89428307099484e-10
S3_69394663 3 69394663 4.37656084285444e-09
S3_69432307 3 69432307 0.000581690528419183
S3_69484844 3 69484844 3.29060728605203e-15
S3_69539022 3 69539022 9.71366052181276e-20
S3_69539028 3 69539028 5.39438347396685e-14
S3_69558657 3 69558657 0.000141241690819952
S3_69558777 3 69558777 0.000915930993367448
S3_69562339 3 69562339 8.06568540654216e-06
S3_69642601 3 69642601 3.7048056899029e-05
S3_69643705 3 69643705 9.61682049534128e-05
S3_69667053 3 69667053 0.00039173974686927
S3_69720794 3 69720794 0.000152423332391322
S3_69845862 3 69845862 8.17850896966373e-07
S3_69845863 3 69845863 9.09493787960452e-07
S3_69917190 3 69917190 0.00036065443337827
S3_69921778 3 69921778 7.43541260906101e-06
S3_69925232 3 69925232 3.61484931727971e-05
S3_70057790 3 70057790 4.74830972297214e-05
S3_70057810 3 70057810 4.74830972297214e-05
S3_70071318 3 70071318 0.000256991866801266
S3_70075432 3 70075432 3.43976559860284e-09
S3_70174712 3 70174712 0.000208729061576766
S3_70174716 3 70174716 0.000208729061576766
S3_70174791 3 70174791 0.000789925442107032
S3_70174819 3 70174819 0.000196099541954507
S3_70195241 3 70195241 1.55072568543959e-05
S3_70359352 3 70359352 0.000274015635306709
S3_70362756 3 70362756 0.000167364192093729
S3_70500553 3 70500553 2.71334424566295e-06
S3_70506460 3 70506460 0.000129430861063156
S3_70608463 3 70608463 0.000191538253833081
S3_70608507 3 70608507 7.46311916881995e-05
S3_70684774 3 70684774 5.74841813736512e-11
S3_70684863 3 70684863 0.000941749748565544
S3_70684864 3 70684864 0.000941749748565544
S3_70684865 3 70684865 0.000941749748565487
S3_70684866 3 70684866 0.000941749748565487
S3_70745889 3 70745889 1.78776118081326e-09
S3_70764482 3 70764482 7.20068956628311e-10
S3_70764515 3 70764515 7.20068956628311e-10
S3_70788300 3 70788300 5.73904737367943e-12
S3_70791434 3 70791434 3.21956083088318e-07
S3_70821364 3 70821364 1.526728434775e-07
S3_70866150 3 70866150 4.05573209108518e-11
S3_70896278 3 70896278 7.789292218502e-16
S3_70922581 3 70922581 6.92720556948763e-05
S3_70941251 3 70941251 0.000818150702981185
S3_70941261 3 70941261 9.00887238174926e-06
S3_70968939 3 70968939 9.74686458883359e-06
S3_71010209 3 71010209 0.000610470754234259
S3_71027047 3 71027047 0.000448932235545959
S3_71093779 3 71093779 1.56043436568234e-05
S3_71097646 3 71097646 8.53760483185231e-05
S3_71101024 3 71101024 0.000506206863239401
S3_71101175 3 71101175 4.13515104223765e-05
S3_71101700 3 71101700 2.91784434492784e-08
S3_71145699 3 71145699 9.66319319321661e-07
S3_71157441 3 71157441 3.70357930944354e-07
S3_71253256 3 71253256 2.97118803990611e-05
S3_71257390 3 71257390 0.00014552086883089
S3_71257391 3 71257391 0.00014552086883089
S3_71257394 3 71257394 0.00014552086883089
S3_71257395 3 71257395 0.000153436182880006
S3_71281920 3 71281920 0.000998087912630749
S3_71283813 3 71283813 0.000155285967975932
S3_71284158 3 71284158 0.000226512815109541
S3_71306686 3 71306686 8.74272894219089e-05
S3_71306699 3 71306699 8.74272894219089e-05
S3_71306902 3 71306902 7.44901140254959e-05
S3_71306909 3 71306909 7.44901140254975e-05
S3_71310151 3 71310151 3.15563580323247e-05
S3_71311265 3 71311265 0.000340552492992151
S3_71312494 3 71312494 0.000454050794514161
S3_71335262 3 71335262 0.000917490894657541
S3_71335510 3 71335510 0.000884757282888102
S3_71335718 3 71335718 0.000245715281680229
S3_71336356 3 71336356 0.000565809755388725
S3_71336996 3 71336996 4.49999602670811e-05
S3_71336998 3 71336998 4.49999602670811e-05
S3_71344709 3 71344709 4.11094664686476e-06
S3_71350684 3 71350684 1.83066307144499e-08
S3_71360287 3 71360287 2.57468488735412e-11
S3_71366047 3 71366047 8.85297629456491e-11
S3_71366262 3 71366262 3.63347391626206e-10
S3_71370976 3 71370976 0.000219847678253722
S3_71391063 3 71391063 9.03900270291382e-05
S3_71391086 3 71391086 9.03900270291382e-05
S3_71405625 3 71405625 1.21894364111478e-11
S3_71409696 3 71409696 2.04463572234618e-11
S3_71415237 3 71415237 1.09898262025529e-10
S3_71466734 3 71466734 6.949544825243e-09
S3_71496206 3 71496206 4.08109485692608e-11
S3_71496481 3 71496481 2.21922335494353e-06
S3_71501955 3 71501955 1.00850759721489e-20
S3_71533862 3 71533862 1.01229440765538e-24
S3_71548842 3 71548842 4.23466526581254e-09
S3_71557476 3 71557476 0.000975382367262448
S3_71697569 3 71697569 0.000126206225259544
S3_71722470 3 71722470 5.15963165098439e-13
S3_71752575 3 71752575 0.000465310800877922
S3_71756256 3 71756256 0.000333671198844641
S3_71756294 3 71756294 0.000333671198844646
S3_71764006 3 71764006 0.000414021572258159
S3_71786571 3 71786571 0.000376345910777183
S3_71789045 3 71789045 0.000687043627167765
S3_71799890 3 71799890 0.000236663455947333
S3_71815187 3 71815187 1.45889844962932e-05
S3_71899781 3 71899781 9.70657379712113e-06
S3_71901636 3 71901636 3.39869995438261e-07
S3_71916083 3 71916083 0.000741884218169525
S3_71945806 3 71945806 4.67231067688404e-06
S3_71961891 3 71961891 8.35576167856661e-05
S3_71983445 3 71983445 0.000833723104579575
S3_72008043 3 72008043 1.34785060000258e-05
S3_72011699 3 72011699 1.31381524274525e-08
S3_72011859 3 72011859 6.59918210753152e-28
S3_72060445 3 72060445 9.07451548966338e-07
S3_72086162 3 72086162 8.94258639172695e-08
S3_72086163 3 72086163 0.000172750318350485
S3_72117440 3 72117440 2.27331661203431e-05
S3_72124269 3 72124269 1.39593788547923e-10
S3_72152710 3 72152710 0.000538626278330477
S3_72177932 3 72177932 3.60070450941523e-14
S3_72262016 3 72262016 0.000686423632570356
S3_72290955 3 72290955 1.45346912464943e-06
S3_72325311 3 72325311 0.000219733063831904
S3_72325312 3 72325312 0.000219733063831908
S3_72325313 3 72325313 0.000219733063831904
S3_72325407 3 72325407 2.1841510964002e-07
S3_72349130 3 72349130 5.659746118449e-05
S3_72367162 3 72367162 0.000122348394843247
S3_72396025 3 72396025 1.87567907484801e-05
S3_72396028 3 72396028 1.87567907484801e-05
S3_72437247 3 72437247 4.03709334852093e-07
S3_72500331 3 72500331 0.000558732499706806
S3_72500628 3 72500628 7.26927463385047e-12
S3_72500629 3 72500629 7.26927463385047e-12
S3_72519591 3 72519591 7.1999196818831e-07
S3_72519647 3 72519647 6.01182925306972e-06
S3_72520201 3 72520201 1.12127969876168e-05
S3_72520274 3 72520274 9.1954621530764e-06
S3_72520300 3 72520300 9.1954621530764e-06
S3_72520310 3 72520310 9.1954621530764e-06
S3_72520325 3 72520325 9.1954621530764e-06
S3_72521527 3 72521527 4.30079806754204e-06
S3_72521531 3 72521531 4.81007572522894e-06
S3_72521630 3 72521630 6.00506395645757e-07
S3_72521882 3 72521882 0.000693858099070258
S3_72521915 3 72521915 1.89871383073415e-07
S3_72563728 3 72563728 3.79461911704231e-07
S3_72573357 3 72573357 6.00323100112033e-11
S3_72581383 3 72581383 6.84026702233189e-09
S3_72590162 3 72590162 1.17192148607854e-06
S3_72590671 3 72590671 2.41729705313013e-07
S3_72616342 3 72616342 0.00010178916488902
S3_72617209 3 72617209 0.000243611208077126
S3_72617263 3 72617263 0.000416574807488504
S3_72617268 3 72617268 0.000416574807488504
S3_72622859 3 72622859 8.35980172300169e-05
S3_72625153 3 72625153 0.000409066958352814
S3_72700087 3 72700087 0.000379652324353331
S3_72703126 3 72703126 0.000132566432376354
S3_72708786 3 72708786 5.25625295953372e-08
S3_72711919 3 72711919 0.000360466649177251
S3_72715469 3 72715469 0.000139336440870199
S3_72731276 3 72731276 0.0003421112035534
S3_72775053 3 72775053 1.31641666033241e-07
S3_72872749 3 72872749 0.000937950918763077
S3_72872762 3 72872762 1.53763260493944e-06
S3_72936974 3 72936974 7.56047497589386e-06
S3_72946608 3 72946608 2.81747768885045e-06
S3_72963472 3 72963472 0.000178421581231978
S3_72966371 3 72966371 2.35710727139504e-05
S3_72967699 3 72967699 1.14529447038115e-07
S3_72971422 3 72971422 1.79138294440623e-05
S3_72982971 3 72982971 0.000961633914508599
S3_72982988 3 72982988 0.000777303206311023
S3_73033352 3 73033352 6.31945202336624e-07
S3_73034497 3 73034497 0.000681500452153876
S3_73054222 3 73054222 2.63086609468306e-07
S3_73056666 3 73056666 0.000625777526453793
S3_73063042 3 73063042 2.9386475271533e-05
S3_73065623 3 73065623 7.37156729020708e-05
S3_73090674 3 73090674 3.25867773731378e-06
S3_73091580 3 73091580 0.000141068520572473
S3_73104500 3 73104500 0.000510318022455635
S3_73122421 3 73122421 1.43972401637972e-06
S3_73124088 3 73124088 0.000705464019131753
S3_73132751 3 73132751 0.00095587068520201
S3_73142809 3 73142809 0.000559710654459951
S3_73187438 3 73187438 0.000746567921985693
S3_73187564 3 73187564 0.000688615280397343
S3_73190077 3 73190077 0.000236123142414381
S3_73195515 3 73195515 0.000835819873711319
S3_73198027 3 73198027 0.000516454001769843
S3_73203646 3 73203646 0.000857661282747929
S3_73220051 3 73220051 0.000245126918107545
S3_73223307 3 73223307 7.21312135140991e-05
S3_73229995 3 73229995 3.16130161334493e-05
S3_73253514 3 73253514 0.000533265202378918
S3_73263443 3 73263443 4.62882340407284e-07
S3_73274648 3 73274648 0.000873295958587422
S3_73288998 3 73288998 0.000868655777047255
S3_73289602 3 73289602 3.7526354826961e-05
S3_73289828 3 73289828 6.21223536951902e-06
S3_73300757 3 73300757 0.000526084105768428
S3_73309520 3 73309520 2.72436140314424e-05
S3_73348613 3 73348613 0.000809141147763338
S3_73348615 3 73348615 0.000809141147763369
S3_73348618 3 73348618 0.000809141147763338
S3_73421222 3 73421222 0.000122948518010602
S3_73499717 3 73499717 1.26560846642962e-05
S3_73507083 3 73507083 1.07001995642805e-05
S3_73515014 3 73515014 6.50514247158546e-06
S3_73565369 3 73565369 0.000857592143272393
S3_73579303 3 73579303 0.000472319394084905
S3_73675053 3 73675053 1.7276199388781e-05
S3_73704217 3 73704217 4.54853204658116e-05
S3_73705818 3 73705818 8.23832226116585e-05
S3_73751538 3 73751538 1.03010566820755e-05
S3_73758679 3 73758679 1.59416594588626e-05
S3_73800591 3 73800591 0.000699386436730039
S3_73805139 3 73805139 0.000156427485819339
S3_73807375 3 73807375 7.22668167355519e-05
S3_73845803 3 73845803 8.91827321436832e-06
S3_73923761 3 73923761 1.15156721343694e-08
S3_73924291 3 73924291 6.64798726648179e-09
S3_73924398 3 73924398 0.000446213519334261
S3_73927318 3 73927318 3.98345634987933e-06
S3_73927319 3 73927319 3.98345634987933e-06
S3_73956820 3 73956820 7.4214538286454e-10
S3_74008634 3 74008634 7.807827331104e-05
S3_74008959 3 74008959 0.000104400578472371
S3_74009024 3 74009024 7.98511621381326e-05
S3_74041509 3 74041509 1.77457282453289e-05
S3_74043842 3 74043842 5.11481702671483e-05
S3_74062199 3 74062199 1.70668284245585e-08
S3_74087066 3 74087066 6.14546032268606e-07
S3_74196100 3 74196100 4.86170783966823e-06
S3_74264578 3 74264578 4.22287045819389e-05
S3_74276012 3 74276012 0.000761032403258685
S3_74413841 3 74413841 1.019035831092e-05
