Marker Chr Pos p
S5_35349 5 35349 0.000705568097505139
S5_49831 5 49831 2.84783289280451e-07
S5_49840 5 49840 2.6699212145737e-07
S5_90033 5 90033 0.000357663557654047
S5_205675 5 205675 0.000739920027208527
S5_354562 5 354562 0.000194907806472569
S5_409108 5 409108 0.00071202444631787
S5_447173 5 447173 0.00045748693027813
S5_824382 5 824382 0.000458252418431668
S5_824448 5 824448 0.000558142578961335
S5_937389 5 937389 8.96445267015106e-05
S5_943387 5 943387 0.000424044099916596
S5_1001288 5 1001288 0.000358928095509145
S5_1287660 5 1287660 0.000108462417354565
S5_1291019 5 1291019 0.000197866908979705
S5_1302559 5 1302559 0.000227627355483807
S5_1329642 5 1329642 4.90099490164029e-05
S5_1411460 5 1411460 1.02216318218885e-07
S5_1612603 5 1612603 6.25540263169111e-05
S5_1624953 5 1624953 0.000978230000952689
S5_1756483 5 1756483 9.43926554266358e-08
S5_1790461 5 1790461 2.21544071513211e-06
S5_1790472 5 1790472 2.21544071513211e-06
S5_1939098 5 1939098 0.000637026666052528
S5_1939104 5 1939104 0.000637026666052528
S5_2160482 5 2160482 1.41636908093024e-05
S5_2163065 5 2163065 4.14800737550883e-05
S5_2181231 5 2181231 2.65494309112318e-08
S5_2216140 5 2216140 1.15980666268423e-05
S5_2291591 5 2291591 0.00011694286996683
S5_2300739 5 2300739 2.28447420426681e-08
S5_2305322 5 2305322 0.000320590138312176
S5_2376020 5 2376020 3.8415680255241e-06
S5_2513658 5 2513658 0.000231184286209824
S5_2513964 5 2513964 1.546262708166e-05
S5_2514008 5 2514008 8.27067168994362e-05
S5_2515991 5 2515991 1.81828597731935e-10
S5_2585720 5 2585720 0.000707185234282691
S5_2586164 5 2586164 3.41887199396937e-08
S5_2629253 5 2629253 0.000174977866858139
S5_2652447 5 2652447 0.000319770904366295
S5_2785429 5 2785429 1.41227459270808e-05
S5_2785839 5 2785839 7.73379503083824e-06
S5_2831377 5 2831377 0.000135487094743658
S5_2845116 5 2845116 0.000129862477014085
S5_2938145 5 2938145 3.62850754520457e-05
S5_3003319 5 3003319 7.85207575902745e-10
S5_3064553 5 3064553 1.91330959378592e-06
S5_3079713 5 3079713 0.000862212134424062
S5_3083921 5 3083921 0.000215252215613038
S5_3084069 5 3084069 2.20567747989968e-05
S5_3221323 5 3221323 7.67201175050883e-05
S5_3229738 5 3229738 0.000241788285314452
S5_3229755 5 3229755 7.73588476626007e-06
S5_3231880 5 3231880 6.44507434839126e-05
S5_3256823 5 3256823 0.000905821705509552
S5_3285248 5 3285248 0.000333401563641349
S5_3320668 5 3320668 2.41300490766382e-05
S5_3320684 5 3320684 2.41300490766382e-05
S5_3320927 5 3320927 2.63766069187572e-05
S5_3320974 5 3320974 7.43544209342848e-06
S5_3320978 5 3320978 7.43544209342848e-06
S5_3325287 5 3325287 0.000245895354273932
S5_3325372 5 3325372 2.71327199448439e-05
S5_3328868 5 3328868 0.000178843295014406
S5_3328893 5 3328893 0.000324144187974383
S5_3346454 5 3346454 2.03263283877937e-05
S5_3355802 5 3355802 0.000992258427797203
S5_3380227 5 3380227 6.60082984686659e-05
S5_3382816 5 3382816 0.00033808138494939
S5_3383194 5 3383194 0.000109704500048605
S5_3416689 5 3416689 4.16619721629373e-05
S5_3438388 5 3438388 1.53959952873631e-05
S5_3444071 5 3444071 3.07405737649919e-05
S5_3444335 5 3444335 1.4022022630096e-08
S5_3543981 5 3543981 0.000124273323058153
S5_3615629 5 3615629 4.40692747323658e-07
S5_3615784 5 3615784 1.64836647095886e-05
S5_3630390 5 3630390 0.000148660075324018
S5_3630393 5 3630393 0.000148660075324018
S5_3697430 5 3697430 0.000149255110666656
S5_3774026 5 3774026 1.08238670011326e-05
S5_3824535 5 3824535 4.41221889843229e-05
S5_3832133 5 3832133 9.70137887191652e-05
S5_3834559 5 3834559 5.0195951085991e-06
S5_3854663 5 3854663 3.92219839291153e-05
S5_3870454 5 3870454 5.45804500089341e-05
S5_3870479 5 3870479 5.45804500089363e-05
S5_3904871 5 3904871 8.69913616943591e-05
S5_3909121 5 3909121 6.46638445857694e-05
S5_3910912 5 3910912 0.000671905127606244
S5_3911489 5 3911489 9.96610243106633e-06
S5_3948218 5 3948218 0.00054121517084972
S5_3954256 5 3954256 5.38285709566185e-06
S5_3980723 5 3980723 0.000270509495898467
S5_4071166 5 4071166 8.69901393929312e-05
S5_4071167 5 4071167 8.69901393929376e-05
S5_4071170 5 4071170 8.69901393929312e-05
S5_4071171 5 4071171 8.69901393929312e-05
S5_4087294 5 4087294 1.43418939596561e-05
S5_4126345 5 4126345 0.000224058353282142
S5_4126430 5 4126430 0.000181650247856516
S5_4198110 5 4198110 0.000146650345094123
S5_4234767 5 4234767 0.000149425059252173
S5_4241307 5 4241307 0.000298488539268737
S5_4241311 5 4241311 0.000298488539268748
S5_4241313 5 4241313 0.000298488539268737
S5_4241315 5 4241315 0.000298488539268748
S5_4241316 5 4241316 0.000298488539268737
S5_4241317 5 4241317 0.000298488539268748
S5_4247968 5 4247968 0.000385538180742108
S5_4260157 5 4260157 2.98967414086083e-06
S5_4289051 5 4289051 0.000253051637672314
S5_4289198 5 4289198 4.10273140629561e-06
S5_4293693 5 4293693 0.000494608326108141
S5_4293730 5 4293730 3.08099297435663e-07
S5_4299093 5 4299093 2.13682431687525e-06
S5_4299098 5 4299098 1.13428212768206e-06
S5_4377440 5 4377440 1.07199494444075e-09
S5_4377610 5 4377610 8.53895854986802e-05
S5_4377644 5 4377644 7.8613723328728e-05
S5_4377656 5 4377656 7.8613723328728e-05
S5_4379088 5 4379088 8.07605669456238e-06
S5_4379103 5 4379103 1.66103162191967e-05
S5_4389248 5 4389248 8.68022014836092e-06
S5_4389299 5 4389299 6.31793482049755e-08
S5_4400274 5 4400274 0.000419259806534827
S5_4412347 5 4412347 3.4428979824266e-05
S5_4441170 5 4441170 0.000191703860494085
S5_4441362 5 4441362 0.000150895335353055
S5_4452209 5 4452209 0.000102833420846598
S5_4457229 5 4457229 0.000848263794602826
S5_4529503 5 4529503 1.82304006934327e-13
S5_4536204 5 4536204 0.000420253061144909
S5_4541338 5 4541338 1.20420989958144e-06
S5_4706794 5 4706794 0.000873780136016612
S5_4908375 5 4908375 3.74023582052136e-05
S5_4908395 5 4908395 3.74023582052129e-05
S5_4910132 5 4910132 0.000168475084053934
S5_4913283 5 4913283 1.00349167728966e-05
S5_4922430 5 4922430 7.27750479511517e-05
S5_4936011 5 4936011 1.23274720459887e-05
S5_4937377 5 4937377 0.000294859002574433
S5_4949465 5 4949465 0.000490056723586192
S5_4949665 5 4949665 0.000135188800941932
S5_4975078 5 4975078 2.05825106863723e-19
S5_4975685 5 4975685 2.60190446760128e-06
S5_5007579 5 5007579 0.000463188953152577
S5_5037632 5 5037632 0.000149777875157466
S5_5039138 5 5039138 0.000518302545436358
S5_5046658 5 5046658 0.000413639507889918
S5_5060849 5 5060849 0.000708999585430097
S5_5072730 5 5072730 7.45400327987712e-09
S5_5095767 5 5095767 0.000347960090037121
S5_5172199 5 5172199 0.00010470581735098
S5_5325431 5 5325431 0.000671992012038987
S5_5325807 5 5325807 0.000568063797566917
S5_5327331 5 5327331 0.000189079171581718
S5_5331187 5 5331187 3.83372232027147e-05
S5_5333132 5 5333132 1.24104932247415e-05
S5_5351009 5 5351009 6.76992545188941e-06
S5_5351349 5 5351349 5.38453432251975e-05
S5_5395139 5 5395139 6.47307517582769e-05
S5_5400995 5 5400995 2.29263628026797e-06
S5_5401001 5 5401001 2.29263628026797e-06
S5_5401010 5 5401010 2.29263628026836e-06
S5_5407259 5 5407259 0.000369954032007996
S5_5407264 5 5407264 0.000369954032007996
S5_5407285 5 5407285 0.000369954032007909
S5_5557105 5 5557105 9.79293541462519e-05
S5_5628307 5 5628307 0.00052507243273145
S5_5630096 5 5630096 0.000550986904715379
S5_5630098 5 5630098 0.000550986904715379
S5_5685203 5 5685203 0.000437984849646687
S5_5713639 5 5713639 0.000218270287495626
S5_5768348 5 5768348 0.000100344774097876
S5_5814600 5 5814600 5.33324251737164e-05
S5_5814988 5 5814988 8.84933717642019e-06
S5_5815770 5 5815770 0.000397231895886825
S5_5819665 5 5819665 1.00519387122134e-05
S5_5840952 5 5840952 0.000211916029614521
S5_5927487 5 5927487 5.63916454980309e-09
S5_5927553 5 5927553 0.000887454672265003
S5_5943680 5 5943680 3.75181382898776e-13
S5_5961651 5 5961651 3.3669342109104e-05
S5_5971195 5 5971195 0.000386598787730621
S5_5971207 5 5971207 0.000424943289327712
S5_5986339 5 5986339 0.000320398588905688
S5_5986341 5 5986341 0.000320398588905701
S5_5997795 5 5997795 8.4713332230296e-06
S5_5997815 5 5997815 0.000217583625750058
S5_5997847 5 5997847 8.47133322302919e-06
S5_5997850 5 5997850 9.19490158563429e-06
S5_6023781 5 6023781 5.75764253672211e-05
S5_6069927 5 6069927 8.7441684217851e-05
S5_6070019 5 6070019 0.000476971061495572
S5_6081539 5 6081539 8.20769660012936e-05
S5_6081540 5 6081540 8.20769660012936e-05
S5_6081541 5 6081541 8.20769660012936e-05
S5_6096898 5 6096898 0.000590531888980424
S5_6096902 5 6096902 0.000590531888980424
S5_6111329 5 6111329 0.000402906886386212
S5_6111333 5 6111333 0.000402906886386212
S5_6117587 5 6117587 0.000656555425662965
S5_6133930 5 6133930 0.000631859590709533
S5_6193668 5 6193668 0.000229916930111525
S5_6285340 5 6285340 2.11905400968223e-05
S5_6520107 5 6520107 2.20109911553074e-08
S5_6520135 5 6520135 1.50636145511896e-06
S5_6520152 5 6520152 1.506361455119e-06
S5_6520168 5 6520168 1.93986206154192e-08
S5_6529090 5 6529090 0.000155123188135608
S5_6529107 5 6529107 5.22991921390757e-05
S5_6552019 5 6552019 2.33518183327345e-07
S5_6552020 5 6552020 2.33518183327345e-07
S5_6603944 5 6603944 2.50525637060709e-06
S5_6783997 5 6783997 5.57200500930365e-06
S5_6839724 5 6839724 0.000838797654352555
S5_6849288 5 6849288 1.21412527508544e-05
S5_6859842 5 6859842 2.48334733665974e-08
S5_7002869 5 7002869 3.03587683886155e-08
S5_7002892 5 7002892 3.03587683886155e-08
S5_7023059 5 7023059 8.98182493268598e-05
S5_7106412 5 7106412 1.63829715358254e-06
S5_7135613 5 7135613 8.7836520902553e-05
S5_7135636 5 7135636 2.67535865107434e-05
S5_7135648 5 7135648 2.67535865107434e-05
S5_7135654 5 7135654 2.67535865107434e-05
S5_7135678 5 7135678 2.67535865107434e-05
S5_7181735 5 7181735 1.10290198751028e-06
S5_7278878 5 7278878 3.90920892233241e-05
S5_7280592 5 7280592 4.54260801554956e-15
S5_7286035 5 7286035 0.000397620688366522
S5_7287418 5 7287418 0.000246160798883471
S5_7439135 5 7439135 0.000144662427445181
S5_7458469 5 7458469 0.000230345467017392
S5_7526534 5 7526534 0.000365504753218817
S5_7526537 5 7526537 0.000365504753218843
S5_7526560 5 7526560 0.000365504753218817
S5_7601220 5 7601220 0.000208093921979721
S5_7840514 5 7840514 1.90259032819893e-05
S5_7876628 5 7876628 1.24883154346651e-06
S5_7877014 5 7877014 4.84377993615095e-06
S5_8026526 5 8026526 1.38101610682179e-07
S5_8026527 5 8026527 1.38101610682173e-07
S5_8028018 5 8028018 3.03019973664846e-10
S5_8042669 5 8042669 0.000915633346830548
S5_8051917 5 8051917 8.68613479542374e-07
S5_8071965 5 8071965 0.000268134263765198
S5_8075525 5 8075525 0.000811357005828909
S5_8087707 5 8087707 0.000106112867185127
S5_8087952 5 8087952 0.000259080706845048
S5_8204492 5 8204492 0.000733332096974991
S5_8755189 5 8755189 1.62544354889042e-16
S5_8755207 5 8755207 6.37992005978682e-05
S5_8755250 5 8755250 6.08138264099545e-05
S5_8755251 5 8755251 6.37992005978665e-05
S5_8755256 5 8755256 6.37992005978665e-05
S5_8826203 5 8826203 0.000186163136666646
S5_8838559 5 8838559 1.47624931908727e-05
S5_8854780 5 8854780 1.18896196507182e-21
S5_8854791 5 8854791 9.64800430794228e-37
S5_8856293 5 8856293 1.52561322256742e-05
S5_8856325 5 8856325 7.33531062041922e-05
S5_8951510 5 8951510 1.14616301545474e-17
S5_9067607 5 9067607 0.000238573070326853
S5_9145726 5 9145726 0.000420298354418268
S5_9189290 5 9189290 5.31847921748305e-06
S5_9348524 5 9348524 4.58762394841648e-06
S5_9348644 5 9348644 4.96062139272597e-05
S5_9350424 5 9350424 0.000135330077489081
S5_9351001 5 9351001 4.94487842229315e-05
S5_9364392 5 9364392 0.000181085175658646
S5_9502730 5 9502730 6.93487106033402e-08
S5_9520532 5 9520532 0.00083217614445537
S5_9550359 5 9550359 0.000298566306690978
S5_9554219 5 9554219 3.49787422947604e-06
S5_9588545 5 9588545 0.000918509254044387
S5_9835926 5 9835926 0.000172590180383318
S5_9841891 5 9841891 0.000187828505870884
S5_9852240 5 9852240 0.000615031203944469
S5_9852433 5 9852433 1.59114640998291e-05
S5_9853939 5 9853939 7.82028982898153e-10
S5_9864961 5 9864961 0.000636834303171642
S5_9996348 5 9996348 0.000245519651040226
S5_10008105 5 10008105 0.000324350101585899
S5_10165674 5 10165674 2.07061025686825e-08
S5_10310063 5 10310063 0.000511311840776239
S5_10621805 5 10621805 4.80577536796206e-10
S5_10621808 5 10621808 4.80577536796206e-10
S5_10621810 5 10621810 5.0290537097253e-10
S5_10621850 5 10621850 2.91444450391766e-09
S5_10737045 5 10737045 5.58057159847889e-06
S5_10784957 5 10784957 0.000482545230822927
S5_10829864 5 10829864 1.86825757270659e-06
S5_10829977 5 10829977 1.13404938519854e-09
S5_10839419 5 10839419 6.22143483279052e-08
S5_10851465 5 10851465 0.000667116675379367
S5_10888211 5 10888211 3.36517946111062e-06
S5_10888217 5 10888217 3.36517946111094e-06
S5_10897854 5 10897854 0.000821942361002987
S5_10898718 5 10898718 1.64171090562166e-08
S5_10899927 5 10899927 4.46066532866475e-06
S5_10946733 5 10946733 7.69343786434439e-06
S5_10951921 5 10951921 0.000236802458127183
S5_10951926 5 10951926 0.000236802458127164
S5_10951927 5 10951927 0.000236802458127164
S5_11013565 5 11013565 5.16151226987346e-17
S5_11331913 5 11331913 7.61502152813453e-10
S5_11479964 5 11479964 7.89340928833905e-07
S5_11479972 5 11479972 7.89340928833905e-07
S5_11482186 5 11482186 1.00272143264267e-06
S5_11482206 5 11482206 1.00272143264267e-06
S5_11504819 5 11504819 1.6306518152007e-12
S5_11584600 5 11584600 0.000109002793007695
S5_11584659 5 11584659 1.91153317887419e-12
S5_11584660 5 11584660 1.91153317887419e-12
S5_11587684 5 11587684 0.000174290178006913
S5_11603256 5 11603256 0.000295189464897448
S5_11620555 5 11620555 9.78623820504183e-10
S5_11742852 5 11742852 2.09646384199515e-15
S5_11932938 5 11932938 0.000692767644353853
S5_11937151 5 11937151 6.83771229448517e-05
S5_11943078 5 11943078 7.74681619906867e-05
S5_12075407 5 12075407 0.000208442707103465
S5_12086244 5 12086244 7.41985538085759e-05
S5_12156370 5 12156370 0.000129551009730297
S5_12307410 5 12307410 9.71346472244211e-06
S5_12374649 5 12374649 0.000117172585731335
S5_12443941 5 12443941 0.000379731462978019
S5_12455068 5 12455068 0.000253446055122776
S5_12464791 5 12464791 6.01102274250699e-06
S5_12464821 5 12464821 5.37058682796411e-06
S5_12504449 5 12504449 0.000292821995562042
S5_12504450 5 12504450 0.000292821995562042
S5_12504454 5 12504454 0.000292821995562028
S5_12562577 5 12562577 0.000109645373566654
S5_12627871 5 12627871 5.69680193678819e-05
S5_12628398 5 12628398 0.000122790818658266
S5_12677898 5 12677898 0.00027634692706866
S5_12677927 5 12677927 0.00027634692706866
S5_12833673 5 12833673 0.000455496699400472
S5_12902919 5 12902919 1.16193229756928e-06
S5_12902921 5 12902921 1.16193229756928e-06
S5_12923892 5 12923892 0.000965915868348292
S5_12935165 5 12935165 1.22377104152724e-05
S5_12938915 5 12938915 3.93083511922367e-07
S5_12940919 5 12940919 1.8665801494444e-08
S5_12940928 5 12940928 0.000156729394277748
S5_12965590 5 12965590 5.75742965168014e-06
S5_12965749 5 12965749 1.40234177697077e-08
S5_12978080 5 12978080 0.000733804955287508
S5_12999877 5 12999877 0.000969369078303321
S5_13149394 5 13149394 1.39008453810568e-06
S5_13160696 5 13160696 3.67123938086303e-10
S5_13523590 5 13523590 3.8884408118433e-37
S5_13533525 5 13533525 0.000504541525690249
S5_13624985 5 13624985 0.000761122164348499
S5_13836369 5 13836369 7.91167631873362e-07
S5_13935472 5 13935472 0.000153278382218133
S5_13939542 5 13939542 0.000456947716701419
S5_13939703 5 13939703 3.05604824322257e-07
S5_13954422 5 13954422 0.000170691755127196
S5_13965129 5 13965129 0.000197384233575282
S5_14135191 5 14135191 0.000167851376615643
S5_14135192 5 14135192 7.62484853999405e-05
S5_14188996 5 14188996 5.89590580030262e-05
S5_14291753 5 14291753 3.51199056994132e-05
S5_14295263 5 14295263 1.29498749802812e-11
S5_14361548 5 14361548 1.74139776945578e-10
S5_14361561 5 14361561 1.74139776945578e-10
S5_14361572 5 14361572 1.74139776945578e-10
S5_14390698 5 14390698 9.9417926899001e-10
S5_14393453 5 14393453 4.93414553445995e-11
S5_14393475 5 14393475 4.93414553445984e-11
S5_14415916 5 14415916 1.03246191639377e-09
S5_14415935 5 14415935 1.03246191639377e-09
S5_14416051 5 14416051 2.10685102722126e-08
S5_14420493 5 14420493 8.67566589485149e-08
S5_14423743 5 14423743 2.18129091580107e-11
S5_14423924 5 14423924 1.09443821348917e-10
S5_14429079 5 14429079 3.10966673276308e-11
S5_14429104 5 14429104 3.10966673276308e-11
S5_14430065 5 14430065 1.07491343673244e-08
S5_14430203 5 14430203 1.01092495439045e-08
S5_14430378 5 14430378 1.23919680977197e-10
S5_14432783 5 14432783 4.48235123133393e-06
S5_14435931 5 14435931 7.04436036397814e-12
S5_14447345 5 14447345 2.69209410395167e-06
S5_14462000 5 14462000 0.000683899691210379
S5_14462006 5 14462006 0.000487094459528534
S5_14462090 5 14462090 4.62208390686581e-05
S5_14485361 5 14485361 1.26820975056325e-11
S5_14538075 5 14538075 4.5949444391126e-11
S5_14663744 5 14663744 3.24288396844319e-11
S5_14663770 5 14663770 3.24288396844329e-11
S5_14938435 5 14938435 3.30476252723433e-09
S5_15036573 5 15036573 1.92106781133527e-08
S5_15036830 5 15036830 4.41085432606547e-06
S5_15036989 5 15036989 0.000128608746887606
S5_15037131 5 15037131 0.000910104437249408
S5_15037152 5 15037152 0.000586858569836761
S5_15037156 5 15037156 0.000910104437249408
S5_15037166 5 15037166 0.000531336776198336
S5_15056377 5 15056377 6.96201048796877e-08
S5_15092484 5 15092484 2.88542931596685e-11
S5_15092897 5 15092897 6.12317981884785e-12
S5_15307050 5 15307050 3.25930761182914e-14
S5_15315335 5 15315335 0.000212816465200363
S5_15328278 5 15328278 1.67576995983168e-05
S5_15328393 5 15328393 3.18906206203e-08
S5_15793427 5 15793427 6.43248818858554e-09
S5_15793445 5 15793445 2.28930603618769e-11
S5_15793862 5 15793862 1.06809471130427e-10
S5_15797744 5 15797744 5.28230354548612e-11
S5_15798152 5 15798152 1.29333661993281e-07
S5_15798158 5 15798158 1.73962093652587e-11
S5_15799905 5 15799905 6.00475865046429e-09
S5_15889447 5 15889447 0.000196272875877818
S5_15889471 5 15889471 1.02201001124034e-05
S5_15889732 5 15889732 0.000198162636098428
S5_15890047 5 15890047 1.99553973943904e-05
S5_15895456 5 15895456 1.13200762841396e-11
S5_15963702 5 15963702 0.000767312428334441
S5_16064903 5 16064903 0.00024742233179275
S5_16065618 5 16065618 1.21325669200185e-08
S5_16240538 5 16240538 0.000611463226714236
S5_16241247 5 16241247 0.000656959210767263
S5_16421754 5 16421754 2.55390422106646e-06
S5_16500780 5 16500780 1.31850000028424e-08
S5_16536986 5 16536986 0.000702986086388122
S5_16536987 5 16536987 0.000702986086388122
S5_16606800 5 16606800 0.000478743993424568
S5_16606985 5 16606985 6.6279638303166e-06
S5_16670226 5 16670226 1.30977609134936e-06
S5_16670913 5 16670913 4.17599123357993e-06
S5_16731903 5 16731903 0.000326007543034391
S5_17037213 5 17037213 2.34625103904091e-05
S5_17151974 5 17151974 6.75838372379562e-05
S5_17306084 5 17306084 1.06264150188676e-05
S5_17357284 5 17357284 8.77579806375013e-09
S5_17395226 5 17395226 8.53724722312743e-06
S5_17395700 5 17395700 0.000648957224631395
S5_17444838 5 17444838 0.000279994845456587
S5_17444909 5 17444909 0.000282089897810309
S5_17525248 5 17525248 0.000423562765487332
S5_17754295 5 17754295 1.67750024276367e-06
S5_17772539 5 17772539 0.000703517690770065
S5_17781093 5 17781093 0.000551715376251046
S5_17788631 5 17788631 0.000602859646035312
S5_17788633 5 17788633 0.000904268484806446
S5_17795934 5 17795934 0.000230259980759698
S5_17795935 5 17795935 0.000230259980759706
S5_17795936 5 17795936 0.000230259980759698
S5_17796557 5 17796557 0.000387890251048579
S5_17799511 5 17799511 0.000423001409210845
S5_17800263 5 17800263 0.000477422169610612
S5_17811612 5 17811612 1.71437687987905e-05
S5_17837208 5 17837208 0.000770140711088881
S5_17901959 5 17901959 0.000527851395845594
S5_17977392 5 17977392 0.000247638964230203
S5_17977466 5 17977466 0.00059403006972744
S5_18322186 5 18322186 0.000692772006412714
S5_18322198 5 18322198 0.000692772006412691
S5_18490161 5 18490161 0.000110684428161993
S5_18606190 5 18606190 8.97861848829488e-05
S5_18612781 5 18612781 5.6585927739928e-08
S5_18612782 5 18612782 1.00372986856613e-09
S5_18659461 5 18659461 0.000267963232689695
S5_18692124 5 18692124 0.00044943239917841
S5_18760272 5 18760272 0.000220255483938843
S5_18760330 5 18760330 0.000278531316549557
S5_18773201 5 18773201 0.000303277707541523
S5_19047617 5 19047617 0.000343578925152602
S5_19047619 5 19047619 0.000343578925152602
S5_19047620 5 19047620 0.000343578925152602
S5_19065068 5 19065068 4.25553415653176e-07
S5_19066499 5 19066499 0.000353995374584851
S5_19070970 5 19070970 0.000310096434927459
S5_19070975 5 19070975 0.000310096434927452
S5_19079747 5 19079747 1.12348036255208e-05
S5_19204685 5 19204685 9.04506296498461e-05
S5_19207312 5 19207312 0.000449477257236631
S5_19211929 5 19211929 1.75764491334736e-20
S5_19320785 5 19320785 0.000359146547617331
S5_19535869 5 19535869 0.000381600126512674
S5_19565240 5 19565240 0.000269621545566911
S5_19793576 5 19793576 0.000181406137347385
S5_19926169 5 19926169 0.000224564568512884
S5_19989447 5 19989447 0.000592133128721934
S5_19989461 5 19989461 0.000592133128721934
S5_19991662 5 19991662 0.000986149977677631
S5_20001677 5 20001677 0.00028355915784952
S5_20090898 5 20090898 0.000259976210756227
S5_20192456 5 20192456 0.000128847651135636
S5_20213084 5 20213084 0.000173964313991827
S5_20238706 5 20238706 1.28973613961317e-05
S5_20436088 5 20436088 0.000149727971657648
S5_20438998 5 20438998 1.43862792345393e-05
S5_20460519 5 20460519 1.42925122479341e-07
S5_20486986 5 20486986 0.000210294400494279
S5_20555750 5 20555750 0.000336662587942999
S5_20555763 5 20555763 7.31161730605823e-07
S5_20584793 5 20584793 0.000247759370091501
S5_20605485 5 20605485 0.000518119773748701
S5_20676698 5 20676698 0.000163647946563796
S5_20729320 5 20729320 0.000263850256120655
S5_20754968 5 20754968 0.000484470457510165
S5_20768562 5 20768562 0.000321151251009123
S5_20770226 5 20770226 0.000206825064292014
S5_20785851 5 20785851 0.00047017285890079
S5_20853623 5 20853623 0.000320429526578609
S5_20893959 5 20893959 0.0002955116294065
S5_20939072 5 20939072 0.000292584281191931
S5_20941512 5 20941512 0.000149571183447764
S5_21076775 5 21076775 0.000267388024761289
S5_21131320 5 21131320 0.000262287403306834
S5_21135542 5 21135542 0.000312610275733112
S5_21153240 5 21153240 0.000499775287793081
S5_21153414 5 21153414 8.36873129479077e-05
S5_21191394 5 21191394 0.000258555099627768
S5_21214272 5 21214272 0.000295346570791962
S5_21283067 5 21283067 5.74730738734137e-06
S5_21305915 5 21305915 7.77151789721081e-05
S5_21326581 5 21326581 0.000249448768745027
S5_21378217 5 21378217 0.000264573228760534
S5_21463365 5 21463365 0.000268885221379067
S5_21501589 5 21501589 0.000303253339891483
S5_21578743 5 21578743 0.000268370973974287
S5_21616301 5 21616301 0.000371236732270085
S5_21656565 5 21656565 0.00027805471860346
S5_21682072 5 21682072 0.000296435873165755
S5_21690718 5 21690718 0.000362169059775831
S5_21705459 5 21705459 0.000493185549613788
S5_21708060 5 21708060 0.000380924476577332
S5_21708076 5 21708076 0.000380924476577332
S5_21828129 5 21828129 0.000141743743909157
S5_21830131 5 21830131 0.000152070811827752
S5_21838406 5 21838406 0.000272794583170235
S5_22040076 5 22040076 0.000282569060477167
S5_22086998 5 22086998 0.000456465198378391
S5_22191174 5 22191174 0.000135570365508732
S5_22191185 5 22191185 0.000135570365508732
S5_22239046 5 22239046 5.89272791151344e-05
S5_22241703 5 22241703 1.56723955903511e-14
S5_22317504 5 22317504 4.86496022903743e-05
S5_22335164 5 22335164 0.000436600934316386
S5_22335184 5 22335184 0.000226409688306132
S5_22363856 5 22363856 0.000269231426552748
S5_22367369 5 22367369 0.000271017034584802
S5_22375764 5 22375764 0.000218892964221346
S5_22411438 5 22411438 0.000440839036626591
S5_22411571 5 22411571 0.00035187242046576
S5_22415721 5 22415721 0.000343150466987535
S5_22418242 5 22418242 0.000235069947791113
S5_22424550 5 22424550 0.000401286750379002
S5_22424656 5 22424656 0.000239203756759776
S5_22424792 5 22424792 0.000163426877656293
S5_22427039 5 22427039 0.000414341428859269
S5_22428546 5 22428546 0.000264979008177781
S5_22450166 5 22450166 0.000249922664204202
S5_22450385 5 22450385 0.000233890651220334
S5_22482671 5 22482671 0.000273663008232138
S5_22482730 5 22482730 0.000329608229984808
S5_22496100 5 22496100 0.000562214186158652
S5_22507046 5 22507046 0.00059925662036372
S5_22510846 5 22510846 0.000159290501255696
S5_22510872 5 22510872 0.000311613575671103
S5_22510934 5 22510934 0.000313430449179097
S5_22690939 5 22690939 0.000555701245579069
S5_22705584 5 22705584 0.000165592692011099
S5_22714918 5 22714918 0.000163809441110661
S5_22738746 5 22738746 0.000233682622584824
S5_22740968 5 22740968 0.000234987667987882
S5_22769566 5 22769566 0.00062283430569443
S5_22769572 5 22769572 0.000622834305694388
S5_22769573 5 22769573 0.000622834305694388
S5_22809233 5 22809233 0.000766553799156229
S5_22855346 5 22855346 0.000158723130882286
S5_22936765 5 22936765 0.000350923768037278
S5_22936766 5 22936766 0.000350923768037278
S5_22991190 5 22991190 0.000274684283510632
S5_23003684 5 23003684 0.000280207766130205
S5_23048451 5 23048451 0.000248536320848653
S5_23056582 5 23056582 0.000279606754945963
S5_23056679 5 23056679 0.000266999509741701
S5_23061161 5 23061161 0.000161613868410506
S5_23127163 5 23127163 0.000342880705317006
S5_23135264 5 23135264 0.000304062725809135
S5_23153041 5 23153041 0.000278232485218338
S5_23159187 5 23159187 0.000243675607832443
S5_23160943 5 23160943 2.074325749989e-06
S5_23192972 5 23192972 3.57934841909344e-07
S5_23213712 5 23213712 0.000697020615034118
S5_23514462 5 23514462 0.000251478901910013
S5_23650076 5 23650076 3.716797392012e-06
S5_23755739 5 23755739 1.62064525825914e-06
S5_23853360 5 23853360 0.000302784356433864
S5_23897359 5 23897359 0.000455378401429864
S5_23954761 5 23954761 3.47956874800913e-06
S5_23968300 5 23968300 6.22434269358991e-05
S5_24033296 5 24033296 0.000267912152624363
S5_24058295 5 24058295 2.50872092012021e-06
S5_24075650 5 24075650 0.000235481539506234
S5_24078446 5 24078446 0.000164972407825382
S5_24129903 5 24129903 0.000253704072962133
S5_24166856 5 24166856 0.00015962284010061
S5_24166899 5 24166899 0.000153876522783399
S5_24221970 5 24221970 0.000164940979057709
S5_24235925 5 24235925 0.000159565306354953
S5_24236059 5 24236059 0.0002757928853017
S5_24236197 5 24236197 0.000303243543062097
S5_24241035 5 24241035 0.000162175609725764
S5_24247479 5 24247479 2.21804871386085e-17
S5_24247522 5 24247522 1.91519865142861e-17
S5_24296810 5 24296810 1.45816653021926e-06
S5_24362146 5 24362146 0.00039878057380773
S5_24387539 5 24387539 0.000227702375548483
S5_24481894 5 24481894 0.000282476839530284
S5_24519440 5 24519440 4.01587584653267e-05
S5_24606234 5 24606234 0.000801152294691486
S5_24624836 5 24624836 4.93913021857136e-05
S5_24632996 5 24632996 0.000290890504288386
S5_24637327 5 24637327 3.20623552358705e-05
S5_24701241 5 24701241 0.000288997491582392
S5_24701425 5 24701425 0.000183429012792554
S5_24703104 5 24703104 0.00011476222274944
S5_24720135 5 24720135 0.000279536808305454
S5_24729485 5 24729485 0.000274999192029186
S5_24731355 5 24731355 1.86064768904935e-06
S5_24731380 5 24731380 1.86064768904935e-06
S5_24749980 5 24749980 0.00065610411235779
S5_24761264 5 24761264 0.000266220896249594
S5_24798203 5 24798203 0.00022939660036176
S5_24829108 5 24829108 0.000150472780568958
S5_24875238 5 24875238 0.000291444507029851
S5_24979201 5 24979201 0.000398702232358601
S5_25006180 5 25006180 0.00016820543587265
S5_25059865 5 25059865 0.00027429351362011
S5_25125045 5 25125045 0.000281150023800553
S5_25227605 5 25227605 0.000155282287311059
S5_25342054 5 25342054 0.000503242379067812
S5_25342061 5 25342061 0.000503242379067812
S5_25358954 5 25358954 0.000375958421756562
S5_25496576 5 25496576 0.000298080283395848
S5_25500142 5 25500142 2.46740928030484e-05
S5_25706600 5 25706600 0.000164792580248977
S5_25817066 5 25817066 0.000170126969928487
S5_25899411 5 25899411 1.30739899509489e-08
S5_25996226 5 25996226 5.05706981136328e-05
S5_26012990 5 26012990 0.000343195758422564
S5_26075105 5 26075105 0.000261181460431548
S5_26090156 5 26090156 5.07715009191352e-05
S5_26127728 5 26127728 0.000630477687587597
S5_26145346 5 26145346 0.000362943181335983
S5_26179045 5 26179045 0.00016282103646484
S5_26195288 5 26195288 0.000183132484879872
S5_26206022 5 26206022 0.00017304879580348
S5_26329541 5 26329541 5.89478190848192e-07
S5_26329661 5 26329661 0.000137190094819036
S5_26364003 5 26364003 1.16930402040297e-06
S5_26364004 5 26364004 1.16930402040297e-06
S5_26398561 5 26398561 0.000166971112281599
S5_26417301 5 26417301 0.000163845093783482
S5_26433665 5 26433665 1.29497343612531e-15
S5_26467536 5 26467536 6.00910402682984e-07
S5_26467550 5 26467550 6.00910402682984e-07
S5_26486888 5 26486888 0.000469200164940142
S5_26524126 5 26524126 0.000162574916612842
S5_26524573 5 26524573 0.000238371016211099
S5_26524705 5 26524705 0.000173041331523408
S5_26558043 5 26558043 0.0001646579754004
S5_26558101 5 26558101 0.000569350216124624
S5_26558472 5 26558472 0.000186728397290509
S5_26571117 5 26571117 0.000271072962384279
S5_26582443 5 26582443 0.000136039956467095
S5_26607255 5 26607255 0.000531098275242853
S5_26644812 5 26644812 0.000172011243041226
S5_26658739 5 26658739 0.000311095977213696
S5_26664831 5 26664831 0.00017383422659166
S5_26747585 5 26747585 0.000242113998868599
S5_26755022 5 26755022 0.000142695721851779
S5_26755041 5 26755041 0.000163790255690176
S5_26834745 5 26834745 0.000154775655093785
S5_26873216 5 26873216 0.000271187366103414
S5_26873242 5 26873242 0.000271187366103414
S5_26873248 5 26873248 0.000260437603578775
S5_26873249 5 26873249 0.000265067460825498
S5_26876272 5 26876272 0.000306250399755317
S5_26953028 5 26953028 0.000783458572880856
S5_26953068 5 26953068 0.000100007644609441
S5_26956725 5 26956725 7.22500665465766e-05
S5_26961134 5 26961134 0.000165038528964643
S5_26971212 5 26971212 0.000808003782403235
S5_26974896 5 26974896 0.0002954410975468
S5_27032847 5 27032847 0.000173366793922992
S5_27032935 5 27032935 0.000165929208385063
S5_27074020 5 27074020 0.000289758322281776
S5_27079105 5 27079105 0.000178413209418704
S5_27098455 5 27098455 0.000309106244925289
S5_27174245 5 27174245 0.000331363154238856
S5_27187446 5 27187446 0.000166414371436993
S5_27187759 5 27187759 5.12286141167197e-07
S5_27258995 5 27258995 0.000281802612999714
S5_27315986 5 27315986 0.000253551284284374
S5_27344202 5 27344202 5.07606792043522e-07
S5_27370006 5 27370006 0.000177849609844076
S5_27382525 5 27382525 0.000169686138097307
S5_27507642 5 27507642 0.000339656761478548
S5_27521790 5 27521790 0.000541529081965478
S5_27522666 5 27522666 0.000175934794672259
S5_27551744 5 27551744 0.000133013437973218
S5_27588578 5 27588578 0.000272470930251712
S5_27797801 5 27797801 0.000271055506544229
S5_27845578 5 27845578 1.43376739980922e-06
S5_27927688 5 27927688 7.68576362478277e-08
S5_27932200 5 27932200 7.13675854820805e-05
S5_27932217 5 27932217 0.000503127651655908
S5_27958385 5 27958385 0.000326537826039067
S5_27985122 5 27985122 0.000156492496334981
S5_28036680 5 28036680 1.77137109386918e-06
S5_28123787 5 28123787 1.07341317146394e-07
S5_28268331 5 28268331 0.000174392969415542
S5_28285337 5 28285337 1.47477698444738e-07
S5_28322971 5 28322971 3.56976502363613e-08
S5_28369552 5 28369552 0.000167948215574656
S5_28394083 5 28394083 0.000314021877590369
S5_28403045 5 28403045 0.000170777406858576
S5_28406987 5 28406987 0.000136900475833883
S5_28432739 5 28432739 0.000175908194008502
S5_28436464 5 28436464 0.000234169703810085
S5_28502975 5 28502975 1.98793538930025e-05
S5_28515918 5 28515918 6.48497958029507e-05
S5_28515927 5 28515927 3.63232189674087e-08
S5_28546670 5 28546670 1.36096312818488e-06
S5_28548383 5 28548383 7.84292014803426e-05
S5_28548411 5 28548411 6.35289469701414e-08
S5_28589893 5 28589893 2.09309575348653e-05
S5_28591885 5 28591885 6.72198507827636e-06
S5_28591917 5 28591917 5.87983154630136e-08
S5_28608197 5 28608197 2.65315168666009e-05
S5_28616541 5 28616541 1.66431527947105e-05
S5_28621627 5 28621627 1.13551226356439e-07
S5_28621649 5 28621649 7.25611391551858e-05
S5_28658340 5 28658340 5.49641782287855e-08
S5_28658996 5 28658996 0.000134004985116547
S5_28659007 5 28659007 0.000134004985116541
S5_28736038 5 28736038 0.000317059009668243
S5_28786515 5 28786515 0.000392980858363595
S5_28796257 5 28796257 0.000314839235178238
S5_28803887 5 28803887 0.000358208436199414
S5_28850208 5 28850208 7.36253972903233e-08
S5_28869871 5 28869871 4.47379252203153e-06
S5_28907380 5 28907380 0.000170190239260822
S5_28937339 5 28937339 0.000423868230148591
S5_28937355 5 28937355 0.000171332701729191
S5_28937387 5 28937387 8.45887440413545e-08
S5_28965064 5 28965064 0.000167353859156972
S5_29028561 5 29028561 0.000322002733121677
S5_29064107 5 29064107 1.86899159267266e-07
S5_29119807 5 29119807 0.000357323949053248
S5_29142203 5 29142203 0.000612989597642014
S5_29144450 5 29144450 0.000311229589289662
S5_29153254 5 29153254 0.000690365159923748
S5_29153617 5 29153617 0.000454152561420172
S5_29180483 5 29180483 8.57180442844426e-07
S5_29203631 5 29203631 0.000203295245064012
S5_29215488 5 29215488 0.000304585970466556
S5_29247951 5 29247951 0.000181722117833789
S5_29253233 5 29253233 0.000599316751405852
S5_29294523 5 29294523 8.70815055930462e-08
S5_29297596 5 29297596 9.14161089761608e-08
S5_29315590 5 29315590 0.000337235809426527
S5_29345925 5 29345925 0.000160306023930861
S5_29381483 5 29381483 1.93393956078313e-08
S5_29383172 5 29383172 0.000603872870803544
S5_29413716 5 29413716 1.28503122876684e-06
S5_29429119 5 29429119 6.5587181694274e-08
S5_29556420 5 29556420 0.000326051166752634
S5_29603843 5 29603843 0.000301484126583681
S5_29633888 5 29633888 1.26712586876661e-07
S5_29650211 5 29650211 0.000168443793136022
S5_29650237 5 29650237 8.02568064925395e-08
S5_29704525 5 29704525 0.000414356296237289
S5_29705647 5 29705647 2.8093130826539e-05
S5_29728539 5 29728539 0.000695621794895006
S5_29764570 5 29764570 0.000172575225820933
S5_29764574 5 29764574 0.000175899383848853
S5_29857386 5 29857386 7.53968934447299e-07
S5_29864395 5 29864395 1.14096250872909e-05
S5_29926774 5 29926774 0.000490537829047195
S5_29927353 5 29927353 0.000582448192609253
S5_29984764 5 29984764 0.000311702824478607
S5_30034670 5 30034670 9.02772503639744e-08
S5_30034725 5 30034725 0.000103058485367813
S5_30101238 5 30101238 0.000287604434505503
S5_30151477 5 30151477 0.000267652683899663
S5_30151536 5 30151536 0.000437942302513409
S5_30151544 5 30151544 0.000287192625239412
S5_30152344 5 30152344 3.28155456942961e-08
S5_30192675 5 30192675 1.97559362063156e-07
S5_30210629 5 30210629 0.000215167616438332
S5_30236120 5 30236120 0.000297791554955065
S5_30237932 5 30237932 0.000196778153690671
S5_30347316 5 30347316 1.3414153446581e-07
S5_30412963 5 30412963 0.000306685254106451
S5_30412967 5 30412967 3.93010246505012e-07
S5_30472892 5 30472892 0.000203076728085619
S5_30478007 5 30478007 1.03303959352264e-06
S5_30554365 5 30554365 8.34837068375307e-05
S5_30554446 5 30554446 0.000275069418899888
S5_30589970 5 30589970 0.000169107801827469
S5_30595053 5 30595053 0.000292873448436766
S5_30636650 5 30636650 0.000161525423819589
S5_30638030 5 30638030 0.000288114901018039
S5_30684360 5 30684360 7.67349409211032e-06
S5_30791601 5 30791601 1.73158323971444e-07
S5_30801015 5 30801015 0.000150133224931491
S5_30806595 5 30806595 3.10956070276651e-05
S5_30806606 5 30806606 3.51237458606703e-05
S5_30809523 5 30809523 4.09928162590857e-07
S5_30880234 5 30880234 0.000175087367649565
S5_30880286 5 30880286 0.000283746521594568
S5_30881759 5 30881759 1.36870239187888e-07
S5_30928841 5 30928841 0.000177775684456879
S5_30930939 5 30930939 0.000286274441635846
S5_30931937 5 30931937 6.9351534795734e-06
S5_30931995 5 30931995 0.000292199189221098
S5_31017657 5 31017657 0.000309862145312625
S5_31023821 5 31023821 0.000163089620765532
S5_31035072 5 31035072 0.000287605862641993
S5_31096320 5 31096320 0.000208553706454241
S5_31113989 5 31113989 0.000180832781411482
S5_31115951 5 31115951 4.27005002642232e-08
S5_31116092 5 31116092 2.26801331786054e-06
S5_31119816 5 31119816 0.000294489109230536
S5_31155291 5 31155291 0.000184762317268308
S5_31277021 5 31277021 0.000334252569213182
S5_31333063 5 31333063 0.000135404527894175
S5_31379742 5 31379742 0.000771473731241438
S5_31441444 5 31441444 0.000181213275136417
S5_31441580 5 31441580 4.54041332958151e-05
S5_31458053 5 31458053 1.27783456746872e-06
S5_31460145 5 31460145 0.000166762703267778
S5_31574681 5 31574681 0.000184937852254295
S5_31773685 5 31773685 0.000198262059077339
S5_31807864 5 31807864 0.000176507068967096
S5_31875849 5 31875849 0.000315508701874372
S5_31926128 5 31926128 0.000548158771951378
S5_31931903 5 31931903 0.000260038742192263
S5_31947859 5 31947859 0.000253581918011354
S5_31948890 5 31948890 0.000179076572439381
S5_31956142 5 31956142 0.000254166802789184
S5_32018028 5 32018028 0.000188325379990182
S5_32050741 5 32050741 0.000175475150817757
S5_32050758 5 32050758 0.000175475150817757
S5_32102698 5 32102698 0.000189626323604166
S5_32104405 5 32104405 0.000171196820190414
S5_32157531 5 32157531 0.000168471215296153
S5_32158276 5 32158276 0.000310606908920846
S5_32163956 5 32163956 0.000166117922291885
S5_32349232 5 32349232 0.000174412399427701
S5_32349246 5 32349246 0.000174412399427696
S5_32362134 5 32362134 0.000186064729462567
S5_32391067 5 32391067 0.000808726957815175
S5_32400533 5 32400533 0.000170150722672719
S5_32400555 5 32400555 0.000170150722672719
S5_32427459 5 32427459 0.000284654452740105
S5_32486995 5 32486995 0.000452242280685225
S5_32487007 5 32487007 0.000452242280685261
S5_32497546 5 32497546 0.000723603472884917
S5_32583084 5 32583084 0.000172036119393701
S5_32655971 5 32655971 3.50539361306976e-05
S5_32656350 5 32656350 0.000348372088671896
S5_32727261 5 32727261 0.000173390413672029
S5_32749353 5 32749353 0.00028046802646666
S5_32749430 5 32749430 0.000192717285672971
S5_32765247 5 32765247 2.99281090211122e-05
S5_32777621 5 32777621 1.16970747537898e-08
S5_32777623 5 32777623 1.16970747537901e-08
S5_32777626 5 32777626 1.16970747537898e-08
S5_32777627 5 32777627 1.16970747537898e-08
S5_32777628 5 32777628 1.16970747537898e-08
S5_32816461 5 32816461 0.000330346579964649
S5_32816479 5 32816479 0.000330346579964649
S5_32872043 5 32872043 0.000181466332552729
S5_32872067 5 32872067 0.000181466332552725
S5_32919726 5 32919726 0.000175052946168664
S5_32919748 5 32919748 0.000175052946168672
S5_32952168 5 32952168 0.000321743361331803
S5_32971789 5 32971789 0.000163583340526189
S5_32971795 5 32971795 0.000283150097546454
S5_32975856 5 32975856 0.000177852535871385
S5_32987614 5 32987614 0.000174901453298672
S5_33009722 5 33009722 0.000181904768226063
S5_33016745 5 33016745 0.000254533211143556
S5_33037772 5 33037772 0.000163055086212015
S5_33060739 5 33060739 0.000185105216736059
S5_33088897 5 33088897 8.59101491277168e-05
S5_33088900 5 33088900 0.000142320951120397
S5_33109811 5 33109811 0.000147067984863705
S5_33167836 5 33167836 0.000598061649585028
S5_33179880 5 33179880 0.000184937852254295
S5_33215381 5 33215381 0.000100219755432852
S5_33243812 5 33243812 0.000171511355095622
S5_33255260 5 33255260 0.000162192407984943
S5_33255262 5 33255262 0.000162192407984938
S5_33265811 5 33265811 0.000474591197567072
S5_33268538 5 33268538 0.000487294349114999
S5_33276515 5 33276515 0.000160247028641488
S5_33295184 5 33295184 0.00016829443919533
S5_33300972 5 33300972 0.000181886057401046
S5_33313067 5 33313067 7.13500387125578e-07
S5_33391502 5 33391502 0.000340825283236428
S5_33639778 5 33639778 0.000148316189713475
S5_33672129 5 33672129 0.000259534652698769
S5_33688019 5 33688019 0.00017569389409709
S5_33689195 5 33689195 0.000295898465008285
S5_33691831 5 33691831 3.89346884855171e-06
S5_33691981 5 33691981 0.00017262429066476
S5_33740436 5 33740436 0.000346400647354422
S5_33742909 5 33742909 0.000166569796361329
S5_33774057 5 33774057 0.000509205912250045
S5_33821113 5 33821113 0.000151178626912897
S5_33836265 5 33836265 8.16109959202187e-05
S5_33836285 5 33836285 0.000195175541105491
S5_33848895 5 33848895 0.000183075836446145
S5_33859990 5 33859990 0.000173934071310478
S5_33860109 5 33860109 0.000434571532188951
S5_33873266 5 33873266 0.000139214588916536
S5_33915930 5 33915930 0.000277723624649239
S5_33927743 5 33927743 0.000177961243707383
S5_33928061 5 33928061 0.000179379449025718
S5_33971430 5 33971430 0.000165201126963382
S5_33973217 5 33973217 0.000450190036709255
S5_33992817 5 33992817 0.000272599714830449
S5_34064812 5 34064812 2.41055617310564e-05
S5_34064842 5 34064842 2.52298590215126e-09
S5_34064856 5 34064856 0.000176160789296535
S5_34126346 5 34126346 0.000280703400215219
S5_34195969 5 34195969 0.000172746971030199
S5_34255037 5 34255037 0.000160605455141944
S5_34272557 5 34272557 0.000182986384099775
S5_34316997 5 34316997 0.000258995608817094
S5_34317005 5 34317005 0.00023871631852244
S5_34319913 5 34319913 0.000166706585620318
S5_34320141 5 34320141 0.00016130045989215
S5_34337285 5 34337285 0.000563196441865325
S5_34354606 5 34354606 0.000271265024897555
S5_34455450 5 34455450 0.000150176269784686
S5_34462450 5 34462450 0.000239005689180882
S5_34469766 5 34469766 0.000184548215329945
S5_34540474 5 34540474 0.000522264182108575
S5_34595419 5 34595419 0.000181627534568454
S5_34619379 5 34619379 0.000176720461057158
S5_34676201 5 34676201 0.00028304170941513
S5_34679610 5 34679610 0.000109088400729713
S5_34706955 5 34706955 5.77869486790267e-08
S5_34707004 5 34707004 5.77869486790267e-08
S5_34766595 5 34766595 0.0002050823869114
S5_34829355 5 34829355 1.25389263554384e-07
S5_34935465 5 34935465 0.000286291923107229
S5_34957674 5 34957674 8.21762126165668e-06
S5_35062911 5 35062911 0.000168944172343937
S5_35066566 5 35066566 0.000181422086871937
S5_35250895 5 35250895 3.30403580383149e-08
S5_35384849 5 35384849 0.000175408822575693
S5_35450893 5 35450893 0.000160146332691897
S5_35463797 5 35463797 0.000155516952298895
S5_35470024 5 35470024 0.000181183196507215
S5_35491592 5 35491592 0.000161648590211066
S5_35569750 5 35569750 0.000531695334246037
S5_35655528 5 35655528 0.000314153562068186
S5_35708877 5 35708877 0.000837529715251956
S5_35729718 5 35729718 0.000169947415068105
S5_35729730 5 35729730 0.000169947415068099
S5_35743565 5 35743565 0.000516377914263963
S5_35781149 5 35781149 0.000172943728484048
S5_35799904 5 35799904 6.36683919045287e-05
S5_35849671 5 35849671 0.000170459607446432
S5_35849708 5 35849708 0.000170459607446432
S5_35878526 5 35878526 2.64565383621829e-05
S5_35906475 5 35906475 0.000166896127986003
S5_35908699 5 35908699 0.000221487149927274
S5_35926558 5 35926558 1.50761817308321e-14
S5_35929541 5 35929541 0.000170691557616798
S5_35935468 5 35935468 0.000177889263064908
S5_35935585 5 35935585 0.000199488957314286
S5_35981708 5 35981708 5.27784157301959e-06
S5_36014054 5 36014054 0.000482615020598368
S5_36112582 5 36112582 0.000165476505647341
S5_36112589 5 36112589 5.14477043285598e-06
S5_36224134 5 36224134 0.00021660142065761
S5_36435439 5 36435439 0.0002644639767415
S5_36435582 5 36435582 7.37962380241801e-06
S5_36435596 5 36435596 0.000222214958417805
S5_36586875 5 36586875 0.0001461314822505
S5_36599778 5 36599778 0.00022878899016811
S5_36862928 5 36862928 1.59769261951547e-08
S5_37241157 5 37241157 0.000177466739576025
S5_37249215 5 37249215 9.80686508925368e-05
S5_37253895 5 37253895 2.98162065165301e-05
S5_37279169 5 37279169 2.32363025203243e-06
S5_37359612 5 37359612 7.33532600487138e-06
S5_37410936 5 37410936 0.000240347848603591
S5_37415174 5 37415174 0.00013844544373356
S5_37441022 5 37441022 1.20532404208682e-05
S5_37494398 5 37494398 2.47092598249e-05
S5_38342947 5 38342947 4.84431632898017e-05
S5_38343022 5 38343022 0.000188760211291723
S5_38360730 5 38360730 7.96411633163873e-08
S5_38425356 5 38425356 0.000161776520457178
S5_38586345 5 38586345 0.00018288951804446
S5_38660646 5 38660646 0.000376856235610259
S5_40960324 5 40960324 0.000139949135764274
S5_40962198 5 40962198 0.000182305524896297
S5_40978967 5 40978967 0.000204580592307688
S5_41091577 5 41091577 0.000233384435687118
S5_41119755 5 41119755 0.000205501622305538
S5_41363519 5 41363519 0.000411021995345007
S5_41382017 5 41382017 9.69631867310959e-09
S5_41423667 5 41423667 1.36386047783078e-14
S5_41423678 5 41423678 1.36386047783078e-14
S5_41454888 5 41454888 0.000177432519855621
S5_41533685 5 41533685 0.000797077366853286
S5_41533772 5 41533772 0.000638418577089307
S5_41591299 5 41591299 0.000547462279542939
S5_41684822 5 41684822 0.000701283795605394
S5_41832695 5 41832695 5.01936115670891e-05
S5_41970546 5 41970546 3.24221208807548e-24
S5_42248783 5 42248783 1.64437150545737e-05
S5_43011986 5 43011986 0.000695231114638243
S5_43791277 5 43791277 5.76823973893105e-06
S5_44057084 5 44057084 0.000822534353289152
S5_44057086 5 44057086 0.000822534353289048
S5_44068177 5 44068177 0.000692606671991948
S5_44088809 5 44088809 0.00088516142969202
S5_44109849 5 44109849 0.000710198771679411
S5_44237465 5 44237465 0.00091037340329563
S5_44244798 5 44244798 0.000281036538000558
S5_44244913 5 44244913 0.000887936619378572
S5_44319692 5 44319692 0.000800812387038069
S5_44319693 5 44319693 0.000299630350001915
S5_44376185 5 44376185 0.000708864951782163
S5_44380575 5 44380575 0.000283293292584562
S5_44385095 5 44385095 0.000841082476017606
S5_44389934 5 44389934 0.000683474445618759
S5_44389962 5 44389962 0.000661347397717399
S5_44389985 5 44389985 0.000683474445618759
S5_44400824 5 44400824 2.76261269363444e-07
S5_44539350 5 44539350 5.55499308179504e-05
S5_44579749 5 44579749 0.000124373233338026
S5_44603767 5 44603767 0.000748247256647117
S5_44605872 5 44605872 6.79973639770166e-15
S5_44605908 5 44605908 2.19872710045345e-06
S5_44611163 5 44611163 0.000181725707060896
S5_44628888 5 44628888 0.000781059973132062
S5_44628904 5 44628904 0.000781059973132062
S5_44628936 5 44628936 0.000781059973132062
S5_44737777 5 44737777 0.000492768409264651
S5_44737989 5 44737989 0.000911669635969828
S5_44746689 5 44746689 0.000192388624957477
S5_44831488 5 44831488 0.000328207209408471
S5_44862584 5 44862584 0.000971129887570631
S5_44886119 5 44886119 0.000547974402904006
S5_44886268 5 44886268 7.64577552851888e-05
S5_44917658 5 44917658 0.000785282831384642
S5_44917735 5 44917735 0.000562419997125037
S5_44965050 5 44965050 0.000887136969552302
S5_45173269 5 45173269 1.41118057720257e-05
S5_45208318 5 45208318 0.000255680379640034
S5_45209560 5 45209560 0.000669930665360698
S5_45229169 5 45229169 8.62223113141857e-05
S5_45237419 5 45237419 3.65356502124187e-05
S5_45262247 5 45262247 6.12847287534016e-07
S5_45562226 5 45562226 0.000534297880151777
S5_45595996 5 45595996 0.00044998965218014
S5_45609047 5 45609047 5.88609209624225e-05
S5_45673069 5 45673069 3.54175653942112e-05
S5_45674292 5 45674292 2.81950810133646e-05
S5_45701012 5 45701012 6.53277713242454e-05
S5_46218793 5 46218793 1.5801183896964e-06
S5_46218979 5 46218979 0.000617326973311513
S5_46219067 5 46219067 0.000102625911925681
S5_46243862 5 46243862 0.000987740973370935
S5_46244537 5 46244537 5.23475254327529e-05
S5_46281274 5 46281274 0.000641787066192335
S5_46281302 5 46281302 0.000641787066192335
S5_46312488 5 46312488 9.54185694121742e-05
S5_46352282 5 46352282 0.000575320166575707
S5_46352286 5 46352286 7.31477510711834e-06
S5_46393008 5 46393008 0.00034637128435381
S5_46467129 5 46467129 5.94121924582796e-08
S5_46505512 5 46505512 4.88682362279968e-05
S5_46575236 5 46575236 2.74717477234776e-05
S5_46578214 5 46578214 0.000527202194448196
S5_46578225 5 46578225 0.000102864151139034
S5_46706180 5 46706180 0.00097150969841223
S5_46887687 5 46887687 0.000920306517947728
S5_46915377 5 46915377 0.000957270851130759
S5_46915389 5 46915389 0.000957270851130759
S5_46932326 5 46932326 0.000811328654508584
S5_46932349 5 46932349 0.000166327457383205
S5_47004992 5 47004992 8.57899946618694e-05
S5_47068985 5 47068985 0.000147205495236217
S5_47196397 5 47196397 2.793706545676e-05
S5_47260198 5 47260198 0.000296333856201623
S5_47290583 5 47290583 0.000134200219061212
S5_47290584 5 47290584 0.000134200219061212
S5_47290589 5 47290589 0.000134200219061212
S5_47582121 5 47582121 0.000385752816705893
S5_47585357 5 47585357 0.000467151900498005
S5_47695964 5 47695964 0.000606118128693332
S5_47707979 5 47707979 5.89648470712477e-05
S5_47855915 5 47855915 0.00046037828852567
S5_47908406 5 47908406 2.49689149297163e-05
S5_48029861 5 48029861 0.000925417350337688
S5_48029864 5 48029864 0.000925417350337704
S5_48033871 5 48033871 0.00049227266590487
S5_48175863 5 48175863 0.000510522816319064
S5_48261934 5 48261934 9.67020638012063e-06
S5_48271415 5 48271415 4.2751685654826e-11
S5_48307962 5 48307962 3.73967895418762e-06
S5_48386063 5 48386063 5.89596437600278e-05
S5_48386065 5 48386065 5.89596437600265e-05
S5_48425074 5 48425074 1.07698733749512e-10
S5_48441770 5 48441770 1.33115065451488e-14
S5_48536193 5 48536193 4.61254482282306e-07
S5_48712034 5 48712034 0.000420953943537279
S5_48712070 5 48712070 0.000420953943537279
S5_48784390 5 48784390 0.000165682521940166
S5_49207926 5 49207926 0.000601264175169556
S5_49337335 5 49337335 0.000401514245228245
S5_49347497 5 49347497 1.15538988257517e-08
S5_49349988 5 49349988 2.96274304232425e-07
S5_49430024 5 49430024 1.48172007981718e-05
S5_49498836 5 49498836 0.000231134566235304
S5_49626754 5 49626754 0.000780792882767035
S5_49663994 5 49663994 0.000830210228162816
S5_49760117 5 49760117 0.000304536112499537
S5_49805175 5 49805175 0.000871441309216895
S5_49812743 5 49812743 0.000302171126203718
S5_50049203 5 50049203 1.29482865470682e-07
S5_51552046 5 51552046 0.000100258298243974
S5_51559034 5 51559034 0.000279313520694888
S5_51606655 5 51606655 0.000445064297189757
S5_51636143 5 51636143 0.000824247140212832
S5_51636196 5 51636196 0.000170035922091869
S5_51642928 5 51642928 0.000759912996281218
S5_51645461 5 51645461 0.000943773823108733
S5_51658800 5 51658800 4.5996506999519e-07
S5_51672382 5 51672382 0.000238477127315257
S5_51723895 5 51723895 6.88495031846083e-13
S5_51724339 5 51724339 6.66450055571788e-07
S5_51757707 5 51757707 1.00388660827064e-10
S5_51757747 5 51757747 1.0038866082707e-10
S5_51763037 5 51763037 5.26037616847433e-08
S5_51766693 5 51766693 1.69194370307447e-05
S5_51772600 5 51772600 0.000930426187206709
S5_51772601 5 51772601 0.000930426187206709
S5_51778563 5 51778563 6.4472029083755e-12
S5_51796488 5 51796488 1.29169366770581e-09
S5_51834522 5 51834522 6.63347194896292e-05
S5_51845012 5 51845012 1.69758535852107e-07
S5_51845051 5 51845051 1.69758535852107e-07
S5_51917273 5 51917273 6.29649437884777e-05
S5_51967890 5 51967890 6.0774988512947e-06
S5_52036353 5 52036353 1.75140880359035e-06
S5_52089152 5 52089152 0.000357433763429104
S5_52142335 5 52142335 5.32391430317597e-05
S5_52180727 5 52180727 5.05926366166174e-09
S5_52370132 5 52370132 0.000400308659722535
S5_52407280 5 52407280 0.000725851317233595
S5_52419029 5 52419029 1.1060032595259e-06
S5_52432730 5 52432730 1.20430777213355e-06
S5_52433867 5 52433867 3.55045002355254e-13
S5_52433897 5 52433897 3.55045002355254e-13
S5_52433970 5 52433970 1.03287547333068e-05
S5_52433993 5 52433993 1.03287547333075e-05
S5_52449791 5 52449791 0.000639927298536019
S5_52449807 5 52449807 0.000348813307190699
S5_52449825 5 52449825 0.000639927298536019
S5_52453645 5 52453645 4.02191588333832e-06
S5_52457993 5 52457993 2.20296073590342e-05
S5_52457997 5 52457997 2.20296073590342e-05
S5_52458008 5 52458008 2.20296073590342e-05
S5_52458195 5 52458195 6.58635822570823e-08
S5_52458235 5 52458235 6.84104029132745e-08
S5_52458427 5 52458427 1.27040830719604e-06
S5_52458481 5 52458481 5.0789225502885e-05
S5_52469572 5 52469572 1.65848052193478e-13
S5_52470107 5 52470107 0.000278027809798812
S5_52470143 5 52470143 0.000140866818775168
S5_52485365 5 52485365 4.82256398939027e-05
S5_52485999 5 52485999 1.40813567580618e-16
S5_52486002 5 52486002 0.00082680376878056
S5_52525054 5 52525054 4.64681050326477e-05
S5_52525297 5 52525297 0.000347408815725837
S5_52525913 5 52525913 1.27974841505088e-06
S5_52525918 5 52525918 1.52493224185159e-06
S5_52525927 5 52525927 1.27974841505088e-06
S5_52541650 5 52541650 0.00044278609461273
S5_52541902 5 52541902 4.69851520338228e-05
S5_52541911 5 52541911 4.69851520338228e-05
S5_52545601 5 52545601 0.000313720481887299
S5_52545619 5 52545619 0.00061339492788911
S5_52556305 5 52556305 0.000402397877568962
S5_52561730 5 52561730 0.000170468728746035
S5_52561732 5 52561732 0.000170468728746035
S5_52561756 5 52561756 0.000265321887547599
S5_52570657 5 52570657 0.000327382827475164
S5_52570722 5 52570722 1.90033013508768e-06
S5_52570840 5 52570840 0.000905197770175908
S5_52584249 5 52584249 0.000252310975311982
S5_52587145 5 52587145 4.13259893999689e-07
S5_52589323 5 52589323 7.06057384561775e-09
S5_52594927 5 52594927 1.06122650497475e-05
S5_52603249 5 52603249 0.000329323058420017
S5_52603275 5 52603275 7.1790603868567e-06
S5_52603293 5 52603293 0.000329323058420017
S5_52603317 5 52603317 0.000335308779666049
S5_52615268 5 52615268 6.52791004339387e-05
S5_52616094 5 52616094 7.34657073413049e-06
S5_52632758 5 52632758 1.54390693746908e-06
S5_52633593 5 52633593 0.000327567937115209
S5_52744891 5 52744891 4.85214007211669e-06
S5_52753110 5 52753110 3.24173977211433e-07
S5_52780871 5 52780871 0.000813129962354728
S5_52814003 5 52814003 4.24184557923848e-05
S5_52842242 5 52842242 9.83194487020494e-08
S5_52842243 5 52842243 9.83194487020461e-08
S5_52855916 5 52855916 0.000449313760402036
S5_52942710 5 52942710 3.56225778031133e-08
S5_52942790 5 52942790 0.000346850687569053
S5_52959950 5 52959950 0.000199272598275072
S5_52959992 5 52959992 4.62138494372399e-07
S5_53005151 5 53005151 0.000766391456746024
S5_53072543 5 53072543 2.06929036914881e-09
S5_53109261 5 53109261 2.88323479883436e-12
S5_53140550 5 53140550 2.94739728149745e-05
S5_53144852 5 53144852 5.63625214743213e-06
S5_53145040 5 53145040 1.16967423220793e-05
S5_53145042 5 53145042 1.91269250827266e-05
S5_53145043 5 53145043 1.16967423220793e-05
S5_53145086 5 53145086 5.18949454590086e-06
S5_53203699 5 53203699 3.16204650798306e-14
S5_53244968 5 53244968 6.7540172970708e-07
S5_53276353 5 53276353 0.000541446968090712
S5_53297859 5 53297859 2.75865664960952e-06
S5_53352514 5 53352514 3.3991665134326e-12
S5_53355742 5 53355742 2.75756954000346e-17
S5_53366075 5 53366075 0.000417475609331179
S5_53425726 5 53425726 2.00153773017196e-12
S5_53476274 5 53476274 7.48490132530917e-05
S5_53476315 5 53476315 7.48490132530917e-05
S5_53476333 5 53476333 1.66974681812028e-05
S5_53476361 5 53476361 1.66974681812028e-05
S5_53476394 5 53476394 1.21786663875746e-08
S5_53476456 5 53476456 6.97095743537174e-09
S5_53476486 5 53476486 4.19156299048583e-07
S5_53476986 5 53476986 1.31911347668552e-10
S5_53497452 5 53497452 0.000199000177353381
S5_53614238 5 53614238 0.000171052055683661
S5_53614249 5 53614249 0.000171052055683661
S5_53707722 5 53707722 1.25032437354763e-10
S5_53744114 5 53744114 9.61017515997494e-05
S5_53746918 5 53746918 0.00022036278659263
S5_53747500 5 53747500 0.000431837580765163
S5_53749553 5 53749553 1.11112213536357e-05
S5_53905582 5 53905582 2.24854961647949e-05
S5_53905583 5 53905583 1.59329330342134e-05
S5_53934143 5 53934143 1.05777595095333e-15
S5_53937542 5 53937542 1.7153290330153e-14
S5_53972619 5 53972619 0.000112179910158347
S5_53973479 5 53973479 1.14082536551082e-06
S5_53998282 5 53998282 0.000255098125273082
S5_54119838 5 54119838 2.96822029124701e-06
S5_54121825 5 54121825 0.000122339172284632
S5_54172931 5 54172931 6.95589354278141e-05
S5_54216086 5 54216086 1.72833290219533e-10
S5_54262174 5 54262174 2.29764611658813e-05
S5_54512119 5 54512119 0.000836936631443727
S5_54512122 5 54512122 0.000836936631443727
S5_54523428 5 54523428 0.000205402254320605
S5_54525718 5 54525718 5.13325791911544e-07
S5_54525719 5 54525719 1.09576328966261e-08
S5_54525722 5 54525722 5.13325791911534e-07
S5_54529000 5 54529000 0.000798242510965911
S5_54581738 5 54581738 6.89302971439166e-05
S5_54592404 5 54592404 4.51866278728875e-06
S5_54672446 5 54672446 1.45720185811536e-06
S5_54682685 5 54682685 2.20973165101578e-05
S5_54692566 5 54692566 1.74133381550936e-05
S5_54752395 5 54752395 2.32333318082405e-05
S5_54790037 5 54790037 1.23307244275521e-09
S5_54980782 5 54980782 0.0007517868618201
S5_54980813 5 54980813 0.000819901049968532
S5_54980824 5 54980824 0.000285051825347604
S5_55014410 5 55014410 2.62752401819226e-06
S5_55137169 5 55137169 0.000209458204398918
S5_55169335 5 55169335 0.000219253884515192
S5_55169359 5 55169359 9.24875906319379e-08
S5_55174800 5 55174800 1.21113690187073e-05
S5_55209716 5 55209716 0.000701975915129666
S5_55302192 5 55302192 1.48419993288057e-05
S5_55402334 5 55402334 2.83031956653616e-05
S5_55420314 5 55420314 0.000133744435798463
S5_55464550 5 55464550 2.44280003613811e-05
S5_55583716 5 55583716 1.02209113384774e-08
S5_55625825 5 55625825 2.12947181030303e-07
S5_55633120 5 55633120 0.000690387669625396
S5_55690761 5 55690761 0.000759406712821815
S5_55697374 5 55697374 3.03859336466309e-06
S5_55701177 5 55701177 8.95007305953374e-19
S5_55701581 5 55701581 0.000641829685005618
S5_55706546 5 55706546 0.000620040919553151
S5_55780899 5 55780899 4.28510305394608e-07
S5_55781145 5 55781145 7.1783021625538e-07
S5_55793991 5 55793991 4.92159007124126e-09
S5_55807389 5 55807389 3.66045895704678e-17
S5_55825215 5 55825215 5.4180256614249e-10
S5_55855558 5 55855558 1.32396197010824e-12
S5_55869852 5 55869852 1.18013098149487e-05
S5_55876507 5 55876507 0.000241260180770671
S5_55901584 5 55901584 2.24670387455377e-06
S5_55908496 5 55908496 1.35726209435916e-06
S5_56029898 5 56029898 9.86235326151002e-05
S5_56067939 5 56067939 2.90707730162262e-05
S5_56128343 5 56128343 0.000351290008635156
S5_56129102 5 56129102 1.72453185532209e-05
S5_56129235 5 56129235 0.000836604529594185
S5_56129809 5 56129809 3.28596328193422e-08
S5_56143992 5 56143992 1.4767972219006e-05
S5_56212342 5 56212342 3.42605150312233e-08
S5_56360570 5 56360570 4.75585910995835e-05
S5_56362687 5 56362687 0.000292308845781933
S5_56373589 5 56373589 0.0001612728475017
S5_56373633 5 56373633 0.000139070822706501
S5_56409301 5 56409301 9.22683777159648e-05
S5_56409875 5 56409875 0.000161053107275888
S5_56410187 5 56410187 0.000614165999474271
S5_56410239 5 56410239 0.000614165999474271
S5_56410321 5 56410321 0.000130952311745302
S5_56410599 5 56410599 1.58929787210708e-05
S5_56411963 5 56411963 0.00011972776998626
S5_56411981 5 56411981 0.000119727769986243
S5_56429259 5 56429259 0.000560850478320231
S5_56791979 5 56791979 1.85399097367725e-05
S5_56795574 5 56795574 1.32386185417357e-05
S5_56841038 5 56841038 2.7547289869814e-06
S5_56852338 5 56852338 0.00087303913282323
S5_56858357 5 56858357 0.000436416668650157
S5_56917620 5 56917620 0.000212335394400081
S5_56932898 5 56932898 7.82568290225105e-06
S5_57113834 5 57113834 0.000192871942917465
S5_57117963 5 57117963 0.000887365606652161
S5_57127501 5 57127501 0.000156650900448146
S5_57227188 5 57227188 5.35275444442768e-07
S5_57387559 5 57387559 0.000360131268116052
S5_57391802 5 57391802 1.67061207070704e-05
S5_57403391 5 57403391 0.000381755826132761
S5_57404308 5 57404308 0.00055704347463956
S5_57411798 5 57411798 0.000439826619289453
S5_57413439 5 57413439 0.00048260757211389
S5_57413442 5 57413442 0.000482607572114025
S5_57416500 5 57416500 0.00010738260261373
S5_57417378 5 57417378 0.0009515947288458
S5_57417379 5 57417379 2.91159560582274e-05
S5_57417470 5 57417470 0.000845281118039574
S5_57417500 5 57417500 0.000845281118039574
S5_57467551 5 57467551 2.8762544243169e-05
S5_57467552 5 57467552 2.8762544243169e-05
S5_57517042 5 57517042 9.49252532910551e-10
S5_57621739 5 57621739 4.98223327220243e-07
S5_57655067 5 57655067 9.97577856961364e-06
S5_57713010 5 57713010 0.000978820421422788
S5_57745886 5 57745886 0.000986535548839483
S5_57774859 5 57774859 8.93184735513163e-07
S5_57775892 5 57775892 5.31737977384833e-07
S5_57782913 5 57782913 0.000556613197969942
S5_57785532 5 57785532 0.000103463466919464
S5_57785538 5 57785538 0.000103463466919464
S5_57842210 5 57842210 6.09379127798835e-07
S5_57846522 5 57846522 2.79322999876271e-08
S5_57846523 5 57846523 2.79322999876271e-08
S5_57863556 5 57863556 6.44786962954783e-05
S5_57863557 5 57863557 6.44786962954783e-05
S5_57864045 5 57864045 5.49381136440732e-08
S5_57865417 5 57865417 9.32304554252759e-05
S5_57896365 5 57896365 3.3528611531373e-05
S5_57914208 5 57914208 0.000316800437665305
S5_57914242 5 57914242 0.000316800437665305
S5_57960046 5 57960046 5.12683375748684e-08
S5_57971425 5 57971425 0.000659043394839564
S5_58002158 5 58002158 6.94113080500467e-12
S5_58050247 5 58050247 9.30375801547847e-05
S5_58058224 5 58058224 6.73830348364512e-06
S5_58058238 5 58058238 0.00027343999492707
S5_58058599 5 58058599 6.59535700578122e-05
S5_58058633 5 58058633 1.72753803819481e-05
S5_58058712 5 58058712 0.000262137193371211
S5_58064674 5 58064674 0.000937166132749516
S5_58073562 5 58073562 0.00032251333220878
S5_58073840 5 58073840 3.24125180674912e-07
S5_58091230 5 58091230 1.0967108187612e-06
S5_58091239 5 58091239 1.0967108187612e-06
S5_58091248 5 58091248 1.0967108187612e-06
S5_58111331 5 58111331 0.000119674286434582
S5_58111409 5 58111409 5.04647393217336e-06
S5_58196841 5 58196841 0.000288212994910112
S5_58196842 5 58196842 0.000288212994910112
S5_58219031 5 58219031 3.17560940458051e-05
S5_58225049 5 58225049 2.06533697872739e-07
S5_58230950 5 58230950 0.000550633506119557
S5_58230951 5 58230951 0.000550633506119497
S5_58257447 5 58257447 7.84480192496238e-05
S5_58257448 5 58257448 7.84480192496238e-05
S5_58257491 5 58257491 7.84480192496238e-05
S5_58258124 5 58258124 0.000388509214921105
S5_58258154 5 58258154 0.000388509214921105
S5_58258169 5 58258169 0.000388509214921105
S5_58258638 5 58258638 4.54675041704907e-07
S5_58258678 5 58258678 4.20112311616222e-06
S5_58258836 5 58258836 0.000162204099707343
S5_58258990 5 58258990 1.17239878095284e-05
S5_58267282 5 58267282 8.34753973522616e-06
S5_58276036 5 58276036 0.00066642964342148
S5_58414313 5 58414313 5.95738825368523e-05
S5_58435091 5 58435091 8.15256902377752e-06
S5_58437748 5 58437748 0.000457428514863116
S5_58463127 5 58463127 0.000685357297769186
S5_58470039 5 58470039 0.000783309056709295
S5_58473854 5 58473854 0.00048301338690898
S5_58555367 5 58555367 7.07136338636387e-08
S5_58581225 5 58581225 2.93385427880557e-07
S5_58637530 5 58637530 3.85067046833486e-12
S5_58646739 5 58646739 2.97497776788715e-08
S5_58646772 5 58646772 3.08440144035317e-08
S5_58652025 5 58652025 1.1033210153453e-05
S5_58652221 5 58652221 6.30481363193724e-05
S5_58653785 5 58653785 5.60662017688621e-06
S5_58660955 5 58660955 1.41523351845255e-06
S5_58662054 5 58662054 1.05766969257182e-08
S5_58723391 5 58723391 1.50584498003459e-13
S5_58784156 5 58784156 4.26904438512695e-07
S5_58805952 5 58805952 6.38045383543732e-06
S5_58872794 5 58872794 0.00054957393540489
S5_58879911 5 58879911 0.000118087313535856
S5_58927795 5 58927795 6.98605452392461e-07
S5_58927813 5 58927813 6.98605452392649e-07
S5_58927816 5 58927816 6.98605452392461e-07
S5_58960241 5 58960241 0.00045262079849586
S5_58963008 5 58963008 0.000415474479832466
S5_58963200 5 58963200 0.000405589639536138
S5_58963211 5 58963211 0.000405589639536049
S5_58972406 5 58972406 0.000418687347635841
S5_58989251 5 58989251 1.38039663588272e-05
S5_59027454 5 59027454 0.00016314066925914
S5_59062428 5 59062428 3.56063987376894e-08
S5_59087262 5 59087262 0.000231136234862068
S5_59098188 5 59098188 3.48303876969644e-05
S5_59098232 5 59098232 3.48303876969644e-05
S5_59098241 5 59098241 3.8239824280705e-05
S5_59112803 5 59112803 0.000279983085398797
S5_59136315 5 59136315 6.41921922758573e-08
S5_59162702 5 59162702 0.00013076292791759
S5_59162715 5 59162715 1.03030115210789e-05
S5_59170845 5 59170845 1.41140973215407e-07
S5_59251353 5 59251353 1.38217415273884e-05
S5_59263267 5 59263267 1.06280207042943e-06
S5_59316501 5 59316501 1.45152351381494e-05
S5_59317768 5 59317768 2.51932750179048e-06
S5_59317776 5 59317776 2.51932750179048e-06
S5_59365660 5 59365660 0.000770721436234322
S5_59396943 5 59396943 4.33365986450358e-07
S5_59419009 5 59419009 2.90443750208672e-06
S5_59419055 5 59419055 0.000111731847851835
S5_59463494 5 59463494 0.000791876976540519
S5_59569532 5 59569532 1.86243828838654e-16
S5_59569582 5 59569582 1.9261786221417e-19
S5_59599651 5 59599651 6.63767894222322e-06
S5_59624881 5 59624881 1.55455473058818e-09
S5_59626468 5 59626468 1.20094965628358e-06
S5_59626553 5 59626553 0.000758624231301848
S5_59633084 5 59633084 1.72306754985241e-18
S5_59646067 5 59646067 0.000167388628248411
S5_59651471 5 59651471 0.000139320755176076
S5_59656179 5 59656179 0.000327483981852369
S5_59656192 5 59656192 0.000246009550872504
S5_59656248 5 59656248 4.57010166708854e-14
S5_59658683 5 59658683 1.24986073643539e-18
S5_59771845 5 59771845 0.000626637181414598
S5_59790078 5 59790078 3.17728643709355e-10
S5_59804112 5 59804112 2.31440573383965e-05
S5_59813358 5 59813358 1.18610213948197e-09
S5_59820965 5 59820965 3.96481449604701e-24
S5_59820989 5 59820989 3.96481449604205e-24
S5_59834922 5 59834922 9.42002602995954e-14
S5_59834925 5 59834925 6.04567149567239e-13
S5_59917910 5 59917910 8.18449066939956e-05
S5_59920107 5 59920107 7.88194518897852e-07
S5_59920118 5 59920118 7.88194518897852e-07
S5_59926945 5 59926945 1.42135594933242e-05
S5_59927877 5 59927877 2.49634586438506e-05
S5_60005653 5 60005653 0.000641010288470844
S5_60041879 5 60041879 0.000532704142768012
S5_60090961 5 60090961 0.00025621639070886
S5_60103125 5 60103125 4.39601727462182e-05
S5_60118017 5 60118017 0.000721394592288039
S5_60187977 5 60187977 0.000628154938104694
S5_60203588 5 60203588 0.000615888847603181
S5_60207154 5 60207154 0.000604767137132075
S5_60212686 5 60212686 2.49348720708152e-05
S5_60212687 5 60212687 2.49348720708152e-05
S5_60212688 5 60212688 1.07730763243131e-05
S5_60213932 5 60213932 0.000521647159475725
S5_60213960 5 60213960 0.000521647159475725
S5_60222381 5 60222381 5.61472938812435e-05
S5_60258925 5 60258925 0.000639157979862781
S5_60258949 5 60258949 0.000639157979862781
S5_60265050 5 60265050 0.000393718187713301
S5_60265088 5 60265088 0.000393718187713348
S5_60265662 5 60265662 0.000161142625628219
S5_60265687 5 60265687 0.000621344190419721
S5_60343279 5 60343279 4.30749666174682e-07
S5_60363286 5 60363286 0.000179831792187258
S5_60363350 5 60363350 4.59506547888545e-05
S5_60363355 5 60363355 0.00087305200169845
S5_60363392 5 60363392 0.00033397696674029
S5_60363411 5 60363411 5.03188771227175e-05
S5_60377754 5 60377754 0.000705116382607541
S5_60386211 5 60386211 2.13653951885521e-05
S5_60408097 5 60408097 0.000220039623566257
S5_60408136 5 60408136 0.000220039623566331
S5_60408137 5 60408137 0.000220039623566331
S5_60413412 5 60413412 0.000560462780532274
S5_60413422 5 60413422 0.000560462780532174
S5_60413456 5 60413456 0.000560462780532174
S5_60416534 5 60416534 0.000984155597433872
S5_60422759 5 60422759 0.000271126249437401
S5_60423742 5 60423742 0.000166655705574307
S5_60440930 5 60440930 0.000606639623129856
S5_60448502 5 60448502 3.35805790662533e-07
S5_60474884 5 60474884 0.000325269024166574
S5_60480450 5 60480450 0.000450468005840114
S5_60480451 5 60480451 0.000450468005840114
S5_60480453 5 60480453 0.000468261713323349
S5_60480457 5 60480457 0.000450468005840114
S5_60480462 5 60480462 0.000450468005840114
S5_60486625 5 60486625 3.40856876191239e-05
S5_60502157 5 60502157 0.000542875199840588
S5_60504539 5 60504539 1.47462741598025e-06
S5_60504555 5 60504555 1.39970306092235e-06
S5_60504571 5 60504571 1.39970306092235e-06
S5_60504572 5 60504572 1.3997030609224e-06
S5_60567436 5 60567436 1.6008023618417e-05
S5_60567440 5 60567440 1.60080236184178e-05
S5_60657427 5 60657427 0.000395379672757476
S5_60740328 5 60740328 0.000513648030395254
S5_60774106 5 60774106 2.95676291112183e-05
S5_60827456 5 60827456 4.33772579256492e-05
S5_61047278 5 61047278 7.5777510160332e-05
S5_61049113 5 61049113 0.000781732950750748
S5_61099925 5 61099925 1.27440260110341e-05
S5_61099926 5 61099926 1.27440260110341e-05
S5_61135100 5 61135100 1.8758412933178e-09
S5_61231943 5 61231943 2.06051299218768e-14
S5_61258667 5 61258667 0.000141540070264512
S5_61258671 5 61258671 0.000141540070264512
S5_61258675 5 61258675 0.000141540070264512
S5_61278279 5 61278279 7.74124977301359e-08
S5_61293089 5 61293089 0.000211548994466593
S5_61464253 5 61464253 6.62219393222128e-05
S5_61616243 5 61616243 1.47348207422107e-05
S5_61639016 5 61639016 2.91263760855417e-06
S5_61639055 5 61639055 0.000200111918745409
S5_61639066 5 61639066 0.000315177970498259
S5_61652697 5 61652697 8.48780052690489e-08
S5_61654813 5 61654813 8.82782788178761e-06
S5_61713579 5 61713579 1.72005457097489e-08
S5_61713610 5 61713610 1.72005457097489e-08
S5_61718223 5 61718223 5.91569433659279e-05
S5_61722422 5 61722422 0.000365648595349142
S5_61806014 5 61806014 0.000651022538733645
S5_61806863 5 61806863 0.000596104893154115
S5_61809814 5 61809814 0.000672398978721259
S5_61815676 5 61815676 7.70588716307656e-05
S5_61815681 5 61815681 6.81330005255421e-07
S5_61823070 5 61823070 0.000485003558839222
S5_61866312 5 61866312 0.000283614455787052
S5_61870611 5 61870611 1.74726564761358e-06
S5_61895373 5 61895373 7.29568563604179e-06
S5_62083514 5 62083514 0.000698862009457275
S5_62087731 5 62087731 0.000531986000209941
S5_62088630 5 62088630 0.000571420964901153
S5_62089745 5 62089745 0.000442615656681035
S5_62089879 5 62089879 0.000117858746994385
S5_62095369 5 62095369 0.000283495492712368
S5_62102924 5 62102924 1.02960964351321e-06
S5_62104048 5 62104048 0.000806159595809819
S5_62107785 5 62107785 0.000269039574688709
S5_62131551 5 62131551 0.000488753754684352
S5_62131677 5 62131677 0.000584336273287868
S5_62163476 5 62163476 0.000314188628739717
S5_62163497 5 62163497 0.000881522224422159
S5_62163596 5 62163596 0.000499890663897491
S5_62163605 5 62163605 0.000404383841737464
S5_62163623 5 62163623 0.000404383841737552
S5_62163639 5 62163639 0.000404383841737464
S5_62163642 5 62163642 0.000404383841737464
S5_62165716 5 62165716 0.00093565089767877
S5_62168388 5 62168388 0.000393043381513844
S5_62169964 5 62169964 0.000671178299281557
S5_62179469 5 62179469 0.000147229593463464
S5_62187505 5 62187505 0.00017386349916978
S5_62187818 5 62187818 0.000102140095729674
S5_62196602 5 62196602 0.000958594202804443
S5_62196606 5 62196606 0.000958594202804443
S5_62196936 5 62196936 0.000411748842983739
S5_62197144 5 62197144 0.00041017005654372
S5_62212898 5 62212898 0.000241648004910971
S5_62217122 5 62217122 0.000473983221828687
S5_62227779 5 62227779 0.000363766566738855
S5_62230772 5 62230772 0.000589765485289188
S5_62230804 5 62230804 0.000589765485289052
S5_62230825 5 62230825 0.000589765485289188
S5_62230881 5 62230881 0.000296491390658146
S5_62234937 5 62234937 0.000387793654302238
S5_62234962 5 62234962 0.000387793654302278
S5_62235082 5 62235082 0.000441703906289705
S5_62235092 5 62235092 0.000441703906289705
S5_62235109 5 62235109 0.000441703906289705
S5_62235604 5 62235604 2.09789505306342e-06
S5_62239350 5 62239350 0.000236691099725615
S5_62239947 5 62239947 0.000320173094867394
S5_62245412 5 62245412 0.000289628468457355
S5_62247182 5 62247182 0.000450572204336375
S5_62257762 5 62257762 0.000804922748388796
S5_62277348 5 62277348 1.12968079746787e-07
S5_62288183 5 62288183 0.000169208675053149
S5_62294776 5 62294776 8.90740308881643e-05
S5_62327805 5 62327805 1.96391117722463e-07
S5_62327841 5 62327841 1.96391117722454e-07
S5_62328473 5 62328473 0.000401914319937321
S5_62344647 5 62344647 4.48850798218703e-05
S5_62344964 5 62344964 0.000606698681906037
