Marker Chr Pos p
S3_454463 3 454463 0.000529642478177333
S3_541323 3 541323 4.06523083557137e-05
S3_593179 3 593179 0.00090630141308607
S3_612641 3 612641 0.000468235254252285
S3_612643 3 612643 0.000468235254252285
S3_620083 3 620083 2.0092406554709e-05
S3_625679 3 625679 0.000571549392742273
S3_637630 3 637630 7.72834946139484e-05
S3_854728 3 854728 0.000651109690769569
S3_915011 3 915011 0.000475875141155925
S3_916346 3 916346 3.2933155021613e-06
S3_916477 3 916477 4.72500322088479e-05
S3_916478 3 916478 4.72500322088479e-05
S3_916912 3 916912 3.34651452283596e-06
S3_916948 3 916948 3.34651452283596e-06
S3_917019 3 917019 3.23271152087856e-05
S3_918543 3 918543 1.8515895920615e-06
S3_918763 3 918763 0.000166058624370818
S3_918764 3 918764 7.78904173379209e-05
S3_918765 3 918765 0.000451490686016058
S3_918884 3 918884 2.68205503823118e-06
S3_919052 3 919052 0.000299948103311253
S3_919247 3 919247 0.00063734519836367
S3_940019 3 940019 9.7099897204293e-05
S3_941525 3 941525 0.000142255488685634
S3_941775 3 941775 5.5543775305106e-05
S3_941793 3 941793 7.29219690264388e-05
S3_941815 3 941815 0.000193312212250471
S3_942093 3 942093 0.000162906951353556
S3_942112 3 942112 1.56644138773075e-06
S3_942160 3 942160 1.98941802562031e-06
S3_942374 3 942374 4.36730251236266e-06
S3_942384 3 942384 4.36730251236266e-06
S3_942490 3 942490 1.06100756442303e-05
S3_942527 3 942527 1.06100756442303e-05
S3_942641 3 942641 0.000111935843414439
S3_942657 3 942657 4.42576351131367e-05
S3_943662 3 943662 3.01842349595461e-05
S3_943664 3 943664 2.96528707545362e-05
S3_943665 3 943665 2.96528707545362e-05
S3_957182 3 957182 0.000261848877644583
S3_957189 3 957189 0.000264434967290771
S3_964973 3 964973 0.000380971692193403
S3_969096 3 969096 0.000788349759347664
S3_977201 3 977201 0.000806978828310242
S3_1134942 3 1134942 0.000578619998371255
S3_1190083 3 1190083 0.000885346820425767
S3_1199058 3 1199058 0.000193065293847292
S3_1221220 3 1221220 0.000521838251683872
S3_1223685 3 1223685 0.000156949929002003
S3_1223715 3 1223715 0.000156949929002003
S3_1223721 3 1223721 0.000156949929002003
S3_1383884 3 1383884 6.94104239921653e-06
S3_1383893 3 1383893 6.94104239921713e-06
S3_1495953 3 1495953 5.90282647123452e-05
S3_1495990 3 1495990 0.000339562855374639
S3_1706542 3 1706542 0.000914749012079637
S3_1714006 3 1714006 4.84253646367887e-05
S3_1747213 3 1747213 0.000193425676788162
S3_1747465 3 1747465 3.33696431798024e-05
S3_1977882 3 1977882 0.000938905113006655
S3_2208068 3 2208068 0.00030364424240959
S3_2281418 3 2281418 0.000826151119582923
S3_2451852 3 2451852 0.000264221035267787
S3_2513284 3 2513284 0.000692789661541244
S3_2537636 3 2537636 0.000141299635831433
S3_2556793 3 2556793 1.27138230133742e-05
S3_2556809 3 2556809 1.27138230133777e-05
S3_2556812 3 2556812 1.27138230133742e-05
S3_2556813 3 2556813 1.27138230133742e-05
S3_2949989 3 2949989 1.63257034607308e-05
S3_2952204 3 2952204 0.00024325739787479
S3_2953348 3 2953348 0.000412942245825622
S3_2972811 3 2972811 9.52724826829647e-05
S3_2972816 3 2972816 9.52724826829647e-05
S3_2972818 3 2972818 8.02530249445001e-05
S3_2978015 3 2978015 9.10043837209683e-05
S3_2978048 3 2978048 9.10043837209591e-05
S3_2978053 3 2978053 9.10043837209591e-05
S3_2978949 3 2978949 1.67017582570061e-05
S3_2979766 3 2979766 3.30321031607296e-05
S3_2979797 3 2979797 1.59240773118931e-05
S3_2987330 3 2987330 0.000129423121300505
S3_2991290 3 2991290 0.000482804330790262
S3_2997343 3 2997343 0.000288038604495969
S3_2997749 3 2997749 5.31708429052101e-06
S3_3134080 3 3134080 3.82046286813167e-05
S3_3137511 3 3137511 0.000369704230082361
S3_3137599 3 3137599 0.00085714099168064
S3_3137930 3 3137930 6.83960426674178e-05
S3_3198972 3 3198972 0.000918972054202291
S3_3199365 3 3199365 0.000825543516798991
S3_3201417 3 3201417 9.9212183248352e-06
S3_3206860 3 3206860 0.000399297825895559
S3_3206885 3 3206885 0.000399297825895559
S3_3218736 3 3218736 0.000746648410173675
S3_3219999 3 3219999 0.000360225665094371
S3_3220000 3 3220000 6.30048643829687e-05
S3_3220001 3 3220001 0.000131331542574981
S3_3220002 3 3220002 6.30048643829687e-05
S3_3220003 3 3220003 6.30048643829687e-05
S3_3243668 3 3243668 0.000573913186941672
S3_3306585 3 3306585 0.000391669860691352
S3_3351879 3 3351879 0.00012976375071794
S3_3352136 3 3352136 0.000100550242845149
S3_3885346 3 3885346 0.00056749239527385
S3_3885349 3 3885349 0.000567492395273951
S3_4209426 3 4209426 0.000194731393729408
S3_4253090 3 4253090 1.63606119847899e-05
S3_4341935 3 4341935 6.38241779469467e-05
S3_4347508 3 4347508 1.21027649095455e-05
S3_4464385 3 4464385 0.000978938763625449
S3_4517636 3 4517636 0.000507780324858867
S3_4520606 3 4520606 0.000130530653128663
S3_4520612 3 4520612 5.98424568595028e-05
S3_4537827 3 4537827 0.000937393594852549
S3_4590428 3 4590428 4.66859208924883e-05
S3_4682577 3 4682577 0.000140584108838422
S3_4682580 3 4682580 0.000132515547223107
S3_4793705 3 4793705 0.0001823891119742
S3_4930490 3 4930490 0.000164767189195395
S3_4932375 3 4932375 0.000367840048250597
S3_4973544 3 4973544 0.000763990747539834
S3_4988078 3 4988078 0.000887090320686356
S3_5020748 3 5020748 0.000788442530443677
S3_5079712 3 5079712 3.66640154748228e-05
S3_5160099 3 5160099 0.000486789789239665
S3_5162967 3 5162967 0.000183615377368431
S3_5163002 3 5163002 1.83628335671405e-05
S3_5355426 3 5355426 0.000962722703364275
S3_5846335 3 5846335 7.68998199725025e-05
S3_5846337 3 5846337 5.82258078669465e-05
S3_5846340 3 5846340 7.68998199725025e-05
S3_5866449 3 5866449 0.000114417723675432
S3_6014336 3 6014336 0.000795762197162887
S3_6058895 3 6058895 0.000264914007757686
S3_6062464 3 6062464 0.00067718591711191
S3_6121523 3 6121523 0.000330210828102835
S3_6138822 3 6138822 0.00067143718036807
S3_6138846 3 6138846 0.00067143718036807
S3_6164545 3 6164545 0.000137446305073978
S3_6189942 3 6189942 2.20241279572488e-06
S3_6190210 3 6190210 0.000348352626641694
S3_6357852 3 6357852 0.000566639870196658
S3_6427048 3 6427048 1.97264453677439e-06
S3_6441400 3 6441400 1.19579342626096e-05
S3_6519487 3 6519487 1.70687852131157e-05
S3_6569645 3 6569645 0.000648866104888124
S3_6569655 3 6569655 0.000648866104887712
S3_6569657 3 6569657 0.000648866104887712
S3_6614218 3 6614218 0.000750848831010092
S3_6614277 3 6614277 0.000345098077382963
S3_6614280 3 6614280 0.000703883056424371
S3_6830578 3 6830578 0.000508588939463358
S3_6861958 3 6861958 0.000324675152783893
S3_6878790 3 6878790 5.54265673388033e-05
S3_6897024 3 6897024 0.000904463912246899
S3_6929367 3 6929367 0.000772299973381685
S3_7058403 3 7058403 0.000283909284675787
S3_7061880 3 7061880 0.000298924735321143
S3_7117532 3 7117532 2.91616942614143e-05
S3_7120021 3 7120021 0.000395865299085722
S3_7131158 3 7131158 5.22522796415837e-05
S3_7131159 3 7131159 5.1941538850095e-05
S3_7131160 3 7131160 5.22522796415858e-05
S3_7131161 3 7131161 4.95105856819347e-05
S3_7131162 3 7131162 5.37954114286655e-05
S3_7131165 3 7131165 5.22522796415837e-05
S3_7131168 3 7131168 5.22522796415858e-05
S3_7146247 3 7146247 0.000243751009170705
S3_7152687 3 7152687 0.000133901052124362
S3_7195011 3 7195011 8.29903176828622e-05
S3_7204860 3 7204860 0.000502465403573823
S3_7228271 3 7228271 0.000306494554545218
S3_7238513 3 7238513 0.000107648076625139
S3_7258097 3 7258097 0.000310992600892958
S3_7529116 3 7529116 0.000262503748062422
S3_7587133 3 7587133 5.45798032669012e-05
S3_7587167 3 7587167 0.000946113734004898
S3_7587289 3 7587289 0.000282113091541481
S3_7588138 3 7588138 0.000727891493021184
S3_7632318 3 7632318 0.000968812466205701
S3_7801386 3 7801386 4.8706164529408e-05
S3_7801401 3 7801401 4.8706164529408e-05
S3_7929703 3 7929703 0.000545500195216435
S3_7930150 3 7930150 0.000199640836388091
S3_7966913 3 7966913 0.000146064339324392
S3_8193766 3 8193766 0.000651142876732685
S3_8473419 3 8473419 0.000154109835389034
S3_8473819 3 8473819 0.000754054824944266
S3_8561301 3 8561301 0.000113921184479211
S3_8561845 3 8561845 0.000409490526483979
S3_8561848 3 8561848 7.99203760605455e-05
S3_8583230 3 8583230 0.000735052063055632
S3_8614941 3 8614941 0.000799173847149575
S3_8614954 3 8614954 0.000799173847149575
S3_8616659 3 8616659 6.19686079625264e-05
S3_8616694 3 8616694 6.19686079625264e-05
S3_8626257 3 8626257 0.000486877109649242
S3_8636170 3 8636170 0.000116549860030782
S3_8682333 3 8682333 0.000836277622573818
S3_8688518 3 8688518 2.29896317301818e-05
S3_8776646 3 8776646 8.30368239389932e-05
S3_8777924 3 8777924 1.35266208200669e-05
S3_8789250 3 8789250 0.0001188599007283
S3_8798083 3 8798083 0.000683369984651536
S3_8802858 3 8802858 0.000109993242151879
S3_8842438 3 8842438 0.000112792780580036
S3_8844762 3 8844762 0.000683741000067168
S3_8844875 3 8844875 3.04928813020733e-05
S3_9463208 3 9463208 0.000965356881507862
S3_9463229 3 9463229 0.000965356881507961
S3_9665085 3 9665085 0.000184575046348995
S3_9665090 3 9665090 0.000196243510378525
S3_9665111 3 9665111 2.98968223959739e-06
S3_9690097 3 9690097 4.53682796343109e-07
S3_9702055 3 9702055 0.000804928494104323
S3_9989967 3 9989967 0.000168390615033823
S3_9989969 3 9989969 0.000168390615033898
S3_9997379 3 9997379 0.000937143533475318
S3_9997402 3 9997402 0.000810772292035118
S3_10163244 3 10163244 0.00011726270791556
S3_10304848 3 10304848 0.00074435931678959
S3_10324130 3 10324130 0.000795685219117695
S3_10389270 3 10389270 0.000867358397415757
S3_10402255 3 10402255 0.000171578772605902
S3_10516608 3 10516608 8.68681795261509e-05
S3_10584176 3 10584176 0.000112228190271381
S3_10584226 3 10584226 8.0685391357207e-05
S3_10584848 3 10584848 0.000356141230622246
S3_10601585 3 10601585 0.000148052076495395
S3_10617784 3 10617784 6.23552430825634e-05
S3_10617798 3 10617798 6.23552430825634e-05
S3_10617800 3 10617800 6.23552430825634e-05
S3_10617840 3 10617840 6.23552430825691e-05
S3_10618088 3 10618088 9.91361001241403e-05
S3_10619593 3 10619593 0.000526578553205066
S3_10629319 3 10629319 0.000298644188982719
S3_10629346 3 10629346 0.000298644188982719
S3_10685198 3 10685198 0.000459334529716418
S3_10685239 3 10685239 0.000459334529716418
S3_10685684 3 10685684 3.47413753492006e-05
S3_10763197 3 10763197 1.13246606623056e-05
S3_10775906 3 10775906 7.11335260803471e-05
S3_10783252 3 10783252 0.000819308899510989
S3_10783253 3 10783253 0.000819308899510914
S3_10783276 3 10783276 0.000819308899510989
S3_10788404 3 10788404 0.000929960761515949
S3_10797344 3 10797344 2.88502070528951e-06
S3_10798073 3 10798073 7.69797936265842e-06
S3_10799002 3 10799002 4.91536683860633e-05
S3_10799038 3 10799038 0.000227618302298311
S3_10808007 3 10808007 1.94431799696706e-05
S3_10808451 3 10808451 0.000120396316278665
S3_10808465 3 10808465 0.000120396316278665
S3_10808477 3 10808477 0.000120396316278647
S3_10808544 3 10808544 0.000104672963662796
S3_10834956 3 10834956 1.16745934939414e-05
S3_10834963 3 10834963 0.000383833518201509
S3_10834977 3 10834977 3.95254101691872e-05
S3_10936968 3 10936968 1.52106858328947e-05
S3_10939754 3 10939754 0.000114787289497267
S3_10940211 3 10940211 0.00032017333915518
S3_10942800 3 10942800 5.67806798804169e-05
S3_10949113 3 10949113 4.38822697177748e-05
S3_10949141 3 10949141 4.38822697177748e-05
S3_10955884 3 10955884 6.76839761749655e-05
S3_11032781 3 11032781 2.46013258120402e-05
S3_11045160 3 11045160 1.6794822172783e-05
S3_11067707 3 11067707 3.80461490781901e-05
S3_11115114 3 11115114 4.65607056594814e-05
S3_11124894 3 11124894 2.19466633484986e-05
S3_11129500 3 11129500 2.3373798397137e-05
S3_11138966 3 11138966 0.000322744153761918
S3_11139448 3 11139448 0.000152125735191612
S3_11139457 3 11139457 0.000152125735191612
S3_11139460 3 11139460 0.000152125735191612
S3_11139466 3 11139466 0.000152125735191617
S3_11140611 3 11140611 0.000642645467346116
S3_11140624 3 11140624 0.000642645467346116
S3_11143511 3 11143511 8.23778121287647e-05
S3_11143533 3 11143533 8.23778121287647e-05
S3_11151900 3 11151900 1.25592285182491e-05
S3_11164235 3 11164235 0.00015993975835464
S3_11184560 3 11184560 0.000181213199598205
S3_11184603 3 11184603 1.38403145830138e-05
S3_11245915 3 11245915 3.66056631562558e-06
S3_11379434 3 11379434 8.16169964790443e-05
S3_11467085 3 11467085 0.000751853171335862
S3_11474386 3 11474386 9.88345631250917e-05
S3_11475268 3 11475268 0.000216949133999595
S3_11475306 3 11475306 0.000155495518910053
S3_11764569 3 11764569 0.000744676529641391
S3_11766241 3 11766241 0.000101985887753248
S3_11776511 3 11776511 0.000179028305265684
S3_11795306 3 11795306 0.000424702428272511
S3_11797640 3 11797640 1.75721114813006e-05
S3_11863844 3 11863844 0.000521157352034484
S3_11927478 3 11927478 9.0045769504985e-06
S3_12034963 3 12034963 0.000147687073804584
S3_12174785 3 12174785 0.000707768999285085
S3_12174793 3 12174793 0.000969473613880416
S3_12240962 3 12240962 0.000344239773053071
S3_12294846 3 12294846 0.000334079405908731
S3_12402422 3 12402422 0.000909764978426251
S3_12625432 3 12625432 0.000186198997809334
S3_12625433 3 12625433 0.000186198997809374
S3_12750412 3 12750412 0.000286211613223334
S3_12945106 3 12945106 1.44349006139539e-06
S3_12951264 3 12951264 0.000219105981154745
S3_12964131 3 12964131 0.000108645536331263
S3_13149595 3 13149595 2.28946926562103e-05
S3_13180432 3 13180432 0.000786007309868179
S3_13295546 3 13295546 0.000676345315621714
S3_13295547 3 13295547 0.000422568434150019
S3_13475127 3 13475127 0.000786202763536163
S3_14362989 3 14362989 0.00014242383858068
S3_14375087 3 14375087 0.000138652165067748
S3_14375110 3 14375110 0.000191115488205193
S3_14375190 3 14375190 0.000697624019757811
S3_14377389 3 14377389 3.90618537198716e-05
S3_14377456 3 14377456 0.000573029651891423
S3_14385856 3 14385856 0.000725294169125634
S3_14393740 3 14393740 9.76962657549646e-05
S3_14395461 3 14395461 1.34610857202735e-06
S3_14404363 3 14404363 0.000147751006414942
S3_14407665 3 14407665 0.00031907514557598
S3_14435997 3 14435997 0.000600544829745786
S3_14449107 3 14449107 7.04707623881667e-05
S3_14449153 3 14449153 7.04707623881667e-05
S3_14480467 3 14480467 0.000144510686412667
S3_14506810 3 14506810 0.000239388030462554
S3_14545217 3 14545217 0.000168555703004032
S3_14605968 3 14605968 0.000111438877420896
S3_14655735 3 14655735 0.000832608451945317
S3_14714680 3 14714680 0.000157489659728399
S3_14717771 3 14717771 1.88403177281929e-05
S3_14784317 3 14784317 3.90639433706679e-05
S3_14802895 3 14802895 5.71308586006055e-05
S3_14808703 3 14808703 0.000242045504668572
S3_14808709 3 14808709 0.000242045504668572
S3_14808934 3 14808934 0.000401275591310843
S3_14828737 3 14828737 0.000565665724460916
S3_14832865 3 14832865 0.000152356943253673
S3_14832905 3 14832905 0.000152356943253673
S3_14832907 3 14832907 0.000152356943253673
S3_15660820 3 15660820 0.000734086648237679
S3_15667242 3 15667242 0.000596827498660252
S3_15667281 3 15667281 0.000596827498660252
S3_15724307 3 15724307 9.19553406552154e-05
S3_15741639 3 15741639 0.000764497568156088
S3_15741642 3 15741642 0.000764497568156088
S3_15875611 3 15875611 0.000136108663645689
S3_15875612 3 15875612 0.000882931707609488
S3_15940162 3 15940162 4.56359572060194e-05
S3_15988129 3 15988129 0.000780360544670358
S3_18451321 3 18451321 1.75577624191179e-05
S3_19489049 3 19489049 0.00032492776206336
S3_19499672 3 19499672 0.000982693051071246
S3_19547233 3 19547233 0.000157349680634727
S3_19616262 3 19616262 0.000730720330619349
S3_19702508 3 19702508 0.000687292963268216
S3_19705875 3 19705875 0.000146403009235737
S3_19705876 3 19705876 0.000956581204824371
S3_19720129 3 19720129 0.000688491400627267
S3_19756323 3 19756323 0.000747988448760466
S3_19756335 3 19756335 0.000747988448760466
S3_19761838 3 19761838 0.000800775588798313
S3_19861038 3 19861038 0.000245079058918707
S3_19954668 3 19954668 0.000869350694109239
S3_20022019 3 20022019 0.000277255947047404
S3_20022337 3 20022337 0.000112737319518588
S3_20022984 3 20022984 9.69539423458355e-05
S3_20037721 3 20037721 4.88359479764852e-05
S3_20045872 3 20045872 0.000145394934043574
S3_20047389 3 20047389 4.52920952938324e-05
S3_20047399 3 20047399 3.38652322466637e-05
S3_20205989 3 20205989 3.46543585131383e-05
S3_20290847 3 20290847 2.40788968544388e-05
S3_20323542 3 20323542 1.76753928691758e-05
S3_20356881 3 20356881 9.84275883685371e-05
S3_20366954 3 20366954 0.000276320920133059
S3_20369509 3 20369509 0.000106214781340059
S3_20392975 3 20392975 2.30801754257223e-05
S3_20423704 3 20423704 6.4090920934662e-05
S3_20455952 3 20455952 3.57300504694601e-05
S3_20570567 3 20570567 0.00032477319667167
S3_20588100 3 20588100 3.01783692523837e-05
S3_20653676 3 20653676 1.7860608486608e-05
S3_20785289 3 20785289 1.09283997003973e-05
S3_20844434 3 20844434 5.38409023017801e-05
S3_20947762 3 20947762 0.000146216731191679
S3_21041767 3 21041767 0.000241792515885484
S3_21051341 3 21051341 0.000635370711102219
S3_21083466 3 21083466 0.000171747978838486
S3_21083781 3 21083781 3.31328711999113e-05
S3_21151165 3 21151165 0.000634939570924568
S3_21198245 3 21198245 0.00044445170745572
S3_21219260 3 21219260 0.000366932920235167
S3_21219449 3 21219449 0.000124074249756916
S3_21265018 3 21265018 0.000474031596069364
S3_21395631 3 21395631 3.19996743644055e-05
S3_21410633 3 21410633 0.000553911164940808
S3_21430756 3 21430756 0.000216999592925762
S3_21553162 3 21553162 0.000343792617383242
S3_21553233 3 21553233 0.000412443663959985
S3_21553251 3 21553251 8.20352933301003e-05
S3_21553471 3 21553471 0.000856892601814763
S3_21613681 3 21613681 0.000341085866928837
S3_21629791 3 21629791 0.000183272659148438
S3_21638855 3 21638855 0.000226471999365617
S3_21648625 3 21648625 5.21193508480666e-05
S3_21667710 3 21667710 0.000510466347420783
S3_21698857 3 21698857 0.00076407178995475
S3_21704643 3 21704643 0.000370724064251105
S3_21704657 3 21704657 8.08288158920974e-05
S3_21749406 3 21749406 6.9161143164717e-05
S3_21812503 3 21812503 0.000114726357674745
S3_21812508 3 21812508 6.50909764151471e-05
S3_21830987 3 21830987 6.3859079941502e-05
S3_21838959 3 21838959 0.000161479306093311
S3_21872152 3 21872152 0.00031382161462552
S3_21874337 3 21874337 8.13379773862279e-05
S3_21935776 3 21935776 0.00024551673938903
S3_21954845 3 21954845 0.000445760841356066
S3_21958399 3 21958399 0.000116164454279654
S3_21966353 3 21966353 0.000329661647449267
S3_22018483 3 22018483 0.000123214985558534
S3_22018542 3 22018542 7.1538337944646e-05
S3_22034937 3 22034937 9.39547742731302e-05
S3_22063269 3 22063269 0.000126603836682819
S3_22223375 3 22223375 0.000705308759930451
S3_22261426 3 22261426 0.000373162640440647
S3_22264403 3 22264403 0.000159046272260441
S3_22276281 3 22276281 0.000798848741360621
S3_22291692 3 22291692 8.15956176804984e-05
S3_22291703 3 22291703 0.000438330536073374
S3_22291800 3 22291800 0.000532981996585748
S3_22440740 3 22440740 0.000168060099296133
S3_22516232 3 22516232 0.000107071164791688
S3_22516281 3 22516281 5.46169326516711e-05
S3_22577903 3 22577903 9.92957342261734e-06
S3_22581002 3 22581002 0.000571942761352087
S3_22681458 3 22681458 2.50318348665747e-05
S3_22681648 3 22681648 0.000138648449079822
S3_22723656 3 22723656 4.30214682349837e-05
S3_22868362 3 22868362 0.000210950491488411
S3_22871669 3 22871669 5.97336618830467e-05
S3_22873817 3 22873817 0.000477751401862305
S3_22878737 3 22878737 7.68225680851835e-05
S3_22879315 3 22879315 8.31825756231969e-05
S3_22891571 3 22891571 5.51241281272977e-05
S3_22927370 3 22927370 0.000187245656819233
S3_22943797 3 22943797 0.000192555489630988
S3_22973933 3 22973933 5.76108111946444e-05
S3_22997539 3 22997539 0.00010767963378766
S3_22997631 3 22997631 0.000647105711183983
S3_23099183 3 23099183 0.000754985572913477
S3_23131361 3 23131361 0.000793798923569266
S3_23412916 3 23412916 0.00022923012026765
S3_23477271 3 23477271 6.66905994881262e-05
S3_23486318 3 23486318 3.82701087701902e-05
S3_23528103 3 23528103 5.98217494630031e-05
S3_23533159 3 23533159 7.30893618064578e-05
S3_23627270 3 23627270 6.64128177979712e-05
S3_23650642 3 23650642 0.000200169439733048
S3_23805490 3 23805490 7.7028998260166e-05
S3_23815611 3 23815611 0.000185033544107079
S3_23899472 3 23899472 0.000120558502674296
S3_23899518 3 23899518 0.000391553239238659
S3_23899527 3 23899527 0.000226949393692343
S3_23953709 3 23953709 0.000119507172237936
S3_23954066 3 23954066 3.38116600051255e-05
S3_23957313 3 23957313 0.000316879540409376
S3_23965404 3 23965404 6.60897908026749e-05
S3_23967158 3 23967158 0.000104706086618111
S3_23967629 3 23967629 8.65080468852241e-05
S3_24028507 3 24028507 0.000215388373163535
S3_24028679 3 24028679 0.000180869184944428
S3_24028691 3 24028691 0.000119248967423501
S3_24115072 3 24115072 4.22687404035204e-05
S3_24135500 3 24135500 6.94840549158309e-05
S3_24135545 3 24135545 8.2919403979884e-05
S3_24167202 3 24167202 4.79076527761923e-05
S3_24167208 3 24167208 6.4416491338607e-05
S3_24167269 3 24167269 0.000242214331506645
S3_24183197 3 24183197 4.12433016035856e-05
S3_24225104 3 24225104 9.24887879268684e-05
S3_24225121 3 24225121 0.000300002166429125
S3_24263233 3 24263233 7.31141532683702e-05
S3_24271928 3 24271928 0.000140439027958394
S3_24311602 3 24311602 5.83195938977299e-05
S3_24330456 3 24330456 0.000560844121690545
S3_24344087 3 24344087 0.000483864003484592
S3_24362185 3 24362185 0.000197425060960353
S3_24375711 3 24375711 3.89737260907411e-06
S3_24427231 3 24427231 9.25635845247954e-05
S3_24428167 3 24428167 0.000366085694591074
S3_24625889 3 24625889 3.21428706271729e-05
S3_24670984 3 24670984 2.32876278423822e-05
S3_24685634 3 24685634 0.000248837876976017
S3_24689321 3 24689321 0.000138229566098127
S3_24768468 3 24768468 2.47887707500065e-05
S3_24798669 3 24798669 0.000102206804805064
S3_24818386 3 24818386 1.98489870228625e-05
S3_24927321 3 24927321 2.72769726869471e-05
S3_24927342 3 24927342 2.72769726869471e-05
S3_25040973 3 25040973 7.46094890923271e-05
S3_25211067 3 25211067 5.63071824862614e-05
S3_25384781 3 25384781 8.69069565631355e-05
S3_25385127 3 25385127 0.000167766523000634
S3_25388065 3 25388065 5.70563956615415e-05
S3_25388125 3 25388125 9.36456217782345e-05
S3_25440498 3 25440498 4.57854965345355e-05
S3_25505316 3 25505316 1.83970570343588e-05
S3_25541960 3 25541960 0.000113343762034322
S3_25608783 3 25608783 2.45485992655191e-05
S3_25617010 3 25617010 6.20277065937668e-05
S3_25630668 3 25630668 4.81291657971676e-05
S3_25656067 3 25656067 0.000113840926489235
S3_25707375 3 25707375 0.000413704569970266
S3_25714480 3 25714480 0.000397197018863346
S3_25716240 3 25716240 0.000103621387055581
S3_25721781 3 25721781 0.000155107931880014
S3_25728680 3 25728680 2.90253097723167e-05
S3_25729014 3 25729014 0.000141053916040358
S3_25762241 3 25762241 2.87302106813017e-05
S3_25830717 3 25830717 4.89620841873392e-06
S3_25837408 3 25837408 0.000280981264829447
S3_25925523 3 25925523 0.000129329019961635
S3_25935399 3 25935399 3.18905440112598e-05
S3_25970697 3 25970697 7.19816988304187e-05
S3_25971867 3 25971867 9.26829169589857e-05
S3_25971885 3 25971885 9.26829169589857e-05
S3_25971896 3 25971896 9.26829169589857e-05
S3_25991410 3 25991410 6.00615185045383e-05
S3_26043911 3 26043911 0.000309946667341665
S3_26043916 3 26043916 3.48235352254053e-05
S3_26044002 3 26044002 0.000257116208348477
S3_26115192 3 26115192 5.70279545766648e-05
S3_26115210 3 26115210 0.00061173454632476
S3_26159506 3 26159506 0.000190294480842923
S3_26165682 3 26165682 2.72865446100297e-05
S3_26165695 3 26165695 0.000122277691916923
S3_26172648 3 26172648 5.02946758432356e-05
S3_26226151 3 26226151 2.34652172022881e-05
S3_26248121 3 26248121 3.05895724390542e-05
S3_26282374 3 26282374 2.6645490500709e-05
S3_26283961 3 26283961 0.0004796576389375
S3_26288191 3 26288191 9.80226359106242e-05
S3_26315646 3 26315646 2.84279758425239e-05
S3_26332287 3 26332287 0.000576021306035043
S3_26359715 3 26359715 3.09083281585177e-05
S3_26417042 3 26417042 5.61746859607708e-05
S3_26435173 3 26435173 7.29289274644098e-05
S3_26435981 3 26435981 6.58469841344763e-05
S3_26436957 3 26436957 0.000196129090980564
S3_26437481 3 26437481 0.000125151934090553
S3_26565975 3 26565975 3.04209125394316e-05
S3_26604652 3 26604652 2.71550334532522e-05
S3_26663665 3 26663665 6.63662753852852e-05
S3_26663704 3 26663704 1.27636070542163e-05
S3_26678341 3 26678341 3.29580086425688e-05
S3_26678366 3 26678366 0.000166835584834872
S3_26678448 3 26678448 3.23010413382064e-05
S3_26679063 3 26679063 2.84313152337434e-05
S3_26703414 3 26703414 6.73188885975081e-05
S3_26721271 3 26721271 4.1503130097051e-05
S3_26771283 3 26771283 5.12449544222785e-05
S3_26772350 3 26772350 3.3471082920016e-05
S3_26856528 3 26856528 1.51747798769312e-05
S3_26879432 3 26879432 2.96971583977483e-05
S3_26970952 3 26970952 2.87440028517281e-05
S3_27009123 3 27009123 0.000189702741125038
S3_27009124 3 27009124 0.000189702741125038
S3_27150629 3 27150629 0.000321658691335877
S3_27236733 3 27236733 4.70417954737839e-05
S3_27296722 3 27296722 1.70852119376474e-05
S3_27348504 3 27348504 1.57441991643207e-05
S3_27358148 3 27358148 5.01172172221858e-05
S3_27416713 3 27416713 6.29080768869503e-05
S3_27445279 3 27445279 0.000167387825164551
S3_27453580 3 27453580 5.22975237164364e-05
S3_27453721 3 27453721 0.000191124238268932
S3_27477458 3 27477458 8.6751871056493e-05
S3_27534957 3 27534957 5.05126648118834e-05
S3_27560199 3 27560199 8.52096691471401e-05
S3_27632729 3 27632729 0.000311361246976843
S3_27633484 3 27633484 0.000176582287209449
S3_27633487 3 27633487 0.000149079730743265
S3_27645743 3 27645743 0.00017186637601036
S3_27667044 3 27667044 3.68717184908627e-05
S3_27724956 3 27724956 2.20536068567871e-05
S3_27740558 3 27740558 9.55552987600356e-05
S3_27740644 3 27740644 5.3806369208431e-05
S3_27741533 3 27741533 6.94709953923892e-05
S3_27748900 3 27748900 0.000129155901315408
S3_27749055 3 27749055 0.000125306801682394
S3_27749730 3 27749730 0.000233295384129112
S3_27782630 3 27782630 0.000112786140733602
S3_27785012 3 27785012 2.58921074289393e-05
S3_27786314 3 27786314 6.19605941878167e-05
S3_27787472 3 27787472 0.000127797853226149
S3_27798001 3 27798001 6.29441359321185e-05
S3_27814987 3 27814987 2.62984038057677e-05
S3_27930583 3 27930583 1.42028461062503e-05
S3_27930878 3 27930878 4.76352586216589e-05
S3_27942213 3 27942213 0.000858386412573941
S3_27955907 3 27955907 4.23305150069131e-05
S3_27957557 3 27957557 6.32032381924435e-05
S3_28017353 3 28017353 6.79303986279266e-05
S3_28029524 3 28029524 4.89521815620679e-05
S3_28064875 3 28064875 0.000268808471649175
S3_28281538 3 28281538 5.24502296452574e-05
S3_28297457 3 28297457 5.60012662430324e-05
S3_28301425 3 28301425 0.000151042486152552
S3_28348211 3 28348211 0.00018001278648712
S3_28348514 3 28348514 9.08393451777852e-05
S3_28449675 3 28449675 7.72392821442208e-05
S3_28465969 3 28465969 0.000123871143971317
S3_28485085 3 28485085 0.000364323001661453
S3_28489263 3 28489263 0.000235024508372785
S3_28661765 3 28661765 0.0003930434344433
S3_28661767 3 28661767 5.89405843319884e-05
S3_28663566 3 28663566 0.000567214234175571
S3_28663585 3 28663585 0.000117392097277755
S3_28665487 3 28665487 4.51808167511922e-05
S3_28698038 3 28698038 7.14632497386262e-05
S3_28937798 3 28937798 5.89406191897353e-05
S3_28937934 3 28937934 0.000117403692221224
S3_28950640 3 28950640 6.00024714652662e-05
S3_28951098 3 28951098 2.76018402742359e-05
S3_29005930 3 29005930 7.22632579592234e-05
S3_29016785 3 29016785 5.30079964473254e-05
S3_29071017 3 29071017 2.9475212375677e-05
S3_29100602 3 29100602 1.58107324108053e-05
S3_29100626 3 29100626 1.58107324108045e-05
S3_29122832 3 29122832 1.41005064548415e-05
S3_29122937 3 29122937 2.79953927012685e-05
S3_29129864 3 29129864 4.95895108536229e-05
S3_29129947 3 29129947 1.9846761824878e-05
S3_29154603 3 29154603 6.84009036642547e-05
S3_29191735 3 29191735 0.000212106753406214
S3_29286458 3 29286458 5.3220976596799e-05
S3_29286462 3 29286462 0.000443487514462144
S3_29397381 3 29397381 0.000142983159299926
S3_29424602 3 29424602 3.77909783181826e-05
S3_29433929 3 29433929 0.000168989259337092
S3_29511316 3 29511316 0.000201462738313881
S3_29712096 3 29712096 0.00044944070193861
S3_29717776 3 29717776 0.000123109028536376
S3_29717783 3 29717783 7.46776245448057e-05
S3_29816252 3 29816252 8.45078539778265e-05
S3_29816259 3 29816259 0.000736244996753509
S3_29839783 3 29839783 0.000209539117503196
S3_29839847 3 29839847 3.60345199383942e-05
S3_29839850 3 29839850 0.000156182096018874
S3_29846246 3 29846246 0.000108539782658717
S3_29860101 3 29860101 0.000646880991896819
S3_29864769 3 29864769 0.00018142764937781
S3_29864776 3 29864776 0.00018142764937781
S3_29864779 3 29864779 0.00018142764937781
S3_29864860 3 29864860 0.000143860656151027
S3_29979091 3 29979091 0.000170989291862513
S3_29979738 3 29979738 0.000337080488045837
S3_29979817 3 29979817 0.000158510610319194
S3_29979968 3 29979968 0.000100624511464297
S3_30218072 3 30218072 0.000132746482411316
S3_30218231 3 30218231 0.000140565588150527
S3_30334328 3 30334328 0.000436290597112432
S3_30432923 3 30432923 0.000348694492192335
S3_30433038 3 30433038 0.00011987918766858
S3_30488930 3 30488930 0.000187235158326275
S3_30502311 3 30502311 0.000158632651907563
S3_30502315 3 30502315 2.00783126634183e-05
S3_30555426 3 30555426 0.000853957965529272
S3_30632241 3 30632241 0.00045957643853432
S3_30666089 3 30666089 0.000108915147268678
S3_30791399 3 30791399 0.000171732298163596
S3_30866998 3 30866998 6.55449177060943e-05
S3_30887314 3 30887314 0.000494359920341455
S3_30950633 3 30950633 6.38966818616934e-05
S3_30965786 3 30965786 0.000148144534935556
S3_31013258 3 31013258 0.000135478429076961
S3_31013283 3 31013283 4.50836300986551e-05
S3_31123558 3 31123558 9.03972259928139e-05
S3_31254024 3 31254024 3.93163245600948e-05
S3_31299658 3 31299658 0.000379208497400264
S3_31373838 3 31373838 0.000482551981762949
S3_31373877 3 31373877 0.000367438315955198
S3_31390308 3 31390308 0.000795285038433017
S3_31397535 3 31397535 0.000501718140782153
S3_31408193 3 31408193 0.000257119704579135
S3_31570573 3 31570573 9.72434019678184e-05
S3_31573964 3 31573964 0.000176238505199601
S3_31666008 3 31666008 0.000480587066625824
S3_31669034 3 31669034 0.00059395796029007
S3_31742507 3 31742507 0.000172889377523137
S3_31840841 3 31840841 0.000745022695943664
S3_31873834 3 31873834 0.000124378228905315
S3_31873927 3 31873927 9.87376642353349e-05
S3_31983578 3 31983578 0.000200408286097933
S3_32142953 3 32142953 0.000107186581182831
S3_32148381 3 32148381 0.000433687812800909
S3_32158184 3 32158184 3.54033264417109e-05
S3_32247425 3 32247425 0.000206476931504511
S3_32298222 3 32298222 0.000738855904996133
S3_32320163 3 32320163 0.000538024547722411
S3_32320359 3 32320359 2.42655246694353e-05
S3_32416290 3 32416290 0.000455894543980758
S3_32416387 3 32416387 7.78746378048477e-05
S3_32435914 3 32435914 0.000271025470866956
S3_32443100 3 32443100 0.000301523193172337
S3_32473069 3 32473069 0.000331824292702718
S3_32478456 3 32478456 0.000357596120857231
S3_32496315 3 32496315 5.82490268330506e-05
S3_32503220 3 32503220 0.000724094818669927
S3_32512831 3 32512831 0.000322182204662181
S3_32542721 3 32542721 5.52540301719447e-05
S3_32552772 3 32552772 0.000423963949350022
S3_32552848 3 32552848 3.83719725395448e-05
S3_32557335 3 32557335 0.000143458953081048
S3_32557471 3 32557471 9.63019959987361e-05
S3_32581738 3 32581738 0.000567783133304296
S3_32615859 3 32615859 8.83162929097472e-05
S3_32683950 3 32683950 0.000264342420051453
S3_32706623 3 32706623 0.000109829962355345
S3_32822208 3 32822208 0.00031815797733771
S3_32826146 3 32826146 0.000627281420815538
S3_32924449 3 32924449 6.89704144458713e-05
S3_32956264 3 32956264 0.000479340363093368
S3_32956286 3 32956286 0.000298224790220297
S3_33016549 3 33016549 4.03916430646101e-05
S3_33020222 3 33020222 0.000463270672644326
S3_33020228 3 33020228 0.000463270672644326
S3_33020266 3 33020266 0.000463270672644326
S3_33170758 3 33170758 0.000416804588381762
S3_33190118 3 33190118 0.000347803171793766
S3_33235198 3 33235198 9.72415158595581e-05
S3_33440468 3 33440468 8.57990257425497e-05
S3_33440562 3 33440562 0.000115971546562731
S3_33440633 3 33440633 0.00010623053955149
S3_33557882 3 33557882 0.000425890981089402
S3_33692574 3 33692574 0.000111533303585533
S3_33714580 3 33714580 0.00095175430578816
S3_33714641 3 33714641 3.16743924290925e-05
S3_33913834 3 33913834 0.000330942120478981
S3_34062739 3 34062739 0.000485878352196309
S3_34250279 3 34250279 7.64848653337321e-05
S3_34250341 3 34250341 0.000331681075998352
S3_34260607 3 34260607 7.48361500848261e-05
S3_34360022 3 34360022 6.0011815469083e-05
S3_34529810 3 34529810 0.000592650084634723
S3_34568286 3 34568286 0.000974355999354382
S3_34604365 3 34604365 0.000636437863447495
S3_34604374 3 34604374 0.000636437863447495
S3_34721101 3 34721101 0.000377186730332305
S3_34728734 3 34728734 6.71623804597369e-05
S3_34729316 3 34729316 0.00048777284307895
S3_34731486 3 34731486 1.09272808280839e-05
S3_34842440 3 34842440 8.3693641523984e-05
S3_34899092 3 34899092 0.000425760315052625
S3_34967988 3 34967988 0.000326332581672967
S3_35824745 3 35824745 0.000198448978857912
S3_35844922 3 35844922 0.000587598819695616
S3_35871290 3 35871290 0.000403458487458217
S3_35871910 3 35871910 2.12514667865947e-05
S3_35871966 3 35871966 4.15310360784578e-05
S3_36030294 3 36030294 0.000149045259172568
S3_36189379 3 36189379 4.85617029608839e-05
S3_36212448 3 36212448 0.000126778374735255
S3_36212474 3 36212474 0.000126778374735255
S3_36278693 3 36278693 0.000171936411893324
S3_36296143 3 36296143 8.55091776412903e-05
S3_36327037 3 36327037 2.27503156320342e-05
S3_36363595 3 36363595 0.000440251125600337
S3_36364275 3 36364275 8.80254841260138e-05
S3_36401683 3 36401683 9.77323207585809e-05
S3_36531429 3 36531429 0.000205037752315958
S3_36800330 3 36800330 1.85062432602522e-05
S3_36931630 3 36931630 4.9469340068562e-05
S3_36941997 3 36941997 9.42866116265357e-05
S3_36945432 3 36945432 9.01624272430863e-05
S3_37066100 3 37066100 6.14913029926175e-05
S3_37096768 3 37096768 0.000650095579234181
S3_37114262 3 37114262 0.000355920673606979
S3_37116629 3 37116629 8.71866737896379e-05
S3_37303738 3 37303738 8.93733290543075e-05
S3_37374072 3 37374072 0.000514956214025646
S3_37374511 3 37374511 0.000132709235148181
S3_37409283 3 37409283 0.000117420166022479
S3_37430670 3 37430670 5.99810002763197e-05
S3_37430690 3 37430690 8.40943262857007e-05
S3_37435700 3 37435700 3.58823811757601e-05
S3_37574928 3 37574928 0.0002932890936814
S3_37648735 3 37648735 0.000273208196879111
S3_37727284 3 37727284 0.000936995854918695
S3_37738229 3 37738229 0.000322388093042
S3_37757771 3 37757771 0.000129502073945984
S3_37871944 3 37871944 4.42178101359323e-05
S3_37914710 3 37914710 7.49812031715437e-05
S3_37951098 3 37951098 0.000229704891089032
S3_38045113 3 38045113 3.98316843138977e-05
S3_38076965 3 38076965 0.00018364867340327
S3_38123751 3 38123751 1.88296175731888e-05
S3_38137446 3 38137446 5.38354073677907e-05
S3_38220769 3 38220769 0.000104575690317613
S3_38255665 3 38255665 5.4127160711463e-05
S3_38260093 3 38260093 0.000607729162831808
S3_38260412 3 38260412 7.05396479781076e-05
S3_38289125 3 38289125 0.000175881219592648
S3_38338018 3 38338018 0.000732477753699081
S3_38358116 3 38358116 0.000139234607962515
S3_38633531 3 38633531 0.000398684760717534
S3_38702942 3 38702942 2.47819155727261e-05
S3_38720717 3 38720717 8.70027231717e-05
S3_38723614 3 38723614 0.000270816132448511
S3_38723652 3 38723652 7.36047137720946e-05
S3_38797654 3 38797654 7.30877481273699e-05
S3_38814636 3 38814636 0.000362809951336053
S3_38814720 3 38814720 0.000494727601552267
S3_38820490 3 38820490 6.89002208930958e-05
S3_38820851 3 38820851 0.000217933698540823
S3_38891962 3 38891962 8.37998423027954e-05
S3_38919151 3 38919151 0.00019451196824752
S3_38965351 3 38965351 0.000420038354983448
S3_39028710 3 39028710 0.000363886486679278
S3_39028928 3 39028928 9.96700890323657e-05
S3_39028931 3 39028931 0.000132515003581703
S3_39069403 3 39069403 0.000163610717771765
S3_39116094 3 39116094 6.92129541329872e-05
S3_39134864 3 39134864 0.000220686522740118
S3_39185527 3 39185527 5.7727268800213e-05
S3_39186519 3 39186519 6.55562343164429e-05
S3_39186683 3 39186683 7.74269288735641e-05
S3_39186684 3 39186684 7.74269288735641e-05
S3_39186755 3 39186755 0.00037234742608949
S3_39190158 3 39190158 5.59974638395578e-05
S3_39190160 3 39190160 5.59974638395557e-05
S3_39257916 3 39257916 0.000731163391230614
S3_39308429 3 39308429 8.11613084567783e-05
S3_39412140 3 39412140 8.91378371693982e-05
S3_39636543 3 39636543 0.000153613066453483
S3_39636643 3 39636643 0.000104653647256329
S3_39706053 3 39706053 0.000287182616727663
S3_39709078 3 39709078 8.89332464938297e-05
S3_39893495 3 39893495 0.000107623594612555
S3_39908663 3 39908663 0.000111049333908131
S3_39962991 3 39962991 6.47402646119382e-05
S3_39963017 3 39963017 1.51186734250915e-05
S3_40003191 3 40003191 0.000152956831035774
S3_40007894 3 40007894 3.90076329202307e-05
S3_40007931 3 40007931 0.000190260001339129
S3_40008026 3 40008026 9.65428627175076e-05
S3_40046935 3 40046935 0.000164485994450468
S3_40047481 3 40047481 0.000158287483552873
S3_40080784 3 40080784 8.22179320327255e-05
S3_40114240 3 40114240 1.71767367003447e-05
S3_40116526 3 40116526 4.27589300631669e-05
S3_40264815 3 40264815 0.000261530616927827
S3_40271917 3 40271917 0.000139699768874404
S3_40271922 3 40271922 0.000139699768874404
S3_40271925 3 40271925 0.000139699768874404
S3_40271955 3 40271955 0.000361875811226242
S3_40279768 3 40279768 0.000103365312299452
S3_40309045 3 40309045 4.8688130824553e-05
S3_40339430 3 40339430 9.81018451078439e-05
S3_40402916 3 40402916 0.000117504138586942
S3_40402931 3 40402931 0.000423805991240028
S3_40437598 3 40437598 0.000233137405724767
S3_40537829 3 40537829 0.000270889241457938
S3_40537834 3 40537834 0.000315958023057319
S3_40552570 3 40552570 8.27921165312152e-05
S3_40576211 3 40576211 0.000206040371905923
S3_40597360 3 40597360 5.78666776585537e-05
S3_40598183 3 40598183 2.72950977400965e-05
S3_40647166 3 40647166 0.000593630484824796
S3_40685862 3 40685862 7.2518526100554e-06
S3_40861629 3 40861629 0.000546119136421648
S3_40900886 3 40900886 3.83101110870908e-05
S3_41113625 3 41113625 0.000260637658447159
S3_41236000 3 41236000 5.98869821765483e-05
S3_41400962 3 41400962 3.50442403464849e-05
S3_41406749 3 41406749 0.000860855133040248
S3_41418328 3 41418328 0.000228708937875222
S3_41473456 3 41473456 6.98367325265127e-05
S3_41549059 3 41549059 6.23609337502502e-05
S3_41552290 3 41552290 0.000275670123043657
S3_41727338 3 41727338 0.00014644393775215
S3_41777481 3 41777481 0.000117237742378842
S3_42187420 3 42187420 3.10141487458362e-05
S3_42230023 3 42230023 0.00028390505612139
S3_42233348 3 42233348 4.61362940604654e-05
S3_42349229 3 42349229 0.000257373319955322
S3_42397198 3 42397198 0.000546924084561783
S3_42397351 3 42397351 0.000680407598538065
S3_42459878 3 42459878 0.000217531173099898
S3_42478567 3 42478567 0.000335111826101587
S3_42487294 3 42487294 0.000994424685913018
S3_42498230 3 42498230 3.42363773134407e-05
S3_42535493 3 42535493 5.90079253508985e-05
S3_42536077 3 42536077 2.52478561332972e-05
S3_42538225 3 42538225 3.12580064126038e-05
S3_42538350 3 42538350 0.000106562681711661
S3_42921164 3 42921164 0.000500882803723745
S3_43680759 3 43680759 2.03745955803677e-05
S3_43778259 3 43778259 6.93014657105045e-05
S3_43802754 3 43802754 4.24286690118178e-05
S3_43810990 3 43810990 0.000133690490958812
S3_43828969 3 43828969 8.30038237319064e-05
S3_43829013 3 43829013 9.0548051044005e-05
S3_43845940 3 43845940 4.65230154046227e-05
S3_43845975 3 43845975 4.65230154046227e-05
S3_43845978 3 43845978 4.65230154046227e-05
S3_43962436 3 43962436 7.35597697007751e-05
S3_44003015 3 44003015 3.27215612687471e-05
S3_44003020 3 44003020 3.27215612687471e-05
S3_44003036 3 44003036 3.27215612687471e-05
S3_44057666 3 44057666 3.95224788012978e-05
S3_44087037 3 44087037 0.00055410662779441
S3_44087077 3 44087077 0.00011173043544915
S3_44101791 3 44101791 0.00028163415307376
S3_44104973 3 44104973 3.10963736579507e-05
S3_44136482 3 44136482 0.00033837090671647
S3_44142913 3 44142913 2.83831989720227e-05
S3_44152686 3 44152686 0.000179304057245191
S3_44166156 3 44166156 3.30390269487067e-05
S3_44231516 3 44231516 2.65750617831017e-05
S3_44268839 3 44268839 2.6764338625887e-05
S3_44310069 3 44310069 0.000160650806299071
S3_44312293 3 44312293 6.13829570158782e-05
S3_44312294 3 44312294 6.13829570158782e-05
S3_44312466 3 44312466 0.000634089710042615
S3_44318347 3 44318347 3.87987220664844e-05
S3_44338801 3 44338801 0.00013160573093415
S3_44339015 3 44339015 3.65753211032339e-05
S3_44371471 3 44371471 0.000168712805855629
S3_44371479 3 44371479 1.33581789250615e-05
S3_44371585 3 44371585 1.17095121454701e-05
S3_44371606 3 44371606 0.000116963611614349
S3_44396195 3 44396195 3.45445760308661e-05
S3_44418113 3 44418113 0.000280743260136463
S3_44440396 3 44440396 3.3060914973613e-05
S3_44461609 3 44461609 1.79968601508115e-05
S3_44480329 3 44480329 2.77635149735322e-05
S3_44480541 3 44480541 4.55580628335966e-05
S3_44488009 3 44488009 3.78544545312576e-05
S3_44560156 3 44560156 3.04198731394509e-05
S3_44575101 3 44575101 0.000365527348265847
S3_44575299 3 44575299 5.59545443996811e-05
S3_44715295 3 44715295 3.47264315925459e-05
S3_44734513 3 44734513 5.67551018273555e-05
S3_44756283 3 44756283 2.2517018908268e-05
S3_44841617 3 44841617 7.60106709828693e-05
S3_44895479 3 44895479 2.98096295891154e-05
S3_44895504 3 44895504 0.000653427336516717
S3_44933174 3 44933174 7.10784770541992e-05
S3_44973567 3 44973567 0.000156317293325367
S3_45016171 3 45016171 3.32191767774571e-05
S3_45121627 3 45121627 1.4528039100983e-05
S3_45122301 3 45122301 6.07655394511934e-05
S3_45131482 3 45131482 2.07764060286369e-05
S3_45180369 3 45180369 9.66849190698039e-05
S3_45211374 3 45211374 3.99385183282374e-05
S3_45506243 3 45506243 1.24115078938136e-05
S3_45506831 3 45506831 0.000461654912081149
S3_45550465 3 45550465 1.673842562196e-05
S3_45550517 3 45550517 1.67384256219592e-05
S3_45580905 3 45580905 5.89382376302754e-05
S3_45584518 3 45584518 0.000124933643950178
S3_45591647 3 45591647 4.13555624412662e-06
S3_45599040 3 45599040 0.000151871388236022
S3_45671228 3 45671228 0.000204675992584075
S3_45699971 3 45699971 0.000151485393271221
S3_45720703 3 45720703 1.82247564277428e-05
S3_45720765 3 45720765 6.87420443339824e-05
S3_45731374 3 45731374 0.000502446014154948
S3_45731557 3 45731557 1.3561454072818e-05
S3_45826210 3 45826210 2.65687053263053e-05
S3_45826226 3 45826226 2.39103592886424e-05
S3_45837175 3 45837175 5.02481337299203e-05
S3_45929077 3 45929077 0.000629983677756349
S3_45973905 3 45973905 0.000858113680591321
S3_45981557 3 45981557 0.000191624751166412
S3_45981558 3 45981558 0.000320474508872257
S3_45983396 3 45983396 6.52806069128214e-05
S3_46012232 3 46012232 5.70689029660598e-05
S3_46012333 3 46012333 2.3786110780158e-05
S3_46015542 3 46015542 2.05115919324011e-05
S3_46052002 3 46052002 0.000204689452276451
S3_46149125 3 46149125 0.00036201614487119
S3_46181640 3 46181640 0.000272089303952887
S3_46190248 3 46190248 8.36929419151098e-05
S3_46192976 3 46192976 5.75559927735923e-05
S3_46200413 3 46200413 0.000101082047666748
S3_46204802 3 46204802 2.41161776463981e-05
S3_46218357 3 46218357 8.8104705397686e-06
S3_46223027 3 46223027 0.000242324494091817
S3_46227743 3 46227743 9.25520101774765e-05
S3_46253304 3 46253304 1.80232062339529e-05
S3_46255044 3 46255044 2.86337506699652e-05
S3_46317585 3 46317585 0.000176772979870107
S3_46345725 3 46345725 0.000184443485854405
S3_46398564 3 46398564 5.714014329813e-05
S3_46461620 3 46461620 2.69119726181513e-05
S3_46494779 3 46494779 0.000237333166667577
S3_46560663 3 46560663 0.000236782166195004
S3_46635084 3 46635084 0.000292650052002972
S3_46768029 3 46768029 3.30248749871732e-06
S3_46825331 3 46825331 0.000140391793225101
S3_46869841 3 46869841 1.41075454448416e-05
S3_46873346 3 46873346 0.00010056815766738
S3_46931828 3 46931828 0.000359692047581132
S3_46968760 3 46968760 0.000716339203684304
S3_47154531 3 47154531 2.6729264751491e-05
S3_47159518 3 47159518 0.000210056121233728
S3_47260784 3 47260784 0.000837414737297814
S3_47304583 3 47304583 0.000271617708030309
S3_47306019 3 47306019 4.16420946491308e-05
S3_47347726 3 47347726 0.000598322699276702
S3_47383808 3 47383808 0.000562051995601453
S3_47924279 3 47924279 0.000646870137863416
S3_47967131 3 47967131 0.000897637714980327
S3_47973127 3 47973127 0.000517178490443619
S3_48000324 3 48000324 0.000817519973457273
S3_48019324 3 48019324 7.96756855255375e-05
S3_48057722 3 48057722 0.000339968321743958
S3_48077167 3 48077167 0.000750418231099447
S3_48077193 3 48077193 0.000750418231099447
S3_48204948 3 48204948 0.000876464991534762
S3_48419942 3 48419942 0.000807978272862404
S3_48706260 3 48706260 0.00013826184269875
S3_48706428 3 48706428 0.000874958292695136
S3_48708255 3 48708255 0.000195042192251893
S3_48711654 3 48711654 0.000413854093730815
S3_48725743 3 48725743 3.86039580682509e-05
S3_48728399 3 48728399 0.000377802649378129
S3_48850783 3 48850783 0.000247082473212259
S3_48855540 3 48855540 5.00509591963131e-05
S3_48856543 3 48856543 4.99154007682373e-07
S3_48871294 3 48871294 2.47205446837402e-05
S3_48871338 3 48871338 2.47205446837402e-05
S3_48871349 3 48871349 2.47205446837402e-05
S3_48871445 3 48871445 0.000215490576322057
S3_48871485 3 48871485 0.000215490576322057
S3_48871985 3 48871985 2.02241411517669e-05
S3_48874773 3 48874773 5.68893179884849e-06
S3_48874878 3 48874878 0.000613811893031938
S3_48875493 3 48875493 9.57574651922834e-05
S3_48934743 3 48934743 0.00052709071171457
S3_48952763 3 48952763 0.000979686989766404
S3_48952842 3 48952842 0.00054796405889122
S3_48994704 3 48994704 0.00012905841532307
S3_49053279 3 49053279 0.00049621159689916
S3_49074666 3 49074666 7.83241893524172e-05
S3_49203749 3 49203749 0.000116876206368923
S3_49203750 3 49203750 0.000119728221556839
S3_49203769 3 49203769 0.000172006528164117
S3_49232686 3 49232686 0.000118794646349689
S3_49232822 3 49232822 0.00057215366547814
S3_49311260 3 49311260 5.20639325175572e-05
S3_49387840 3 49387840 0.000540544457624214
S3_49441505 3 49441505 0.000112825041914905
S3_49444321 3 49444321 0.000193133638832935
S3_49449983 3 49449983 0.000537390045392403
S3_49450010 3 49450010 0.000176372684701303
S3_49478258 3 49478258 0.000456349162693666
S3_49520233 3 49520233 0.000725598907077132
S3_49585860 3 49585860 0.000121633579558436
S3_49588360 3 49588360 0.000494241773860754
S3_49589403 3 49589403 0.000108606868004952
S3_49630090 3 49630090 0.000435482482991296
S3_49632271 3 49632271 0.000113712779196872
S3_49634250 3 49634250 0.000112409544296195
S3_49637428 3 49637428 0.000102255184337702
S3_49657147 3 49657147 0.000108248118229326
S3_49701557 3 49701557 0.000486827620889689
S3_49730742 3 49730742 0.000260373431362383
S3_49747177 3 49747177 0.000191800799257002
S3_49761970 3 49761970 0.000108819198120541
S3_49786426 3 49786426 4.26225306797978e-05
S3_49794664 3 49794664 0.000239414166314894
S3_49810835 3 49810835 2.27991326636547e-05
S3_49812174 3 49812174 0.000872640733441215
S3_49886422 3 49886422 0.000133807546426092
S3_49899519 3 49899519 1.54165502398919e-05
S3_49919861 3 49919861 8.58217604156414e-05
S3_49953572 3 49953572 0.000169798841300902
S3_49965162 3 49965162 0.000112799025257665
S3_49987025 3 49987025 0.0001523587409915
S3_50011562 3 50011562 0.000206336535748295
S3_50011609 3 50011609 0.000206336535748295
S3_50021754 3 50021754 0.000780263514080587
S3_50022759 3 50022759 0.000103221713382272
S3_50041190 3 50041190 9.84373067217767e-05
S3_50051904 3 50051904 4.91786420506838e-05
S3_50070973 3 50070973 0.000108505130352417
S3_50087647 3 50087647 0.000236432042173087
S3_50143883 3 50143883 3.42235807768435e-05
S3_50150209 3 50150209 0.000761913830149698
S3_50218547 3 50218547 0.000902709749974335
S3_50218557 3 50218557 4.92685180584702e-06
S3_50218560 3 50218560 4.92685180584702e-06
S3_50218798 3 50218798 9.82555237833492e-06
S3_50302817 3 50302817 0.000664580277823968
S3_50315787 3 50315787 5.33940148937743e-05
S3_50328547 3 50328547 0.00031734965718489
S3_50338423 3 50338423 0.000118800085278549
S3_50347301 3 50347301 4.01285035250643e-05
S3_50408894 3 50408894 0.000446932658488457
S3_50408896 3 50408896 3.60424028049695e-05
S3_50410468 3 50410468 7.65675883014008e-05
S3_50410475 3 50410475 0.000434146362647675
S3_50412817 3 50412817 0.000230311875055335
S3_51503961 3 51503961 0.000923446593119119
S3_51750293 3 51750293 0.000177958864678106
S3_51948397 3 51948397 0.000142861362996413
S3_51948398 3 51948398 0.000142861362996413
S3_51952519 3 51952519 8.91734875919422e-06
S3_52002943 3 52002943 7.967977592188e-07
S3_52013547 3 52013547 4.74184873705367e-06
S3_52013733 3 52013733 0.000109349865127908
S3_52013736 3 52013736 0.000109349865127908
S3_52015282 3 52015282 3.23127544008381e-07
S3_52016290 3 52016290 0.000402004433764985
S3_52022302 3 52022302 4.87407253871019e-05
S3_52036291 3 52036291 0.000660450892723355
S3_52038192 3 52038192 0.000834833591971577
S3_52045899 3 52045899 3.88707198404382e-06
S3_52050414 3 52050414 6.75064890065309e-05
S3_52053534 3 52053534 1.79036396674041e-05
S3_52053582 3 52053582 0.000630752883933336
S3_52053631 3 52053631 2.20161617646517e-05
S3_52053713 3 52053713 1.78654614531833e-05
S3_52053891 3 52053891 3.34752473072096e-07
S3_52053907 3 52053907 1.37290188392223e-07
S3_52053908 3 52053908 1.37290188392223e-07
S3_52059651 3 52059651 1.97488390264022e-06
S3_52137902 3 52137902 0.000746718165207352
S3_52209923 3 52209923 0.000451040491449884
S3_52284290 3 52284290 0.000650048848479474
S3_52462889 3 52462889 0.000179073067290103
S3_52466168 3 52466168 6.35736963071459e-06
S3_52557993 3 52557993 0.000837367829540235
S3_52592256 3 52592256 2.41313044140315e-06
S3_52616018 3 52616018 1.01393296414211e-07
S3_52663813 3 52663813 0.00039285628722
S3_52665130 3 52665130 0.000327363728216883
S3_52668450 3 52668450 2.1778981396177e-06
S3_52672389 3 52672389 4.92188024750617e-05
S3_52672787 3 52672787 8.05060184564752e-05
S3_52694106 3 52694106 0.00027908998892044
S3_52699218 3 52699218 4.4146166150384e-07
S3_52721744 3 52721744 0.0009573338024736
S3_52725842 3 52725842 4.06302197142229e-06
S3_52730017 3 52730017 8.92454693812611e-06
S3_52791811 3 52791811 6.86013525429612e-07
S3_52791870 3 52791870 3.91547958567438e-07
S3_52791934 3 52791934 0.00057161863639454
S3_52813621 3 52813621 4.4053542823112e-05
S3_52813622 3 52813622 4.4053542823112e-05
S3_52813623 3 52813623 4.4053542823112e-05
S3_52813624 3 52813624 4.4053542823112e-05
S3_52813628 3 52813628 4.4053542823112e-05
S3_52813630 3 52813630 4.4053542823112e-05
S3_52813632 3 52813632 4.4053542823112e-05
S3_52813670 3 52813670 6.6081962510977e-07
S3_52814732 3 52814732 8.6971097434032e-08
S3_52836612 3 52836612 2.15292776035548e-05
S3_52840351 3 52840351 0.000217205356168183
S3_52840982 3 52840982 6.1970432356289e-07
S3_52859233 3 52859233 6.83125916469598e-06
S3_52859247 3 52859247 5.36333512275163e-06
S3_52876497 3 52876497 1.50506904090535e-06
S3_52880330 3 52880330 1.15731052453547e-06
S3_52880333 3 52880333 1.15731052453547e-06
S3_52881220 3 52881220 7.62089336753903e-06
S3_52894268 3 52894268 5.17003187287132e-07
S3_52898164 3 52898164 2.06894040817302e-07
S3_52945894 3 52945894 0.000880615851252475
S3_52950482 3 52950482 5.27454419206826e-06
S3_53008549 3 53008549 1.00265752998836e-05
S3_53008568 3 53008568 1.00265752998836e-05
S3_53008585 3 53008585 1.36526388810746e-05
S3_53011127 3 53011127 0.000659526038715352
S3_53028218 3 53028218 6.24536898105456e-05
S3_53059181 3 53059181 2.1954799407289e-05
S3_53059506 3 53059506 0.000484649601194431
S3_53067288 3 53067288 0.00075186643016886
S3_53067368 3 53067368 0.000841814393669616
S3_53132108 3 53132108 1.62824767482729e-05
S3_53133907 3 53133907 0.000251473624753987
S3_53136111 3 53136111 0.000188917884941853
S3_53136309 3 53136309 0.000176463857581174
S3_53136551 3 53136551 2.47674951170364e-05
S3_53136617 3 53136617 9.88573745415433e-05
S3_53136735 3 53136735 0.000477528337247533
S3_53148264 3 53148264 9.2198624974453e-07
S3_53163589 3 53163589 0.000147135276611336
S3_53163698 3 53163698 3.01735524976266e-05
S3_53214493 3 53214493 0.000542625283091472
S3_53214549 3 53214549 0.000161058599784899
S3_53254054 3 53254054 0.000413036047273702
S3_53313917 3 53313917 9.69031898775304e-05
S3_53391441 3 53391441 3.69119901264681e-05
S3_53391530 3 53391530 2.01055575596998e-05
S3_53391532 3 53391532 2.01055575596998e-05
S3_53990885 3 53990885 0.000446574014981498
S3_53990886 3 53990886 0.000446574014981498
S3_54552266 3 54552266 0.000713060730995389
S3_54560658 3 54560658 5.14453620599282e-05
S3_54563487 3 54563487 0.000107059460575528
S3_54563526 3 54563526 0.000107059460575528
S3_54563658 3 54563658 1.85253834441258e-05
S3_54563688 3 54563688 1.85253834441258e-05
S3_55074527 3 55074527 0.000501478112776686
S3_55074530 3 55074530 0.000501478112776621
S3_55074549 3 55074549 0.000501478112776686
S3_55074569 3 55074569 0.000501478112776686
S3_55149675 3 55149675 8.46932973977167e-06
S3_55175753 3 55175753 0.000955477914798543
S3_55177710 3 55177710 0.000741396127801664
S3_55186166 3 55186166 0.000772536782952762
S3_55272084 3 55272084 0.000955579268885574
S3_55288958 3 55288958 0.000274325494071454
S3_55299518 3 55299518 0.000800298885436974
S3_55306183 3 55306183 0.000972571053125056
S3_55306187 3 55306187 0.000972571053125056
S3_55306880 3 55306880 9.45289506381709e-06
S3_55306945 3 55306945 0.000312237605453949
S3_55307678 3 55307678 0.000542634331537955
S3_55307679 3 55307679 0.000542634331537955
S3_55307696 3 55307696 0.00093707065634361
S3_55311338 3 55311338 6.15798305812838e-05
S3_55314880 3 55314880 0.000196319218094305
S3_55314892 3 55314892 0.000936082974435612
S3_55327466 3 55327466 9.15074721230884e-06
S3_55327479 3 55327479 0.000352973726834496
S3_55328536 3 55328536 0.000277814229167394
S3_55331971 3 55331971 0.000682118633652279
S3_55331974 3 55331974 0.000682118633652235
S3_55338504 3 55338504 0.000257686734902974
S3_55374744 3 55374744 0.000120185925636654
S3_55374800 3 55374800 0.000118661990869008
S3_55392675 3 55392675 0.000434491007756185
S3_55472335 3 55472335 0.000360738414352258
S3_55472678 3 55472678 3.78016813210418e-05
S3_55486377 3 55486377 1.93243526859482e-05
S3_55530941 3 55530941 0.000587274266592159
S3_55633400 3 55633400 0.000214371758713361
S3_55634333 3 55634333 1.40179964976147e-05
S3_55634427 3 55634427 3.2970019933052e-05
S3_55661303 3 55661303 0.000366896830496442
S3_55804749 3 55804749 0.000125373012946811
S3_55808293 3 55808293 0.000354764910459668
S3_55814378 3 55814378 1.78036642761118e-05
S3_55819440 3 55819440 0.000267694482934026
S3_55869677 3 55869677 0.000135946756440335
S3_55870250 3 55870250 2.661834465764e-05
S3_55887202 3 55887202 1.108153970207e-05
S3_55888498 3 55888498 6.33816002086406e-06
S3_55889228 3 55889228 1.5257382470499e-06
S3_55898802 3 55898802 2.49820837971272e-06
S3_55904918 3 55904918 0.00065087199390666
S3_55907436 3 55907436 1.36059182737852e-05
S3_55907437 3 55907437 2.70572729185645e-05
S3_55952036 3 55952036 0.000264490470069817
S3_55952099 3 55952099 0.000240444627464787
S3_55952423 3 55952423 0.000265449921942003
S3_55954597 3 55954597 5.33239842895082e-05
S3_55986918 3 55986918 0.000341323110709665
S3_56006672 3 56006672 0.000186581297837209
S3_56010528 3 56010528 6.85362885753495e-05
S3_56012845 3 56012845 0.000880064070775407
S3_56012846 3 56012846 0.000794252401867472
S3_56012874 3 56012874 0.000794252401867472
S3_56014375 3 56014375 1.99917516969849e-05
S3_56024543 3 56024543 1.20375313347818e-05
S3_56024991 3 56024991 0.000532528240660281
S3_56025000 3 56025000 6.64890239002228e-05
S3_56025060 3 56025060 0.000159485032374733
S3_56025650 3 56025650 0.00011359067656938
S3_56032898 3 56032898 2.11586529012735e-06
S3_56033663 3 56033663 3.32489334832351e-05
S3_56033669 3 56033669 4.52088402554935e-06
S3_56035630 3 56035630 1.50547648148379e-07
S3_56036040 3 56036040 1.65157022398547e-07
S3_56036041 3 56036041 1.65157022398547e-07
S3_56036082 3 56036082 1.65157022398547e-07
S3_56036158 3 56036158 2.1482004680381e-07
S3_56036162 3 56036162 2.12362708140993e-07
S3_56036164 3 56036164 2.12362708140993e-07
S3_56038801 3 56038801 0.000947994369350648
S3_56057223 3 56057223 7.00511906351191e-06
S3_56057237 3 56057237 0.000537316351923645
S3_56057534 3 56057534 0.00018636484813406
S3_56061434 3 56061434 1.85049088648929e-06
S3_56067561 3 56067561 1.23241631440234e-05
S3_56073096 3 56073096 4.46002795883029e-05
S3_56073100 3 56073100 1.87087247914874e-05
S3_56074049 3 56074049 0.000543292382293391
S3_56074180 3 56074180 5.04565935994208e-05
S3_56074516 3 56074516 6.53013285719752e-07
S3_56097019 3 56097019 5.20743170705741e-05
S3_56114250 3 56114250 0.00067470003208015
S3_56144464 3 56144464 5.10103040110803e-05
S3_56145304 3 56145304 0.000633990806004225
S3_56145616 3 56145616 0.000197549321649993
S3_56150457 3 56150457 0.000740851522230084
S3_56208470 3 56208470 0.000722338391983387
S3_56258042 3 56258042 0.000641207946824983
S3_56258058 3 56258058 6.19381813181015e-05
S3_56381240 3 56381240 0.00039490559529135
S3_56781402 3 56781402 8.39526301979109e-05
S3_57167518 3 57167518 0.000205305443118566
S3_58144165 3 58144165 0.00046467247833673
S3_58375410 3 58375410 7.74397771862676e-05
S3_58375411 3 58375411 0.000109283901599205
S3_58375412 3 58375412 0.000143470492052305
S3_58384718 3 58384718 0.000620243456093283
S3_58399244 3 58399244 0.00030388196800121
S3_58430563 3 58430563 0.000216347794181144
S3_58430913 3 58430913 0.000761173248968264
S3_58436313 3 58436313 4.42079291752948e-05
S3_58489529 3 58489529 0.000647027964006379
S3_58489537 3 58489537 0.000647027964006379
S3_58555325 3 58555325 0.000138548555330318
S3_58567775 3 58567775 0.000670616874482093
S3_58585090 3 58585090 0.000433024543810164
S3_58595595 3 58595595 0.000190358293411112
S3_58595767 3 58595767 0.000991376536079125
S3_58614157 3 58614157 0.0004172387458092
S3_58657591 3 58657591 0.00077968828826105
S3_58688324 3 58688324 0.000180384721580047
S3_58763174 3 58763174 5.55769405096917e-05
S3_58999870 3 58999870 0.000342370970935451
S3_59100513 3 59100513 3.00331765139753e-05
S3_59296425 3 59296425 0.000248316825760171
S3_59296427 3 59296427 0.000248316825760237
S3_59296431 3 59296431 0.000248316825760237
S3_59592924 3 59592924 0.000270591187480939
S3_59961641 3 59961641 0.000516697066139446
S3_60116765 3 60116765 0.000187308493416337
S3_60116771 3 60116771 0.000187308493416337
S3_60116803 3 60116803 0.000187308493416337
S3_60164171 3 60164171 1.38085654409411e-05
S3_60848849 3 60848849 0.000920816945570109
S3_60851650 3 60851650 0.000335927583002616
S3_61021557 3 61021557 9.11446896758049e-05
S3_61276183 3 61276183 0.000711503914852632
S3_61297133 3 61297133 0.000481193149240961
S3_61310071 3 61310071 0.000505318267209562
S3_61886185 3 61886185 0.000593587373881932
S3_62433135 3 62433135 0.000121162445494897
S3_62465383 3 62465383 1.59745337945704e-06
S3_62647315 3 62647315 0.000708159051708796
S3_63782029 3 63782029 0.000597721517824829
S3_64000654 3 64000654 0.000789632733093998
S3_64422638 3 64422638 0.000304968716728826
S3_64522583 3 64522583 0.000752369954698644
S3_64578059 3 64578059 0.000862158375252811
S3_64578060 3 64578060 0.000862158375252811
S3_64782334 3 64782334 0.000252104075085506
S3_64812817 3 64812817 0.0001553304637363
S3_64812853 3 64812853 0.000155330463736292
S3_64824309 3 64824309 0.000105314685867769
S3_64893943 3 64893943 0.000177125143085973
S3_64903584 3 64903584 3.15057929274418e-05
S3_64907736 3 64907736 0.000383271869345946
S3_64907775 3 64907775 0.000383271869345946
S3_64907810 3 64907810 0.000931950985286777
S3_64907817 3 64907817 0.000931950985286777
S3_64908268 3 64908268 1.03441215801176e-05
S3_64908378 3 64908378 1.0900179683194e-05
S3_65106670 3 65106670 0.000591712619010628
S3_65118586 3 65118586 0.000196044030169153
S3_65130467 3 65130467 5.69914118414643e-05
S3_65130468 3 65130468 6.14595390162179e-05
S3_65130469 3 65130469 6.14595390162179e-05
S3_65130471 3 65130471 6.14595390162179e-05
S3_65164164 3 65164164 1.94064103983096e-06
S3_65164842 3 65164842 0.000669346489890522
S3_65164851 3 65164851 0.000427631337641698
S3_65164882 3 65164882 0.000669346489890522
S3_65169505 3 65169505 0.000278198396375147
S3_65192558 3 65192558 9.36559388310552e-05
S3_65201296 3 65201296 0.000179828857525003
S3_65356397 3 65356397 0.000153272764220228
S3_65356411 3 65356411 0.000153272764220228
S3_65505176 3 65505176 0.000578805278749047
S3_65768110 3 65768110 0.000263235613056465
S3_65978406 3 65978406 0.000697726156794047
S3_65978439 3 65978439 2.28005480758643e-05
S3_66354597 3 66354597 8.07919262152839e-05
S3_66436619 3 66436619 0.000106645094940331
S3_66436643 3 66436643 0.000106645094940352
S3_66482999 3 66482999 0.000145407133166096
S3_66639811 3 66639811 0.000766863844829013
S3_67178191 3 67178191 0.000560318000162847
S3_67566783 3 67566783 0.00018018397561861
S3_67634280 3 67634280 0.000181033823632724
S3_68020055 3 68020055 0.000224810129791437
S3_68198881 3 68198881 0.000653158347041772
S3_68200388 3 68200388 0.000968895043680552
S3_68209240 3 68209240 0.000735394122978164
S3_68383530 3 68383530 0.000694465201321822
S3_68408831 3 68408831 1.92116130146443e-06
S3_68408851 3 68408851 2.91767062426552e-07
S3_68435476 3 68435476 0.000726883882439986
S3_68651448 3 68651448 0.000677953944782746
S3_68731164 3 68731164 0.000974871517803099
S3_68794869 3 68794869 0.0001436695715609
S3_68947608 3 68947608 0.000152964742504809
S3_68997531 3 68997531 2.77250678739767e-05
S3_69063333 3 69063333 0.000689140381157463
S3_69102955 3 69102955 0.000447070031696105
S3_69114386 3 69114386 0.000435306843114085
S3_69114387 3 69114387 0.000435306843114085
S3_69114388 3 69114388 0.000435306843114085
S3_69124032 3 69124032 0.000516382243819146
S3_69154681 3 69154681 4.4401750843551e-05
S3_69202469 3 69202469 0.000111848960832281
S3_69236226 3 69236226 2.47650408242574e-05
S3_69257872 3 69257872 7.86368250856987e-05
S3_69257956 3 69257956 0.000165663309438066
S3_69275784 3 69275784 0.000215757496626326
S3_69291096 3 69291096 0.000362797052540297
S3_69642601 3 69642601 0.000236157560576123
S3_69724529 3 69724529 0.000788601848835052
S3_69901640 3 69901640 0.000489638858406915
S3_69921718 3 69921718 0.000556298316340433
S3_69941860 3 69941860 0.000164474371343145
S3_69941962 3 69941962 0.000128630177930998
S3_69941980 3 69941980 0.000128630177930998
S3_69948599 3 69948599 0.00017632272072216
S3_70750503 3 70750503 0.000605942876933479
S3_70750504 3 70750504 0.000605942876933479
S3_70950016 3 70950016 0.000252584815901253
S3_70950047 3 70950047 0.000254041156143379
S3_70980937 3 70980937 3.0584980985906e-06
S3_70981066 3 70981066 8.65523721451194e-05
S3_70985602 3 70985602 1.93937202054339e-05
S3_71010136 3 71010136 0.000159100562992999
S3_71022503 3 71022503 0.000372301332445877
S3_71045368 3 71045368 0.000130758916682186
S3_71104942 3 71104942 0.000830336272506743
S3_71352150 3 71352150 0.000282229963238189
S3_71541852 3 71541852 0.000220389039547037
S3_71857084 3 71857084 0.000743198267940611
S3_71922129 3 71922129 0.000357363647262997
S3_71922135 3 71922135 0.000357991621806625
S3_71940615 3 71940615 0.000788982029682672
S3_71940634 3 71940634 0.000788982029682672
S3_71944282 3 71944282 0.00024269803814161
S3_71961717 3 71961717 0.000164992092307107
S3_71961718 3 71961718 0.000164992092307107
S3_72005361 3 72005361 0.000430858966972049
S3_72006525 3 72006525 0.000388712876643231
S3_72056016 3 72056016 0.00026590670141824
S3_72080656 3 72080656 0.000783580144160236
S3_72187464 3 72187464 0.0009165095459462
S3_72367226 3 72367226 0.000781499309829478
S3_72371165 3 72371165 3.87644768622641e-05
S3_72441391 3 72441391 7.14705438071791e-07
S3_72519591 3 72519591 2.40592789697015e-07
S3_72519647 3 72519647 3.87034198166388e-06
S3_72520201 3 72520201 9.62773943061815e-06
S3_72520274 3 72520274 6.24319291025644e-06
S3_72520300 3 72520300 6.24319291025644e-06
S3_72520310 3 72520310 6.24319291025644e-06
S3_72520325 3 72520325 6.24319291025644e-06
S3_72521527 3 72521527 5.24332141861654e-05
S3_72521531 3 72521531 3.73504311686452e-05
S3_72521630 3 72521630 7.36904180509984e-05
S3_72664832 3 72664832 0.000415753240710008
S3_72664833 3 72664833 0.00044029923467143
S3_72664834 3 72664834 0.000415753240710008
S3_72664835 3 72664835 0.000415753240710008
S3_72884954 3 72884954 0.00016151135134353
S3_73122421 3 73122421 0.000173758241665797
S3_73124088 3 73124088 0.000325039077928671
S3_73124156 3 73124156 2.2516104478761e-05
S3_73226156 3 73226156 6.46071462280735e-05
S3_73299585 3 73299585 1.68012932199646e-05
S3_73323507 3 73323507 0.000493967210127406
S3_73327722 3 73327722 0.000487248118991362
S3_73485182 3 73485182 0.000790087446179762
S3_73485291 3 73485291 0.000242627613144966
S3_74112332 3 74112332 0.000356475835418965
S3_74121946 3 74121946 0.000541231501916291
