Marker Chr Pos p
S5_376589 5 376589 1.9663034350185e-05
S5_437702 5 437702 1.32377037510459e-05
S5_447886 5 447886 1.97025109881056e-05
S5_481709 5 481709 5.04431529023972e-06
S5_620895 5 620895 1.66507048412158e-05
S5_620904 5 620904 0.000638605005537741
S5_1122801 5 1122801 0.000554554211532577
S5_1152950 5 1152950 0.000125904731847817
S5_1161976 5 1161976 1.03783378046255e-05
S5_1249381 5 1249381 5.96512090416042e-07
S5_1249518 5 1249518 0.000457474582288687
S5_1253342 5 1253342 1.17758317127066e-05
S5_1281155 5 1281155 8.97152709016768e-07
S5_1294333 5 1294333 9.68225359499065e-06
S5_1370306 5 1370306 7.28104707735584e-07
S5_1409071 5 1409071 0.000751305042923355
S5_1447703 5 1447703 0.000627831464171439
S5_1579699 5 1579699 0.000188790856756462
S5_1612550 5 1612550 6.96734729644951e-05
S5_1612603 5 1612603 4.74057149912412e-05
S5_1619795 5 1619795 0.000176355479013312
S5_1733108 5 1733108 0.000208206660550144
S5_1733243 5 1733243 0.000105472356603333
S5_2090573 5 2090573 0.000692362226588058
S5_2156331 5 2156331 3.47810229523925e-06
S5_2260664 5 2260664 0.000596540891226671
S5_2260798 5 2260798 9.12726258169171e-05
S5_2260804 5 2260804 9.127262581692e-05
S5_2260820 5 2260820 9.12726258169171e-05
S5_2369636 5 2369636 0.000747193552856537
S5_2369644 5 2369644 0.000747193552856537
S5_2615930 5 2615930 0.000170304331798323
S5_2680006 5 2680006 0.000487684089840268
S5_2786997 5 2786997 0.000287018516128609
S5_2798034 5 2798034 2.01124753769978e-05
S5_2798973 5 2798973 1.29341840380133e-07
S5_2939385 5 2939385 0.000786722849761715
S5_3005179 5 3005179 0.000121907789801995
S5_3005183 5 3005183 0.000179861806505261
S5_3005185 5 3005185 0.000193591481081274
S5_3005188 5 3005188 0.000211318291876954
S5_3005191 5 3005191 0.000121907789801995
S5_3005192 5 3005192 0.000124038333561369
S5_3005197 5 3005197 0.000121907789801995
S5_3076592 5 3076592 0.000957897689205809
S5_3078937 5 3078937 3.26762419898403e-11
S5_3078939 5 3078939 3.26762419898403e-11
S5_3217700 5 3217700 3.41543455814782e-06
S5_3220958 5 3220958 0.000200952883344631
S5_3221784 5 3221784 0.000160716634082021
S5_3221804 5 3221804 0.000256659261196472
S5_3223111 5 3223111 0.000712353395728727
S5_3223392 5 3223392 1.51024366606812e-06
S5_3223470 5 3223470 0.000811718819098663
S5_3229755 5 3229755 0.000144830278730888
S5_3229789 5 3229789 0.000687927119995078
S5_3231880 5 3231880 0.000238025258379956
S5_3329366 5 3329366 0.000950304997118998
S5_3461109 5 3461109 0.000362233577028424
S5_3708857 5 3708857 0.000320104163711566
S5_3723855 5 3723855 0.000744888682135169
S5_3744614 5 3744614 0.000750706978514478
S5_3922594 5 3922594 0.000357074346613041
S5_3981035 5 3981035 4.64682750380262e-06
S5_3981557 5 3981557 1.74038770829604e-06
S5_4063453 5 4063453 0.000165580031291508
S5_4100121 5 4100121 0.000170045813465844
S5_4102985 5 4102985 9.17472562989473e-05
S5_4167351 5 4167351 0.000470970235453747
S5_4617852 5 4617852 6.99967569313631e-05
S5_4618244 5 4618244 4.48244122722337e-05
S5_4711957 5 4711957 5.29369974325079e-05
S5_4750105 5 4750105 0.000163977332060895
S5_4770731 5 4770731 4.89603220997863e-05
S5_4838726 5 4838726 1.62951294122521e-07
S5_4860027 5 4860027 0.0003563933905182
S5_4900347 5 4900347 0.000419616332207262
S5_4963628 5 4963628 0.000653548713167311
S5_4981656 5 4981656 0.000127347648278
S5_5002695 5 5002695 0.000366816933285969
S5_5055708 5 5055708 0.000414449048111061
S5_5093389 5 5093389 4.5925694198495e-05
S5_5095639 5 5095639 9.44569238254071e-05
S5_5098289 5 5098289 0.000958620171391275
S5_5112912 5 5112912 0.000756408298092535
S5_5171992 5 5171992 0.000626159964680182
S5_5174406 5 5174406 3.27903707799915e-05
S5_5191141 5 5191141 0.000500407274006085
S5_5191142 5 5191142 0.000500407274006085
S5_5191149 5 5191149 0.000500407274006085
S5_5208756 5 5208756 0.000809625347847891
S5_5211219 5 5211219 3.13302619129768e-06
S5_5214298 5 5214298 5.34302896559582e-06
S5_5253514 5 5253514 0.000615670301793451
S5_5370579 5 5370579 0.00087568431945068
S5_5378472 5 5378472 0.000202913756898139
S5_5690220 5 5690220 0.000505951289531087
S5_5690221 5 5690221 0.000317209173848861
S5_5772374 5 5772374 1.56561431418102e-10
S5_5943680 5 5943680 0.000161823147996221
S5_5948598 5 5948598 0.000545039249356748
S5_6076531 5 6076531 0.000295780233578645
S5_6279564 5 6279564 0.000293981710193127
S5_6317184 5 6317184 0.000640668069637
S5_6634443 5 6634443 1.46258436718304e-05
S5_6664880 5 6664880 1.64615005396013e-05
S5_6665098 5 6665098 6.54508934501816e-06
S5_6665673 5 6665673 0.000892325571515635
S5_6783911 5 6783911 2.14059751722178e-05
S5_6797848 5 6797848 0.000117456462448982
S5_6859968 5 6859968 0.000262657485766042
S5_6866247 5 6866247 0.000300085184682875
S5_6870507 5 6870507 7.72152115997114e-05
S5_6891359 5 6891359 9.03110267727004e-06
S5_6909731 5 6909731 0.000411010590548923
S5_6917667 5 6917667 6.93102292224103e-13
S5_6917673 5 6917673 6.93102292224103e-13
S5_6942387 5 6942387 3.67866446980529e-05
S5_6971129 5 6971129 6.8194346804183e-11
S5_6971143 5 6971143 6.81943468042789e-11
S5_6971176 5 6971176 6.8194346804183e-11
S5_7016197 5 7016197 8.91945132537586e-05
S5_7106452 5 7106452 0.000652260188619465
S5_7176527 5 7176527 0.000914725946029416
S5_7351613 5 7351613 5.38052297101261e-05
S5_7355339 5 7355339 6.44824258267155e-05
S5_7406111 5 7406111 0.000471540664182479
S5_7504771 5 7504771 0.000992472138299015
S5_7512569 5 7512569 0.000921421849891259
S5_7513653 5 7513653 0.000950185969156899
S5_7528763 5 7528763 1.24928966960648e-10
S5_7601201 5 7601201 2.93161024683364e-06
S5_7767829 5 7767829 0.000610141875354274
S5_7804339 5 7804339 1.17085453232718e-05
S5_7805649 5 7805649 4.70093786499627e-07
S5_7824330 5 7824330 8.75717045640684e-05
S5_7831533 5 7831533 0.000914545197920102
S5_7885330 5 7885330 0.000189247496171548
S5_7885478 5 7885478 3.15845411649429e-05
S5_8000679 5 8000679 0.000736268150366625
S5_8004239 5 8004239 3.74424961531065e-07
S5_8028105 5 8028105 3.00646542935553e-06
S5_8051941 5 8051941 0.000352958995750212
S5_8141129 5 8141129 0.000997572002592328
S5_8149788 5 8149788 9.71132591724864e-06
S5_8203858 5 8203858 2.52259767437733e-05
S5_8297556 5 8297556 2.12616657439298e-11
S5_8297561 5 8297561 1.91747201398683e-11
S5_8311884 5 8311884 4.64786918435442e-13
S5_8385124 5 8385124 1.77032539426697e-11
S5_8710871 5 8710871 0.00059307203271613
S5_8710884 5 8710884 0.00059307203271613
S5_8710911 5 8710911 0.000593072032716093
S5_8854791 5 8854791 2.30240029878762e-06
S5_8934335 5 8934335 0.000486772658968453
S5_8945496 5 8945496 3.06601988895812e-06
S5_8951510 5 8951510 0.00037878902087779
S5_9087956 5 9087956 2.23701566725841e-06
S5_9230848 5 9230848 8.6728544621027e-05
S5_9307319 5 9307319 3.60759068704893e-07
S5_9348382 5 9348382 3.35733427359105e-05
S5_9348581 5 9348581 1.42612327762446e-06
S5_9348703 5 9348703 0.000200391576169389
S5_9350353 5 9350353 0.000729952403834876
S5_9350973 5 9350973 1.12670029002952e-07
S5_9485423 5 9485423 2.29861447105671e-05
S5_9520313 5 9520313 0.00086703985832649
S5_9636529 5 9636529 5.42070714026244e-05
S5_9642087 5 9642087 6.55776182532671e-12
S5_9723719 5 9723719 6.12922416799932e-06
S5_9728492 5 9728492 5.46793463000911e-05
S5_9743053 5 9743053 0.000108630242570102
S5_9743129 5 9743129 0.000691549063319795
S5_9791051 5 9791051 2.77934425845936e-05
S5_9791117 5 9791117 0.00043641237421294
S5_9838079 5 9838079 3.16995877516759e-05
S5_9838162 5 9838162 3.34284284275372e-06
S5_9841603 5 9841603 2.38928847963608e-05
S5_9841834 5 9841834 6.48035281894446e-05
S5_9852434 5 9852434 8.20492730970618e-12
S5_9852442 5 9852442 7.46998769818373e-12
S5_9853675 5 9853675 4.25824012629023e-05
S5_9855135 5 9855135 7.72003869233228e-08
S5_9856969 5 9856969 6.97255437531999e-08
S5_9864992 5 9864992 1.38018038883808e-08
S5_9880310 5 9880310 2.06844058977935e-05
S5_9940140 5 9940140 9.66038150426855e-06
S5_9969024 5 9969024 1.84956842040304e-05
S5_9969076 5 9969076 4.75905264472617e-06
S5_10025783 5 10025783 0.000587991906854571
S5_10575429 5 10575429 0.000880489847693938
S5_10581593 5 10581593 0.000260317175815379
S5_10621818 5 10621818 0.000629755809670405
S5_10635369 5 10635369 5.85512002582982e-05
S5_10635370 5 10635370 0.000199475966330088
S5_10635371 5 10635371 5.85512002582982e-05
S5_10635373 5 10635373 5.85512002582956e-05
S5_10635374 5 10635374 0.000199475966330088
S5_10635375 5 10635375 5.83673890223263e-05
S5_10679131 5 10679131 0.000282584906892053
S5_10715832 5 10715832 0.000726391323681203
S5_10730805 5 10730805 6.8331781343903e-05
S5_10929717 5 10929717 0.000436304110562662
S5_11030933 5 11030933 0.000597628719782237
S5_11100013 5 11100013 8.07678751871644e-05
S5_11100037 5 11100037 8.07678751871644e-05
S5_11147117 5 11147117 0.000236731133484872
S5_11147122 5 11147122 0.000236731133484872
S5_11147152 5 11147152 0.000236731133484872
S5_11331562 5 11331562 8.67799578280695e-10
S5_11484283 5 11484283 5.7534519930855e-06
S5_11751210 5 11751210 0.000563037084326349
S5_11943100 5 11943100 0.000465569868994618
S5_11943101 5 11943101 0.000465569868994638
S5_11947339 5 11947339 2.43656364597522e-09
S5_11947340 5 11947340 2.43656364597522e-09
S5_11959139 5 11959139 2.69488405215611e-05
S5_11965803 5 11965803 1.37111324506235e-05
S5_12072341 5 12072341 0.000317294848330822
S5_12374614 5 12374614 0.000503293804695358
S5_12374621 5 12374621 0.000503293804695358
S5_12374627 5 12374627 0.000503293804695406
S5_12386167 5 12386167 9.42280564040792e-05
S5_12464909 5 12464909 2.92051388788995e-05
S5_12504883 5 12504883 3.35947896974045e-09
S5_12523118 5 12523118 7.08868682930433e-07
S5_12739257 5 12739257 0.000468283628496928
S5_12861986 5 12861986 0.000257975032840515
S5_12861988 5 12861988 0.000265990071965127
S5_12861989 5 12861989 0.000257975032840524
S5_12862020 5 12862020 0.000257975032840515
S5_12921707 5 12921707 0.000725005574565908
S5_13132337 5 13132337 4.76582886863396e-08
S5_13523563 5 13523563 0.000648619445152784
S5_13523590 5 13523590 2.47020175852279e-06
S5_13524796 5 13524796 0.000156935650618983
S5_14260980 5 14260980 8.75181172745588e-07
S5_14443790 5 14443790 0.000119457628540335
S5_14462000 5 14462000 2.6180969870652e-08
S5_14462006 5 14462006 2.69108639692111e-08
S5_14495670 5 14495670 1.12432345380713e-05
S5_15093061 5 15093061 7.16544989348589e-12
S5_15195780 5 15195780 0.00086540507078238
S5_15195984 5 15195984 0.000831222796219467
S5_15228069 5 15228069 1.11590030159095e-05
S5_15266455 5 15266455 0.000248245374108249
S5_15845768 5 15845768 1.47828501854545e-05
S5_15845809 5 15845809 6.88746096614438e-12
S5_16013192 5 16013192 2.80610377561866e-05
S5_16013208 5 16013208 2.80610377561837e-05
S5_16013228 5 16013228 2.80610377561866e-05
S5_16018503 5 16018503 0.000891863598206718
S5_16018535 5 16018535 0.000891863598206718
S5_16018537 5 16018537 0.000891863598206718
S5_16043833 5 16043833 6.1451611682211e-12
S5_16064331 5 16064331 6.68235968460534e-06
S5_16260886 5 16260886 4.16630824206624e-13
S5_16321292 5 16321292 0.000854656100448046
S5_16321360 5 16321360 0.000745116957499159
S5_16388750 5 16388750 0.000581071369917258
S5_16593791 5 16593791 0.00058110260137406
S5_16605350 5 16605350 0.00066803423356474
S5_16670226 5 16670226 0.000215443353003783
S5_16731898 5 16731898 8.65470727278583e-05
S5_17151455 5 17151455 8.27046077454005e-06
S5_17262328 5 17262328 0.000771130120645759
S5_17395228 5 17395228 0.000367886825662964
S5_18223280 5 18223280 0.000238241377248294
S5_18475601 5 18475601 6.64397918063631e-09
S5_18490176 5 18490176 3.67051207792365e-05
S5_18662146 5 18662146 0.000992945252461419
S5_18932486 5 18932486 0.000539360645602332
S5_18932655 5 18932655 0.000531564550235003
S5_18946654 5 18946654 0.000592819902703677
S5_18946705 5 18946705 0.000592819902703677
S5_18946770 5 18946770 0.000274316923930553
S5_18953052 5 18953052 0.000579815911016857
S5_19065068 5 19065068 0.00077661969102401
S5_19069458 5 19069458 9.88754289107122e-05
S5_19211929 5 19211929 4.0717860183642e-05
S5_19242346 5 19242346 0.000773601658489054
S5_19242388 5 19242388 0.000773601658489054
S5_19250504 5 19250504 0.000380005824790694
S5_19380440 5 19380440 0.000771186468033496
S5_19495233 5 19495233 0.000488528627721549
S5_19500918 5 19500918 0.000501415899015213
S5_19668304 5 19668304 0.000536268094015794
S5_19668542 5 19668542 1.6854167018094e-06
S5_19718728 5 19718728 1.88056238959732e-06
S5_19740665 5 19740665 0.00049742516344639
S5_19771892 5 19771892 4.17915855097233e-05
S5_19815605 5 19815605 0.00051987713154895
S5_19885378 5 19885378 0.000477758544592876
S5_19885392 5 19885392 0.000477758544592876
S5_19924539 5 19924539 0.000557644826565978
S5_19924559 5 19924559 0.000557644826565978
S5_20100001 5 20100001 5.50909964696088e-08
S5_20221157 5 20221157 0.000479198521923307
S5_20229717 5 20229717 0.000558814532352857
S5_20265644 5 20265644 0.000677993168166999
S5_20265726 5 20265726 0.00056947383939507
S5_20325439 5 20325439 0.000196483757384964
S5_20437598 5 20437598 0.000473464140753461
S5_20437959 5 20437959 0.000561483981273972
S5_20439122 5 20439122 2.50947775977749e-09
S5_20947862 5 20947862 1.9909698609119e-05
S5_21322403 5 21322403 3.66556580579737e-06
S5_21417540 5 21417540 0.000511840989801963
S5_21423269 5 21423269 0.000359151505587783
S5_21771582 5 21771582 5.80414884768764e-06
S5_21822987 5 21822987 0.000216572446952612
S5_22241703 5 22241703 0.000815287903575975
S5_22346437 5 22346437 0.000224259092161565
S5_22739294 5 22739294 0.000416620867242804
S5_22842927 5 22842927 7.99140005933505e-06
S5_23192972 5 23192972 0.000339062512168901
S5_23512689 5 23512689 6.04574945753632e-05
S5_24235947 5 24235947 2.19483738564434e-05
S5_24701318 5 24701318 0.000124575354329267
S5_26006655 5 26006655 6.69079167979753e-06
S5_26178499 5 26178499 3.54460347573001e-06
S5_26433665 5 26433665 0.000666233271962892
S5_27316062 5 27316062 0.000728918520596895
S5_28533020 5 28533020 0.000766853673702288
S5_28796310 5 28796310 7.48781609284033e-05
S5_29381449 5 29381449 0.000442317299030222
S5_29381456 5 29381456 0.000442317299030222
S5_30477964 5 30477964 2.72182935103296e-05
S5_31496784 5 31496784 0.000413143713105532
S5_31878140 5 31878140 2.80651986899802e-06
S5_32017237 5 32017237 0.000807624555759503
S5_32975781 5 32975781 0.000600393609441085
S5_33177336 5 33177336 0.000338756516302431
S5_33393376 5 33393376 0.000291333514392894
S5_34320164 5 34320164 0.000160172957190894
S5_36238904 5 36238904 0.000929683344864171
S5_36373034 5 36373034 0.000193062172837477
S5_41165046 5 41165046 5.22578296372393e-07
S5_41489224 5 41489224 0.000389662613313182
S5_41489228 5 41489228 0.000389662613313182
S5_41675733 5 41675733 0.000848271793065025
S5_41745186 5 41745186 0.000667544696963897
S5_41759444 5 41759444 8.84141159981202e-05
S5_41917246 5 41917246 0.000589045483208527
S5_41970546 5 41970546 0.000232854578808473
S5_42246077 5 42246077 0.000629886182115794
S5_42386300 5 42386300 2.49964654460877e-05
S5_42508191 5 42508191 0.000496864193521995
S5_42628557 5 42628557 1.64422341289645e-09
S5_42684252 5 42684252 0.000398934165040127
S5_42685582 5 42685582 0.000327578691378318
S5_42691254 5 42691254 3.13558309646281e-06
S5_42725015 5 42725015 0.000254568538517117
S5_42906355 5 42906355 0.000513250562391128
S5_42920874 5 42920874 0.000385900787510812
S5_43113203 5 43113203 3.81435811614954e-05
S5_43141378 5 43141378 4.07031945604335e-06
S5_43165718 5 43165718 8.43001639857706e-05
S5_43194143 5 43194143 0.000283679037482205
S5_43225396 5 43225396 8.85314262093268e-05
S5_43329113 5 43329113 6.11163630873778e-05
S5_43470461 5 43470461 0.000182899719664854
S5_43473385 5 43473385 1.57167081209807e-06
S5_43521570 5 43521570 8.13087899074729e-05
S5_43581002 5 43581002 1.03328375310444e-07
S5_43704505 5 43704505 9.39155441260274e-05
S5_43758006 5 43758006 3.77252871723027e-05
S5_43761952 5 43761952 0.000224513007770087
S5_43770148 5 43770148 0.000115363587184276
S5_43770258 5 43770258 6.08052313474302e-07
S5_43847683 5 43847683 7.64842526673763e-05
S5_44028390 5 44028390 4.77093054088357e-06
S5_44057147 5 44057147 9.36818370147382e-05
S5_44057174 5 44057174 9.36818370147382e-05
S5_44086372 5 44086372 8.85513790531027e-05
S5_44131668 5 44131668 0.000165090545430216
S5_44131867 5 44131867 2.26876499227328e-05
S5_44197059 5 44197059 1.57522630862164e-08
S5_44244918 5 44244918 9.49567841423605e-05
S5_44333993 5 44333993 0.000738584157857861
S5_44390351 5 44390351 0.00086834623409101
S5_44534487 5 44534487 0.000143475510118622
S5_44781884 5 44781884 0.000559677544844606
S5_44781885 5 44781885 0.000559677544844565
S5_44828761 5 44828761 0.000976808111221301
S5_44828810 5 44828810 0.000976808111221381
S5_44983725 5 44983725 6.64493875158662e-05
S5_44992071 5 44992071 0.000517952371259258
S5_44992135 5 44992135 4.74168835656093e-05
S5_45090116 5 45090116 0.00016607286736633
S5_45162258 5 45162258 0.000231426470230951
S5_45238075 5 45238075 4.66818163788186e-05
S5_45245009 5 45245009 4.16981676030688e-05
S5_45245011 5 45245011 4.16981676030598e-05
S5_45518182 5 45518182 0.000150990622255313
S5_45518188 5 45518188 0.000150990622255362
S5_45646867 5 45646867 0.000123958918095997
S5_45648894 5 45648894 6.91773483746297e-05
S5_45659419 5 45659419 3.69776792798729e-05
S5_45693205 5 45693205 0.000152640350752597
S5_45693403 5 45693403 0.000110980135610063
S5_45693424 5 45693424 0.000110980135610063
S5_45701149 5 45701149 5.97534003584546e-05
S5_45807065 5 45807065 0.000190528379669758
S5_45807066 5 45807066 0.000691192011886439
S5_45937944 5 45937944 1.12325553812993e-06
S5_46261661 5 46261661 0.000744704537770418
S5_46279514 5 46279514 0.00013919506638654
S5_46479255 5 46479255 5.91439040465826e-05
S5_47212748 5 47212748 0.00015984587236978
S5_47585522 5 47585522 2.74589024026407e-09
S5_47635160 5 47635160 0.000845513893738865
S5_47815110 5 47815110 0.00058865508971826
S5_47995777 5 47995777 0.000610382709559852
S5_48032704 5 48032704 7.28214603896615e-06
S5_48034884 5 48034884 0.000669529047736111
S5_48035118 5 48035118 0.000623743126933736
S5_48035276 5 48035276 1.16758383294795e-05
S5_48036569 5 48036569 0.000901371660390991
S5_48441770 5 48441770 0.000324126372922877
S5_48470835 5 48470835 0.000146900400518251
S5_48478660 5 48478660 2.73074193260983e-06
S5_48483584 5 48483584 5.50263064207491e-05
S5_48516162 5 48516162 1.85450411249293e-06
S5_48528524 5 48528524 1.47697057209711e-07
S5_48537068 5 48537068 6.48864599842797e-08
S5_48594700 5 48594700 0.000465520301100145
S5_48676143 5 48676143 4.34486997152165e-08
S5_48729073 5 48729073 8.41985389908348e-06
S5_48729186 5 48729186 7.97048673144333e-05
S5_48789493 5 48789493 1.80971631803466e-05
S5_48790737 5 48790737 1.16541479772992e-05
S5_48790800 5 48790800 0.000409267735388419
S5_48922624 5 48922624 0.000415351014501735
S5_48924268 5 48924268 3.61510766763001e-06
S5_48925043 5 48925043 0.000254832842012098
S5_49011559 5 49011559 0.000171331332273691
S5_49018408 5 49018408 3.21136812552939e-06
S5_49038453 5 49038453 1.62652379961805e-06
S5_49038461 5 49038461 8.81455065653888e-06
S5_49038488 5 49038488 8.87980725939685e-05
S5_49663975 5 49663975 2.94917960265604e-05
S5_49664001 5 49664001 0.000506468966397628
S5_49682604 5 49682604 0.000601219324553927
S5_49692487 5 49692487 0.000580820583493132
S5_49764965 5 49764965 6.70726609132933e-05
S5_49805073 5 49805073 0.000330019603022887
S5_49805095 5 49805095 0.000330019603022887
S5_49805098 5 49805098 2.46193571069224e-05
S5_49811334 5 49811334 0.000109195676055132
S5_49860660 5 49860660 0.000473058184429033
S5_49948663 5 49948663 0.000719585736071717
S5_49948684 5 49948684 0.000719585736071717
S5_49948699 5 49948699 0.000719585736071717
S5_49952293 5 49952293 2.39617542019569e-06
S5_49952295 5 49952295 1.30132316120641e-06
S5_49952303 5 49952303 1.06814185852846e-05
S5_50014078 5 50014078 1.42617842456226e-05
S5_50084732 5 50084732 0.000219449369536134
S5_50094822 5 50094822 0.000129194585623331
S5_50291258 5 50291258 9.94036929198749e-05
S5_50375970 5 50375970 0.000248015143171688
S5_50376115 5 50376115 0.000390061124021197
S5_50376194 5 50376194 2.05307241419708e-06
S5_50376219 5 50376219 2.05307241419672e-06
S5_50728874 5 50728874 3.38303197610217e-06
S5_50773730 5 50773730 0.000149677613925698
S5_50774225 5 50774225 0.000232666094630788
S5_50831457 5 50831457 0.000873277848789935
S5_50831772 5 50831772 0.000134197051865348
S5_50854363 5 50854363 0.000240505030402728
S5_50878093 5 50878093 3.89211551954012e-06
S5_50884318 5 50884318 7.01171640905881e-06
S5_50885624 5 50885624 5.97956355926516e-05
S5_50885953 5 50885953 5.15634363278546e-07
S5_50888724 5 50888724 0.000241135216570543
S5_50888930 5 50888930 5.63016466942719e-07
S5_50889052 5 50889052 2.9406107013585e-05
S5_50923966 5 50923966 0.000712125692518233
S5_50924177 5 50924177 3.21107704617081e-06
S5_50935546 5 50935546 0.000601871094406263
S5_50935717 5 50935717 0.000276780794610872
S5_50937458 5 50937458 0.00034048731508704
S5_50937474 5 50937474 0.00034048731508704
S5_50937548 5 50937548 9.21369975389996e-06
S5_50946115 5 50946115 0.000631793068730036
S5_50947672 5 50947672 7.78445297667749e-05
S5_51029846 5 51029846 3.13684787046798e-06
S5_51030062 5 51030062 0.00012394249813975
S5_51030188 5 51030188 0.000547607908431018
S5_51030259 5 51030259 1.058818915575e-06
S5_51030305 5 51030305 0.000323297295588846
S5_51030574 5 51030574 0.000385117232064074
S5_51031129 5 51031129 4.90349858484102e-07
S5_51063524 5 51063524 0.000984954019652577
S5_51063527 5 51063527 0.000984954019652577
S5_51063529 5 51063529 0.000949939759955374
S5_51064231 5 51064231 1.71274708150435e-13
S5_51115676 5 51115676 0.000215125099406466
S5_51147431 5 51147431 0.000699355715878571
S5_51313597 5 51313597 3.48100325072263e-06
S5_51313608 5 51313608 3.48100325072263e-06
S5_51510421 5 51510421 0.000648595021154098
S5_51522213 5 51522213 0.000769812153468729
S5_51522218 5 51522218 0.000769812153468729
S5_51555624 5 51555624 0.00017018815378888
S5_51638917 5 51638917 0.000983137625030477
S5_51642941 5 51642941 0.000720788482847828
S5_51805998 5 51805998 0.000527533100641257
S5_51806026 5 51806026 0.000719690226994625
S5_51806047 5 51806047 0.000719690226994625
S5_51895727 5 51895727 7.17055013436921e-05
S5_51927906 5 51927906 0.000231955508099378
S5_51927915 5 51927915 0.000231955508099378
S5_52032543 5 52032543 5.46503585005563e-06
S5_52035800 5 52035800 1.35581855802849e-06
S5_52056001 5 52056001 9.75925542006558e-06
S5_52066057 5 52066057 0.000542205692682404
S5_52088188 5 52088188 0.00045495486324071
S5_52089225 5 52089225 0.000932362762805529
S5_52093111 5 52093111 0.000633910964207955
S5_52114613 5 52114613 0.000234096535729752
S5_52114641 5 52114641 0.000234096535729752
S5_52180633 5 52180633 0.000166244077251505
S5_52180643 5 52180643 0.000166244077251505
S5_52228185 5 52228185 0.000794008303689506
S5_52286408 5 52286408 0.000109191689525639
S5_52286421 5 52286421 0.000126826636433261
S5_52317428 5 52317428 0.000444273377833488
S5_52319972 5 52319972 0.00035368491393687
S5_52326567 5 52326567 4.24444437115448e-05
S5_52365834 5 52365834 0.000517519705437856
S5_52410911 5 52410911 1.70995941821251e-08
S5_52410934 5 52410934 0.00021725475720064
S5_52433420 5 52433420 0.000560570425730941
S5_52433431 5 52433431 0.000560570425730941
S5_52433432 5 52433432 0.000560570425730906
S5_52458469 5 52458469 8.93874714635251e-06
S5_52584458 5 52584458 0.000888964651552625
S5_52784077 5 52784077 0.000173885370952203
S5_52784092 5 52784092 0.000173885370952203
S5_52784114 5 52784114 0.000173885370952203
S5_52797306 5 52797306 0.000564513070918599
S5_52839318 5 52839318 0.000965285809096197
S5_52853855 5 52853855 2.99718377457095e-08
S5_53043618 5 53043618 0.000606975791264026
S5_53377900 5 53377900 0.000897067196177104
S5_53707758 5 53707758 1.14252199807136e-06
S5_53806162 5 53806162 0.000161290674853145
S5_53811702 5 53811702 0.000437886617110148
S5_53969703 5 53969703 3.87267736710658e-05
S5_53969708 5 53969708 4.3332663896348e-05
S5_54056900 5 54056900 0.000215376037248133
S5_54059412 5 54059412 0.000713908406962909
S5_54061466 5 54061466 0.000171339857737095
S5_54155351 5 54155351 0.000317799845418631
S5_54155411 5 54155411 0.000531886037654998
S5_54155458 5 54155458 0.000599486443104231
S5_54161889 5 54161889 0.000218500676317615
S5_54177117 5 54177117 8.48617386380901e-06
S5_54297966 5 54297966 0.000273983490230966
S5_54307026 5 54307026 6.73249628422222e-05
S5_54319370 5 54319370 7.2983248500382e-06
S5_54326328 5 54326328 2.13950184906656e-06
S5_54369734 5 54369734 0.000532319041279904
S5_54376277 5 54376277 0.000924209460228722
S5_54378651 5 54378651 8.76166893853576e-05
S5_54388391 5 54388391 0.000202719676193847
S5_54388561 5 54388561 0.000300734779846995
S5_54461209 5 54461209 0.000293328402026955
S5_54461334 5 54461334 0.000897066116491849
S5_54467528 5 54467528 0.000903752697700686
S5_54473312 5 54473312 0.000173959065693717
S5_54478741 5 54478741 0.000945262672733704
S5_54520313 5 54520313 0.0002305370800608
S5_54526600 5 54526600 0.000188779247544594
S5_54668749 5 54668749 1.68401909036214e-05
S5_55216264 5 55216264 0.000356950105263885
S5_55402986 5 55402986 0.0002171690055526
S5_55403010 5 55403010 0.000215021799572748
S5_55409772 5 55409772 0.000252561804856445
S5_55459906 5 55459906 0.000734609885460464
S5_55459937 5 55459937 0.000734609885460429
S5_55486754 5 55486754 3.99287124935942e-10
S5_55598927 5 55598927 3.89475516120557e-06
S5_55689571 5 55689571 0.000681126393296232
S5_55697374 5 55697374 0.000157119688461989
S5_55740807 5 55740807 2.44077954234504e-08
S5_55741008 5 55741008 2.18086125069021e-05
S5_55749383 5 55749383 0.000233143141384842
S5_55780893 5 55780893 0.000912180601201318
S5_55807389 5 55807389 0.000414728899425599
S5_55807877 5 55807877 0.000957381479962013
S5_55822027 5 55822027 0.00019350228929571
S5_55825042 5 55825042 0.00035466907888694
S5_55828214 5 55828214 0.000600374435046837
S5_55828235 5 55828235 0.000600374435046784
S5_55843862 5 55843862 1.50002841917083e-05
S5_55869852 5 55869852 6.89719202773914e-11
S5_55890776 5 55890776 6.88709547075865e-06
S5_55910992 5 55910992 2.28157434592129e-05
S5_55911011 5 55911011 2.28157434592129e-05
S5_55943291 5 55943291 1.36444477963479e-05
S5_55967491 5 55967491 9.09739387847954e-07
S5_56018501 5 56018501 0.000227127946549985
S5_56018531 5 56018531 0.000227127946549985
S5_56024059 5 56024059 0.000852881761385031
S5_56029889 5 56029889 0.000636995028381131
S5_56038982 5 56038982 2.27657098231988e-06
S5_56046773 5 56046773 0.000590149661953459
S5_56082652 5 56082652 1.77101338986215e-06
S5_56092854 5 56092854 0.000607619300268364
S5_56181403 5 56181403 0.000411886691088546
S5_56221328 5 56221328 0.000163660130781057
S5_56221360 5 56221360 4.08019617692347e-05
S5_56501141 5 56501141 2.54369021085486e-05
S5_56501163 5 56501163 2.64014012398084e-05
S5_56558444 5 56558444 9.48184802233919e-11
S5_56558496 5 56558496 9.48184802233919e-11
S5_56586796 5 56586796 0.000221376833662828
S5_56686079 5 56686079 0.000742622290932349
S5_56690181 5 56690181 3.37968268173677e-05
S5_56933014 5 56933014 4.82196274110285e-05
S5_57118943 5 57118943 3.74841171117939e-09
S5_57277506 5 57277506 0.000343133954252167
S5_57468139 5 57468139 7.51328246993418e-06
S5_57703758 5 57703758 7.57782755664237e-06
S5_57772242 5 57772242 0.000170887280968875
S5_57960097 5 57960097 9.52826840026739e-05
S5_58001637 5 58001637 0.000317114749650274
S5_58058214 5 58058214 0.000848222907479528
S5_58058575 5 58058575 1.49384075989731e-05
S5_58058577 5 58058577 9.64402961815266e-06
S5_58058581 5 58058581 2.09263662564406e-05
S5_58058582 5 58058582 2.09263662564406e-05
S5_58087997 5 58087997 0.000435211121424915
S5_58124979 5 58124979 1.26276149482727e-05
S5_58151824 5 58151824 0.000357476159991437
S5_58151825 5 58151825 0.00015776777191564
S5_58179805 5 58179805 0.000460289724232418
S5_58190932 5 58190932 0.000432473627704412
S5_58204537 5 58204537 9.97635375490555e-06
S5_58212295 5 58212295 5.31228014718463e-05
S5_58270719 5 58270719 6.17733766711196e-06
S5_58283132 5 58283132 5.77257489441126e-11
S5_58317165 5 58317165 5.72785574048018e-07
S5_58403932 5 58403932 8.13480358944142e-05
S5_58403943 5 58403943 0.000442129075597585
S5_58403995 5 58403995 2.59315603740775e-05
S5_58409235 5 58409235 7.25360227545234e-05
S5_58473859 5 58473859 0.000440692426602162
S5_58497257 5 58497257 4.61064539754188e-06
S5_58497263 5 58497263 0.00022674311655213
S5_58497266 5 58497266 0.00022674311655213
S5_58497272 5 58497272 0.00022674311655213
S5_58497278 5 58497278 4.61064539754188e-06
S5_58501354 5 58501354 0.000453177187032916
S5_58581875 5 58581875 2.51495842799912e-08
S5_58585898 5 58585898 0.000742610895768412
S5_58586381 5 58586381 6.04005076078719e-05
S5_58586456 5 58586456 0.000211642381729654
S5_58586762 5 58586762 3.22532613990051e-07
S5_58586846 5 58586846 0.000107265602454225
S5_58650535 5 58650535 1.86289961382602e-09
S5_58650537 5 58650537 1.98390248320619e-09
S5_58650538 5 58650538 1.74575548942359e-09
S5_58737643 5 58737643 0.000473293730412847
S5_59089884 5 59089884 2.93938853772536e-06
S5_59227173 5 59227173 0.000794165795059286
S5_59229031 5 59229031 8.25700186838542e-07
S5_59229049 5 59229049 8.25700186838542e-07
S5_59229073 5 59229073 8.35293541676158e-07
S5_59550055 5 59550055 0.000907358920190753
S5_59590097 5 59590097 0.000172622029088522
S5_59656248 5 59656248 0.000127216458220439
S5_59698224 5 59698224 7.61117035703677e-08
S5_59698226 5 59698226 7.61117035703677e-08
S5_59698460 5 59698460 4.31911151346028e-10
S5_59978104 5 59978104 6.7534974470528e-05
S5_60117432 5 60117432 1.42556087492413e-05
S5_60200274 5 60200274 0.000283735253748156
S5_60220840 5 60220840 0.000749954824225658
S5_60413416 5 60413416 7.75389342688696e-06
S5_60549691 5 60549691 1.25574031133985e-10
S5_60631118 5 60631118 1.27796353360523e-05
S5_60737536 5 60737536 0.000362310586361985
S5_60737649 5 60737649 0.000507622787067204
S5_60748018 5 60748018 1.15879423463797e-06
S5_60776737 5 60776737 0.000239931512324646
S5_60777066 5 60777066 0.000828098249376091
S5_61103064 5 61103064 2.25545619033215e-05
S5_61174438 5 61174438 0.000212215417983594
S5_61174440 5 61174440 4.32324937276063e-05
S5_61207446 5 61207446 0.000888575064170317
S5_61212369 5 61212369 0.000501960242552898
S5_61231943 5 61231943 0.000127530004004531
S5_61360225 5 61360225 4.20422934174987e-07
S5_61395919 5 61395919 0.000362419298217207
S5_61464253 5 61464253 0.00042382970660048
S5_61465010 5 61465010 0.000628216820462602
S5_61490030 5 61490030 2.13006098597191e-05
S5_61490152 5 61490152 2.71198587411166e-05
S5_61611632 5 61611632 1.82946247754963e-11
S5_61623627 5 61623627 7.86484368483811e-05
S5_61635351 5 61635351 2.22887159305181e-05
S5_61639280 5 61639280 3.25004383746997e-06
S5_61683175 5 61683175 0.000902454383250222
S5_61722251 5 61722251 0.000439003718557829
S5_61806746 5 61806746 0.000559817817206424
S5_61806764 5 61806764 0.000559817817206424
S5_61907840 5 61907840 6.78298564732512e-07
S5_61921509 5 61921509 2.41544454968074e-05
S5_61927203 5 61927203 0.000193185244138992
S5_61930213 5 61930213 1.6202356502125e-05
S5_62075171 5 62075171 3.07627993760268e-05
S5_62130611 5 62130611 3.46017361454381e-05
S5_62142743 5 62142743 5.13760611745176e-11
S5_62177849 5 62177849 0.000843714951117217
S5_62177878 5 62177878 0.000843714951117217
S5_62177879 5 62177879 0.000843714951117197
S5_62178158 5 62178158 6.81157584882887e-05
S5_62178164 5 62178164 7.08262413731348e-05
S5_62179698 5 62179698 3.20387968614837e-06
S5_62197258 5 62197258 1.11322864778591e-07
S5_62262696 5 62262696 0.000599133654277671
