Marker Chr Pos p
S1_23877 1 23877 0.000398814793088734
S1_80552 1 80552 0.000571288630178951
S1_106966 1 106966 0.00049550209822057
S1_111099 1 111099 2.88062753592959e-05
S1_112479 1 112479 0.000177559534939927
S1_128984 1 128984 7.39028058619143e-06
S1_129062 1 129062 0.000360494051359194
S1_130574 1 130574 7.75289271328028e-05
S1_212774 1 212774 2.93170976425314e-05
S1_228748 1 228748 0.000398125076691393
S1_302700 1 302700 0.000907046072453213
S1_336212 1 336212 0.000249697515925921
S1_399053 1 399053 0.000608268183294592
S1_399703 1 399703 0.000273205048735255
S1_417935 1 417935 8.29385856777133e-05
S1_532802 1 532802 0.000857330802063897
S1_543365 1 543365 5.35446731951907e-05
S1_588502 1 588502 0.000193781989574524
S1_599457 1 599457 0.000119915260752995
S1_599548 1 599548 0.000492895730263715
S1_652129 1 652129 0.000620326672813301
S1_688055 1 688055 0.0004011284014959
S1_749249 1 749249 2.53487588256275e-05
S1_749251 1 749251 2.53487588256275e-05
S1_749254 1 749254 0.000682369218459127
S1_826511 1 826511 0.000599162132134506
S1_884575 1 884575 9.70702536324748e-05
S1_892167 1 892167 0.000135906954159095
S1_899870 1 899870 0.000203102119767409
S1_909949 1 909949 0.000485715258729493
S1_926002 1 926002 0.000764286714585387
S1_1065136 1 1065136 0.000124808199654984
S1_1244167 1 1244167 0.000950997920285195
S1_1268156 1 1268156 0.000624625283479346
S1_1349269 1 1349269 0.000993306632377278
S1_1501518 1 1501518 0.000519893967218046
S1_1510984 1 1510984 0.000897141051149642
S1_1511048 1 1511048 5.00865476422806e-05
S1_1511049 1 1511049 2.09449834223202e-05
S1_1533703 1 1533703 0.000551725650893913
S1_1623831 1 1623831 5.38603864605795e-07
S1_1639759 1 1639759 0.000148670921630971
S1_1896715 1 1896715 0.000165207410775694
S1_1904261 1 1904261 0.000162885158535648
S1_1906473 1 1906473 0.000612751378945757
S1_1906502 1 1906502 9.70293201688694e-05
S1_1908094 1 1908094 2.70153750523567e-08
S1_1965909 1 1965909 0.000386026189336147
S1_2012070 1 2012070 0.000391253644936864
S1_2016062 1 2016062 0.000140382664546946
S1_2022730 1 2022730 4.52185431663688e-05
S1_2024094 1 2024094 4.83970604937e-05
S1_2024096 1 2024096 4.83970604937e-05
S1_2042145 1 2042145 0.000395900454529309
S1_2071640 1 2071640 0.000392260529650689
S1_2084727 1 2084727 0.000963557435996367
S1_2239438 1 2239438 0.000371386457281748
S1_2239682 1 2239682 0.000491165127529094
S1_2239690 1 2239690 0.000416470122422215
S1_2244712 1 2244712 9.98634587456437e-05
S1_2244714 1 2244714 9.58499361437869e-05
S1_2289765 1 2289765 8.08819118291091e-06
S1_2289780 1 2289780 8.08819118291261e-06
S1_2359034 1 2359034 1.33979773479684e-05
S1_2359124 1 2359124 3.30233514339199e-09
S1_2359143 1 2359143 5.82560334963673e-09
S1_2366603 1 2366603 1.50261931155702e-05
S1_2367969 1 2367969 2.16957681895206e-05
S1_2421277 1 2421277 5.66670069470523e-07
S1_2594761 1 2594761 0.000871591320837283
S1_2734723 1 2734723 8.06175618557409e-06
S1_2834048 1 2834048 0.000552521931411318
S1_2984799 1 2984799 3.19959582161551e-06
S1_3056027 1 3056027 7.63488495503216e-06
S1_3266404 1 3266404 0.000465831650746066
S1_3362090 1 3362090 0.000397950346869707
S1_3367277 1 3367277 4.30846140037743e-05
S1_3551051 1 3551051 0.000811041485141173
S1_3577204 1 3577204 0.000738136771665786
S1_3661580 1 3661580 0.000863946055848347
S1_3860854 1 3860854 0.000201443327020017
S1_4084951 1 4084951 1.32964138513146e-05
S1_4087041 1 4087041 4.65546366920611e-06
S1_4088402 1 4088402 0.000216362806288669
S1_4088496 1 4088496 4.89774370001528e-06
S1_4088497 1 4088497 7.38177865736217e-05
S1_4088506 1 4088506 0.000172532394714345
S1_4107747 1 4107747 0.000327715822518721
S1_4444648 1 4444648 0.000893827111058767
S1_4450477 1 4450477 0.000862377615446646
S1_4675053 1 4675053 1.27379900429855e-05
S1_4685482 1 4685482 1.16451811458587e-05
S1_4685483 1 4685483 7.17466459084979e-06
S1_4685487 1 4685487 1.16451811458587e-05
S1_4692502 1 4692502 6.49964217549322e-05
S1_4692681 1 4692681 6.88926596487655e-05
S1_4692704 1 4692704 2.05315039493001e-05
S1_4693602 1 4693602 0.000203652943394128
S1_4693609 1 4693609 0.000180026502881753
S1_4693881 1 4693881 0.000865483439395055
S1_4698321 1 4698321 1.46356055165014e-06
S1_4698335 1 4698335 1.46356055165014e-06
S1_4698363 1 4698363 1.46356055165014e-06
S1_4778504 1 4778504 0.000324809243850027
S1_4778544 1 4778544 0.000324809243850027
S1_4778957 1 4778957 9.0908684467465e-06
S1_4792985 1 4792985 0.000514819172091669
S1_5081833 1 5081833 0.000197145224233723
S1_5081841 1 5081841 1.79003211160804e-06
S1_5099811 1 5099811 2.03183449930403e-05
S1_5218347 1 5218347 0.000266434902303633
S1_5218348 1 5218348 2.95710877055556e-05
S1_5218351 1 5218351 3.0052930968007e-05
S1_5448066 1 5448066 0.000752919938863721
S1_5678448 1 5678448 0.000187712629395675
S1_5694798 1 5694798 1.74780893291287e-10
S1_5694825 1 5694825 3.16735397304939e-05
S1_5698046 1 5698046 9.31371055251098e-06
S1_5721471 1 5721471 5.96164217165446e-06
S1_5724752 1 5724752 0.000739792051342116
S1_5724951 1 5724951 3.41313468488945e-06
S1_5724985 1 5724985 3.4115813760116e-06
S1_5727476 1 5727476 0.000139029831105922
S1_5731110 1 5731110 1.4153993952677e-05
S1_5749052 1 5749052 4.71223550360657e-06
S1_5749071 1 5749071 1.08493307665209e-07
S1_5752397 1 5752397 0.000643782206238842
S1_5833551 1 5833551 0.000656052729158974
S1_5867410 1 5867410 0.00054023203706947
S1_5917492 1 5917492 0.00073172507045227
S1_5956456 1 5956456 0.000612998778936615
S1_5969966 1 5969966 2.0112016127762e-05
S1_5984946 1 5984946 0.00014016142799286
S1_5990142 1 5990142 0.000151137438923036
S1_6011794 1 6011794 0.000240392874241873
S1_6011839 1 6011839 9.59959043005474e-05
S1_6011857 1 6011857 9.59959043005474e-05
S1_6027566 1 6027566 5.60099256309064e-05
S1_6142451 1 6142451 7.30938707788583e-05
S1_6184162 1 6184162 3.64276919951727e-05
S1_6185514 1 6185514 8.08294713009243e-05
S1_6185516 1 6185516 8.08294713009243e-05
S1_6223812 1 6223812 2.8399170861673e-05
S1_6225108 1 6225108 2.62649528163062e-06
S1_6299688 1 6299688 9.18457302095446e-06
S1_6300254 1 6300254 0.000179190843165023
S1_6300266 1 6300266 0.000102481291127258
S1_6340923 1 6340923 3.93585456113935e-08
S1_6340930 1 6340930 3.93585456113935e-08
S1_6340933 1 6340933 3.93585456113985e-08
S1_6376151 1 6376151 0.000541845714955014
S1_6482872 1 6482872 4.5852630053056e-06
S1_6491780 1 6491780 0.000787795673285409
S1_6603310 1 6603310 0.000488528916782045
S1_6603320 1 6603320 0.000488528916782045
S1_6626332 1 6626332 0.000274221621730354
S1_6792067 1 6792067 0.000831106566877697
S1_6997106 1 6997106 0.000543398850222061
S1_7111987 1 7111987 0.000448493010600623
S1_7130624 1 7130624 0.000712994115753219
S1_7290336 1 7290336 0.000324526118031425
S1_7290392 1 7290392 0.000359943268911097
S1_7522813 1 7522813 9.85169576058273e-07
S1_7568035 1 7568035 7.99899956059939e-05
S1_7648670 1 7648670 9.66656992740351e-06
S1_7650508 1 7650508 8.12673285786713e-07
S1_7650544 1 7650544 8.12673285786713e-07
S1_7663769 1 7663769 9.4655635728549e-06
S1_7680704 1 7680704 2.00344924845287e-05
S1_7807789 1 7807789 2.42478689374488e-05
S1_7853628 1 7853628 0.000946625877336355
S1_7853629 1 7853629 0.000946625877336296
S1_7864426 1 7864426 0.000433216110994478
S1_7864490 1 7864490 4.63368134898891e-06
S1_8008161 1 8008161 9.28618239203154e-05
S1_8030423 1 8030423 2.85642770105177e-05
S1_8035757 1 8035757 3.73365244670031e-05
S1_8041586 1 8041586 0.000166505269990684
S1_8043573 1 8043573 0.000697674483116737
S1_8053876 1 8053876 3.90122295019148e-05
S1_8059604 1 8059604 0.000222369021790083
S1_8059947 1 8059947 0.000186292237984207
S1_8059974 1 8059974 0.000186292237984207
S1_8060132 1 8060132 0.000690755388986769
S1_8060135 1 8060135 0.000560262772039131
S1_8060136 1 8060136 0.00066708065359766
S1_8060138 1 8060138 0.000570155699413409
S1_8071336 1 8071336 0.000565428445649722
S1_8071357 1 8071357 0.000565428445649699
S1_8071378 1 8071378 0.000565428445649722
S1_8076891 1 8076891 9.14060689067331e-05
S1_8077033 1 8077033 3.03066216092204e-05
S1_8078565 1 8078565 9.86155608745144e-05
S1_8084935 1 8084935 0.000133713882727845
S1_8093978 1 8093978 6.63947275589174e-05
S1_8108554 1 8108554 0.000119659144296744
S1_8120935 1 8120935 1.39142810230714e-05
S1_8127539 1 8127539 1.87082838801735e-05
S1_8131319 1 8131319 1.92276885645221e-05
S1_8131671 1 8131671 5.72766496494081e-05
S1_8131674 1 8131674 0.000806610107062631
S1_8134148 1 8134148 9.41177464173189e-08
S1_8142114 1 8142114 0.000901580191371788
S1_8447819 1 8447819 9.43352095039908e-05
S1_8620552 1 8620552 5.84506387799698e-05
S1_8668622 1 8668622 0.000527162054745629
S1_8669544 1 8669544 5.57119818531697e-05
S1_8778507 1 8778507 0.000360438705390962
S1_8911809 1 8911809 0.000379018361255341
S1_8914700 1 8914700 0.00013690663269551
S1_8932187 1 8932187 9.04467467732106e-05
S1_8932382 1 8932382 0.000226798130554436
S1_8955276 1 8955276 0.000761110467190637
S1_8958463 1 8958463 0.00016919122566369
S1_8958484 1 8958484 0.000139365763797566
S1_9019921 1 9019921 0.000231209263026408
S1_9019948 1 9019948 0.000921373153188882
S1_9019974 1 9019974 0.000770012072804435
S1_9022924 1 9022924 0.000255083138732641
S1_9039783 1 9039783 0.000175566348643327
S1_9113880 1 9113880 4.704933213759e-05
S1_9116535 1 9116535 0.000150916639658356
S1_9132031 1 9132031 0.000429497457250079
S1_9355220 1 9355220 0.000393897722296564
S1_9358516 1 9358516 2.42915326401984e-05
S1_9455212 1 9455212 0.000291845293094507
S1_9572553 1 9572553 0.000142791395273595
S1_9600322 1 9600322 0.000343899559669434
S1_9610740 1 9610740 4.49326982671831e-05
S1_9694329 1 9694329 7.91332248783837e-05
S1_9776695 1 9776695 4.50075827778224e-05
S1_9914408 1 9914408 3.1683609231955e-05
S1_9919907 1 9919907 8.18814798491632e-05
S1_9923955 1 9923955 0.000369368300189871
S1_9962689 1 9962689 3.36229016640966e-06
S1_10015963 1 10015963 0.000104355145373741
S1_10058961 1 10058961 1.0587515804451e-09
S1_10058968 1 10058968 1.21690050643154e-05
S1_10213650 1 10213650 0.00067208722002305
S1_10258773 1 10258773 0.000133645016719171
S1_10258787 1 10258787 2.69888023244858e-05
S1_10497951 1 10497951 1.85003677213967e-06
S1_10510422 1 10510422 3.16004290737798e-08
S1_10510434 1 10510434 3.16004290737798e-08
S1_10510459 1 10510459 3.67793679173463e-08
S1_10510466 1 10510466 3.16004290737798e-08
S1_10585181 1 10585181 0.000140159844823079
S1_10585201 1 10585201 1.21399629867135e-05
S1_10587135 1 10587135 0.000690588441870563
S1_10587353 1 10587353 3.03353467874718e-06
S1_10587357 1 10587357 0.000316366848371381
S1_10587369 1 10587369 0.000376310027226173
S1_10587371 1 10587371 0.000376310027226173
S1_10626540 1 10626540 8.90680609731693e-05
S1_10660575 1 10660575 0.000720841335038959
S1_10666510 1 10666510 0.0005043836302459
S1_10666819 1 10666819 3.3031838697939e-05
S1_10705240 1 10705240 0.000128586334675326
S1_10705254 1 10705254 0.000320156082815106
S1_10707889 1 10707889 0.000799014275512655
S1_10814587 1 10814587 8.68578161212548e-08
S1_10814891 1 10814891 0.000101710588903667
S1_10814894 1 10814894 0.000101710588903667
S1_10844768 1 10844768 0.000248428037574618
S1_10844773 1 10844773 0.000248618781362025
S1_10844786 1 10844786 0.000248618781362025
S1_10897375 1 10897375 0.000697065422342461
S1_10897376 1 10897376 0.000132724243873027
S1_10907045 1 10907045 1.80323866140499e-06
S1_10951667 1 10951667 0.000870376587197939
S1_10975327 1 10975327 0.000656985542212731
S1_10975869 1 10975869 0.000560751758967295
S1_11138016 1 11138016 0.000113614285408285
S1_11138052 1 11138052 0.000100938929121099
S1_11138187 1 11138187 0.000663993790232414
S1_11139487 1 11139487 0.000342216230733937
S1_11139739 1 11139739 5.42418407830521e-05
S1_11139769 1 11139769 5.42418407830521e-05
S1_11196505 1 11196505 0.000209763490454842
S1_11501673 1 11501673 0.000306638013433874
S1_11605214 1 11605214 0.000572082356262214
S1_11699773 1 11699773 4.03206495456555e-07
S1_12143776 1 12143776 0.000283510103606802
S1_12148232 1 12148232 0.000550823778771878
S1_12336759 1 12336759 0.000274838879472815
S1_12340310 1 12340310 0.000193457700101282
S1_12386279 1 12386279 0.000481109812561856
S1_12436405 1 12436405 0.000861675319237787
S1_12471817 1 12471817 0.000206366418652735
S1_12584528 1 12584528 9.11269960436914e-07
S1_12584680 1 12584680 0.000375578084506817
S1_12610984 1 12610984 1.51266498500606e-08
S1_12643112 1 12643112 0.000116535649573516
S1_12643627 1 12643627 3.93692066245591e-06
S1_12656074 1 12656074 3.40236096506488e-05
S1_12686478 1 12686478 1.84924360168075e-06
S1_12705370 1 12705370 1.14184208820971e-07
S1_12766690 1 12766690 0.000705071776413316
S1_12766691 1 12766691 0.000752038196106379
S1_12782583 1 12782583 1.56070681630466e-11
S1_12822186 1 12822186 2.01923077610083e-08
S1_12857320 1 12857320 0.000856197547211061
S1_12938621 1 12938621 3.99289647676966e-05
S1_12940138 1 12940138 9.55785362946639e-05
S1_12950975 1 12950975 0.000446688217743724
S1_12951796 1 12951796 1.42100243060278e-05
S1_12951799 1 12951799 1.4210024306027e-05
S1_12953580 1 12953580 0.000666010541343842
S1_12963149 1 12963149 0.000272750586556587
S1_12963178 1 12963178 0.000272750586556587
S1_12977394 1 12977394 0.000557186590513186
S1_13019004 1 13019004 1.05791300976449e-05
S1_13037346 1 13037346 0.000178221725898655
S1_13039828 1 13039828 0.000111273193369252
S1_13054172 1 13054172 0.000547419199326649
S1_13060993 1 13060993 5.4360142543899e-07
S1_13080734 1 13080734 3.95889948408923e-15
S1_13080741 1 13080741 3.95889948408923e-15
S1_13090088 1 13090088 8.61462010647189e-05
S1_13097723 1 13097723 9.54092308809466e-05
S1_13108129 1 13108129 0.000489436393190265
S1_13140859 1 13140859 9.88298891191363e-05
S1_13144641 1 13144641 8.8160847958774e-05
S1_13149940 1 13149940 0.000227944160088506
S1_13172573 1 13172573 0.000788486578831168
S1_13179682 1 13179682 0.000309335911614044
S1_13527064 1 13527064 0.000145809601883958
S1_13925769 1 13925769 0.000481822967930904
S1_14214940 1 14214940 1.06472612850556e-09
S1_14251015 1 14251015 0.000829556717724395
S1_14254615 1 14254615 0.000417956089334005
S1_14307051 1 14307051 0.000760512691621496
S1_14335208 1 14335208 0.00074425799457981
S1_14335226 1 14335226 0.000625935272022997
S1_14347731 1 14347731 0.000460074876032662
S1_14459306 1 14459306 1.48484538476548e-09
S1_14459307 1 14459307 1.48484538476548e-09
S1_14633912 1 14633912 0.000357906233314176
S1_14688129 1 14688129 0.000726423318688094
S1_14886304 1 14886304 3.17229861592607e-05
S1_14933976 1 14933976 1.21265769030056e-05
S1_14934010 1 14934010 1.21265769030056e-05
S1_14942166 1 14942166 2.01144952983613e-05
S1_14977319 1 14977319 7.47113717562334e-05
S1_14993950 1 14993950 0.000854604291493232
S1_15017565 1 15017565 0.000890341659711587
S1_15038316 1 15038316 0.000121652977146403
S1_15038960 1 15038960 0.000189830066988353
S1_15254456 1 15254456 0.00079236107725729
S1_15260555 1 15260555 0.0001953760397441
S1_15260557 1 15260557 4.81161444697566e-05
S1_15358103 1 15358103 0.000916802735169021
S1_15368761 1 15368761 7.55345511426654e-07
S1_15394276 1 15394276 1.45917140750627e-05
S1_15394295 1 15394295 1.45917140750621e-05
S1_15394321 1 15394321 1.52497332897645e-05
S1_15598567 1 15598567 0.000841372050672871
S1_15738482 1 15738482 0.00059461324443019
S1_15838562 1 15838562 0.000155333391698058
S1_15895098 1 15895098 0.000576630621603085
S1_15896551 1 15896551 4.9219237678335e-05
S1_15896571 1 15896571 4.9219237678335e-05
S1_15918776 1 15918776 9.7525948964005e-05
S1_15918798 1 15918798 0.000110426919241609
S1_15953939 1 15953939 0.000689011309239793
S1_16494053 1 16494053 0.000144552452096682
S1_16494752 1 16494752 8.2647908839808e-07
S1_16499875 1 16499875 7.77625809976295e-05
S1_16567295 1 16567295 6.478954457166e-05
S1_16588040 1 16588040 0.000272711326093255
S1_16590793 1 16590793 0.000457715208406356
S1_16590796 1 16590796 0.000597142307151131
S1_16626394 1 16626394 4.76742954201575e-05
S1_16632834 1 16632834 3.85577307488087e-05
S1_16633467 1 16633467 4.44120893494332e-05
S1_16642064 1 16642064 0.000320159377222669
S1_16714834 1 16714834 0.000219580887209553
S1_16731486 1 16731486 4.54345490863426e-05
S1_16731503 1 16731503 0.000561502945729513
S1_16731510 1 16731510 5.07495339926248e-06
S1_16731743 1 16731743 4.95785455684936e-06
S1_16778236 1 16778236 0.000244313936264796
S1_16784124 1 16784124 0.000966232476177756
S1_16843343 1 16843343 0.000588233280586584
S1_16851212 1 16851212 6.92096468366059e-05
S1_16851236 1 16851236 0.000110070871692934
S1_16851260 1 16851260 0.000125323266656742
S1_17115673 1 17115673 1.31740430602102e-11
S1_17115712 1 17115712 0.00021673720479127
S1_17167119 1 17167119 6.80912839487658e-05
S1_17184986 1 17184986 3.07099692065116e-05
S1_17277562 1 17277562 0.000158724466743069
S1_17277565 1 17277565 0.000448402880986989
S1_17408200 1 17408200 0.000257098014833561
S1_17506298 1 17506298 0.000784258938444998
S1_17535265 1 17535265 0.000926829341846084
S1_17535286 1 17535286 0.000955632920831557
S1_17578024 1 17578024 0.000157639160851452
S1_17578027 1 17578027 0.000157639160851452
S1_17587867 1 17587867 6.13778321345236e-06
S1_17588021 1 17588021 1.05920697333867e-06
S1_17745896 1 17745896 0.000557041438719454
S1_17745912 1 17745912 0.000557041438719454
S1_17747744 1 17747744 1.03981621924058e-05
S1_17824066 1 17824066 0.000179591943758455
S1_17824378 1 17824378 0.000308463687514831
S1_17862298 1 17862298 2.81430375099067e-05
S1_17889326 1 17889326 0.000497974197674001
S1_18004017 1 18004017 1.25461887311635e-05
S1_18076375 1 18076375 6.9186790825457e-06
S1_18120964 1 18120964 0.000817286319312543
S1_18121111 1 18121111 7.99110727517178e-05
S1_18148130 1 18148130 0.000856236038834773
S1_18323988 1 18323988 0.00013689094942709
S1_18334162 1 18334162 4.10918227902664e-06
S1_18380958 1 18380958 0.000234055354516687
S1_18395605 1 18395605 0.000511407096385998
S1_18526723 1 18526723 0.000698633073225307
S1_18526732 1 18526732 0.000698633073225307
S1_18526742 1 18526742 0.000698633073225307
S1_18526755 1 18526755 0.000698633073225386
S1_18603240 1 18603240 0.000293859538122418
S1_18603253 1 18603253 0.000355132186833215
S1_18855617 1 18855617 0.000612827758376249
S1_18939726 1 18939726 5.28193839684356e-06
S1_18955972 1 18955972 1.36370942175593e-06
S1_18960069 1 18960069 0.000638606985947005
S1_18960262 1 18960262 7.35760664122314e-07
S1_19100348 1 19100348 0.00012128919717956
S1_19298531 1 19298531 0.000508741093007018
S1_19590366 1 19590366 8.86714754267178e-07
S1_19733792 1 19733792 0.000168392370939316
S1_19767537 1 19767537 2.06530557607229e-06
S1_19767941 1 19767941 9.50385829048587e-05
S1_19782089 1 19782089 1.70228725735399e-05
S1_19797443 1 19797443 3.3886166394154e-06
S1_19814536 1 19814536 0.000261720236288458
S1_19814804 1 19814804 1.61039230387851e-06
S1_19817945 1 19817945 1.45174273160563e-08
S1_19817991 1 19817991 1.45174273160563e-08
S1_19824982 1 19824982 4.23042225560602e-06
S1_19878930 1 19878930 0.000118740848387359
S1_19902991 1 19902991 4.55935872470478e-05
S1_19955311 1 19955311 6.02829991772967e-06
S1_19965112 1 19965112 0.00027126207427831
S1_20006614 1 20006614 6.50205240469777e-05
S1_20132116 1 20132116 0.000173570934315117
S1_20143189 1 20143189 2.74193273428572e-06
S1_20148195 1 20148195 1.92419400345372e-05
S1_20269653 1 20269653 0.000413834194202326
S1_20321097 1 20321097 4.80921251203993e-06
S1_20381781 1 20381781 2.81074452382779e-05
S1_20401230 1 20401230 1.68159137339289e-05
S1_20409765 1 20409765 0.000268523265598201
S1_20682157 1 20682157 8.89625302231168e-05
S1_21439632 1 21439632 8.3541733061273e-06
S1_21499443 1 21499443 0.000971846615630235
S1_21564958 1 21564958 7.45715386184889e-05
S1_21564959 1 21564959 7.45715386184889e-05
S1_21599934 1 21599934 3.33005659411835e-11
S1_21625228 1 21625228 1.38484702365047e-05
S1_21743639 1 21743639 0.000134592986808171
S1_21886765 1 21886765 0.000360629568851041
S1_21886776 1 21886776 0.000179693084711696
S1_21945581 1 21945581 0.000881624144462123
S1_22094491 1 22094491 0.000386035643421909
S1_22221055 1 22221055 0.000318260662147667
S1_22274977 1 22274977 0.000452594060400931
S1_22284347 1 22284347 0.00016667477635082
S1_22290238 1 22290238 0.000177537022385966
S1_22333559 1 22333559 0.000325702827159534
S1_22333893 1 22333893 0.000793327304436642
S1_22397087 1 22397087 5.74714105017871e-06
S1_22404512 1 22404512 0.00043379775225345
S1_22404527 1 22404527 0.00043379775225345
S1_22404533 1 22404533 0.00043379775225345
S1_22404824 1 22404824 4.82988678585951e-06
S1_22405071 1 22405071 9.136784263722e-05
S1_22405257 1 22405257 0.000135596980332463
S1_22405260 1 22405260 0.000135596980332451
S1_22458120 1 22458120 0.000524722087355648
S1_22464662 1 22464662 0.000144375022715798
S1_22637667 1 22637667 2.32484880346207e-11
S1_22700808 1 22700808 6.55509397782076e-05
S1_23562534 1 23562534 0.000654724848555115
S1_23581662 1 23581662 2.65820859761654e-06
S1_23859018 1 23859018 1.43160391608795e-08
S1_24050086 1 24050086 2.87945819318292e-05
S1_24489650 1 24489650 2.93837307317883e-08
S1_24586599 1 24586599 0.000467630694687055
S1_24624592 1 24624592 1.67029230627017e-06
S1_24666533 1 24666533 4.59972933535076e-05
S1_24788648 1 24788648 0.000291618007080682
S1_24789466 1 24789466 0.00030042861902167
S1_24837097 1 24837097 1.19440460118309e-05
S1_24837107 1 24837107 9.62915571670441e-08
S1_25282299 1 25282299 5.26754298703064e-10
S1_25547789 1 25547789 0.00018287228837093
S1_25605591 1 25605591 1.3297360965679e-05
S1_25607240 1 25607240 2.59052517785483e-06
S1_25824447 1 25824447 0.000644455441195139
S1_25948712 1 25948712 8.14761046214123e-05
S1_25965437 1 25965437 0.000360573842654466
S1_25984620 1 25984620 0.000262515569852494
S1_26002102 1 26002102 0.000357439771652064
S1_26010546 1 26010546 0.000100872399391798
S1_26030670 1 26030670 0.000693874209306184
S1_26062531 1 26062531 5.68054986160879e-07
S1_26178857 1 26178857 0.000989446389739685
S1_26201234 1 26201234 5.04858195328404e-05
S1_26205060 1 26205060 0.00020131544937213
S1_26306722 1 26306722 3.64420964819191e-07
S1_26306873 1 26306873 3.03788826688227e-06
S1_26306885 1 26306885 3.03788826688227e-06
S1_26346279 1 26346279 0.000752615220539202
S1_26372872 1 26372872 4.01254766509156e-05
S1_26384602 1 26384602 0.000101209411088768
S1_26389426 1 26389426 0.000122391452406679
S1_26574817 1 26574817 0.000132675876892147
S1_26695752 1 26695752 0.000837923793363917
S1_26704808 1 26704808 1.39330290596175e-05
S1_26729123 1 26729123 4.25878742914301e-05
S1_26731398 1 26731398 1.22785884762969e-05
S1_26927740 1 26927740 8.35086073545641e-07
S1_26985947 1 26985947 1.83200796460014e-05
S1_26986561 1 26986561 0.000165639595617279
S1_26992314 1 26992314 1.85269196203858e-05
S1_26992353 1 26992353 0.000334391677054207
S1_26992637 1 26992637 1.00822927632966e-06
S1_27019468 1 27019468 8.00264483161072e-05
S1_27071380 1 27071380 0.000883403687308406
S1_27071630 1 27071630 0.000597581072341465
S1_27142007 1 27142007 8.57221768308845e-05
S1_27142036 1 27142036 1.97036601037146e-06
S1_27142338 1 27142338 2.47722980824358e-07
S1_27143181 1 27143181 5.61060789978984e-08
S1_27143332 1 27143332 8.82752324435083e-08
S1_27143385 1 27143385 5.97488499896518e-09
S1_27143401 1 27143401 5.97488499896518e-09
S1_27143499 1 27143499 9.89692373571344e-11
S1_27147038 1 27147038 3.51428730482586e-06
S1_27166292 1 27166292 0.000469596955227059
S1_27166297 1 27166297 0.000504587696567292
S1_27215691 1 27215691 1.87550099242706e-05
S1_27231083 1 27231083 2.97658941835019e-05
S1_27280111 1 27280111 6.24604420929553e-05
S1_27291516 1 27291516 1.34532848086988e-05
S1_27297889 1 27297889 0.000936121878882358
S1_27406115 1 27406115 8.89880673129402e-05
S1_27413666 1 27413666 0.000147818027341042
S1_27494549 1 27494549 8.98939527386373e-05
S1_27503497 1 27503497 5.31921260090938e-05
S1_27505982 1 27505982 0.000981073357105673
S1_27515551 1 27515551 0.000242248977010062
S1_27515562 1 27515562 0.000252080843510506
S1_27515584 1 27515584 5.88354748085873e-06
S1_27515619 1 27515619 4.72242000785293e-06
S1_27515788 1 27515788 0.000182267347592742
S1_27515820 1 27515820 0.000795085877093539
S1_27515845 1 27515845 6.16669239847176e-05
S1_27516645 1 27516645 0.00029839035177596
S1_27516936 1 27516936 4.10934673733989e-06
S1_27516968 1 27516968 4.10934673734045e-06
S1_27518460 1 27518460 0.000522905508896698
S1_27527637 1 27527637 4.114071195476e-06
S1_27527905 1 27527905 2.27596893193531e-05
S1_27569678 1 27569678 1.6288246943204e-05
S1_27580276 1 27580276 1.00003770670747e-05
S1_27580297 1 27580297 6.15113989125153e-05
S1_27580522 1 27580522 2.97865015184967e-05
S1_27580615 1 27580615 1.32831618050065e-05
S1_27581134 1 27581134 0.000173029955485471
S1_27582375 1 27582375 0.000731899203262646
S1_27675339 1 27675339 8.32876020333754e-06
S1_27682121 1 27682121 0.000328066320431263
S1_27705849 1 27705849 1.51709243196585e-05
S1_27711221 1 27711221 2.16359291815549e-09
S1_27726885 1 27726885 4.53701551415848e-05
S1_27727479 1 27727479 1.66599268858104e-05
S1_27727480 1 27727480 1.66599268858104e-05
S1_27730852 1 27730852 9.12233711748423e-05
S1_27757112 1 27757112 4.92344803760923e-06
S1_27760968 1 27760968 8.92071986234499e-05
S1_27778473 1 27778473 1.14089723595579e-05
S1_27788266 1 27788266 7.03440565786855e-06
S1_27788303 1 27788303 7.03440565786889e-06
S1_27813405 1 27813405 5.91048719627019e-06
S1_27813414 1 27813414 5.91048719626929e-06
S1_27861268 1 27861268 1.93571419314745e-05
S1_27958966 1 27958966 0.000237606669209951
S1_27966324 1 27966324 4.59241907258464e-05
S1_28086201 1 28086201 1.29284751522323e-05
S1_28097206 1 28097206 0.000173659252003319
S1_28100214 1 28100214 1.21999635735293e-11
S1_28104401 1 28104401 0.000287927771692649
S1_28193030 1 28193030 1.68275307958276e-05
S1_28193060 1 28193060 8.16571970780866e-05
S1_28193658 1 28193658 7.01023140545585e-05
S1_28220950 1 28220950 1.12101167107225e-05
S1_28222364 1 28222364 2.62401797543273e-05
S1_28263054 1 28263054 0.000678057215843067
S1_28283699 1 28283699 2.65574760999515e-05
S1_28290806 1 28290806 4.27747556163509e-05
S1_28291734 1 28291734 0.000170779318985351
S1_28297623 1 28297623 0.000298937085147242
S1_28310999 1 28310999 0.000431598449453797
S1_28311073 1 28311073 0.000321678765631297
S1_28312458 1 28312458 0.000120852623591081
S1_28334784 1 28334784 3.77344808488882e-05
S1_28342222 1 28342222 1.94577663505046e-05
S1_28342291 1 28342291 1.0233296521687e-05
S1_28375790 1 28375790 1.14427677901839e-05
S1_28375819 1 28375819 8.25347730401543e-05
S1_28375827 1 28375827 1.14427677901856e-05
S1_28390584 1 28390584 0.0003565518072528
S1_28437040 1 28437040 0.000191903752462234
S1_28437072 1 28437072 0.000221681858975532
S1_28550528 1 28550528 0.000616079826366112
S1_28653210 1 28653210 5.48903951952579e-05
S1_28673622 1 28673622 0.000225667743234425
S1_28766943 1 28766943 2.30453849176122e-05
S1_28766967 1 28766967 3.18106992217957e-05
S1_28844847 1 28844847 0.000103020173577783
S1_28976786 1 28976786 0.00016287136439863
S1_28976855 1 28976855 4.12997829040387e-10
S1_28981119 1 28981119 0.000160808787354555
S1_28981243 1 28981243 0.000176010403015233
S1_28981331 1 28981331 0.000252509080175346
S1_28993645 1 28993645 0.000346578791871034
S1_29026973 1 29026973 7.889401665674e-05
S1_29202173 1 29202173 0.000309358558240285
S1_29367919 1 29367919 0.000122281942106989
S1_29368147 1 29368147 0.000261453061122426
S1_29374610 1 29374610 4.70730339931366e-05
S1_29376418 1 29376418 0.000799784237679711
S1_29391121 1 29391121 0.000221267757913032
S1_29397054 1 29397054 0.000116352338992948
S1_29401356 1 29401356 3.97851622975244e-07
S1_29405150 1 29405150 0.000156882563475865
S1_29430805 1 29430805 0.000738861867701231
S1_29431658 1 29431658 0.000108378523198623
S1_29431779 1 29431779 0.000763753836964227
S1_29434906 1 29434906 9.65136717826003e-05
S1_29435163 1 29435163 0.00031565321723903
S1_29457858 1 29457858 0.000186632242771054
S1_29462051 1 29462051 6.84177101130847e-05
S1_29462135 1 29462135 0.000105824009267133
S1_29462508 1 29462508 8.09313521570525e-06
S1_29462548 1 29462548 0.000203690861638795
S1_29530847 1 29530847 0.000243748289109088
S1_29707853 1 29707853 0.000425033278267072
S1_29709265 1 29709265 9.72611852281108e-05
S1_29745524 1 29745524 0.000139597495353113
S1_29777546 1 29777546 0.000343003295909159
S1_29783619 1 29783619 7.28423664220597e-07
S1_29786751 1 29786751 2.94984812887874e-05
S1_29827190 1 29827190 0.000104056744482935
S1_29924133 1 29924133 0.000213749320824028
S1_29982417 1 29982417 0.000866463650888784
S1_30001438 1 30001438 0.000512589567625489
S1_30044108 1 30044108 0.000991775670210909
S1_30062431 1 30062431 1.17719963282285e-05
S1_30062440 1 30062440 0.00046972704013723
S1_30064353 1 30064353 2.87920896936823e-06
S1_30065564 1 30065564 5.42222231113638e-07
S1_30065839 1 30065839 0.000753812801270304
S1_30074187 1 30074187 6.12816499889506e-06
S1_30076239 1 30076239 2.73078639450218e-06
S1_30117279 1 30117279 0.000506353267064343
S1_30117310 1 30117310 0.000506353267064343
S1_30229940 1 30229940 5.55402535994154e-05
S1_30229943 1 30229943 5.55402535994109e-05
S1_30229944 1 30229944 5.59096076807715e-05
S1_30229945 1 30229945 5.55402535994154e-05
S1_30251939 1 30251939 0.000446428849931251
S1_30272215 1 30272215 8.92060876187379e-05
S1_30277251 1 30277251 0.000260000549074468
S1_30293692 1 30293692 0.000116190621824135
S1_30293729 1 30293729 5.36947652218433e-06
S1_30323758 1 30323758 2.22541470871988e-06
S1_30336341 1 30336341 3.31461682023964e-05
S1_30341267 1 30341267 9.32413531654687e-05
S1_30346742 1 30346742 7.33633758944765e-07
S1_30346765 1 30346765 0.000106066272700136
S1_30413061 1 30413061 8.39101599391661e-08
S1_30413786 1 30413786 0.000280343443843169
S1_30418852 1 30418852 6.35977423826246e-05
S1_30421474 1 30421474 0.000762203870739469
S1_30424556 1 30424556 3.05448202777979e-07
S1_30426758 1 30426758 8.15442997157608e-05
S1_30427013 1 30427013 0.000435990412984638
S1_30441117 1 30441117 0.000245809257650717
S1_30458966 1 30458966 7.2039647412136e-05
S1_30498047 1 30498047 7.50599643111059e-05
S1_30518909 1 30518909 0.000101407492995917
S1_30518936 1 30518936 0.000135417861443361
S1_30537387 1 30537387 2.46433111639234e-07
S1_30557557 1 30557557 2.92907160518385e-08
S1_30574200 1 30574200 8.32444927423095e-06
S1_30574265 1 30574265 8.47339223455939e-05
S1_30577334 1 30577334 3.21820635451254e-06
S1_30601922 1 30601922 0.000163168707877577
S1_30605977 1 30605977 6.14131541627596e-06
S1_30611526 1 30611526 5.06329949940209e-07
S1_30650161 1 30650161 5.11388299435023e-05
S1_30746655 1 30746655 4.96833228167687e-05
S1_30805472 1 30805472 1.62701819107399e-06
S1_30832844 1 30832844 9.02867772453855e-06
S1_30833124 1 30833124 1.64707212199043e-06
S1_30833173 1 30833173 2.05419726788211e-05
S1_30834391 1 30834391 2.77693802639338e-07
S1_30835367 1 30835367 1.70821179542526e-06
S1_30835818 1 30835818 8.75017554753499e-07
S1_30846790 1 30846790 0.000357388422128529
S1_30852784 1 30852784 2.98085982508471e-06
S1_30857181 1 30857181 9.75042570928998e-06
S1_30873931 1 30873931 5.06504590061233e-05
S1_30874072 1 30874072 0.000121830865087563
S1_30885081 1 30885081 4.65178931644468e-05
S1_30901102 1 30901102 0.000523593324923707
S1_30927351 1 30927351 4.72807780034883e-07
S1_30928653 1 30928653 3.57253708296552e-06
S1_30931393 1 30931393 9.95345793478487e-06
S1_30932054 1 30932054 1.15191892915627e-05
S1_30932084 1 30932084 3.23626360133401e-05
S1_30932576 1 30932576 1.22033154264638e-05
S1_30941796 1 30941796 2.60685149188443e-05
S1_30946145 1 30946145 7.46442296819802e-06
S1_31027303 1 31027303 5.34182753011835e-06
S1_31055613 1 31055613 5.98971008661238e-05
S1_31098437 1 31098437 3.78812004671753e-05
S1_31108603 1 31108603 9.43841254002465e-05
S1_31115266 1 31115266 0.000909694556673883
S1_31267383 1 31267383 0.000209855355355867
S1_31292444 1 31292444 0.000422372627003315
S1_31302133 1 31302133 5.23666793556836e-05
S1_31330604 1 31330604 0.000937780930110382
S1_31374554 1 31374554 7.97804836201419e-05
S1_31377563 1 31377563 6.88055453851298e-05
S1_31377592 1 31377592 9.30407305824438e-05
S1_31388835 1 31388835 0.000108201311123434
S1_31436069 1 31436069 4.94905344881993e-05
S1_31436084 1 31436084 0.000842921928434485
S1_31753367 1 31753367 0.000400675127733763
S1_31938949 1 31938949 4.24106027809471e-06
S1_31945725 1 31945725 3.52990553778302e-05
S1_32097983 1 32097983 0.000288823648396665
S1_32313414 1 32313414 0.000293871983492981
S1_32381767 1 32381767 0.000625680556586184
S1_32478429 1 32478429 0.00017701480054883
S1_32583438 1 32583438 0.000767575699939724
S1_32583636 1 32583636 0.000410081272588253
S1_32738187 1 32738187 0.000238367383126265
S1_32835887 1 32835887 2.19097298493492e-05
S1_33128913 1 33128913 0.000181310999678349
S1_33128914 1 33128914 0.000181310999678349
S1_33250385 1 33250385 0.000104803792527006
S1_33365887 1 33365887 4.05872417173944e-05
S1_33432484 1 33432484 0.000219256994338739
S1_33528147 1 33528147 0.000323607407455752
S1_33676093 1 33676093 0.0001358400972847
S1_33678368 1 33678368 6.16563124943528e-05
S1_33714779 1 33714779 0.000397107920759141
S1_38593402 1 38593402 0.00035437227170268
S1_38597744 1 38597744 0.000277491696695094
S1_38624043 1 38624043 9.80729059746365e-05
S1_38624118 1 38624118 1.09589173547934e-05
S1_38637427 1 38637427 7.41414860000118e-05
S1_38641205 1 38641205 1.00386332643454e-05
S1_38643387 1 38643387 0.000106552384355258
S1_38644715 1 38644715 0.000177666270950915
S1_38663942 1 38663942 0.000916078900597401
S1_38666216 1 38666216 2.72743813761082e-05
S1_38666929 1 38666929 1.32610254646348e-05
S1_38666937 1 38666937 1.32610254646348e-05
S1_38666940 1 38666940 1.57673351006946e-05
S1_38667725 1 38667725 9.77180105267684e-06
S1_38667760 1 38667760 9.77180105267684e-06
S1_38667880 1 38667880 0.000281883988422655
S1_38708378 1 38708378 8.65538538756317e-05
S1_38709410 1 38709410 2.91430288072933e-05
S1_38747219 1 38747219 0.00020654431823091
S1_38766129 1 38766129 2.0086664770828e-05
S1_38805711 1 38805711 1.28395961975104e-06
S1_38805794 1 38805794 9.68275526220255e-07
S1_38805822 1 38805822 3.66583571503333e-05
S1_38836246 1 38836246 0.000173637504703368
S1_38836255 1 38836255 1.85562490228949e-05
S1_38888793 1 38888793 1.99082086578181e-05
S1_38888805 1 38888805 6.50683968986233e-06
S1_38907575 1 38907575 0.000355346931403238
S1_38907588 1 38907588 7.76284759379526e-06
S1_38936051 1 38936051 3.02972670595304e-05
S1_38979039 1 38979039 0.00010432490082852
S1_39020933 1 39020933 6.39165604014029e-06
S1_39025399 1 39025399 2.39167717146923e-06
S1_39026534 1 39026534 1.29883358332764e-05
S1_39026621 1 39026621 1.20213448761466e-05
S1_39026629 1 39026629 3.74245078970421e-06
S1_39026645 1 39026645 3.74245078970421e-06
S1_39029389 1 39029389 3.76092419430366e-05
S1_39093309 1 39093309 6.00338261442786e-06
S1_39130626 1 39130626 8.09213336665819e-06
S1_39131955 1 39131955 4.30961341042845e-06
S1_39131973 1 39131973 8.04832534335586e-06
S1_39132100 1 39132100 1.71806705112176e-06
S1_39133697 1 39133697 0.000238671738375019
S1_39160447 1 39160447 0.00012123345731979
S1_39233717 1 39233717 0.00029515635363435
S1_39273867 1 39273867 0.000942907125684268
S1_39282256 1 39282256 8.4926611720897e-05
S1_39282273 1 39282273 0.000118277285838176
S1_39296813 1 39296813 0.000114560551889169
S1_39296840 1 39296840 8.65272067225263e-05
S1_39391690 1 39391690 6.07128865606174e-05
S1_39482838 1 39482838 0.0002712499999787
S1_39503908 1 39503908 3.62189814012022e-05
S1_39508435 1 39508435 8.09637376313741e-05
S1_39514129 1 39514129 3.16946348378307e-05
S1_39514181 1 39514181 8.36234221360964e-06
S1_39515692 1 39515692 0.000110539404547464
S1_39515822 1 39515822 5.02997122685208e-06
S1_39516447 1 39516447 8.74919843889223e-06
S1_39516454 1 39516454 8.74919843889223e-06
S1_39516959 1 39516959 4.98152115751509e-05
S1_39517034 1 39517034 4.92897645210244e-05
S1_39519672 1 39519672 1.18374902191365e-06
S1_39520715 1 39520715 0.000121534250584965
S1_39525032 1 39525032 3.89147367638978e-05
S1_39525677 1 39525677 5.48134421209257e-06
S1_39526702 1 39526702 1.69742734341732e-05
S1_39527266 1 39527266 0.000165614865197965
S1_39595602 1 39595602 8.53328578912066e-05
S1_39628175 1 39628175 2.13387421049589e-06
S1_39628554 1 39628554 3.38379921497484e-05
S1_39632890 1 39632890 0.00045059739610591
S1_39728325 1 39728325 3.29430915412914e-06
S1_39770102 1 39770102 0.000972682401535607
S1_39790495 1 39790495 1.23378948838678e-05
S1_39790648 1 39790648 2.60665901128162e-05
S1_39790698 1 39790698 6.28590560754431e-06
S1_39908216 1 39908216 2.2385916473167e-05
S1_39914490 1 39914490 4.99292103592778e-05
S1_39914541 1 39914541 2.42025575624398e-06
S1_39944637 1 39944637 4.81585144283697e-06
S1_40243059 1 40243059 2.4852035731919e-05
S1_40300934 1 40300934 6.87340853722443e-05
S1_40305701 1 40305701 1.43686596619116e-05
S1_40320780 1 40320780 1.27062512822833e-05
S1_40362724 1 40362724 2.14761147389264e-05
S1_40362740 1 40362740 1.52147604646802e-05
S1_40397646 1 40397646 7.14266742487954e-06
S1_40525845 1 40525845 4.40698701406408e-05
S1_40530641 1 40530641 3.40193742150615e-06
S1_40555417 1 40555417 0.000163638380534884
S1_40561172 1 40561172 2.35305498621209e-06
S1_40562447 1 40562447 2.02125396114656e-05
S1_40632578 1 40632578 0.000277677298091938
S1_40661561 1 40661561 2.83005391802939e-05
S1_40661562 1 40661562 2.24633248876223e-05
S1_40661634 1 40661634 2.16269252694172e-05
S1_40665293 1 40665293 8.11982885588797e-05
S1_40764260 1 40764260 2.04175985632524e-05
S1_40764367 1 40764367 3.74467757251234e-06
S1_40764396 1 40764396 8.21858568149432e-06
S1_40783244 1 40783244 9.06973371984203e-06
S1_40798771 1 40798771 3.7528766627818e-06
S1_40805719 1 40805719 2.74819834385046e-05
S1_40805730 1 40805730 6.44971253508411e-05
S1_40829543 1 40829543 2.5943354601738e-05
S1_40857619 1 40857619 4.05198493599542e-06
S1_40878966 1 40878966 0.00060404874329978
S1_40889301 1 40889301 1.91452592914073e-05
S1_40933273 1 40933273 1.35912315431336e-05
S1_40950304 1 40950304 6.47225173888575e-05
S1_40950351 1 40950351 1.35367023432263e-05
S1_40950352 1 40950352 1.35367023432263e-05
S1_40957686 1 40957686 4.55119955928508e-05
S1_40957970 1 40957970 0.000100281217619258
S1_40983309 1 40983309 0.000226667526986506
S1_40991387 1 40991387 3.20192956423524e-06
S1_41048946 1 41048946 0.000117233673127088
S1_41086191 1 41086191 7.39167576282053e-06
S1_41086209 1 41086209 7.39167576282053e-06
S1_41143104 1 41143104 8.43445978675576e-06
S1_41254653 1 41254653 1.37213491374853e-06
S1_41348949 1 41348949 1.11714738130672e-06
S1_41405424 1 41405424 1.21446754181486e-05
S1_41405428 1 41405428 8.32797167642986e-06
S1_41419683 1 41419683 1.59906028325754e-07
S1_41424634 1 41424634 4.57111531570741e-05
S1_41425781 1 41425781 2.18610895473295e-05
S1_41473241 1 41473241 8.89756164040139e-07
S1_41473250 1 41473250 1.44891453823496e-05
S1_41493443 1 41493443 9.86949537729761e-05
S1_41506267 1 41506267 1.0503675268207e-05
S1_41506443 1 41506443 0.00032679715682522
S1_41510270 1 41510270 8.13883688815272e-05
S1_41514722 1 41514722 1.13018307132416e-05
S1_41514726 1 41514726 1.41173194267412e-05
S1_41514770 1 41514770 2.96712537420401e-07
S1_41516119 1 41516119 6.85378582162502e-07
S1_41516154 1 41516154 0.000352800799553073
S1_41516590 1 41516590 3.17119052680569e-06
S1_41516618 1 41516618 5.74752071396944e-05
S1_41560681 1 41560681 0.000316439440387668
S1_41560721 1 41560721 0.000316439440387647
S1_41643290 1 41643290 2.64434931106224e-06
S1_41707632 1 41707632 2.27872053795193e-05
S1_41746239 1 41746239 0.000497313206164221
S1_41747462 1 41747462 5.41372115008824e-05
S1_41747478 1 41747478 4.89540148629985e-05
S1_41747927 1 41747927 3.72715594633976e-05
S1_41748938 1 41748938 4.32080416567928e-05
S1_41748947 1 41748947 3.02922374235811e-05
S1_41748958 1 41748958 4.32080416567853e-05
S1_41792563 1 41792563 0.000384633489149531
S1_41802493 1 41802493 0.000311583063179995
S1_41805782 1 41805782 0.000243705527024908
S1_41896379 1 41896379 0.000250886636065738
S1_42105771 1 42105771 3.8349804933177e-05
S1_42139800 1 42139800 6.06170060299186e-05
S1_42143982 1 42143982 0.000401929714855546
S1_42151639 1 42151639 1.99734642307993e-06
S1_42155829 1 42155829 6.39715508596839e-05
S1_42186072 1 42186072 1.0870496309179e-06
S1_42187563 1 42187563 5.7177847988389e-05
S1_42187648 1 42187648 1.82166726416089e-05
S1_42215759 1 42215759 0.00013008745949968
S1_42222670 1 42222670 1.2359264045056e-05
S1_42240289 1 42240289 6.66147248959577e-06
S1_42275226 1 42275226 1.34605301561784e-06
S1_42277398 1 42277398 0.000114480519544342
S1_42325540 1 42325540 4.84967597880035e-11
S1_42330325 1 42330325 2.285764101743e-06
S1_42347772 1 42347772 0.000141814708711771
S1_42361688 1 42361688 7.53269145164822e-06
S1_42364688 1 42364688 3.18898651782975e-05
S1_42381786 1 42381786 3.12155011563585e-05
S1_42381858 1 42381858 1.58422752460015e-05
S1_42381947 1 42381947 2.89310501025224e-06
S1_42394330 1 42394330 9.44490351578637e-12
S1_42394470 1 42394470 2.35946042948831e-05
S1_42399890 1 42399890 3.42679375113218e-06
S1_42733240 1 42733240 0.000672783161794763
S1_42745378 1 42745378 0.0003353451539326
S1_42890821 1 42890821 1.57510430497568e-05
S1_42930902 1 42930902 1.56568798830834e-06
S1_42930986 1 42930986 0.000651623534336468
S1_42931012 1 42931012 0.000651623534336468
S1_42931018 1 42931018 0.000651623534336468
S1_42931022 1 42931022 0.000651623534336468
S1_43015070 1 43015070 0.00019581238739713
S1_43051993 1 43051993 0.000410455440180065
S1_43052012 1 43052012 7.3162087729128e-05
S1_43057159 1 43057159 0.000170455962007856
S1_43077846 1 43077846 0.000205659031280588
S1_43084379 1 43084379 0.000208498260662409
S1_43188382 1 43188382 0.000865482926511783
S1_43194390 1 43194390 0.000226377217195563
S1_43212053 1 43212053 0.000636297445330583
S1_43260560 1 43260560 0.000132440412585445
S1_43260570 1 43260570 0.000132440412585426
S1_43264325 1 43264325 0.000177640802778047
S1_43289466 1 43289466 6.33401495692531e-05
S1_43353280 1 43353280 0.000219195218446947
S1_43353307 1 43353307 0.000165481732452684
S1_43417752 1 43417752 0.00010809973989459
S1_43419159 1 43419159 0.0004279106068203
S1_43436452 1 43436452 3.07420136997675e-07
S1_43498007 1 43498007 0.000253920742901954
S1_43498011 1 43498011 0.000253920742901954
S1_43498019 1 43498019 0.000253920742901954
S1_43500042 1 43500042 9.63698351902249e-05
S1_43500159 1 43500159 0.000294977993927095
S1_43500348 1 43500348 0.000600643060830319
S1_43502978 1 43502978 0.000260787877989062
S1_43502996 1 43502996 1.84355666893151e-06
S1_43505073 1 43505073 0.000262934445478136
S1_43515918 1 43515918 0.000254537748841541
S1_43535920 1 43535920 0.00018601279403614
S1_43545324 1 43545324 0.00049026174809573
S1_43565520 1 43565520 1.3937851459263e-05
S1_43586151 1 43586151 0.000210640503200894
S1_43634335 1 43634335 0.000186616400992676
S1_43688306 1 43688306 6.20268143103078e-05
S1_43690626 1 43690626 0.000163671663852997
S1_43746306 1 43746306 0.000195736410300246
S1_43750629 1 43750629 2.4428492545142e-05
S1_43750833 1 43750833 0.000160047616179107
S1_43753672 1 43753672 1.42630356400883e-05
S1_43753675 1 43753675 1.54635801603445e-05
S1_43753774 1 43753774 2.2363697908155e-05
S1_43753822 1 43753822 1.26957364586607e-05
S1_43754239 1 43754239 0.000221083472477912
S1_43858136 1 43858136 7.31206670865334e-06
S1_43882633 1 43882633 0.000181366712341007
S1_43996817 1 43996817 0.000778882101720824
S1_44183092 1 44183092 6.81569662538778e-05
S1_44295958 1 44295958 2.38615310531655e-05
S1_44295970 1 44295970 2.38615310531641e-05
S1_44295972 1 44295972 0.000463911424906307
S1_44319109 1 44319109 0.000100522044621936
S1_44562009 1 44562009 0.00020160866960929
S1_44637391 1 44637391 8.02580020682331e-05
S1_44729502 1 44729502 0.000782630979502171
S1_44731442 1 44731442 0.000175816970859153
S1_44736648 1 44736648 8.56333516399206e-05
S1_44737151 1 44737151 4.14452328889452e-05
S1_44775398 1 44775398 0.000379184292657805
S1_44775690 1 44775690 3.9188253733699e-12
S1_44849463 1 44849463 7.05831830909751e-05
S1_44850650 1 44850650 3.00401813361409e-05
S1_45013406 1 45013406 0.00092722424810365
S1_45185754 1 45185754 3.83196769439754e-05
S1_45267277 1 45267277 0.000502493753336483
S1_45295576 1 45295576 0.000802589619698296
S1_45549771 1 45549771 0.000753658766242541
S1_45667919 1 45667919 0.000827798069155509
S1_45667939 1 45667939 0.000827798069155509
S1_45667956 1 45667956 0.000905354077933299
S1_45756853 1 45756853 2.57823684300453e-05
S1_45946397 1 45946397 0.000823192984899117
S1_46014586 1 46014586 1.41105770121895e-06
S1_46041907 1 46041907 1.22330235771943e-07
S1_46048819 1 46048819 0.000932067422248014
S1_46096867 1 46096867 0.00012219127059536
S1_46098168 1 46098168 0.00091987264976646
S1_46098402 1 46098402 0.000610683832853796
S1_46185914 1 46185914 0.000565579149776797
S1_46358454 1 46358454 0.000127356459646012
S1_46397820 1 46397820 0.000308825740072965
S1_46404062 1 46404062 0.000616102197698699
S1_46416878 1 46416878 0.000584231675829323
S1_46421812 1 46421812 1.97080045920063e-05
S1_46422237 1 46422237 1.17860805135025e-05
S1_46422402 1 46422402 0.000975548010982593
S1_46422507 1 46422507 8.31245303069476e-05
S1_46422537 1 46422537 7.94124000033472e-05
S1_46422555 1 46422555 7.94124000033472e-05
S1_46423049 1 46423049 0.000655972516905559
S1_46425895 1 46425895 1.4819896563771e-05
S1_46425899 1 46425899 2.36096648491176e-05
S1_46426298 1 46426298 7.50931177743667e-07
S1_46426377 1 46426377 8.15145684315598e-16
S1_46426386 1 46426386 8.15145684316153e-16
S1_46426401 1 46426401 8.15145684315598e-16
S1_46426413 1 46426413 8.15145684315598e-16
S1_46429128 1 46429128 5.99445934926341e-05
S1_46429147 1 46429147 1.32054375809346e-05
S1_46429148 1 46429148 5.55080529709199e-06
S1_46429179 1 46429179 1.23304653749932e-05
S1_46429190 1 46429190 1.23304653749932e-05
S1_46429208 1 46429208 1.23304653749932e-05
S1_46429216 1 46429216 2.1441750110631e-05
S1_46429408 1 46429408 0.000947857822369306
S1_46430061 1 46430061 2.29930075040104e-05
S1_46430116 1 46430116 6.54354475100477e-06
S1_46430133 1 46430133 7.59869351986815e-06
S1_46430137 1 46430137 6.54354475100477e-06
S1_46430167 1 46430167 7.59869351986853e-06
S1_46430264 1 46430264 4.96816899916609e-06
S1_46430278 1 46430278 4.96816899916609e-06
S1_46430282 1 46430282 4.96816899916609e-06
S1_46430331 1 46430331 3.62884290558469e-06
S1_46430582 1 46430582 2.71790683014298e-05
S1_46430635 1 46430635 2.07108709905544e-05
S1_46430653 1 46430653 2.35936576345721e-05
S1_46430657 1 46430657 2.35936576345732e-05
S1_46430837 1 46430837 0.000105502998636638
S1_46430847 1 46430847 0.000105502998636638
S1_46430853 1 46430853 0.000105502998636638
S1_46430879 1 46430879 0.000697596756321113
S1_46430890 1 46430890 0.000697596756321113
S1_46430930 1 46430930 0.000574629525336948
S1_46431001 1 46431001 3.35958411325193e-05
S1_46431496 1 46431496 2.12072151803251e-05
S1_46431518 1 46431518 2.12072151803245e-05
S1_46440499 1 46440499 6.90141680597386e-06
S1_46440501 1 46440501 3.50356823104579e-05
S1_46440523 1 46440523 6.90141680597386e-06
S1_46440526 1 46440526 3.50356823104579e-05
S1_46440585 1 46440585 3.62545326069815e-05
S1_46440687 1 46440687 9.37903725735825e-07
S1_46440703 1 46440703 9.37903725735715e-07
S1_46440706 1 46440706 9.37903725735715e-07
S1_46440755 1 46440755 9.78441974812204e-05
S1_46440759 1 46440759 0.00019017324082647
S1_46440823 1 46440823 0.000264512037832872
S1_46440824 1 46440824 0.000264512037832872
S1_46440837 1 46440837 0.000264512037832881
S1_46441090 1 46441090 5.01319156682415e-05
S1_46441158 1 46441158 0.000269823631214743
S1_46441336 1 46441336 2.65176134927944e-06
S1_46441339 1 46441339 2.71766650145805e-06
S1_46441362 1 46441362 1.61653784424328e-06
S1_46470944 1 46470944 0.000115972448328836
S1_46521827 1 46521827 3.61396520676899e-06
S1_46521870 1 46521870 6.9706727814629e-06
S1_46521887 1 46521887 8.77877261622538e-05
S1_46528060 1 46528060 0.000449037455093232
S1_46528096 1 46528096 0.000395902701007549
S1_46528174 1 46528174 0.000169410880395293
S1_46528183 1 46528183 0.000832208472164227
S1_46529831 1 46529831 0.000388355585786795
S1_46529867 1 46529867 0.000388355585786795
S1_46530090 1 46530090 0.000175022388273629
S1_46530410 1 46530410 2.44356855299336e-05
S1_46530424 1 46530424 2.24358870715768e-05
S1_46560796 1 46560796 5.61287892154958e-05
S1_46565341 1 46565341 0.000589565686930015
S1_46565356 1 46565356 0.000589565686929912
S1_46565377 1 46565377 0.000589565686929912
S1_46565389 1 46565389 0.000589565686929912
S1_46569298 1 46569298 0.000571993409505697
S1_46569311 1 46569311 0.000559687663511599
S1_46613249 1 46613249 0.00019460169268678
S1_46722795 1 46722795 0.000473050316074066
S1_46722972 1 46722972 0.000200211374228107
S1_46723128 1 46723128 0.000117556152937416
S1_46743498 1 46743498 0.000264347785377148
S1_46743552 1 46743552 0.000801914456011639
S1_46748812 1 46748812 0.000262783334217216
S1_46748833 1 46748833 0.000262783334217194
S1_46754563 1 46754563 0.000687782427351472
S1_46754579 1 46754579 0.000479763577678276
S1_46755910 1 46755910 0.000508846933518102
S1_46799113 1 46799113 2.03046799972891e-05
S1_46799116 1 46799116 2.03046799972881e-05
S1_46799280 1 46799280 4.76094931979662e-06
S1_46830271 1 46830271 4.83150838350875e-06
S1_46831716 1 46831716 0.000194916834156403
S1_46848320 1 46848320 0.000560421056980081
S1_46857919 1 46857919 1.16271844046294e-07
S1_46889163 1 46889163 0.000879917302781382
S1_46919365 1 46919365 0.000292159293188506
S1_46919905 1 46919905 0.000485326567469466
S1_47057246 1 47057246 4.00811710995829e-09
S1_47167138 1 47167138 0.00083071125088226
S1_47170160 1 47170160 0.000920402721810751
S1_47171598 1 47171598 6.06711874465666e-05
S1_47173182 1 47173182 0.000379611398516021
S1_47188760 1 47188760 0.000300627905564291
S1_47188878 1 47188878 0.000252745100927459
S1_47189049 1 47189049 0.000512984377804649
S1_47189077 1 47189077 0.000261758767181036
S1_47189664 1 47189664 0.000132056263230806
S1_47189665 1 47189665 0.000116268261912559
S1_47241331 1 47241331 1.60598321847439e-07
S1_47278358 1 47278358 1.98711515730595e-06
S1_47278382 1 47278382 5.6774756915836e-05
S1_47332582 1 47332582 0.000506641634432902
S1_47332586 1 47332586 7.87424118478103e-05
S1_47332625 1 47332625 8.90864120702707e-05
S1_47332681 1 47332681 2.43684467997607e-05
S1_47332817 1 47332817 1.1753135024946e-05
S1_47332818 1 47332818 2.74259941909294e-05
S1_47377965 1 47377965 2.97065809975963e-08
S1_47378707 1 47378707 0.000517251340016055
S1_47401413 1 47401413 3.93780297740994e-05
S1_47405035 1 47405035 0.000361826943318241
S1_47405036 1 47405036 0.000355952689171591
S1_47405133 1 47405133 0.000116554511489233
S1_47438540 1 47438540 0.000761898733433548
S1_47438542 1 47438542 0.000761898733433548
S1_47438558 1 47438558 1.66559168413249e-08
S1_47538452 1 47538452 5.06137359274071e-05
S1_47562593 1 47562593 0.000122295373141925
S1_47634342 1 47634342 1.7173821398825e-06
S1_47637190 1 47637190 5.19952182721531e-05
S1_47661575 1 47661575 1.39407855056613e-06
S1_47690114 1 47690114 0.000112085487693886
S1_47726019 1 47726019 0.000755026181365558
S1_47885315 1 47885315 3.66392537172356e-05
S1_47926000 1 47926000 8.8356543253001e-05
S1_47929879 1 47929879 3.35125253531683e-05
S1_47929910 1 47929910 6.58934839778791e-05
S1_47968941 1 47968941 3.28130746127309e-05
S1_47990391 1 47990391 8.48031660830314e-05
S1_47990443 1 47990443 7.62445051884094e-06
S1_47991480 1 47991480 0.000963961260590598
S1_48042928 1 48042928 2.85306168343493e-06
S1_48164745 1 48164745 2.33856212934932e-05
S1_48164815 1 48164815 4.95412015656666e-07
S1_48173462 1 48173462 9.80849087137327e-05
S1_48176789 1 48176789 0.000198566982342814
S1_48179816 1 48179816 0.00013080907445645
S1_48203853 1 48203853 0.000802564551842661
S1_48244349 1 48244349 0.000135910707078897
S1_48244422 1 48244422 0.000457253271792269
S1_48245929 1 48245929 3.01546655399574e-05
S1_48252061 1 48252061 0.000476239795729264
S1_48292958 1 48292958 0.000119986314842718
S1_48416837 1 48416837 0.00010038649411299
S1_48437691 1 48437691 5.62141409700879e-05
S1_48495758 1 48495758 9.39582159928145e-06
S1_48512829 1 48512829 0.000713171147332171
S1_48533965 1 48533965 4.42987126945893e-05
S1_48542472 1 48542472 4.95511771810302e-05
S1_48544757 1 48544757 0.00017281607583274
S1_48613944 1 48613944 0.000174488978367645
S1_48627786 1 48627786 0.00023459220673289
S1_48661487 1 48661487 0.000514176350344358
S1_48744562 1 48744562 0.0002385377179188
S1_48779360 1 48779360 8.38232571497416e-05
S1_48785583 1 48785583 0.000135413702067866
S1_48799746 1 48799746 0.000815760222205131
S1_48801453 1 48801453 0.000130868539567265
S1_48813531 1 48813531 1.6571758853954e-06
S1_49065397 1 49065397 0.000174397255846847
S1_49117655 1 49117655 0.000170636488488191
S1_49211429 1 49211429 0.000495405546385115
S1_49211434 1 49211434 0.00053733370183363
S1_49211441 1 49211441 0.000476893185165547
S1_49211695 1 49211695 0.000841885593125987
S1_49434539 1 49434539 0.000925605477284643
S1_49602157 1 49602157 2.15821490682156e-05
S1_49640954 1 49640954 0.000532555800210339
S1_49640974 1 49640974 0.000532555800210339
S1_49760306 1 49760306 0.000831729772746024
S1_49777988 1 49777988 5.62031301012764e-07
S1_49879851 1 49879851 0.000864715177020225
S1_50004549 1 50004549 3.81183844688486e-11
S1_50021361 1 50021361 6.1472338985127e-05
S1_50021363 1 50021363 4.44458783023675e-05
S1_50030395 1 50030395 0.000263159079914264
S1_50030426 1 50030426 0.000263159079914264
S1_50068813 1 50068813 0.000692877529935106
S1_50129534 1 50129534 6.2584432827919e-05
S1_50184884 1 50184884 1.26931905560561e-09
S1_50210579 1 50210579 0.000362665466752899
S1_50210589 1 50210589 2.15335390027309e-05
S1_50225811 1 50225811 0.00041347288977839
S1_50299306 1 50299306 0.000819557878635928
S1_50312944 1 50312944 0.000241388237516521
S1_50383022 1 50383022 4.28001459050238e-05
S1_50384499 1 50384499 0.000197492812903257
S1_50406751 1 50406751 5.32454891612127e-06
S1_50406991 1 50406991 1.74178531016779e-07
S1_50424951 1 50424951 0.000187933020184841
S1_50425674 1 50425674 0.000491048122668418
S1_50488243 1 50488243 0.000120357286769571
S1_50488921 1 50488921 0.000703823827150637
S1_50831308 1 50831308 0.000936768165169722
S1_51100176 1 51100176 0.000140875223840308
S1_51103890 1 51103890 0.000564673875972316
S1_51113850 1 51113850 0.000841596478134275
S1_51189832 1 51189832 0.000145008338330746
S1_51189861 1 51189861 0.000145008338330735
S1_51250949 1 51250949 0.000383873114417391
S1_51250951 1 51250951 0.00035033232388801
S1_51250953 1 51250953 0.000391742340141589
S1_51250954 1 51250954 0.000598502431487269
S1_51251069 1 51251069 0.000332293430708411
S1_51254271 1 51254271 0.000152890291466469
S1_51372154 1 51372154 0.000401079820823417
S1_51420843 1 51420843 0.000408229887679992
S1_51524815 1 51524815 6.21506005226359e-05
S1_51529600 1 51529600 6.94597131632483e-09
S1_51531493 1 51531493 0.000104401145257895
S1_51686101 1 51686101 5.27930481394924e-05
S1_51696503 1 51696503 0.000103236029843783
S1_51729310 1 51729310 6.41575354984985e-05
S1_51744183 1 51744183 0.000668502373055171
S1_51898706 1 51898706 8.80587474885953e-06
S1_51898713 1 51898713 8.80587474885953e-06
S1_52274160 1 52274160 0.000459704440476663
S1_52735459 1 52735459 0.000167329472516442
S1_52735488 1 52735488 6.48397856504524e-12
S1_53110888 1 53110888 1.27242207457871e-11
S1_53387649 1 53387649 0.000886126622111458
S1_53463243 1 53463243 0.000786810960363332
S1_53484068 1 53484068 0.000296482232477593
S1_53520026 1 53520026 9.30917624896751e-05
S1_53559962 1 53559962 3.93632843352019e-05
S1_53559969 1 53559969 3.93632843352019e-05
S1_53559973 1 53559973 2.6788405461524e-05
S1_53559976 1 53559976 3.93632843352019e-05
S1_53559977 1 53559977 3.93632843352019e-05
S1_53559978 1 53559978 0.000291986321468653
S1_53605289 1 53605289 1.4602518209419e-11
S1_53623409 1 53623409 6.23045762846382e-06
S1_53623412 1 53623412 3.37763707929713e-05
S1_53623417 1 53623417 0.00075693361226065
S1_53623422 1 53623422 4.39580781227073e-05
S1_53638820 1 53638820 0.00053339136430848
S1_53638837 1 53638837 0.00053339136430848
S1_53638845 1 53638845 0.000199150368905302
S1_53666338 1 53666338 0.000138354220329734
S1_53668506 1 53668506 0.000236611917983024
S1_53668514 1 53668514 0.000230946692228
S1_53669281 1 53669281 1.59123835682465e-06
S1_53685263 1 53685263 0.000411658071041966
S1_53700461 1 53700461 6.52991009780543e-06
S1_53722236 1 53722236 0.000348582366436034
S1_53978461 1 53978461 0.000834365934679758
S1_54008120 1 54008120 0.00051526963220176
S1_54026806 1 54026806 0.00099515833691864
S1_54028611 1 54028611 0.000796690838480201
S1_54162005 1 54162005 0.000570717375432143
S1_54217574 1 54217574 0.000147049010337845
S1_54220472 1 54220472 0.000349185526354693
S1_54331344 1 54331344 6.87051812035351e-08
S1_54331345 1 54331345 7.1293898914291e-08
S1_54331346 1 54331346 9.03254851490408e-05
S1_54465198 1 54465198 2.14230880142124e-11
S1_54643446 1 54643446 0.00077206333159694
S1_54643973 1 54643973 0.000705955688348264
S1_54708374 1 54708374 0.000406245051387484
S1_54715237 1 54715237 0.000367653041435925
S1_54715265 1 54715265 2.10733015964511e-06
S1_54716267 1 54716267 0.000100635227581414
S1_54743734 1 54743734 0.000894594056760252
S1_54744030 1 54744030 4.87216723275588e-06
S1_54765391 1 54765391 7.4695100164353e-06
S1_54931233 1 54931233 3.23704212753858e-05
S1_54935851 1 54935851 0.000420389982729939
S1_54952631 1 54952631 0.000133536060661436
S1_54954107 1 54954107 0.000282202934778286
S1_55048405 1 55048405 3.88473215527137e-05
S1_55090342 1 55090342 9.2860951700618e-05
S1_55111225 1 55111225 3.57040239303886e-05
S1_55222980 1 55222980 0.000454985212014118
S1_55230489 1 55230489 7.31676782772677e-05
S1_55303304 1 55303304 0.000703822254018316
S1_55303504 1 55303504 0.000525850701097004
S1_55451089 1 55451089 1.83591173050083e-12
S1_55493205 1 55493205 5.61761128516408e-06
S1_55592279 1 55592279 8.17004840545054e-05
S1_55734137 1 55734137 8.13675492184507e-09
S1_55822047 1 55822047 0.00033810137173339
S1_55861957 1 55861957 0.000473356039724147
S1_56100841 1 56100841 0.000825717040839182
S1_56100842 1 56100842 0.000825717040839182
S1_56148039 1 56148039 0.000133762055291651
S1_56158842 1 56158842 1.44322535628714e-06
S1_56208487 1 56208487 0.000469120465837633
S1_56229028 1 56229028 0.000236647328596808
S1_56246617 1 56246617 0.000205484289303821
S1_56246956 1 56246956 0.000184235621091708
S1_56255920 1 56255920 0.000357560103271704
S1_56260452 1 56260452 0.000551563501307253
S1_56268869 1 56268869 6.14681570283489e-05
S1_56343910 1 56343910 0.000548790200596319
S1_56416866 1 56416866 0.000234497090844618
S1_56416892 1 56416892 0.000822188360906839
S1_56423104 1 56423104 3.17364479492066e-05
S1_56423125 1 56423125 3.70295194200108e-05
S1_56423138 1 56423138 0.000288128669128728
S1_56454081 1 56454081 0.000347274276187258
S1_56586031 1 56586031 5.19359613658127e-05
S1_56821469 1 56821469 0.000143780784482956
S1_56826186 1 56826186 0.000531385340612603
S1_56869041 1 56869041 9.74330693301149e-05
S1_56869070 1 56869070 0.000694817197136098
S1_56930591 1 56930591 1.16862210155233e-05
S1_56934151 1 56934151 0.000907044446163625
S1_56934158 1 56934158 0.000907044446163625
S1_56957381 1 56957381 8.78700892578233e-08
S1_56964111 1 56964111 0.000128070021207789
S1_56984511 1 56984511 0.000669959469883
S1_56984520 1 56984520 0.00095982003186188
S1_56996779 1 56996779 0.000524474977046425
S1_57000270 1 57000270 2.20717492159513e-05
S1_57000311 1 57000311 0.000551835799145316
S1_57000343 1 57000343 0.000930412987210436
S1_57000355 1 57000355 0.000811815947263787
S1_57000537 1 57000537 0.000610921073850159
S1_57000635 1 57000635 0.000136909960342864
S1_57000641 1 57000641 5.33232858182166e-06
S1_57000675 1 57000675 5.2929885255872e-06
S1_57000680 1 57000680 5.33232858182166e-06
S1_57017608 1 57017608 0.000890909018688368
S1_57019107 1 57019107 6.35484758773261e-08
S1_57154998 1 57154998 0.00091953317786674
S1_57155000 1 57155000 0.000937532629014758
S1_57155001 1 57155001 0.000917955568703745
S1_57278696 1 57278696 0.000478704312122484
S1_57291902 1 57291902 0.000198076747621543
S1_57291904 1 57291904 0.000198076747621543
S1_57291931 1 57291931 0.000198076747621543
S1_57292207 1 57292207 2.70831031227701e-06
S1_57329018 1 57329018 0.000258108936205855
S1_57329217 1 57329217 1.02992707226897e-05
S1_57353073 1 57353073 1.16102218144418e-05
S1_57353078 1 57353078 2.85413092730452e-05
S1_57353086 1 57353086 2.85413092730418e-05
S1_57353112 1 57353112 2.85413092730452e-05
S1_57353122 1 57353122 2.85413092730452e-05
S1_57354735 1 57354735 0.000140898581683575
S1_57370730 1 57370730 0.000107347452050382
S1_57420885 1 57420885 7.99723450901117e-06
S1_57420933 1 57420933 6.33626184988101e-05
S1_57421141 1 57421141 0.000114338282474753
S1_57425909 1 57425909 8.1603470162541e-05
S1_57441278 1 57441278 0.000341174056390132
S1_57470706 1 57470706 0.000115949503264123
S1_57491467 1 57491467 0.000557887630499549
S1_57536070 1 57536070 1.91670334944213e-06
S1_57539917 1 57539917 5.43173084991768e-06
S1_57604127 1 57604127 2.22459976159249e-05
S1_57940680 1 57940680 0.000976029059097689
S1_58048917 1 58048917 1.02796264785586e-05
S1_58114305 1 58114305 1.53819324049906e-08
S1_58118783 1 58118783 3.39664702905733e-05
S1_58119258 1 58119258 0.000194490470629323
S1_58120135 1 58120135 2.29909713817712e-05
S1_58120200 1 58120200 7.90533650052979e-06
S1_58120258 1 58120258 0.000396921427669167
S1_58122919 1 58122919 0.000787414252339782
S1_58148740 1 58148740 7.53452811476409e-12
S1_58683801 1 58683801 0.000762241139607383
S1_58757925 1 58757925 0.000182121072578088
S1_59007739 1 59007739 4.23521974598317e-12
S1_59007750 1 59007750 4.99472842629147e-05
S1_59139372 1 59139372 5.74911501316919e-05
S1_59181494 1 59181494 0.000329858833495848
S1_59185207 1 59185207 2.22500703090699e-05
S1_59192586 1 59192586 0.000822395905636152
S1_59192592 1 59192592 0.000822395905636152
S1_59223444 1 59223444 2.07385232640728e-05
S1_59428149 1 59428149 4.06637873490324e-05
S1_59431765 1 59431765 1.34878791449627e-06
S1_59456033 1 59456033 0.000160222404568843
S1_59466883 1 59466883 1.88312155832255e-05
S1_59469413 1 59469413 1.62512226234823e-05
S1_59471796 1 59471796 1.08084021662261e-07
S1_59533449 1 59533449 2.6485354929278e-05
S1_59660810 1 59660810 0.000663703295754523
S1_59660841 1 59660841 0.000638518429620075
S1_59664213 1 59664213 5.61454100422968e-05
S1_59674822 1 59674822 0.000403543072043494
S1_59674903 1 59674903 4.90847118039425e-05
S1_59686246 1 59686246 3.12011477132295e-06
S1_59694581 1 59694581 3.01635408850478e-06
S1_59694584 1 59694584 3.01635408850478e-06
S1_59703459 1 59703459 4.59182987028159e-05
S1_59704925 1 59704925 7.74584762616475e-09
S1_59704996 1 59704996 4.27515116300632e-07
S1_59713571 1 59713571 3.02231080111732e-07
S1_59749464 1 59749464 0.00013870151519185
S1_59752864 1 59752864 6.59651103938002e-05
S1_59766690 1 59766690 6.1611725232861e-06
S1_59789245 1 59789245 8.01394329515559e-07
S1_59789432 1 59789432 6.89281076217395e-06
S1_59858731 1 59858731 0.000372938014242414
S1_59860603 1 59860603 0.00013794294099971
S1_59989961 1 59989961 1.47864867117148e-06
S1_60019825 1 60019825 1.12049138567533e-05
S1_60075997 1 60075997 0.000993189678823725
S1_60088157 1 60088157 1.30333468408796e-05
S1_60094191 1 60094191 0.000216665185996169
S1_60095294 1 60095294 7.02199605025572e-05
S1_60110262 1 60110262 0.000520667656474088
S1_60146074 1 60146074 3.48406286324025e-05
S1_60146136 1 60146136 0.000200353832039127
S1_60146141 1 60146141 3.29485986513188e-07
S1_60168638 1 60168638 2.85812460024236e-06
S1_60168933 1 60168933 3.01975129870812e-05
S1_60177353 1 60177353 0.000144756796959804
S1_60185239 1 60185239 5.43506610317066e-05
S1_60190187 1 60190187 0.000184131938393126
S1_60190210 1 60190210 0.000184131938393126
S1_60190269 1 60190269 0.000694881341576345
S1_60203745 1 60203745 0.000160893153423316
S1_60203794 1 60203794 0.000193091543846831
S1_60223535 1 60223535 0.000771608344078044
S1_60237785 1 60237785 0.000579524837618369
S1_60256767 1 60256767 0.000799378566638824
S1_60273883 1 60273883 0.000252111342702061
S1_60290129 1 60290129 3.98219476509605e-06
S1_60290137 1 60290137 1.11279127938007e-12
S1_60333194 1 60333194 1.86827629291742e-06
S1_60368160 1 60368160 6.43107883386757e-05
S1_60411543 1 60411543 0.000317619819322035
S1_60469230 1 60469230 0.000558684581820304
S1_60495760 1 60495760 6.05370151472463e-05
S1_60507794 1 60507794 0.000816128042195805
S1_60507887 1 60507887 0.000484892102510908
S1_60510238 1 60510238 0.00070827176435601
S1_60510256 1 60510256 0.00070827176435601
S1_60516040 1 60516040 3.60984459053791e-05
S1_60532362 1 60532362 0.000298440127354286
S1_60532366 1 60532366 9.01362030818751e-05
S1_60552850 1 60552850 0.000266215046403489
S1_60561116 1 60561116 0.00063126154101099
S1_60567070 1 60567070 9.96324795906146e-05
S1_60613414 1 60613414 0.000137360739020834
S1_60620808 1 60620808 0.000969467953347468
S1_60680529 1 60680529 0.000133520119178703
S1_60716634 1 60716634 1.15299917054051e-05
S1_60716635 1 60716635 1.15299917054144e-05
S1_60716649 1 60716649 1.15299917054144e-05
S1_60775051 1 60775051 3.16548429595465e-05
S1_60775307 1 60775307 7.31052812880573e-06
S1_60794591 1 60794591 0.000409631706475807
S1_60802012 1 60802012 0.000153709092460073
S1_60802023 1 60802023 0.000115001809829547
S1_60808043 1 60808043 0.000804862062068067
S1_60808044 1 60808044 0.000804862062068067
S1_60808047 1 60808047 0.000804862062068044
S1_60808049 1 60808049 0.000804862062068044
S1_60816489 1 60816489 0.000407024911967261
S1_60824650 1 60824650 0.000778907117499069
S1_60834005 1 60834005 0.000254743560664384
S1_60839005 1 60839005 0.000542290530560113
S1_60857566 1 60857566 5.48058728599584e-05
S1_60877134 1 60877134 0.000674926580271607
S1_61028094 1 61028094 0.000335537699472403
S1_61053344 1 61053344 0.000949374244982842
S1_61072000 1 61072000 3.79929895679392e-05
S1_61103524 1 61103524 1.0832147327885e-06
S1_61118500 1 61118500 0.000110096841924566
S1_61121754 1 61121754 0.000878029075174202
S1_61140489 1 61140489 7.67373609606959e-06
S1_61145799 1 61145799 0.000458838131456437
S1_61168943 1 61168943 0.000967224817003003
S1_61168971 1 61168971 0.000967224817002964
S1_61169025 1 61169025 0.000105489734259473
S1_61175296 1 61175296 9.73092897489058e-05
S1_61192769 1 61192769 0.000489207842435377
S1_61195814 1 61195814 0.000351155905405784
S1_61202179 1 61202179 0.000440520032242656
S1_61202201 1 61202201 0.000440520032242656
S1_61202220 1 61202220 0.000477891438258178
S1_61202921 1 61202921 1.22077591922445e-06
S1_61244687 1 61244687 0.000354030069333229
S1_61254593 1 61254593 0.000695774211277452
S1_61279446 1 61279446 0.000162085848438371
S1_61288600 1 61288600 0.000153262444138875
S1_61292630 1 61292630 0.000722389121668431
S1_61365229 1 61365229 0.000161491744223659
S1_61403765 1 61403765 1.02362838782347e-05
S1_61404172 1 61404172 7.55276819660729e-06
S1_61412742 1 61412742 0.000165748488213113
S1_61629394 1 61629394 8.2244394567537e-05
S1_61680170 1 61680170 0.00036434643463924
S1_61839222 1 61839222 1.95895733604473e-05
S1_61897468 1 61897468 1.46668156104501e-06
S1_61898582 1 61898582 0.000718161135158196
S1_61898829 1 61898829 7.76949303930181e-06
S1_61915652 1 61915652 0.000748703205102618
S1_62074984 1 62074984 5.58010739251685e-06
S1_63050468 1 63050468 0.000299586322044262
S1_63227427 1 63227427 0.000171267580802354
S1_63524996 1 63524996 4.57524372864342e-09
S1_63525006 1 63525006 7.6351047760358e-06
S1_63827775 1 63827775 6.53697963469484e-06
S1_64127849 1 64127849 2.3280324857928e-05
S1_64127996 1 64127996 1.65104124404941e-05
S1_64127997 1 64127997 1.61520814370961e-05
S1_64132595 1 64132595 6.90494619434528e-07
S1_64157148 1 64157148 8.17119099764289e-09
S1_64170252 1 64170252 1.61599934062557e-05
S1_64172128 1 64172128 7.48982349791682e-06
S1_64172129 1 64172129 3.03788420807861e-05
S1_64178390 1 64178390 0.000402907743936275
S1_64179055 1 64179055 6.2631649708791e-07
S1_64185564 1 64185564 5.16805823351855e-05
S1_64186131 1 64186131 7.20724329639405e-08
S1_64186252 1 64186252 7.48063333573681e-08
S1_64197792 1 64197792 1.15550806948627e-07
S1_64197905 1 64197905 6.00706378184546e-11
S1_64197907 1 64197907 7.02547802507802e-05
S1_64198071 1 64198071 7.71068547038337e-06
S1_64235961 1 64235961 1.77760417498631e-09
S1_64237202 1 64237202 0.000151165824109339
S1_64237206 1 64237206 0.000151165824109339
S1_64243658 1 64243658 1.32718876917891e-06
S1_64245874 1 64245874 2.58944797040865e-06
S1_64245875 1 64245875 2.68764894115691e-06
S1_64246799 1 64246799 0.000282411619900526
S1_64246832 1 64246832 4.4856929936683e-05
S1_64246841 1 64246841 4.4856929936683e-05
S1_64246877 1 64246877 0.0001197227433867
S1_64247760 1 64247760 0.000434984990386515
S1_64251084 1 64251084 0.000182116014533564
S1_64261305 1 64261305 0.000552114542244803
S1_64280000 1 64280000 3.80773242040059e-07
S1_64285991 1 64285991 0.000216412250077643
S1_64290527 1 64290527 1.78549556610188e-06
S1_64315557 1 64315557 6.40158440738998e-07
S1_64323836 1 64323836 1.50342954489095e-07
S1_64359282 1 64359282 9.89560401065978e-07
S1_64399812 1 64399812 7.00316858894313e-07
S1_64399845 1 64399845 7.00316858894313e-07
S1_64448859 1 64448859 2.08124413798692e-07
S1_64477611 1 64477611 3.24463313208391e-07
S1_64477738 1 64477738 2.19998903305892e-07
S1_64482659 1 64482659 0.000689414100409252
S1_64483445 1 64483445 2.93497289662301e-07
S1_64490888 1 64490888 1.30517060658299e-07
S1_64499108 1 64499108 1.04845617964884e-05
S1_64505417 1 64505417 0.000601096174826666
S1_64562925 1 64562925 0.000147016065357103
S1_64735559 1 64735559 2.74818816786827e-05
S1_64736121 1 64736121 1.18981351022235e-07
S1_64810873 1 64810873 0.000170928804321341
S1_64811099 1 64811099 0.000156824478119002
S1_64862235 1 64862235 0.000414571370076634
S1_64888380 1 64888380 0.000257552684550494
S1_64888406 1 64888406 0.000257552684550494
S1_64888413 1 64888413 0.000257552684550494
S1_64907632 1 64907632 0.000828854488167764
S1_64961691 1 64961691 0.000289762363751617
S1_64970950 1 64970950 9.9731111073736e-06
S1_65023519 1 65023519 0.000282157151776505
S1_65080430 1 65080430 2.21617540141247e-05
S1_65117491 1 65117491 8.18736257836381e-05
S1_65150962 1 65150962 1.82604787615613e-05
S1_65160807 1 65160807 9.56056212232907e-05
S1_65178259 1 65178259 0.000305134179206472
S1_65183099 1 65183099 4.86863742678599e-05
S1_65197249 1 65197249 0.000333554519444042
S1_65227846 1 65227846 0.000802658939819025
S1_65441092 1 65441092 0.000756773410191736
S1_65468926 1 65468926 0.000571196283196465
S1_65469628 1 65469628 0.000828881595699125
S1_65475902 1 65475902 0.000115059646563412
S1_65561739 1 65561739 3.15107029788113e-10
S1_65573616 1 65573616 0.000534266131902038
S1_65573619 1 65573619 0.000562066559574574
S1_65618875 1 65618875 2.32306761374807e-06
S1_65697931 1 65697931 7.57270086140132e-05
S1_65727374 1 65727374 0.000430406443066984
S1_65818024 1 65818024 0.000290627448097903
S1_65853973 1 65853973 0.000379700323171565
S1_65931569 1 65931569 0.000767411442497509
S1_65937182 1 65937182 1.20975989758669e-06
S1_65937858 1 65937858 0.000448759491517642
S1_65937863 1 65937863 0.000448759491517642
S1_65950612 1 65950612 0.000257000880230766
S1_65950630 1 65950630 0.000144395965207514
S1_66044781 1 66044781 0.000933197459998151
S1_66077930 1 66077930 1.66364831992188e-05
S1_66104914 1 66104914 8.20013525279058e-13
S1_66105309 1 66105309 4.04026036918009e-05
S1_66247123 1 66247123 0.000868951588364032
S1_66403832 1 66403832 0.00076166553731
S1_66486067 1 66486067 0.000293306539330073
S1_66530199 1 66530199 0.000688057877611052
S1_66560349 1 66560349 0.000832772350953027
S1_66573056 1 66573056 0.000155979465211871
S1_66596129 1 66596129 0.000320082195416348
S1_66666685 1 66666685 0.000207536658308486
S1_66667004 1 66667004 0.00022012344855698
S1_66678274 1 66678274 0.000345850910202217
S1_66690398 1 66690398 3.297562512245e-05
S1_66695809 1 66695809 0.000627866857972092
S1_66701364 1 66701364 0.000560561733549439
S1_66701900 1 66701900 0.000105602301891812
S1_66761894 1 66761894 0.000252059233240452
S1_66874243 1 66874243 1.63022696455758e-05
S1_66988242 1 66988242 5.68007932299347e-06
S1_67073510 1 67073510 0.000872155755399332
S1_67104843 1 67104843 0.000404036875555208
S1_67126600 1 67126600 0.000736319678460517
S1_67135001 1 67135001 0.000836822524047472
S1_67138616 1 67138616 0.0006689164940782
S1_67203330 1 67203330 0.000370776836558169
S1_67203338 1 67203338 0.000365716085455301
S1_67203351 1 67203351 0.000365716085455301
S1_67203509 1 67203509 0.00051392633072922
S1_67207742 1 67207742 4.54339708147974e-05
S1_67293183 1 67293183 0.000425073694518661
S1_67400870 1 67400870 0.00096644749449478
S1_67404193 1 67404193 2.12495118713092e-05
S1_67404207 1 67404207 5.99071717406234e-05
S1_67445641 1 67445641 8.82420295623433e-05
S1_67462620 1 67462620 4.02577250860771e-05
S1_67528381 1 67528381 4.36428365981404e-09
S1_67533004 1 67533004 1.56895205646489e-06
S1_67556804 1 67556804 3.18457968450242e-05
S1_67557733 1 67557733 3.69785203756776e-07
S1_67598017 1 67598017 0.000149504767445685
S1_67598276 1 67598276 2.21869924942074e-06
S1_67672712 1 67672712 5.7676281527438e-06
S1_67687353 1 67687353 0.000312336375702879
S1_67687354 1 67687354 0.000312336375702879
S1_67687387 1 67687387 0.000312336375702879
S1_67712733 1 67712733 5.2676751283216e-06
S1_67712734 1 67712734 5.26767512832089e-06
S1_67714287 1 67714287 0.0009841242828758
S1_67714334 1 67714334 1.18675514345664e-06
S1_67785160 1 67785160 0.000402054425809537
S1_67812469 1 67812469 0.000399808236694263
S1_67812508 1 67812508 0.000663953676563102
S1_67840253 1 67840253 5.02186798838884e-05
S1_67846196 1 67846196 0.000593939647126075
S1_67846197 1 67846197 0.000563909806941936
S1_67846341 1 67846341 6.07329144692573e-05
S1_67866537 1 67866537 5.70082743406909e-05
S1_67872532 1 67872532 8.81242361803618e-05
S1_67873108 1 67873108 0.000324935194365683
S1_67876685 1 67876685 3.84381114318664e-05
S1_67883487 1 67883487 0.000274251637942968
S1_67884551 1 67884551 0.000275163138631694
S1_67890888 1 67890888 0.00032571041491336
S1_67896786 1 67896786 0.000286784154623009
S1_67916391 1 67916391 0.000487245877393073
S1_67925748 1 67925748 7.80583985089205e-05
S1_67939497 1 67939497 0.000869576406199503
S1_67946715 1 67946715 0.000473848033428055
S1_68270102 1 68270102 2.82389965842858e-05
S1_68278733 1 68278733 1.49036200729827e-05
S1_68285160 1 68285160 0.000367272951170348
S1_68306303 1 68306303 2.17046936700277e-06
S1_68306893 1 68306893 8.16663733373445e-05
S1_68346594 1 68346594 0.000394337712866331
S1_68352145 1 68352145 0.000699606356501909
S1_68360745 1 68360745 0.000219619299236548
S1_68425800 1 68425800 4.60912480203916e-12
S1_68430091 1 68430091 0.000916808865885708
S1_68518554 1 68518554 7.61203289166182e-05
S1_68533142 1 68533142 7.63634697228869e-05
S1_68578853 1 68578853 1.51539385237463e-07
S1_68578916 1 68578916 1.141278882374e-06
S1_68584531 1 68584531 0.000448931292896374
S1_68584548 1 68584548 1.82330067190052e-05
S1_68599053 1 68599053 3.43619184428294e-05
S1_68599054 1 68599054 3.43619184428294e-05
S1_68614239 1 68614239 3.37997672713989e-05
S1_68622488 1 68622488 1.20304628135896e-06
S1_68622800 1 68622800 0.000285703445524175
S1_68668606 1 68668606 4.17728917173548e-05
S1_68717453 1 68717453 0.000929547930977488
S1_68740411 1 68740411 0.000116094919980967
S1_68775925 1 68775925 0.000817413816251961
S1_68778422 1 68778422 0.000356114329604791
S1_68889287 1 68889287 4.97554444781136e-05
S1_68889293 1 68889293 4.9500361013383e-05
S1_68889317 1 68889317 4.97554444781136e-05
S1_68889342 1 68889342 4.97554444781136e-05
S1_69089118 1 69089118 0.000198995455167863
S1_69089150 1 69089150 3.14505393010348e-05
S1_69133270 1 69133270 0.000495193879276175
S1_69190160 1 69190160 1.16327334411906e-06
S1_69207670 1 69207670 4.95343033177122e-05
S1_69251265 1 69251265 1.70537840505693e-05
S1_69353268 1 69353268 0.000898115624645447
S1_69353269 1 69353269 0.000898115624645526
S1_69353271 1 69353271 0.000898115624645447
S1_69412218 1 69412218 0.000625281844712178
S1_69412233 1 69412233 0.000662167339667605
S1_69564365 1 69564365 1.52701379877685e-06
S1_69589930 1 69589930 2.50427207724919e-06
S1_69589937 1 69589937 2.50427207724919e-06
S1_69589965 1 69589965 3.68887885141815e-06
S1_69748173 1 69748173 0.000629433945733653
S1_69771102 1 69771102 0.000960560254163723
S1_69848516 1 69848516 0.000707825000961928
S1_69886849 1 69886849 6.910769178427e-05
S1_69910166 1 69910166 0.000259051930956566
S1_69969230 1 69969230 5.12995360803664e-05
S1_70012405 1 70012405 0.000348177136394545
S1_70061049 1 70061049 4.48122700126196e-11
S1_70066173 1 70066173 0.000565582186863813
S1_70069635 1 70069635 0.000171821697408667
S1_70087023 1 70087023 0.000826902080430141
S1_70112710 1 70112710 0.000802619834298142
S1_70173566 1 70173566 1.61845426182573e-05
S1_70173631 1 70173631 1.33946749924612e-09
S1_70186398 1 70186398 2.45642141195669e-12
S1_70347008 1 70347008 0.000439114118221781
S1_70532265 1 70532265 7.3288778864983e-06
S1_70548042 1 70548042 0.000348166986198598
S1_70572669 1 70572669 4.41220833774721e-05
S1_70606375 1 70606375 0.000132868113190234
S1_70609330 1 70609330 0.000395158542232374
S1_70610845 1 70610845 0.000889034116381777
S1_70648341 1 70648341 2.18791040557716e-07
S1_70702687 1 70702687 0.00016091611335209
S1_70743633 1 70743633 0.000105378313963467
S1_70820414 1 70820414 0.00017905379852106
S1_70973390 1 70973390 0.000762492398406255
S1_70988409 1 70988409 5.89509091949494e-08
S1_70995008 1 70995008 0.000607865154975779
S1_71195441 1 71195441 0.000245576033306334
S1_71202289 1 71202289 2.9551145671373e-05
S1_71203776 1 71203776 3.67565233515678e-06
S1_71209985 1 71209985 0.000684427314666589
S1_71210491 1 71210491 0.000211534883550494
S1_71210520 1 71210520 2.05639298721964e-06
S1_71211642 1 71211642 0.000450257514443252
S1_71249691 1 71249691 0.000112482989477486
S1_71302333 1 71302333 4.11087596996372e-05
S1_71302334 1 71302334 5.78899970085562e-05
S1_71302335 1 71302335 4.87186267710137e-05
S1_71302336 1 71302336 4.87186267710137e-05
S1_71302339 1 71302339 4.87186267710185e-05
S1_71302405 1 71302405 2.22885619944121e-09
S1_71304236 1 71304236 3.21707243424039e-05
S1_71313868 1 71313868 5.47896942887077e-07
S1_71314658 1 71314658 2.79966131300792e-05
S1_71314673 1 71314673 2.79966131300792e-05
S1_71314685 1 71314685 2.7996613130078e-05
S1_71314741 1 71314741 2.23966972195807e-06
S1_71314845 1 71314845 7.68917667777412e-06
S1_71314857 1 71314857 0.000336991554983067
S1_71316042 1 71316042 3.24474774415844e-07
S1_71318798 1 71318798 0.000183594276408248
S1_71331152 1 71331152 0.000699000408547467
S1_71363353 1 71363353 0.000734377184059324
S1_71454191 1 71454191 0.00029202623886257
S1_71454706 1 71454706 0.000149866885458588
S1_71454872 1 71454872 0.000181582739673617
S1_71468556 1 71468556 0.000469473107030784
S1_71494429 1 71494429 3.07653060026247e-05
S1_71574272 1 71574272 2.99478247889898e-07
S1_71640238 1 71640238 0.000173667725184886
S1_71643475 1 71643475 0.00064097364596821
S1_71665115 1 71665115 9.02189832025103e-05
S1_71665116 1 71665116 9.02189832025179e-05
S1_71665118 1 71665118 9.02189832025103e-05
S1_71700691 1 71700691 1.83055644724587e-06
S1_71700789 1 71700789 0.0001686333365093
S1_71700962 1 71700962 1.02820191766322e-05
S1_71714371 1 71714371 0.000352009747472816
S1_71791070 1 71791070 8.34370743444834e-08
S1_71791095 1 71791095 8.10764356109916e-08
S1_71797473 1 71797473 1.83438480110803e-07
S1_71810951 1 71810951 4.8597566893438e-06
S1_71811201 1 71811201 1.89704890906773e-07
S1_71849415 1 71849415 2.55241546764086e-05
S1_71849418 1 71849418 2.55241546764062e-05
S1_71874693 1 71874693 0.000289768183791798
S1_71874710 1 71874710 0.000289768183791798
S1_71874719 1 71874719 0.000289768183791798
S1_71962173 1 71962173 0.000240533137008287
S1_71962745 1 71962745 0.000583424622844558
S1_72057996 1 72057996 0.000597953265449101
S1_72062379 1 72062379 0.0003718147791382
S1_72064471 1 72064471 0.000524454166005898
S1_72081439 1 72081439 0.000260001054645049
S1_72081446 1 72081446 0.000485424878545867
S1_72081459 1 72081459 0.000260001054645049
S1_72081734 1 72081734 0.000674319907328251
S1_72081737 1 72081737 0.000674319907328172
S1_72083507 1 72083507 0.000956790479320107
S1_72090056 1 72090056 9.7723173106265e-05
S1_72090884 1 72090884 0.000384430369897963
S1_72093313 1 72093313 0.000830206203339603
S1_72102367 1 72102367 9.85547735872528e-06
S1_72121789 1 72121789 0.000120334935310139
S1_72121800 1 72121800 0.000120334935310153
S1_72121850 1 72121850 0.000139847175959467
S1_72122290 1 72122290 0.000511101099639709
S1_72122912 1 72122912 0.000138150526553909
S1_72123232 1 72123232 0.000587001796304959
S1_72123495 1 72123495 1.84341739514257e-09
S1_72123498 1 72123498 1.84341739514257e-09
S1_72123566 1 72123566 1.6491171568765e-05
S1_72123713 1 72123713 0.000613831004048509
S1_72127786 1 72127786 1.57145110988904e-05
S1_72127836 1 72127836 0.000197265286005011
S1_72127843 1 72127843 0.000197265286005011
S1_72132018 1 72132018 7.39132687775448e-08
S1_72137148 1 72137148 0.000967016367569959
S1_72239642 1 72239642 0.00071146136676223
S1_72239646 1 72239646 3.91843174635017e-05
S1_72262794 1 72262794 0.000878384903781562
S1_72284812 1 72284812 0.000968000596199222
S1_72330365 1 72330365 0.000357346419799407
S1_72352201 1 72352201 1.3199536736841e-05
S1_72352261 1 72352261 0.000600581855191369
S1_72352340 1 72352340 7.90452331293488e-06
S1_72356793 1 72356793 1.68274915362369e-05
S1_72372724 1 72372724 0.000853395170433353
S1_72372736 1 72372736 0.000853395170433353
S1_72396172 1 72396172 0.000791960441783859
S1_72413518 1 72413518 2.15628047859699e-05
S1_72413522 1 72413522 0.000203445072572313
S1_72474511 1 72474511 0.000938516179695319
S1_72477967 1 72477967 0.000868709284248495
S1_72489981 1 72489981 9.18545760065822e-08
S1_72509626 1 72509626 0.000697494971890011
S1_72512212 1 72512212 0.000640122933269263
S1_72522893 1 72522893 0.000657854227297791
S1_72525055 1 72525055 9.58113374157302e-05
S1_72569239 1 72569239 0.000482324899414511
S1_72569515 1 72569515 7.99772438963654e-05
S1_72573149 1 72573149 8.39612078982873e-05
S1_72585139 1 72585139 2.58722863063304e-05
S1_72597357 1 72597357 0.000756811896046788
S1_72602860 1 72602860 0.00073242279302351
S1_72620487 1 72620487 1.1476365450318e-05
S1_72689389 1 72689389 0.000957047815488259
S1_72756564 1 72756564 0.000838923643972617
S1_72756565 1 72756565 0.000838923643972554
S1_72826868 1 72826868 9.93801157437509e-05
S1_72897050 1 72897050 0.000107622956839005
S1_72899424 1 72899424 0.000975814268503418
S1_72899432 1 72899432 0.000975814268503418
S1_72899443 1 72899443 0.000975814268503418
S1_72902911 1 72902911 0.000510172532286302
S1_72913580 1 72913580 0.000288912751918839
S1_72913593 1 72913593 0.000124168460881581
S1_72913610 1 72913610 0.000124168460881581
S1_72926774 1 72926774 0.000198480987153285
S1_72967367 1 72967367 0.000993673444375973
S1_72978254 1 72978254 0.000249556095784139
S1_72988210 1 72988210 0.000134908619298546
S1_73005777 1 73005777 1.46823470692299e-06
S1_73012582 1 73012582 0.000303454473552161
S1_73075679 1 73075679 0.000996108970949178
S1_73115995 1 73115995 0.000213381297672996
S1_73142033 1 73142033 0.000913387543808633
S1_73142052 1 73142052 0.000246351349588855
S1_73227154 1 73227154 0.00058970093405481
S1_73240434 1 73240434 0.000260569282963687
S1_73270495 1 73270495 0.00053925319635142
S1_73275393 1 73275393 0.000113876215159659
S1_73477364 1 73477364 0.000415424214402238
S1_73481406 1 73481406 0.000928775591942487
S1_73693369 1 73693369 0.000334741768889721
