Marker Chr Pos p
S2_113584 2 113584 0.000174246633129309
S2_124227 2 124227 0.000269700492947132
S2_148023 2 148023 4.25314049516406e-07
S2_148401 2 148401 0.000301791583157482
S2_158579 2 158579 0.000371858652598737
S2_179099 2 179099 1.25293783284044e-05
S2_186216 2 186216 0.000283230298224723
S2_261794 2 261794 0.000116763881894441
S2_300017 2 300017 0.000491924531992581
S2_310041 2 310041 6.14318967716938e-05
S2_318867 2 318867 7.00778302748555e-05
S2_320152 2 320152 0.000349647302089394
S2_320174 2 320174 0.000461222682286512
S2_320221 2 320221 0.000232191460849813
S2_325204 2 325204 0.000265075239308919
S2_357876 2 357876 4.90828246432085e-05
S2_359755 2 359755 2.53197894249338e-05
S2_374976 2 374976 7.63990896635085e-05
S2_379747 2 379747 8.16782021946617e-05
S2_382113 2 382113 0.000314920834528756
S2_387167 2 387167 2.73027805926264e-06
S2_387168 2 387168 2.73027805926229e-06
S2_387189 2 387189 2.73027805926229e-06
S2_426781 2 426781 1.00978800428791e-05
S2_457673 2 457673 1.12824805026017e-05
S2_466364 2 466364 0.00028924734293081
S2_479677 2 479677 0.000486301511895143
S2_482655 2 482655 3.84886312430931e-06
S2_487996 2 487996 2.71953136033862e-05
S2_488021 2 488021 2.24815654142868e-05
S2_497664 2 497664 0.000267169007968614
S2_498255 2 498255 2.01942088945747e-06
S2_500824 2 500824 4.6691153227576e-06
S2_501369 2 501369 1.50423913369968e-05
S2_501455 2 501455 6.21400177932435e-06
S2_502048 2 502048 8.09950168766702e-06
S2_510896 2 510896 0.000587631046511009
S2_511521 2 511521 9.33975651991604e-07
S2_511605 2 511605 0.000116310325225509
S2_511659 2 511659 6.0303191690882e-05
S2_511665 2 511665 0.000697240523872791
S2_538450 2 538450 3.01084976904676e-06
S2_541368 2 541368 0.000744041212222764
S2_544293 2 544293 6.09922641710923e-06
S2_544596 2 544596 7.24957462249886e-05
S2_548675 2 548675 0.000538078482945024
S2_559246 2 559246 0.000335064295039688
S2_567591 2 567591 2.47037294605921e-05
S2_567721 2 567721 3.82255029413299e-05
S2_571852 2 571852 0.000274843251236132
S2_597896 2 597896 0.00072218312096333
S2_599189 2 599189 0.000560343093523005
S2_603030 2 603030 0.000156298779391037
S2_674286 2 674286 3.46434673530599e-05
S2_697067 2 697067 0.000292053379249655
S2_717924 2 717924 0.000502331622560245
S2_731713 2 731713 0.000211076163268303
S2_740364 2 740364 0.000486147257183402
S2_759068 2 759068 1.55074468096851e-05
S2_764580 2 764580 6.03828507190095e-05
S2_788588 2 788588 1.80176122128666e-05
S2_809129 2 809129 2.88842955751836e-05
S2_809138 2 809138 0.000211676111029571
S2_821084 2 821084 0.000180449692504328
S2_824245 2 824245 0.000235617465360079
S2_851380 2 851380 0.000286600023165301
S2_884057 2 884057 2.20642275435333e-05
S2_902491 2 902491 0.000834243867168007
S2_1011513 2 1011513 6.69316289862074e-05
S2_1011515 2 1011515 6.61224942283376e-05
S2_1011517 2 1011517 6.61224942283376e-05
S2_1011523 2 1011523 0.000259303660993072
S2_1011528 2 1011528 6.61224942283796e-05
S2_1015554 2 1015554 0.000727363485191563
S2_1027859 2 1027859 0.00060250746556906
S2_1028843 2 1028843 9.41454437123435e-05
S2_1029068 2 1029068 0.000842218149366547
S2_1033359 2 1033359 3.06552665048094e-05
S2_1033777 2 1033777 0.000184455428591099
S2_1042711 2 1042711 0.0008590419454506
S2_1069153 2 1069153 3.46250079465137e-06
S2_1069154 2 1069154 3.46250079465137e-06
S2_1069156 2 1069156 3.46250079465137e-06
S2_1069165 2 1069165 3.46250079465137e-06
S2_1069234 2 1069234 0.000113322273715824
S2_1091396 2 1091396 8.44751754805201e-06
S2_1102877 2 1102877 0.000261446219907356
S2_1122453 2 1122453 4.97696576246669e-06
S2_1137523 2 1137523 8.80105267110931e-08
S2_1158946 2 1158946 2.81899882674796e-05
S2_1158986 2 1158986 2.81899882674796e-05
S2_1162821 2 1162821 0.000528601229435167
S2_1170314 2 1170314 0.00050268930992315
S2_1176017 2 1176017 1.30538367942248e-05
S2_1176067 2 1176067 1.30538367942248e-05
S2_1176260 2 1176260 0.000209207351078405
S2_1176311 2 1176311 0.000209207351078405
S2_1205680 2 1205680 0.000316510874123748
S2_1205724 2 1205724 3.70758403865174e-05
S2_1212852 2 1212852 0.000841995940514621
S2_1212870 2 1212870 0.000237544259638275
S2_1222052 2 1222052 0.000505364646670555
S2_1222125 2 1222125 0.000477270497243268
S2_1253182 2 1253182 4.29732906139534e-05
S2_1253503 2 1253503 0.000659536625201306
S2_1253664 2 1253664 0.000912052058194637
S2_1253681 2 1253681 0.000912052058194637
S2_1315060 2 1315060 4.83873937005375e-05
S2_1332083 2 1332083 7.44203274945166e-05
S2_1408209 2 1408209 7.38872462285278e-08
S2_1409042 2 1409042 0.000638656506845729
S2_1559493 2 1559493 0.000152001341874195
S2_1561724 2 1561724 0.000996092295817835
S2_1595315 2 1595315 0.000336620338346985
S2_1595325 2 1595325 9.69902245061507e-06
S2_1725580 2 1725580 0.000131714293663671
S2_1745784 2 1745784 0.000101152034352307
S2_1756830 2 1756830 6.81111592584937e-05
S2_1756838 2 1756838 6.81111592585048e-05
S2_1772712 2 1772712 0.00052767517475293
S2_1787204 2 1787204 2.81760496988884e-05
S2_1812524 2 1812524 3.52530646064536e-05
S2_1970363 2 1970363 4.06411909479718e-06
S2_1970392 2 1970392 4.71908179045787e-06
S2_2004279 2 2004279 9.3702713073568e-06
S2_2004283 2 2004283 1.12753929337782e-05
S2_2004316 2 2004316 6.77443859168339e-06
S2_2043735 2 2043735 0.000439432053080166
S2_2131886 2 2131886 6.90686267955168e-05
S2_2195341 2 2195341 5.80061171437438e-05
S2_2198982 2 2198982 3.44064419845913e-05
S2_2209353 2 2209353 2.024057757954e-05
S2_2209409 2 2209409 0.000285386580762191
S2_2209607 2 2209607 0.000407039724233656
S2_2212249 2 2212249 0.000280970554611115
S2_2217334 2 2217334 0.000527811689000467
S2_2217340 2 2217340 0.000528257590393541
S2_2245787 2 2245787 0.00083385845188833
S2_2245792 2 2245792 0.00083385845188833
S2_2245817 2 2245817 0.00083385845188833
S2_2257981 2 2257981 0.000696196131942345
S2_2280449 2 2280449 0.000119246688449621
S2_2302426 2 2302426 0.000475471362375033
S2_2302471 2 2302471 0.000740621661717562
S2_2302579 2 2302579 0.000289309096522544
S2_2307015 2 2307015 0.000876050598407145
S2_2307457 2 2307457 5.40302739014141e-06
S2_2364777 2 2364777 2.0705511380569e-09
S2_2384463 2 2384463 0.000406746682314716
S2_2569499 2 2569499 0.000834036452316948
S2_2639906 2 2639906 1.30009510132708e-05
S2_2647689 2 2647689 0.000130323670701394
S2_2713347 2 2713347 0.000196858919910638
S2_2721115 2 2721115 0.000129052237557552
S2_2775383 2 2775383 0.000180304695827852
S2_2822553 2 2822553 0.00061776248179998
S2_2842504 2 2842504 8.27842446608299e-07
S2_2896835 2 2896835 0.000442773307957116
S2_2950325 2 2950325 0.000802601918564801
S2_3017983 2 3017983 7.23954478507116e-05
S2_3018231 2 3018231 7.69997636381936e-05
S2_3022041 2 3022041 1.37728866177507e-07
S2_3082931 2 3082931 2.81526204841935e-05
S2_3085454 2 3085454 2.96009127449752e-05
S2_3093596 2 3093596 0.000668836022175846
S2_3162050 2 3162050 2.37109352467142e-06
S2_3167198 2 3167198 4.84905015923337e-06
S2_3293341 2 3293341 0.000964503510009888
S2_3306454 2 3306454 9.95547336845134e-05
S2_3348774 2 3348774 0.00023659319066526
S2_3356885 2 3356885 0.000245019585083953
S2_3358099 2 3358099 9.45796276260146e-05
S2_3386712 2 3386712 0.000558844098224092
S2_3406075 2 3406075 0.00012975130297159
S2_3484948 2 3484948 1.91033410377838e-05
S2_3543898 2 3543898 2.48240303550584e-05
S2_3669779 2 3669779 7.8531246210699e-05
S2_3705137 2 3705137 0.000148547798231472
S2_3878838 2 3878838 0.000504850870628884
S2_3878864 2 3878864 0.000971137640814228
S2_3895887 2 3895887 0.000784235439324748
S2_3897569 2 3897569 2.1312613936147e-05
S2_3900723 2 3900723 0.000273470360798517
S2_3933678 2 3933678 0.0007725989698357
S2_3933808 2 3933808 0.000165533014749702
S2_3933817 2 3933817 0.000165533014749702
S2_3935077 2 3935077 0.000242419011665415
S2_3996487 2 3996487 0.000133079988641077
S2_4016128 2 4016128 0.000513987568178627
S2_4074288 2 4074288 0.000618715136716512
S2_4109811 2 4109811 2.55284166487804e-06
S2_4126613 2 4126613 0.000309736489743176
S2_4126641 2 4126641 9.08978531816551e-06
S2_4126647 2 4126647 9.08978531816551e-06
S2_4126658 2 4126658 9.08978531816551e-06
S2_4130610 2 4130610 2.01573293272364e-05
S2_4142341 2 4142341 2.11157651006795e-05
S2_4142901 2 4142901 0.000667500556307129
S2_4142904 2 4142904 0.000667500556307129
S2_4142943 2 4142943 0.000667500556307129
S2_4145088 2 4145088 0.000203402510199516
S2_4153370 2 4153370 0.00033095485654985
S2_4154151 2 4154151 2.42041143463677e-05
S2_4164884 2 4164884 0.000219016990523084
S2_4168020 2 4168020 9.32686007903509e-05
S2_4220109 2 4220109 0.000104693814904546
S2_4220162 2 4220162 0.000154178685682578
S2_4220187 2 4220187 0.000252507732386282
S2_4288049 2 4288049 0.000256711886191473
S2_4292227 2 4292227 5.61897563922052e-07
S2_4347774 2 4347774 6.92544597141822e-07
S2_4347791 2 4347791 6.92544597141822e-07
S2_4347808 2 4347808 6.92544597141822e-07
S2_4351839 2 4351839 1.40132650983591e-05
S2_4357249 2 4357249 0.000221752358326768
S2_4357250 2 4357250 0.000221752358326768
S2_4357267 2 4357267 0.000221752358326768
S2_4357269 2 4357269 0.000221752358326768
S2_4380093 2 4380093 0.000629572432330735
S2_4433220 2 4433220 4.69110200382345e-06
S2_4491606 2 4491606 0.00081845821093329
S2_4510183 2 4510183 1.38856920652571e-05
S2_4575286 2 4575286 0.000847145254218949
S2_4614734 2 4614734 2.11964420479812e-05
S2_4623349 2 4623349 0.000816543958616326
S2_4648937 2 4648937 0.000117521215768645
S2_4686204 2 4686204 9.74883157644274e-05
S2_4695425 2 4695425 0.000461135413942759
S2_4722120 2 4722120 0.000183731972470952
S2_4766995 2 4766995 5.80921126504377e-05
S2_4781539 2 4781539 0.000835303549599143
S2_4794700 2 4794700 0.000660257495899266
S2_4863596 2 4863596 2.35547904621092e-05
S2_4876183 2 4876183 7.23516346749933e-06
S2_4914166 2 4914166 7.11737345032672e-05
S2_4971792 2 4971792 1.05719601818478e-07
S2_4981277 2 4981277 0.000728899469758
S2_4981748 2 4981748 3.04058769840116e-05
S2_4983311 2 4983311 8.6316515957118e-05
S2_4983682 2 4983682 0.000841880836536184
S2_4983708 2 4983708 0.000841880836536184
S2_5002305 2 5002305 3.7482372363416e-05
S2_5007708 2 5007708 2.23946766144219e-06
S2_5040765 2 5040765 0.000368122436576579
S2_5051122 2 5051122 0.000341461268728689
S2_5051126 2 5051126 0.000357147861517939
S2_5087434 2 5087434 0.000431154077857858
S2_5087436 2 5087436 0.000431154077857858
S2_5101485 2 5101485 6.96591757707844e-06
S2_5101714 2 5101714 6.58039038025386e-06
S2_5106891 2 5106891 3.67371745668257e-09
S2_5106892 2 5106892 3.67371745668201e-09
S2_5120403 2 5120403 0.000134579552816078
S2_5128825 2 5128825 0.000273759521015204
S2_5138896 2 5138896 1.86454518723339e-07
S2_5168709 2 5168709 2.65185567191075e-09
S2_5197763 2 5197763 1.46090917812915e-05
S2_5199623 2 5199623 0.000133679152575507
S2_5234603 2 5234603 2.49695453833811e-05
S2_5238816 2 5238816 0.00048118196719697
S2_5256286 2 5256286 0.00061309620133655
S2_5284281 2 5284281 3.98109399465901e-05
S2_5285997 2 5285997 4.2880531953536e-05
S2_5289650 2 5289650 4.33383647778649e-05
S2_5295065 2 5295065 2.08754354696065e-06
S2_5295080 2 5295080 2.08754354696065e-06
S2_5324788 2 5324788 0.000231747128901513
S2_5392150 2 5392150 0.000244269154473827
S2_5430143 2 5430143 0.000295102352298549
S2_5436707 2 5436707 4.70863199079393e-06
S2_5445755 2 5445755 3.10841185971837e-05
S2_5496943 2 5496943 0.000258971670341919
S2_5547041 2 5547041 9.92601839011272e-05
S2_5554406 2 5554406 6.55230542093903e-05
S2_5554494 2 5554494 0.00010152958059105
S2_5674799 2 5674799 1.50781613901742e-05
S2_5682957 2 5682957 3.27130980794444e-06
S2_5695106 2 5695106 8.71306092678978e-06
S2_5734297 2 5734297 0.000535668941464365
S2_5758963 2 5758963 0.000705234870608087
S2_5831081 2 5831081 0.000776252947931857
S2_5831324 2 5831324 0.000265255555550265
S2_5831332 2 5831332 0.000188453286794721
S2_5832137 2 5832137 0.000128194639747159
S2_5838028 2 5838028 0.000128174294360123
S2_5838231 2 5838231 0.00043736059380999
S2_5838418 2 5838418 0.000293033563114672
S2_5882428 2 5882428 8.84553791950587e-05
S2_5887894 2 5887894 6.65493500977854e-05
S2_5887955 2 5887955 0.000392520811848156
S2_5923949 2 5923949 4.8800694852772e-06
S2_5930757 2 5930757 4.45460971763134e-05
S2_5954093 2 5954093 2.32830724122244e-05
S2_5954094 2 5954094 2.32830724122244e-05
S2_5954095 2 5954095 2.3604496647911e-05
S2_5954096 2 5954096 2.32830724122244e-05
S2_5954152 2 5954152 0.000157347234089339
S2_5962468 2 5962468 8.32433433348602e-06
S2_5983930 2 5983930 0.00042902957935642
S2_5991618 2 5991618 0.000753716076337921
S2_5991636 2 5991636 0.000753716076337921
S2_5991656 2 5991656 0.000670668257356636
S2_6032951 2 6032951 0.000387083262493192
S2_6052170 2 6052170 0.000443486469522421
S2_6057832 2 6057832 0.000318651070297821
S2_6057889 2 6057889 0.000469841818730047
S2_6058976 2 6058976 0.00036596922750975
S2_6059126 2 6059126 0.000548010893457846
S2_6080591 2 6080591 0.000535922600070906
S2_6080592 2 6080592 0.000535922600070906
S2_6080593 2 6080593 0.000535922600070906
S2_6083699 2 6083699 0.000629566446911533
S2_6115577 2 6115577 0.000534631694775326
S2_6118892 2 6118892 5.01558022743584e-05
S2_6123382 2 6123382 0.000705543409733641
S2_6142647 2 6142647 1.01957058942399e-11
S2_6145474 2 6145474 3.85684718300853e-15
S2_6153923 2 6153923 0.000640531564152517
S2_6182409 2 6182409 3.99993350072816e-05
S2_6192006 2 6192006 0.000447892552378964
S2_6196454 2 6196454 8.55287538468002e-05
S2_6249005 2 6249005 5.84284224939558e-05
S2_6249017 2 6249017 9.84582353025336e-05
S2_6249998 2 6249998 0.000244746436285334
S2_6250040 2 6250040 0.000714480278548892
S2_6410973 2 6410973 0.000216619913397401
S2_6421912 2 6421912 0.000547458818354321
S2_6421914 2 6421914 0.000780873864531244
S2_6421916 2 6421916 6.68256732415973e-05
S2_6446868 2 6446868 1.77856248249613e-08
S2_6446899 2 6446899 1.77856248249613e-08
S2_6446901 2 6446901 1.77856248249613e-08
S2_6447133 2 6447133 0.000339142460993602
S2_6450135 2 6450135 3.58911705872519e-07
S2_6450176 2 6450176 8.00935488773743e-05
S2_6450198 2 6450198 8.00935488773252e-05
S2_6468379 2 6468379 0.000158782833856517
S2_6474886 2 6474886 0.000355846002083909
S2_6504967 2 6504967 1.15508101154617e-05
S2_6511161 2 6511161 4.32031747648308e-05
S2_6546256 2 6546256 0.000339592569687045
S2_6606716 2 6606716 0.000898560137484789
S2_6620681 2 6620681 0.00079740569986446
S2_6627235 2 6627235 0.000734258145436853
S2_6627958 2 6627958 6.25717125133596e-05
S2_6630364 2 6630364 0.000750376565052447
S2_6630601 2 6630601 0.000602949053487811
S2_6630996 2 6630996 0.000766904357520229
S2_6631007 2 6631007 0.000563155012483475
S2_6631826 2 6631826 0.00055735181656059
S2_6674017 2 6674017 0.000109474501324558
S2_6677920 2 6677920 6.26214853417564e-05
S2_6714692 2 6714692 7.91304511169069e-05
S2_6714699 2 6714699 7.91304511169069e-05
S2_6714700 2 6714700 7.91304511169069e-05
S2_6714701 2 6714701 7.91304511169069e-05
S2_6714704 2 6714704 7.9455149995282e-05
S2_6714705 2 6714705 7.94127077167846e-05
S2_6756558 2 6756558 0.000222238525754486
S2_6773493 2 6773493 0.000156929980392271
S2_6931646 2 6931646 0.000882287849263521
S2_7049609 2 7049609 1.95195337985347e-08
S2_7049718 2 7049718 4.94632575253629e-07
S2_7049735 2 7049735 4.94632575253629e-07
S2_7049737 2 7049737 4.94632575253629e-07
S2_7049749 2 7049749 4.94632575253767e-07
S2_7051041 2 7051041 8.59697819942614e-05
S2_7051179 2 7051179 3.07610504812118e-05
S2_7069810 2 7069810 2.72333951915876e-05
S2_7141599 2 7141599 0.000422064401626426
S2_7185514 2 7185514 5.69759712939794e-05
S2_7271008 2 7271008 9.96225829475393e-07
S2_7285005 2 7285005 0.000182842305902035
S2_7372130 2 7372130 3.98736260798482e-08
S2_7373072 2 7373072 0.0001691838150651
S2_7376994 2 7376994 0.0002169395031024
S2_7382780 2 7382780 1.53213560385872e-07
S2_7386681 2 7386681 3.05880441823578e-06
S2_7444760 2 7444760 2.92378267746242e-05
S2_7444761 2 7444761 2.92378267746242e-05
S2_7444767 2 7444767 2.92378267746242e-05
S2_7444795 2 7444795 2.92378267746242e-05
S2_7595464 2 7595464 1.8270445783395e-05
S2_7627808 2 7627808 0.00072149306329579
S2_7630556 2 7630556 8.89219585859265e-05
S2_7739134 2 7739134 0.000281521175045557
S2_7766222 2 7766222 0.000352803325332981
S2_7770755 2 7770755 3.20068746553809e-05
S2_7836080 2 7836080 0.000147229395565434
S2_7836085 2 7836085 1.71382149194496e-05
S2_7836087 2 7836087 0.000144614860523328
S2_7859416 2 7859416 3.29985003031441e-05
S2_7900438 2 7900438 0.000132905279744755
S2_7907496 2 7907496 0.000116702071658652
S2_7970838 2 7970838 4.02965268180022e-05
S2_7973029 2 7973029 1.46688554846347e-05
S2_7982254 2 7982254 4.56849422221762e-05
S2_7985654 2 7985654 0.000137153914820461
S2_8000415 2 8000415 5.46364538980525e-05
S2_8439869 2 8439869 7.020333181206e-10
S2_8477823 2 8477823 0.000108871966833979
S2_8487834 2 8487834 4.75584703419376e-05
S2_8487867 2 8487867 4.92046964096336e-05
S2_8628409 2 8628409 0.000791636479051233
S2_8628410 2 8628410 0.000549802521561479
S2_8650860 2 8650860 8.11861635815404e-05
S2_8875132 2 8875132 7.41336339082206e-06
S2_9043153 2 9043153 9.89758856701573e-05
S2_9163290 2 9163290 3.52286129320505e-05
S2_9233132 2 9233132 0.000287088391103689
S2_9306564 2 9306564 0.00046349700743059
S2_9306595 2 9306595 0.00046349700743059
S2_9306600 2 9306600 0.00046349700743059
S2_9395750 2 9395750 4.58210671332509e-05
S2_9415229 2 9415229 0.000347849139569948
S2_9418777 2 9418777 0.000368673321403673
S2_9418796 2 9418796 0.000368673321403403
S2_9541555 2 9541555 7.80798282052012e-05
S2_9687265 2 9687265 0.000112419614688693
S2_9848355 2 9848355 2.14447983049169e-05
S2_9903770 2 9903770 0.000463637405264146
S2_9914307 2 9914307 0.000790335717443824
S2_10316071 2 10316071 0.000613151143097172
S2_10870594 2 10870594 1.14297869579706e-06
S2_10872898 2 10872898 1.99528641804365e-07
S2_10914554 2 10914554 0.000173246153463944
S2_10914589 2 10914589 1.16266087001196e-05
S2_10933862 2 10933862 3.65197424206274e-05
S2_10933907 2 10933907 3.65197424206274e-05
S2_10933918 2 10933918 3.65197424206274e-05
S2_11028835 2 11028835 0.00012924812586548
S2_11151179 2 11151179 0.000415719558710024
S2_11276188 2 11276188 9.91866238595135e-05
S2_11433417 2 11433417 0.0001644874462424
S2_11433429 2 11433429 0.0001644874462424
S2_11437019 2 11437019 8.68786531353743e-06
S2_11450544 2 11450544 2.69343473553219e-05
S2_11450701 2 11450701 1.09281807393635e-05
S2_11450729 2 11450729 1.07997311647532e-05
S2_11450735 2 11450735 1.0799731164749e-05
S2_11477679 2 11477679 0.000637484763576028
S2_11523856 2 11523856 0.000136781944812454
S2_11577007 2 11577007 2.70138457263271e-06
S2_11859367 2 11859367 0.000177543478069675
S2_11964408 2 11964408 1.41505511588621e-05
S2_11991103 2 11991103 1.29730252315711e-06
S2_12075827 2 12075827 0.000659836644546348
S2_12093014 2 12093014 0.000496176009328356
S2_12567842 2 12567842 5.37488236028118e-06
S2_12632507 2 12632507 4.21656007231461e-05
S2_12791118 2 12791118 0.000410072910489504
S2_12865517 2 12865517 7.32121061725379e-06
S2_12869077 2 12869077 0.00022545044235891
S2_12915365 2 12915365 2.11218044299456e-06
S2_12942039 2 12942039 0.00015292518765625
S2_12989094 2 12989094 2.9889363204648e-07
S2_12989097 2 12989097 4.76888940076405e-07
S2_12989103 2 12989103 4.76888940076405e-07
S2_13003873 2 13003873 0.000476568360330303
S2_13050441 2 13050441 1.81535782860247e-05
S2_13170825 2 13170825 2.3230293537343e-06
S2_13200203 2 13200203 0.000294450338829929
S2_13224924 2 13224924 4.40517835340193e-06
S2_13244252 2 13244252 0.000768793273127851
S2_13287464 2 13287464 2.20117121549989e-05
S2_13287645 2 13287645 3.25095267243911e-05
S2_13289135 2 13289135 8.19549924229584e-05
S2_13289165 2 13289165 5.57017359842636e-05
S2_13290150 2 13290150 1.43100659447549e-05
S2_13291365 2 13291365 9.61045392833029e-05
S2_13294075 2 13294075 0.000553170363732195
S2_13295914 2 13295914 2.34126100035425e-07
S2_13296006 2 13296006 7.03696310147721e-05
S2_13298824 2 13298824 0.000221021129117816
S2_13299014 2 13299014 4.15078325258358e-05
S2_13319934 2 13319934 0.000288281123428155
S2_13320635 2 13320635 0.000992620186561212
S2_13320775 2 13320775 1.38334324729984e-05
S2_13327192 2 13327192 5.14941758880371e-05
S2_13339736 2 13339736 0.00033043050137182
S2_13351466 2 13351466 0.000846699427535059
S2_13510331 2 13510331 0.000724205182223763
S2_13510354 2 13510354 0.000755397780951252
S2_13618156 2 13618156 6.86816015327008e-05
S2_13665258 2 13665258 0.00021313155796738
S2_13716986 2 13716986 0.000337472631795132
S2_13839256 2 13839256 5.03875260534985e-06
S2_13927842 2 13927842 3.42236053143339e-05
S2_13927843 2 13927843 3.42236053143339e-05
S2_13952783 2 13952783 2.2004699733594e-05
S2_13983951 2 13983951 0.000379310203988277
S2_13984014 2 13984014 0.00062497685599303
S2_13992607 2 13992607 1.77177129193779e-06
S2_14008040 2 14008040 2.81097625074387e-08
S2_14017103 2 14017103 0.000134824789552225
S2_14191393 2 14191393 6.64385730369059e-06
S2_14464781 2 14464781 9.38114063405813e-05
S2_14694972 2 14694972 6.63058619919854e-05
S2_14853542 2 14853542 4.74426059002399e-05
S2_14941032 2 14941032 0.000164658870373464
S2_15095999 2 15095999 0.000398715152471977
S2_15262426 2 15262426 2.10839352293653e-05
S2_15375129 2 15375129 0.000131648565099784
S2_15685616 2 15685616 0.00046296557750227
S2_15685666 2 15685666 0.000453817898452284
S2_15759102 2 15759102 5.98925556887634e-06
S2_15759173 2 15759173 2.19823283164203e-06
S2_15771471 2 15771471 1.44830409058344e-06
S2_15771618 2 15771618 1.80106658335434e-05
S2_15949746 2 15949746 0.000270963058944106
S2_15949784 2 15949784 1.52959683089797e-05
S2_15950319 2 15950319 4.83765391140462e-06
S2_15950360 2 15950360 6.02203293440075e-06
S2_15950366 2 15950366 4.08721901372717e-05
S2_15959007 2 15959007 0.000183606289136458
S2_16046164 2 16046164 3.16897213112683e-05
S2_16717112 2 16717112 0.000421683208988856
S2_16901221 2 16901221 4.70186226607633e-05
S2_16909121 2 16909121 7.95301596861169e-06
S2_16940439 2 16940439 4.41985783616478e-05
S2_17017137 2 17017137 0.000189010237615311
S2_17320570 2 17320570 4.95085667849963e-06
S2_17563682 2 17563682 2.28874662443786e-05
S2_17646341 2 17646341 4.37124661994538e-05
S2_17759998 2 17759998 0.000280660589292013
S2_17759999 2 17759999 0.000280660589291977
S2_17806948 2 17806948 0.000540018530464647
S2_17808465 2 17808465 0.000789986288316935
S2_17814398 2 17814398 0.000916188493466747
S2_17963933 2 17963933 0.000261066321755528
S2_17963939 2 17963939 0.000261066321755568
S2_17976492 2 17976492 1.26658884788705e-06
S2_18007291 2 18007291 5.50472635990469e-05
S2_18037148 2 18037148 3.02420050740698e-05
S2_18037229 2 18037229 8.38043842941238e-06
S2_18037256 2 18037256 8.45020241520921e-07
S2_18057349 2 18057349 0.000407941085896651
S2_18122274 2 18122274 1.44663216373118e-05
S2_18183978 2 18183978 1.64917303286405e-09
S2_18183992 2 18183992 0.000311609407944776
S2_18196748 2 18196748 8.49094622660531e-08
S2_18196852 2 18196852 1.13171790666676e-08
S2_18212814 2 18212814 0.000930576381401202
S2_18213147 2 18213147 0.0003018969418695
S2_18253882 2 18253882 3.73311154979107e-07
S2_18253923 2 18253923 0.000280674911562447
S2_18315909 2 18315909 3.33105274393583e-05
S2_18329577 2 18329577 4.86551462882555e-13
S2_18332419 2 18332419 9.14524069396378e-06
S2_18336504 2 18336504 0.000172811188976976
S2_18336507 2 18336507 0.000172811188976976
S2_18336510 2 18336510 0.000172811188976976
S2_18342477 2 18342477 9.34850018077739e-05
S2_18372872 2 18372872 0.000222807482335486
S2_18373153 2 18373153 2.96335850525922e-06
S2_18373154 2 18373154 8.74598284885363e-07
S2_18394950 2 18394950 2.41205727382907e-05
S2_18394981 2 18394981 2.4120572738337e-05
S2_18413477 2 18413477 8.07913643835365e-09
S2_18515355 2 18515355 3.39877594277917e-06
S2_18544007 2 18544007 9.64753510971606e-05
S2_18548615 2 18548615 0.000113390935284201
S2_18596604 2 18596604 0.000321080125799947
S2_18814386 2 18814386 0.000128309117497227
S2_18814390 2 18814390 0.000128309117497227
S2_18824046 2 18824046 0.000383217242372431
S2_18830678 2 18830678 0.000485577959335341
S2_18831003 2 18831003 2.45429289793107e-05
S2_18922651 2 18922651 2.78268759394332e-05
S2_18975796 2 18975796 3.23100671984006e-05
S2_18978409 2 18978409 7.18047449690968e-05
S2_19114540 2 19114540 2.81193845640616e-06
S2_19342783 2 19342783 8.72921764433406e-05
S2_19355953 2 19355953 0.000186939712217422
S2_19356025 2 19356025 0.000186017796561134
S2_19544905 2 19544905 2.5541025439268e-05
S2_19561083 2 19561083 0.000280359217099686
S2_19764877 2 19764877 3.94620938360321e-05
S2_19815787 2 19815787 0.000345019937382882
S2_20110782 2 20110782 4.31685457123727e-05
S2_20114248 2 20114248 0.000380047974447153
S2_20144417 2 20144417 0.000434379348502735
S2_20146970 2 20146970 4.09453936726852e-05
S2_20253940 2 20253940 0.000167641425506571
S2_20253961 2 20253961 0.000167641425506571
S2_20286568 2 20286568 0.000938061800575382
S2_20443084 2 20443084 0.000283899934286095
S2_20583119 2 20583119 2.81447636174836e-06
S2_20583182 2 20583182 0.000333234030007154
S2_20583200 2 20583200 0.000262789238874661
S2_20612314 2 20612314 0.000127597296036551
S2_20723858 2 20723858 3.38569312280194e-05
S2_20882172 2 20882172 7.75882831895125e-06
S2_20995023 2 20995023 3.42304276525721e-05
S2_21236915 2 21236915 0.000598582776692129
S2_21236930 2 21236930 0.000598582776692248
S2_21454178 2 21454178 0.000478769234681067
S2_21532119 2 21532119 0.000164072017862292
S2_21631903 2 21631903 8.84290835058145e-06
S2_21631904 2 21631904 0.000182177903271903
S2_21631907 2 21631907 5.28493821601394e-05
S2_21672282 2 21672282 0.000437964321813879
S2_21713600 2 21713600 0.000230658352764387
S2_21739189 2 21739189 0.000888263601695169
S2_21769685 2 21769685 0.000109809946944579
S2_21790184 2 21790184 0.000423378244325672
S2_21826796 2 21826796 0.00075884427279916
S2_21859640 2 21859640 0.000209017167617109
S2_21912941 2 21912941 0.000958570984463697
S2_22348873 2 22348873 0.000490742152238163
S2_22551677 2 22551677 0.000267324882987508
S2_22551727 2 22551727 0.000267324882987508
S2_22552139 2 22552139 0.000310307480298525
S2_22552171 2 22552171 0.000310307480298525
S2_22630018 2 22630018 0.000854699989084509
S2_22631652 2 22631652 8.61715679232409e-05
S2_22762425 2 22762425 0.000507505073904779
S2_22762432 2 22762432 0.000507505073904817
S2_22765305 2 22765305 3.90707855486461e-05
S2_22765326 2 22765326 3.90707855486461e-05
S2_22765333 2 22765333 3.90707855486461e-05
S2_22765522 2 22765522 0.000881534029557713
S2_22781928 2 22781928 0.000713476907611056
S2_22781930 2 22781930 6.63510547574223e-05
S2_23033863 2 23033863 0.000431991879167268
S2_23120718 2 23120718 0.00085341098561791
S2_23128769 2 23128769 0.000745980980148789
S2_23128786 2 23128786 0.000745980980148789
S2_23129027 2 23129027 7.92619047984485e-05
S2_23150700 2 23150700 0.000451633358149231
S2_23750079 2 23750079 6.80607611622925e-05
S2_23767907 2 23767907 5.22661972463749e-05
S2_24151885 2 24151885 0.000793592426043623
S2_24189851 2 24189851 0.000124874858814818
S2_24229826 2 24229826 0.000929569074958422
S2_24478832 2 24478832 0.000529562235604716
S2_24636688 2 24636688 0.000266764108919388
S2_24675981 2 24675981 1.11855145248623e-06
S2_24797991 2 24797991 8.72590868196856e-05
S2_24867129 2 24867129 0.000285333753454738
S2_24867130 2 24867130 0.000285333753454738
S2_24947311 2 24947311 0.000233600351353497
S2_24968858 2 24968858 0.000201922529467009
S2_25055173 2 25055173 4.72057935912535e-06
S2_25055297 2 25055297 6.58909786028806e-05
S2_25138509 2 25138509 0.000115571982290423
S2_25187104 2 25187104 0.000692543096217167
S2_25311888 2 25311888 9.9985564122728e-05
S2_25332895 2 25332895 2.21336788883448e-05
S2_25350178 2 25350178 0.000240313476902081
S2_25388131 2 25388131 6.20593730395771e-05
S2_25492467 2 25492467 0.000388473597849645
S2_25580470 2 25580470 1.49364682857084e-05
S2_25706255 2 25706255 0.000308546318799328
S2_25762833 2 25762833 0.000423035595788538
S2_25796310 2 25796310 0.000900338160153459
S2_25841834 2 25841834 0.000221505968232034
S2_26082437 2 26082437 0.000285881255035725
S2_26130963 2 26130963 0.000587191139642299
S2_26193862 2 26193862 0.000905510354400098
S2_26195626 2 26195626 4.76462826824368e-05
S2_26290294 2 26290294 0.000521613918944672
S2_26484667 2 26484667 0.000265979893626757
S2_26682687 2 26682687 0.000373977173296071
S2_26999705 2 26999705 4.36468047074593e-05
S2_26999744 2 26999744 4.69118699084216e-05
S2_26999746 2 26999746 4.69118699084216e-05
S2_26999871 2 26999871 0.000303947790344459
S2_27041571 2 27041571 9.52637774318124e-06
S2_27059446 2 27059446 4.48621075312323e-05
S2_27319188 2 27319188 6.11891849180836e-05
S2_27323437 2 27323437 6.49907768712741e-05
S2_27353723 2 27353723 0.000812856992408965
S2_27707818 2 27707818 0.000174502336869808
S2_27851090 2 27851090 4.4543353777733e-05
S2_28342858 2 28342858 0.000255919919012626
S2_28822368 2 28822368 0.000908041170841913
S2_29220277 2 29220277 2.96907025309546e-05
S2_29652746 2 29652746 0.000536028580274236
S2_30106327 2 30106327 5.99849114561948e-08
S2_30106330 2 30106330 0.000418097474373524
S2_30116485 2 30116485 0.000985177897879211
S2_30291760 2 30291760 6.32183175326838e-05
S2_30292821 2 30292821 1.48890452378048e-05
S2_30296320 2 30296320 0.000738407043711361
S2_30296338 2 30296338 0.000738407043711361
S2_30574775 2 30574775 0.000237116495193682
S2_30580076 2 30580076 0.000398448747115736
S2_30617262 2 30617262 0.000523138924529783
S2_30617294 2 30617294 0.000583959618330763
S2_30619090 2 30619090 0.000316314629004504
S2_30661660 2 30661660 8.81061802608261e-05
S2_30707220 2 30707220 0.00012344217984482
S2_30857563 2 30857563 2.45350257718505e-05
S2_31383571 2 31383571 1.82288503352685e-07
S2_31383594 2 31383594 0.000479253297061386
S2_31517441 2 31517441 2.2504506249275e-12
S2_31877066 2 31877066 4.51948720499311e-05
S2_32089509 2 32089509 0.000223848112724815
S2_32133794 2 32133794 0.000722789869997196
S2_32210957 2 32210957 3.75720806551731e-06
S2_32929704 2 32929704 0.000315679505920806
S2_33279658 2 33279658 1.26394715529375e-06
S2_34879360 2 34879360 1.57079998420822e-06
S2_34879361 2 34879361 1.57079998420822e-06
S2_35318045 2 35318045 0.000957391086666221
S2_35647747 2 35647747 0.000594480498133372
S2_36444291 2 36444291 0.000227904013672909
S2_36745014 2 36745014 3.63889019951664e-05
S2_36895195 2 36895195 0.000464317315943712
S2_36895230 2 36895230 0.000777793317382146
S2_37093233 2 37093233 0.000770315843382507
S2_37262012 2 37262012 2.0856275532829e-06
S2_37262023 2 37262023 6.76296780760498e-05
S2_37452874 2 37452874 3.59518732657672e-05
S2_37673468 2 37673468 1.11246526731213e-05
S2_37824966 2 37824966 0.000854015379362396
S2_37882288 2 37882288 5.71934322878634e-05
S2_38142973 2 38142973 3.50383926493102e-05
S2_38496972 2 38496972 0.000827294187681346
S2_38561175 2 38561175 0.000401917254942335
S2_38665861 2 38665861 9.55075262354843e-05
S2_38722083 2 38722083 0.000850297111234747
S2_38865476 2 38865476 4.38713248571883e-05
S2_39082884 2 39082884 0.000391998116501078
S2_39458897 2 39458897 2.38389491273058e-05
S2_39458908 2 39458908 5.82055507258032e-06
S2_39727149 2 39727149 0.000239292914013796
S2_39958401 2 39958401 0.000680774240808475
S2_40053517 2 40053517 0.000912071202289416
S2_40053784 2 40053784 0.000758946668744603
S2_40057765 2 40057765 0.000485772365646819
S2_40183748 2 40183748 0.000583365033223814
S2_40285866 2 40285866 7.40886917676508e-07
S2_40353032 2 40353032 0.000737279938268142
S2_40356335 2 40356335 0.000277218798265072
S2_40398517 2 40398517 2.53538974967543e-05
S2_40398562 2 40398562 0.000692210405024832
S2_40417788 2 40417788 3.97610524013672e-05
S2_40532829 2 40532829 0.00039898381006875
S2_40562754 2 40562754 0.000201991090524993
S2_40562772 2 40562772 0.000341370929934003
S2_40562776 2 40562776 0.000201991090524993
S2_40574933 2 40574933 7.1443711051804e-05
S2_40695528 2 40695528 0.00037260582971773
S2_40708723 2 40708723 6.32871178397638e-06
S2_41070149 2 41070149 0.000286552569897066
S2_41088131 2 41088131 0.000292522930221247
S2_41158462 2 41158462 0.000731335198108919
S2_41190863 2 41190863 0.000273743298146051
S2_41319666 2 41319666 0.000791988649831493
S2_41571190 2 41571190 0.000614863610677794
S2_41719210 2 41719210 2.51850622159845e-05
S2_41746971 2 41746971 8.11682449967655e-05
S2_41754082 2 41754082 6.32646681538957e-05
S2_41828800 2 41828800 8.33090716949126e-05
S2_41844284 2 41844284 0.00013993401721409
S2_42032632 2 42032632 3.78780789867619e-05
S2_42033363 2 42033363 1.87612919224101e-05
S2_42033391 2 42033391 1.74745849958526e-06
S2_42162269 2 42162269 0.00078891053714992
S2_42394359 2 42394359 3.93143992984405e-06
S2_42478748 2 42478748 6.66280434427561e-05
S2_42495651 2 42495651 1.62956273124894e-06
S2_42495662 2 42495662 5.86165929330033e-06
S2_42495682 2 42495682 6.19470324938273e-06
S2_42524768 2 42524768 0.000351711123564536
S2_42627995 2 42627995 0.000713346503702948
S2_42713143 2 42713143 0.000850423303705572
S2_42739898 2 42739898 0.000221655541055697
S2_42761332 2 42761332 0.000617313712819007
S2_42761595 2 42761595 0.000175981918338429
S2_42862625 2 42862625 0.000882864565582777
S2_43177514 2 43177514 0.000334785822360187
S2_43248477 2 43248477 8.46261054417278e-05
S2_43248562 2 43248562 6.69736142307309e-08
S2_43367937 2 43367937 9.71659850586604e-07
S2_43499308 2 43499308 0.000152816681668429
S2_43525132 2 43525132 0.000175473338974571
S2_43590448 2 43590448 0.000435754840052151
S2_43657062 2 43657062 0.000419400110303086
S2_43727566 2 43727566 0.000495084593357734
S2_43761382 2 43761382 0.00046953144146002
S2_44092741 2 44092741 4.63197306766546e-05
S2_44107611 2 44107611 3.83351547481984e-05
S2_44129056 2 44129056 0.000794265793954142
S2_44255347 2 44255347 8.22822318749705e-05
S2_44528601 2 44528601 0.000771807109315364
S2_44653828 2 44653828 1.49092389684664e-05
S2_44801780 2 44801780 5.32777189345317e-05
S2_44884255 2 44884255 0.000436854520222237
S2_45433584 2 45433584 8.3558583332992e-05
S2_45846106 2 45846106 0.000186417452087139
S2_45846107 2 45846107 0.000186417452087139
S2_46584618 2 46584618 9.60627174452682e-06
S2_47277879 2 47277879 1.77642399217913e-05
S2_47370525 2 47370525 8.28036540216596e-06
S2_47501860 2 47501860 0.000188805077358744
S2_47590989 2 47590989 7.72570473791139e-05
S2_47635323 2 47635323 0.000950693266960655
S2_47635325 2 47635325 0.000102106601294878
S2_47635327 2 47635327 0.00061932808584231
S2_47712014 2 47712014 4.27457017960301e-06
S2_48003614 2 48003614 0.00072864948507976
S2_48169620 2 48169620 8.43093555709999e-11
S2_48682295 2 48682295 0.000148383011326699
S2_49242633 2 49242633 9.39879751419408e-05
S2_49365443 2 49365443 8.70448926246034e-06
S2_49414181 2 49414181 0.000156268899700807
S2_49491062 2 49491062 0.00076549653642695
S2_49590087 2 49590087 5.58462981101453e-05
S2_49802725 2 49802725 0.000113823346284853
S2_50030203 2 50030203 7.84077501659884e-05
S2_50581285 2 50581285 5.85765716007834e-05
S2_50600051 2 50600051 6.9983908960263e-05
S2_50766588 2 50766588 2.04303583849159e-06
S2_50828678 2 50828678 8.17732464934549e-05
S2_50924430 2 50924430 2.95583975100616e-05
S2_51109193 2 51109193 8.85852238252326e-07
S2_51127481 2 51127481 7.63671803468413e-05
S2_51256146 2 51256146 0.00087513435977668
S2_51293163 2 51293163 1.95211849012691e-05
S2_51297947 2 51297947 6.83919620888718e-05
S2_51393393 2 51393393 0.000115555135358165
S2_51446959 2 51446959 0.000808159518804065
S2_51447035 2 51447035 1.01271557355695e-08
S2_51447053 2 51447053 5.21809323665246e-05
S2_51527693 2 51527693 1.32923446624949e-05
S2_51527701 2 51527701 7.14594737571041e-05
S2_51637956 2 51637956 0.000176732452878078
S2_51712976 2 51712976 1.97826659773889e-05
S2_52035577 2 52035577 0.000261266013159245
S2_52126260 2 52126260 0.000265709845374533
S2_52154957 2 52154957 0.000823813014333298
S2_52154958 2 52154958 0.000823813014333298
S2_52154984 2 52154984 4.40283816524831e-05
S2_52310446 2 52310446 0.000747797659086247
S2_52346573 2 52346573 6.50950453293434e-09
S2_52350166 2 52350166 4.75711681310003e-07
S2_52429385 2 52429385 1.29288066816843e-05
S2_52598298 2 52598298 1.80934696778506e-06
S2_52680935 2 52680935 1.88467011998196e-05
S2_52681342 2 52681342 1.6560685233323e-05
S2_52681585 2 52681585 4.93915847741643e-05
S2_52682476 2 52682476 1.46853636391879e-05
S2_52685536 2 52685536 1.64262046788407e-06
S2_52721935 2 52721935 3.12472742533148e-07
S2_52721941 2 52721941 9.81710009607316e-05
S2_52721983 2 52721983 0.000151659754817169
S2_52722027 2 52722027 0.000151659754817169
S2_52727018 2 52727018 1.57243743228879e-06
S2_52728257 2 52728257 9.03941215157502e-10
S2_52728270 2 52728270 9.03941215157502e-10
S2_52728864 2 52728864 0.000420700992133481
S2_53145599 2 53145599 0.000296054086617355
S2_53514760 2 53514760 0.000896468432924266
S2_53595317 2 53595317 0.000581490865536177
S2_53793451 2 53793451 0.000277332228997644
S2_53926511 2 53926511 0.000363989690379856
S2_54207950 2 54207950 3.64126966456373e-05
S2_54234887 2 54234887 0.000799527149591112
S2_54237862 2 54237862 0.000129663708068814
S2_54276844 2 54276844 0.000609158639098889
S2_54578630 2 54578630 7.58225246376339e-05
S2_54581358 2 54581358 0.000613586462763852
S2_54593839 2 54593839 0.000790565068434886
S2_54646040 2 54646040 0.000702675614962146
S2_54646069 2 54646069 0.000425560053188466
S2_54692518 2 54692518 0.000494022269192512
S2_54903647 2 54903647 6.93207892447979e-05
S2_54951675 2 54951675 5.35137659420567e-05
S2_55236637 2 55236637 1.79215634113146e-05
S2_55238147 2 55238147 6.72916188603598e-06
S2_55472866 2 55472866 0.000925526044263691
S2_55472867 2 55472867 0.000925526044263691
S2_55581135 2 55581135 0.000970776953102265
S2_55581159 2 55581159 2.60872864823593e-05
S2_55663114 2 55663114 0.000345333028520914
S2_55676256 2 55676256 0.000158344204619732
S2_55738531 2 55738531 6.33338692261504e-05
S2_55754880 2 55754880 4.54260245127762e-08
S2_55792841 2 55792841 0.000334514324660775
S2_55792896 2 55792896 2.2748886039651e-05
S2_55796535 2 55796535 0.000168416135133855
S2_55796536 2 55796536 0.00016841613513388
S2_55796543 2 55796543 0.00016841613513388
S2_55819692 2 55819692 4.20578501119139e-05
S2_55820168 2 55820168 3.39810156767151e-05
S2_55847009 2 55847009 0.00070410504973526
S2_55890624 2 55890624 2.33418363484016e-08
S2_55902215 2 55902215 7.16268153441725e-05
S2_55932678 2 55932678 3.23018714058676e-05
S2_55969105 2 55969105 6.3383525313997e-06
S2_56076694 2 56076694 2.85189696357411e-07
S2_56242500 2 56242500 0.000922566682442455
S2_56356400 2 56356400 0.00033611152346869
S2_56364529 2 56364529 4.41504020875038e-06
S2_56364682 2 56364682 0.000145818388985843
S2_56369559 2 56369559 0.000315891768168954
S2_56369569 2 56369569 0.000315891768168954
S2_56369583 2 56369583 0.000323367568438206
S2_56505417 2 56505417 0.000823450507817461
S2_56518126 2 56518126 4.55828240889482e-05
S2_56518380 2 56518380 1.66711992594118e-08
S2_56537242 2 56537242 9.33221543758689e-06
S2_56541995 2 56541995 0.000236334005490665
S2_56647705 2 56647705 0.000351481805975586
S2_56647728 2 56647728 0.000351481805975562
S2_56697405 2 56697405 0.000955445322361496
S2_56702762 2 56702762 7.58824534494033e-05
S2_56967557 2 56967557 0.000512648569023314
S2_57145865 2 57145865 0.000153144032772444
S2_57152011 2 57152011 4.56948055753812e-05
S2_57198472 2 57198472 2.19785797386562e-06
S2_57459632 2 57459632 0.000920035026604616
S2_57583985 2 57583985 0.000122010260634844
S2_57589907 2 57589907 1.27612838771689e-06
S2_57609562 2 57609562 0.000814547022563956
S2_57703534 2 57703534 9.59484863248978e-06
S2_57726615 2 57726615 0.0008400173168505
S2_57726838 2 57726838 9.12720193169324e-05
S2_57804574 2 57804574 4.48015621915848e-05
S2_57804581 2 57804581 4.48015621915848e-05
S2_57862738 2 57862738 0.000390713765201945
S2_57982483 2 57982483 0.000379026125009324
S2_57987216 2 57987216 1.65871299487123e-05
S2_58010428 2 58010428 0.000244482720351473
S2_58015429 2 58015429 0.000243367901755511
S2_58016919 2 58016919 9.80817289355032e-05
S2_58072875 2 58072875 0.000674105472916617
S2_58075885 2 58075885 0.000120163402397048
S2_58109961 2 58109961 5.30610544837462e-05
S2_58109971 2 58109971 5.30610544837462e-05
S2_58109975 2 58109975 5.30610544837462e-05
S2_58109977 2 58109977 5.30610544837462e-05
S2_58130650 2 58130650 0.000106456545526419
S2_58139775 2 58139775 0.000164915315511094
S2_58139776 2 58139776 0.000164915315511094
S2_58139777 2 58139777 0.000164915315511094
S2_58206495 2 58206495 1.19273607048757e-05
S2_58243681 2 58243681 4.89540883535916e-09
S2_58323066 2 58323066 0.000161761850200237
S2_58500102 2 58500102 4.89515115884799e-05
S2_58508675 2 58508675 0.00029481578187742
S2_58573293 2 58573293 0.000961712469132741
S2_58634300 2 58634300 0.000120441124939377
S2_58634304 2 58634304 0.000175537392237232
S2_58678583 2 58678583 0.000193492294428626
S2_58720404 2 58720404 1.94850214722977e-05
S2_58829601 2 58829601 0.000382639328346146
S2_58865621 2 58865621 0.000295729145029411
S2_58865632 2 58865632 0.000196599837840108
S2_58872800 2 58872800 4.47979310828117e-07
S2_58873011 2 58873011 2.71011859077618e-05
S2_58875949 2 58875949 3.38672005451584e-05
S2_58875968 2 58875968 0.000123222484494719
S2_58910842 2 58910842 1.72543357710296e-07
S2_58910903 2 58910903 5.54603875605321e-07
S2_58910932 2 58910932 3.5377223914557e-09
S2_58910934 2 58910934 5.54603875605321e-07
S2_59000054 2 59000054 5.32381692807052e-05
S2_59000897 2 59000897 0.000987797346377238
S2_59032840 2 59032840 0.000194990357922714
S2_59032850 2 59032850 0.000194990357922714
S2_59033199 2 59033199 4.97060051957369e-05
S2_59034901 2 59034901 5.06119226163936e-06
S2_59035909 2 59035909 0.000787233637770248
S2_59035999 2 59035999 4.68380622534772e-05
S2_59036628 2 59036628 0.000784264482889132
S2_59036631 2 59036631 0.000784264482889132
S2_59067024 2 59067024 0.000321900125172892
S2_59099231 2 59099231 2.2387808978921e-05
S2_59133365 2 59133365 0.000133120716504639
S2_59134995 2 59134995 5.72191078594315e-05
S2_59179905 2 59179905 0.000633098470724089
S2_59186472 2 59186472 0.000753836768957733
S2_59191070 2 59191070 0.000754209364864586
S2_59226850 2 59226850 0.000233509333180889
S2_59252174 2 59252174 0.000195317037512672
S2_59347257 2 59347257 4.70139603766762e-05
S2_59405571 2 59405571 2.74290738480924e-07
S2_59431286 2 59431286 0.000420036734125607
S2_59445991 2 59445991 3.80311396393908e-05
S2_59585056 2 59585056 0.000286043998527395
S2_59645510 2 59645510 0.000111786510784179
S2_59657502 2 59657502 0.000344869345605021
S2_59708811 2 59708811 5.50667945476158e-05
S2_59727243 2 59727243 0.000381207538767317
S2_59737741 2 59737741 9.15947586088996e-05
S2_59738105 2 59738105 2.62397266627493e-05
S2_59738518 2 59738518 0.000488558016751728
S2_59739900 2 59739900 0.000719784863116819
S2_59740091 2 59740091 0.000759018072641433
S2_59806358 2 59806358 0.000554360509798412
S2_59806403 2 59806403 0.000554360509798412
S2_59806537 2 59806537 0.000785105906283459
S2_59806645 2 59806645 0.000655893048915527
S2_59877933 2 59877933 7.72760651441019e-05
S2_59915293 2 59915293 0.000359288806095946
S2_59915294 2 59915294 0.000394056243159011
S2_59915306 2 59915306 0.000865152585362349
S2_59989130 2 59989130 0.000121205779136411
S2_60086256 2 60086256 0.000297330203464985
S2_60104731 2 60104731 0.000135103264924163
S2_60288025 2 60288025 0.00016179446533119
S2_60289071 2 60289071 0.000256896000357951
S2_60296566 2 60296566 0.000129910668096818
S2_60321067 2 60321067 0.000246607134435024
S2_60355243 2 60355243 0.000400447711116087
S2_60433321 2 60433321 1.67306906600923e-05
S2_60492934 2 60492934 6.95718650766304e-06
S2_60492949 2 60492949 6.95718650765837e-06
S2_60598808 2 60598808 0.000108788879358716
S2_60605881 2 60605881 0.000324079856177137
S2_60609094 2 60609094 1.60717668500442e-06
S2_60642707 2 60642707 0.000214209482735404
S2_60667457 2 60667457 9.30221680331123e-05
S2_60668916 2 60668916 0.000444185824057381
S2_60678150 2 60678150 0.00013035490473879
S2_60709802 2 60709802 4.98327494815841e-05
S2_60777469 2 60777469 0.000130224757007204
S2_60791902 2 60791902 0.000417322188529713
S2_60834368 2 60834368 0.000296809806862058
S2_60854900 2 60854900 4.73214110234316e-05
S2_60863946 2 60863946 0.000552751103399139
S2_60895821 2 60895821 5.26087411883813e-06
S2_60895909 2 60895909 0.000787019126650386
S2_61002192 2 61002192 0.000674458614866991
S2_61025537 2 61025537 0.000497592742692315
S2_61025542 2 61025542 0.000522550699937265
S2_61104307 2 61104307 0.0001180551052558
S2_61174607 2 61174607 7.55486510084217e-08
S2_61217997 2 61217997 0.000408977476613902
S2_61338227 2 61338227 6.69450547984264e-05
S2_61367937 2 61367937 0.000964791825155225
S2_61369300 2 61369300 0.00040500889059006
S2_61390982 2 61390982 0.000392616409397083
S2_61428328 2 61428328 4.66764173151927e-05
S2_61439828 2 61439828 0.000394268750587203
S2_61480183 2 61480183 0.00015860582387427
S2_61527085 2 61527085 4.85732080130858e-05
S2_61543199 2 61543199 2.54972816256068e-05
S2_61543252 2 61543252 2.50504308183761e-05
S2_61572655 2 61572655 0.000270767256449825
S2_61597481 2 61597481 1.04796873236649e-06
S2_61679623 2 61679623 1.49186928882374e-05
S2_61859275 2 61859275 0.000466682104755307
S2_61881672 2 61881672 6.34561926065325e-05
S2_61882652 2 61882652 4.11181988613532e-09
S2_61887936 2 61887936 0.000691961783935907
S2_61959221 2 61959221 9.84561289572884e-05
S2_61978608 2 61978608 0.000142014714304474
S2_61978644 2 61978644 6.96708978576855e-05
S2_62001932 2 62001932 0.000324892426523342
S2_62009756 2 62009756 0.000556528848793726
S2_62029180 2 62029180 0.00024294307402046
S2_62032555 2 62032555 0.000345588150288856
S2_62037284 2 62037284 5.60359554585167e-05
S2_62070392 2 62070392 0.000810217038477678
S2_62070420 2 62070420 1.92767683960595e-05
S2_62075029 2 62075029 0.000461494248946409
S2_62076755 2 62076755 0.000290564988333806
S2_62076796 2 62076796 0.000289464350375091
S2_62096856 2 62096856 0.000994548360646364
S2_62096877 2 62096877 2.3067929866221e-05
S2_62096878 2 62096878 2.3067929866221e-05
S2_62109827 2 62109827 2.00471646332241e-05
S2_62109851 2 62109851 2.00471646332241e-05
S2_62110132 2 62110132 8.2232089961821e-07
S2_62110161 2 62110161 6.15528392408935e-07
S2_62111766 2 62111766 0.000124100091806078
S2_62111897 2 62111897 1.07758548137174e-05
S2_62114769 2 62114769 0.000338046815931721
S2_62114772 2 62114772 0.00035033549465716
S2_62114773 2 62114773 0.000339287304849449
S2_62114790 2 62114790 1.77188485226513e-08
S2_62124082 2 62124082 7.24845428491875e-05
S2_62124088 2 62124088 6.59246165498136e-05
S2_62124393 2 62124393 0.00029744262326164
S2_62145485 2 62145485 0.000159914575651724
S2_62156483 2 62156483 6.22657095907062e-06
S2_62203905 2 62203905 4.34117709505807e-05
S2_62204304 2 62204304 3.61619637551654e-07
S2_62262019 2 62262019 4.73897672891897e-05
S2_62287927 2 62287927 0.000224382101938444
S2_62322670 2 62322670 4.57742460579909e-08
S2_62343994 2 62343994 0.000453246200234957
S2_62422393 2 62422393 7.16202573464463e-05
S2_62513271 2 62513271 4.45388357828163e-08
S2_62516290 2 62516290 2.22253512832926e-07
S2_62536003 2 62536003 0.000278576342103753
S2_62536004 2 62536004 0.000278576342103753
S2_62536005 2 62536005 0.000363775559899557
S2_62536006 2 62536006 0.000278576342103753
S2_62538545 2 62538545 4.18832882872231e-05
S2_62594831 2 62594831 0.000462815461823558
S2_62604662 2 62604662 0.000500642017652183
S2_62607575 2 62607575 0.000204146076418825
S2_62661237 2 62661237 1.09060019290759e-05
S2_62661299 2 62661299 4.58238479262155e-06
S2_62663367 2 62663367 1.93210947935344e-05
S2_62665276 2 62665276 7.26650212281236e-05
S2_62676742 2 62676742 3.2452375417635e-07
S2_62690499 2 62690499 0.000104122480374948
S2_62699055 2 62699055 1.39470087418218e-05
S2_62725442 2 62725442 0.000131021088013763
S2_62748363 2 62748363 4.83041232813858e-05
S2_62757306 2 62757306 4.47303292429637e-05
S2_62791743 2 62791743 2.06838042313575e-05
S2_62791744 2 62791744 2.06838042313575e-05
S2_62834267 2 62834267 0.000293886968156821
S2_62895587 2 62895587 9.71138546834891e-06
S2_62915814 2 62915814 7.59300807094568e-05
S2_62917554 2 62917554 7.5023936289527e-05
S2_62938981 2 62938981 0.000398788315032895
S2_62975346 2 62975346 0.000665399348010085
S2_62976360 2 62976360 0.000623336321920777
S2_62980361 2 62980361 9.44391875223897e-05
S2_62987749 2 62987749 0.000191784549069027
S2_63083094 2 63083094 9.45097071039087e-07
S2_63109556 2 63109556 0.000112760203086085
S2_63141813 2 63141813 5.15415225476566e-05
S2_63164195 2 63164195 5.0488636964159e-05
S2_63181979 2 63181979 9.47033332234339e-09
S2_63395351 2 63395351 0.000107060131550647
S2_63395363 2 63395363 0.000103568335599103
S2_63436335 2 63436335 0.000811842504311895
S2_63437664 2 63437664 1.56545581721389e-05
S2_63440903 2 63440903 1.14879012705871e-09
S2_63440954 2 63440954 1.16249277890522e-09
S2_63529227 2 63529227 0.000495485513918816
S2_63535883 2 63535883 0.000401665096520945
S2_63550095 2 63550095 9.32401729822539e-05
S2_63550120 2 63550120 9.32401729822539e-05
S2_63550121 2 63550121 9.32401729822539e-05
S2_63550122 2 63550122 9.32401729822539e-05
S2_63550296 2 63550296 0.000251736441596076
S2_63550308 2 63550308 0.000245288034508331
S2_63550326 2 63550326 3.48953926070345e-05
S2_63553663 2 63553663 0.000129980235040994
S2_63553713 2 63553713 4.72176038687116e-05
S2_63556151 2 63556151 0.000218444746097879
S2_63558713 2 63558713 0.000566844198247034
S2_63558715 2 63558715 0.000566844198247034
S2_63558754 2 63558754 0.000479117870606918
S2_63561912 2 63561912 7.300463439939e-05
S2_63617198 2 63617198 0.00019477213031066
S2_63621183 2 63621183 8.56677020242188e-06
S2_63640723 2 63640723 0.000244891984066527
S2_63693886 2 63693886 3.60051312589489e-05
S2_63703969 2 63703969 9.9165746939043e-05
S2_63713711 2 63713711 0.000152537511372361
S2_63789102 2 63789102 8.67354979636755e-07
S2_63794448 2 63794448 5.09990544769709e-07
S2_63794449 2 63794449 5.09990544769709e-07
S2_63794459 2 63794459 5.09990544769709e-07
S2_63848790 2 63848790 0.000101922757338644
S2_63866823 2 63866823 2.67998311469216e-05
S2_63880408 2 63880408 5.48187091487781e-05
S2_63881386 2 63881386 4.43753081441614e-06
S2_63890247 2 63890247 7.11531124390708e-05
S2_63929884 2 63929884 7.4973823870859e-05
S2_63929932 2 63929932 0.000432325686378748
S2_63929937 2 63929937 0.000415479553585721
S2_63930659 2 63930659 5.69066135023675e-06
S2_63940987 2 63940987 1.66130437271425e-06
S2_63940992 2 63940992 1.66130437271425e-06
S2_63940996 2 63940996 1.73752095270241e-07
S2_63959560 2 63959560 8.54495369759854e-05
S2_63976675 2 63976675 0.000726132419385851
S2_63976687 2 63976687 0.000771206473318579
S2_63980832 2 63980832 8.2521847326989e-05
S2_63980895 2 63980895 0.000924768415073535
S2_63981225 2 63981225 7.57076593960043e-05
S2_64021809 2 64021809 0.000319098919730189
S2_64055093 2 64055093 0.000140686809422892
S2_64055096 2 64055096 0.000193635153593402
S2_64055097 2 64055097 0.000467162658631987
S2_64055101 2 64055101 0.000467162658631987
S2_64117785 2 64117785 0.000762344289098863
S2_64118642 2 64118642 2.34023257110943e-05
S2_64215409 2 64215409 0.000536844582433968
S2_64411724 2 64411724 0.000203079587738525
S2_64531208 2 64531208 0.000613235080498048
S2_64610382 2 64610382 0.000490290412970674
S2_64622705 2 64622705 0.000553293483977182
S2_64622745 2 64622745 0.000182006121633255
S2_64622770 2 64622770 2.37314660273128e-05
S2_64626627 2 64626627 0.000131013240576266
S2_64626642 2 64626642 0.000131013240576266
S2_64627975 2 64627975 0.000556657291395809
S2_64636454 2 64636454 0.000332109346986163
S2_64636466 2 64636466 5.7085761238869e-05
S2_64666801 2 64666801 0.000102334606141245
S2_64677713 2 64677713 0.000995848252291893
S2_64677736 2 64677736 0.000995848252291893
S2_64715370 2 64715370 4.53768475442455e-07
S2_64724467 2 64724467 0.000237538997531955
S2_64730371 2 64730371 0.000872919680543389
S2_64730379 2 64730379 0.000911378694239251
S2_64730480 2 64730480 8.70058106198278e-06
S2_64753519 2 64753519 4.35519229454747e-05
S2_64778280 2 64778280 4.94059128222033e-06
S2_64944413 2 64944413 4.28000568912854e-05
S2_64944417 2 64944417 0.00046726477804117
S2_64969383 2 64969383 0.000446142776243291
S2_64981301 2 64981301 0.000526104689711617
S2_65120604 2 65120604 2.22189650903788e-05
S2_65171868 2 65171868 6.25127366293547e-05
S2_65179664 2 65179664 4.33423537435981e-05
S2_65208767 2 65208767 0.000365298716044163
S2_65304612 2 65304612 3.77097543398533e-05
S2_65316930 2 65316930 4.80379972090948e-05
S2_65333490 2 65333490 0.000225328502369111
S2_65411172 2 65411172 0.000344273874072534
S2_65411562 2 65411562 8.20966726610519e-05
S2_65411595 2 65411595 0.000326962860465045
S2_65417136 2 65417136 0.000277422622082058
S2_65438041 2 65438041 0.000981259296879907
S2_65442585 2 65442585 2.71995560409109e-05
S2_65458319 2 65458319 0.000814282618045233
S2_65458321 2 65458321 0.000388316410328535
S2_65467581 2 65467581 0.000599543565534754
S2_65490255 2 65490255 6.97673241010241e-08
S2_65569518 2 65569518 2.00571106329711e-05
S2_65681081 2 65681081 1.09751259470548e-05
S2_65681086 2 65681086 1.09751259470548e-05
S2_65725221 2 65725221 4.93559823072245e-05
S2_65742849 2 65742849 0.000263432800802558
S2_65758983 2 65758983 0.000919834012505588
S2_65801000 2 65801000 2.07995163949789e-05
S2_65801030 2 65801030 2.07995163950103e-05
S2_65812059 2 65812059 0.000162676607288724
S2_65812122 2 65812122 0.00077165394294299
S2_65828255 2 65828255 5.53602261404363e-05
S2_65929065 2 65929065 5.71696576204857e-05
S2_66072310 2 66072310 6.20275403113843e-05
S2_66076875 2 66076875 0.000173730274698781
S2_66082829 2 66082829 6.90198207359366e-05
S2_66082835 2 66082835 6.90198207359426e-05
S2_66082836 2 66082836 6.90198207359366e-05
S2_66095983 2 66095983 0.000421619776660195
S2_66247311 2 66247311 0.000511313639363839
S2_66251502 2 66251502 0.000411164854600309
S2_66326930 2 66326930 1.06243401307345e-05
S2_66326940 2 66326940 0.000375936658603018
S2_66330861 2 66330861 1.36675643380796e-06
S2_66330897 2 66330897 1.36675643380796e-06
S2_66334645 2 66334645 0.000141512525431656
S2_66337077 2 66337077 5.50185793246409e-05
S2_66338426 2 66338426 0.00040917395194731
S2_66419859 2 66419859 2.55630462998351e-05
S2_66465978 2 66465978 0.00026742215207452
S2_66493954 2 66493954 7.05920848213532e-05
S2_66537760 2 66537760 7.56412954220716e-06
S2_66569355 2 66569355 0.000227707865747052
S2_66572054 2 66572054 1.70981917804296e-06
S2_66595185 2 66595185 7.13915972778516e-07
S2_66638626 2 66638626 9.21763459748544e-06
S2_66680501 2 66680501 0.000164041851753093
S2_66680515 2 66680515 0.000684901698958436
S2_66688570 2 66688570 0.000127987538871207
S2_66694788 2 66694788 0.000260303396840131
S2_66697665 2 66697665 0.00045144958562753
S2_66750813 2 66750813 3.12634907247661e-05
S2_67008249 2 67008249 0.000149253519773202
S2_67027439 2 67027439 1.53461649415325e-05
S2_67065660 2 67065660 9.52010822630882e-06
S2_67096274 2 67096274 0.000881889726929783
S2_67162052 2 67162052 3.4179336102651e-05
S2_67312349 2 67312349 7.9604969229753e-05
S2_67312862 2 67312862 0.000205555981150191
S2_67338902 2 67338902 0.000110614143605004
S2_67364963 2 67364963 0.000162345732067875
S2_67453048 2 67453048 2.99571831662998e-05
S2_67468018 2 67468018 7.43364944797262e-06
S2_67507954 2 67507954 6.68653480598842e-05
S2_67507956 2 67507956 0.000915993480634275
S2_67570304 2 67570304 0.000133883384273778
S2_67625421 2 67625421 7.05082904485118e-06
S2_67652743 2 67652743 4.40462282183491e-07
S2_67652745 2 67652745 2.137569121738e-05
S2_67654619 2 67654619 4.39930210168219e-05
S2_67711733 2 67711733 9.06189149576885e-07
S2_67720799 2 67720799 0.000522952194085523
S2_67741310 2 67741310 0.000206678403163024
S2_67765777 2 67765777 0.000340572881391177
S2_67766075 2 67766075 7.10545720050478e-06
S2_67772778 2 67772778 0.000814810973574527
S2_67789219 2 67789219 0.00018670823644505
S2_67803438 2 67803438 4.98640080368985e-05
S2_67812863 2 67812863 2.24058757262934e-07
S2_67836075 2 67836075 0.000174192406376906
S2_67846274 2 67846274 5.67768115005952e-06
S2_67854858 2 67854858 0.000911394030848714
S2_67860811 2 67860811 2.08860578972029e-05
S2_67891449 2 67891449 6.52882161071955e-06
S2_67917368 2 67917368 0.000435413240336144
S2_67917373 2 67917373 4.66714065160596e-05
S2_67927663 2 67927663 0.000904824156560678
S2_67934625 2 67934625 1.75466633204359e-05
S2_67959726 2 67959726 0.000617572395140571
S2_67980056 2 67980056 0.00010674526700022
S2_67998293 2 67998293 9.83703809441909e-07
S2_68023540 2 68023540 0.000405282601488137
S2_68059702 2 68059702 1.90715690193944e-06
S2_68076296 2 68076296 1.61436018107615e-05
S2_68090519 2 68090519 0.000889402938672186
S2_68127102 2 68127102 4.0616091716513e-06
S2_68127176 2 68127176 2.52220589591034e-05
S2_68143852 2 68143852 6.3259112323807e-05
S2_68143874 2 68143874 3.68457211031864e-06
S2_68143932 2 68143932 1.66380338417421e-05
S2_68144015 2 68144015 3.1823199167597e-06
S2_68158566 2 68158566 2.05175227688918e-07
S2_68158732 2 68158732 0.000132816570187691
S2_68174904 2 68174904 1.09631679855445e-05
S2_68214962 2 68214962 0.000438045303492957
S2_68219799 2 68219799 0.000711857375104871
S2_68219800 2 68219800 0.000682010226886146
S2_68279312 2 68279312 7.63950385009886e-05
S2_68288356 2 68288356 0.000873788911622123
S2_68294643 2 68294643 0.000156088831332817
S2_68341182 2 68341182 0.000750579829490262
S2_68348184 2 68348184 0.000292393729908103
S2_68371154 2 68371154 0.000188544239340063
S2_68423207 2 68423207 1.83260721368842e-05
S2_68423211 2 68423211 1.83260721368721e-05
S2_68423212 2 68423212 1.83260721368842e-05
S2_68476700 2 68476700 9.35096659491754e-05
S2_68486228 2 68486228 0.000134379472218413
S2_68514697 2 68514697 0.000232054552929422
S2_68540039 2 68540039 0.000606886250484805
S2_68544963 2 68544963 5.43281809007397e-05
S2_68582310 2 68582310 0.000284959583440289
S2_68631870 2 68631870 5.32891383923759e-05
S2_68631873 2 68631873 3.5123833448068e-05
S2_68642244 2 68642244 0.000938325932814129
S2_68656163 2 68656163 0.000570154184877063
S2_68759020 2 68759020 0.000244917289824958
S2_68857098 2 68857098 1.29337136974959e-05
S2_68960974 2 68960974 0.000116673158710058
S2_68971586 2 68971586 0.000228636456220686
S2_68991613 2 68991613 0.000361708132988956
S2_69092344 2 69092344 6.08093831506101e-05
S2_69092354 2 69092354 0.000480813527445924
S2_69130149 2 69130149 0.000107699713300706
S2_69166355 2 69166355 6.79375365609854e-05
S2_69175010 2 69175010 0.000134627729826193
S2_69207829 2 69207829 8.59377173786416e-05
S2_69267460 2 69267460 0.000319256915621629
S2_69280200 2 69280200 9.70976183099094e-05
S2_69457440 2 69457440 7.33406895314359e-05
S2_69469737 2 69469737 4.83363969199557e-06
S2_69474439 2 69474439 4.82267824160363e-05
S2_69536199 2 69536199 2.02860105391475e-05
S2_69596795 2 69596795 0.00025513124952757
S2_69606691 2 69606691 1.35967105281455e-05
S2_69646982 2 69646982 4.92024609087324e-06
S2_69651931 2 69651931 9.0969119104461e-08
S2_69672932 2 69672932 0.000667065501680211
S2_69672941 2 69672941 2.80520098445057e-05
S2_69672948 2 69672948 0.000667065501680211
S2_69696648 2 69696648 6.23943636860647e-05
S2_69702220 2 69702220 7.73145817765622e-06
S2_69739258 2 69739258 0.000320048879068264
S2_69747864 2 69747864 3.19168998916489e-05
S2_69752432 2 69752432 3.16834969648538e-05
S2_69782834 2 69782834 2.388385754716e-06
S2_69782870 2 69782870 2.388385754716e-06
S2_69788197 2 69788197 3.44787407875584e-05
S2_69789386 2 69789386 0.000308633203397804
S2_69789387 2 69789387 0.000308633203397804
S2_69789388 2 69789388 0.000308633203397804
S2_69789389 2 69789389 0.000308633203397804
S2_69804514 2 69804514 0.000481512930199004
S2_69818527 2 69818527 0.000128500678445086
S2_69854740 2 69854740 2.40782259892636e-06
S2_69858146 2 69858146 0.000205197918247949
S2_69867654 2 69867654 5.76220730466196e-06
S2_69891135 2 69891135 2.07730685849817e-05
S2_69934987 2 69934987 0.000891521270401253
S2_69939111 2 69939111 1.13669624155131e-05
S2_69943803 2 69943803 1.49901615645301e-05
S2_69967225 2 69967225 0.000192740660993844
S2_69973229 2 69973229 0.000476464000110822
S2_69973230 2 69973230 0.000476464000110822
S2_69973232 2 69973232 0.000476464000110822
S2_69973234 2 69973234 9.03744249268537e-05
S2_69976963 2 69976963 0.000138725119728993
S2_70053812 2 70053812 6.96848040116304e-05
S2_70053894 2 70053894 0.000293049439310485
S2_70066987 2 70066987 0.000215785084291594
S2_70179958 2 70179958 2.53998313315914e-05
S2_70282027 2 70282027 2.75747432426305e-06
S2_70312486 2 70312486 0.00047083389056247
S2_70312489 2 70312489 0.00047083389056247
S2_70337253 2 70337253 0.000270148719879616
S2_70470979 2 70470979 0.000195659989609981
S2_70480094 2 70480094 0.000572544184467506
S2_70532146 2 70532146 0.000160654243688556
S2_70534851 2 70534851 8.57927896728311e-05
S2_70534855 2 70534855 9.07724808376028e-05
S2_70548390 2 70548390 0.000185457246088765
S2_70554742 2 70554742 2.3446368852582e-06
S2_70554768 2 70554768 0.00016795784501017
S2_70618369 2 70618369 1.32679800354246e-07
S2_70618392 2 70618392 1.32679800354246e-07
S2_70624571 2 70624571 1.06839183764617e-05
S2_70669751 2 70669751 0.000406730199444834
S2_70671504 2 70671504 0.000844661734039971
S2_70688252 2 70688252 2.29795799223143e-05
S2_70720493 2 70720493 0.000149798313468971
S2_70750070 2 70750070 0.000917217891978963
S2_70824569 2 70824569 2.03161703559821e-05
S2_70825555 2 70825555 0.000218298122925501
S2_70872842 2 70872842 9.40505578256521e-05
S2_70914830 2 70914830 9.85774757167153e-05
S2_70982435 2 70982435 3.85778866086376e-06
S2_71000330 2 71000330 0.000376936646444982
S2_71006407 2 71006407 0.000845677058721498
S2_71006409 2 71006409 0.000890987971274126
S2_71140309 2 71140309 1.66065390058247e-08
S2_71140314 2 71140314 0.000129380137723734
S2_71140316 2 71140316 0.000129380137723734
S2_71312010 2 71312010 0.000228307050696968
S2_71363036 2 71363036 0.000633218951756115
S2_71395176 2 71395176 0.000927011852603949
S2_71397782 2 71397782 0.000619608490272436
S2_71397802 2 71397802 0.000619608490272436
S2_71397803 2 71397803 0.000619608490272436
S2_71397804 2 71397804 0.000619608490272436
S2_71397805 2 71397805 0.000619608490272436
S2_71397893 2 71397893 0.00055033155240627
S2_71397895 2 71397895 0.00055033155240627
S2_71397963 2 71397963 0.000571687717562342
S2_71398684 2 71398684 0.000592106641060047
S2_71398748 2 71398748 0.000801668679001077
S2_71398784 2 71398784 0.00034039940231819
S2_71401883 2 71401883 0.000579775872687453
S2_71407330 2 71407330 5.2851921540563e-05
S2_71430022 2 71430022 0.000222638978872289
S2_71430065 2 71430065 0.000148666046914441
S2_71454965 2 71454965 0.000141581002688918
S2_71465624 2 71465624 7.00523848179108e-05
S2_71466043 2 71466043 0.000631814060542419
S2_71466279 2 71466279 6.95337452707243e-05
S2_71466339 2 71466339 0.000853558348780283
S2_71466424 2 71466424 0.000407518538715437
S2_71466446 2 71466446 0.000419778004641757
S2_71468820 2 71468820 0.000505969899035969
S2_71468845 2 71468845 0.000505969899035969
S2_71468855 2 71468855 0.000505969899035969
S2_71468865 2 71468865 0.000505969899035969
S2_71475058 2 71475058 2.67437699544075e-05
S2_71480242 2 71480242 0.000719307889553164
S2_71480245 2 71480245 0.000658561245561031
S2_71630048 2 71630048 6.50403536494682e-05
S2_71661818 2 71661818 5.86461323486685e-05
S2_71760785 2 71760785 2.38730372912229e-05
S2_71770150 2 71770150 5.82325772376949e-05
S2_71773135 2 71773135 0.000575447960323715
S2_71776531 2 71776531 0.000168721907848954
S2_71827772 2 71827772 0.000552745747468583
S2_71828542 2 71828542 6.71511866070895e-05
S2_71843065 2 71843065 0.000948443405349709
S2_71843690 2 71843690 3.89735135842127e-05
S2_71851379 2 71851379 6.14119824219467e-05
S2_71851544 2 71851544 9.6738633981473e-05
S2_71878352 2 71878352 0.000121195864909679
S2_71945061 2 71945061 0.000680550872926286
S2_72067298 2 72067298 3.34270189634323e-05
S2_72129473 2 72129473 5.05481982859856e-05
S2_72264886 2 72264886 0.000509724388530598
S2_72279955 2 72279955 0.000318458561158857
S2_72302826 2 72302826 6.73607629333884e-05
S2_72302862 2 72302862 6.34987049017578e-05
S2_72303126 2 72303126 6.3330273719316e-06
S2_72304383 2 72304383 0.000675463876852912
S2_72338338 2 72338338 6.87822194271717e-06
S2_72339005 2 72339005 0.000263036710198511
S2_72366049 2 72366049 0.000599152222636699
S2_72378431 2 72378431 0.000647070701120407
S2_72401652 2 72401652 0.000265508779906485
S2_72532004 2 72532004 3.06268447893415e-05
S2_72548355 2 72548355 0.000240886688953778
S2_72591455 2 72591455 0.000224660693028708
S2_72591474 2 72591474 1.91236511959023e-09
S2_72626318 2 72626318 0.000235229552788328
S2_72674951 2 72674951 1.56183246498289e-05
S2_72706482 2 72706482 0.000285590717330721
S2_72706637 2 72706637 4.88740792399746e-05
S2_72712292 2 72712292 7.12002742049076e-06
S2_72714624 2 72714624 5.19693846129311e-05
S2_72717575 2 72717575 0.000229348599027229
S2_72720507 2 72720507 0.000326483105216681
S2_72724041 2 72724041 3.86400784853565e-06
S2_72743398 2 72743398 0.000503152997511695
S2_72743415 2 72743415 0.000557188139843496
S2_72745141 2 72745141 3.20407333723498e-05
S2_72749852 2 72749852 0.000554335173759106
S2_72783146 2 72783146 2.09696715599712e-05
S2_72831942 2 72831942 6.2865426482708e-06
S2_72833569 2 72833569 0.000562501624573268
S2_72848996 2 72848996 5.85985688169133e-06
S2_72858045 2 72858045 0.000413163053110338
S2_72872333 2 72872333 2.14551484346219e-05
S2_72878141 2 72878141 0.000171670064899388
S2_72878142 2 72878142 0.000171670064899388
S2_72878882 2 72878882 0.000200130052234408
S2_72885162 2 72885162 7.41500023931378e-09
S2_72885225 2 72885225 0.000105626115982014
S2_72885241 2 72885241 6.34968249923299e-05
S2_72898151 2 72898151 0.000102887072156545
S2_72898154 2 72898154 0.00082201712561734
S2_72898699 2 72898699 0.000890074278616495
S2_72950067 2 72950067 0.000536937378426341
S2_72971037 2 72971037 3.78779740462749e-05
S2_72994209 2 72994209 1.85479576223672e-06
S2_73002895 2 73002895 0.00053629181981076
S2_73006823 2 73006823 6.44858500375042e-05
S2_73058520 2 73058520 1.50249625280097e-05
S2_73061040 2 73061040 2.97220342754354e-05
S2_73084591 2 73084591 0.000848733850386816
S2_73238987 2 73238987 0.000498684819694582
S2_73240562 2 73240562 0.000737413807900805
S2_73241138 2 73241138 2.76448153269492e-05
S2_73241143 2 73241143 2.76448153269345e-05
S2_73246352 2 73246352 0.000109218518139463
S2_73283374 2 73283374 0.000163131116895347
S2_73289672 2 73289672 6.84076536628733e-05
S2_73298149 2 73298149 0.000654130457457898
S2_73298185 2 73298185 0.000654130457457898
S2_73298186 2 73298186 0.000654130457457898
S2_73303740 2 73303740 0.000698472900557945
S2_73307008 2 73307008 2.62138419989489e-05
S2_73352575 2 73352575 0.000556367657127785
S2_73392308 2 73392308 0.000278947405442813
S2_73392319 2 73392319 0.000278947405442841
S2_73446968 2 73446968 6.66418969357822e-06
S2_73477204 2 73477204 0.00082312551565408
S2_73481800 2 73481800 0.000470026885959526
S2_73495463 2 73495463 0.000377678700402421
S2_73552645 2 73552645 0.000190800191801435
S2_73583536 2 73583536 0.000967117428932439
S2_73600976 2 73600976 0.000295393754797186
S2_73600983 2 73600983 0.000312479178051546
S2_73699931 2 73699931 0.000264535038262607
S2_73703951 2 73703951 6.90593195685308e-06
S2_73721113 2 73721113 0.000105404256412938
S2_73794157 2 73794157 1.19321918566032e-08
S2_73794755 2 73794755 1.09100822991271e-05
S2_73820086 2 73820086 0.000370537221730924
S2_73820087 2 73820087 0.000353214665915801
S2_73820088 2 73820088 0.000375212338790441
S2_73867294 2 73867294 1.51389394516161e-05
S2_73893040 2 73893040 4.51523255102306e-07
S2_73997620 2 73997620 0.000238911375772134
S2_74019882 2 74019882 2.44143440359876e-05
S2_74028939 2 74028939 0.00054108419989529
S2_74052290 2 74052290 4.78913556307659e-06
S2_74054820 2 74054820 2.4406883084419e-05
S2_74060179 2 74060179 0.000853483179842441
S2_74060194 2 74060194 0.000853483179842441
S2_74085204 2 74085204 9.43917374671821e-06
S2_74121641 2 74121641 0.000402246757301628
S2_74133825 2 74133825 7.6285751841105e-08
S2_74141897 2 74141897 0.000154058478922539
S2_74192571 2 74192571 0.000633818848819374
S2_74216614 2 74216614 6.54850144262394e-05
S2_74218437 2 74218437 5.28858998898363e-05
S2_74218441 2 74218441 5.28858998898363e-05
S2_74307111 2 74307111 7.01955768792288e-05
S2_74359821 2 74359821 1.13818144737876e-05
S2_74383599 2 74383599 0.000136764771520455
S2_74414335 2 74414335 0.000279420265430467
S2_74414647 2 74414647 7.28204730988708e-07
S2_74415360 2 74415360 6.92387551470297e-06
S2_74415398 2 74415398 1.89690745504702e-05
S2_74448016 2 74448016 0.000694144455084439
S2_74521534 2 74521534 3.29607652708986e-06
S2_74521536 2 74521536 0.000109520681636656
S2_74522021 2 74522021 4.88283143692476e-05
S2_74522023 2 74522023 4.88283143692476e-05
S2_74543010 2 74543010 1.62388275478231e-08
S2_74638088 2 74638088 4.26913693506206e-05
S2_74665160 2 74665160 6.36755401171796e-05
S2_74687887 2 74687887 0.000119233284590448
S2_74716293 2 74716293 1.48776421078538e-05
S2_74761053 2 74761053 0.000259392823818032
S2_74761075 2 74761075 0.000259392823818032
S2_74785911 2 74785911 0.00061837985660567
S2_74804777 2 74804777 2.5123938439813e-05
S2_74804778 2 74804778 2.61609483211364e-05
S2_74825368 2 74825368 0.000866132290499967
S2_74844453 2 74844453 1.99064965141311e-05
S2_74871434 2 74871434 7.39807556989354e-06
S2_74881513 2 74881513 1.82625872130715e-08
S2_74881516 2 74881516 1.82625872130731e-08
S2_74889751 2 74889751 5.75871842772955e-05
S2_74937714 2 74937714 5.26675209747402e-05
S2_75033606 2 75033606 0.000254586953062816
S2_75037811 2 75037811 1.72520609599989e-05
S2_75096587 2 75096587 0.000911103904825109
S2_75096620 2 75096620 0.000911103904825109
S2_75096632 2 75096632 0.000911103904825109
S2_75098001 2 75098001 0.000122701117730056
S2_75126159 2 75126159 0.000146408327215208
S2_75181116 2 75181116 0.000235756457543241
S2_75181529 2 75181529 2.9508498247191e-06
S2_75239303 2 75239303 9.04711603375813e-14
S2_75239317 2 75239317 1.20359209694337e-13
S2_75239327 2 75239327 1.20359209694376e-13
S2_75240369 2 75240369 0.000262741603809859
S2_75263374 2 75263374 4.90549881538812e-06
S2_75322713 2 75322713 0.000117883209988813
S2_75325353 2 75325353 9.398226286462e-05
S2_75325388 2 75325388 5.97622739599021e-05
S2_75325419 2 75325419 6.03779974458265e-05
S2_75353054 2 75353054 6.71770157881998e-05
S2_75380901 2 75380901 3.88071431611823e-06
S2_75383046 2 75383046 0.00018417574158608
S2_75443317 2 75443317 5.16714815300282e-10
S2_75465431 2 75465431 0.000561944079349603
S2_75465560 2 75465560 0.000871799370405986
S2_75522448 2 75522448 2.33092740244526e-12
S2_75522449 2 75522449 4.67200299385478e-07
S2_75523114 2 75523114 2.7201050883727e-05
S2_75543511 2 75543511 0.000129630496348776
S2_75569823 2 75569823 0.000106179882972946
S2_75649255 2 75649255 0.000412532168208104
S2_75745183 2 75745183 0.000364172116680306
S2_75867531 2 75867531 0.000572789944365339
S2_75871656 2 75871656 0.000130861844140515
S2_75873562 2 75873562 0.000771504760340861
S2_75879878 2 75879878 0.000111499974468893
S2_75981241 2 75981241 1.85098201756914e-07
S2_75988952 2 75988952 0.000338986223566806
S2_76008471 2 76008471 0.000439560350336354
S2_76011969 2 76011969 0.000134410719740033
S2_76012064 2 76012064 0.000772331993641067
S2_76018384 2 76018384 0.000283691730302658
S2_76022433 2 76022433 0.000247095916628991
S2_76068210 2 76068210 0.000427909327105994
S2_76094026 2 76094026 4.78124487510876e-05
S2_76094747 2 76094747 0.000233097351319744
S2_76105030 2 76105030 1.41292591585e-05
S2_76105500 2 76105500 0.000736883215106886
S2_76211083 2 76211083 2.15281601422329e-05
S2_76213866 2 76213866 0.000581139282446032
S2_76280376 2 76280376 2.94651357779677e-06
S2_76285980 2 76285980 3.22529076927261e-05
S2_76359537 2 76359537 0.000207808254096278
S2_76391984 2 76391984 6.44297357158722e-05
S2_76466116 2 76466116 5.29683395107035e-07
S2_76471065 2 76471065 0.000148968801826345
S2_76471090 2 76471090 3.29568383379863e-06
S2_76533075 2 76533075 0.000457274715084116
S2_76595969 2 76595969 0.000459325335793672
S2_76596766 2 76596766 2.1557214831767e-12
S2_76596775 2 76596775 2.1557214831767e-12
S2_76602092 2 76602092 7.13444716115216e-10
S2_76602194 2 76602194 0.00018969125567875
S2_76602311 2 76602311 5.6409013785789e-05
S2_76602803 2 76602803 3.2493907110341e-07
S2_76607244 2 76607244 6.64754120125695e-05
S2_76630125 2 76630125 9.77699016944141e-05
S2_76688721 2 76688721 7.84212597082106e-06
S2_76715881 2 76715881 2.46223216517687e-05
S2_76744035 2 76744035 0.000335403961008323
S2_76847139 2 76847139 0.000157139114570271
S2_76856750 2 76856750 0.000817877693072693
S2_76863653 2 76863653 0.00088295790964606
S2_76886584 2 76886584 0.00057240438777139
S2_76887914 2 76887914 7.83524243729403e-05
S2_76923998 2 76923998 0.000574570108447719
S2_76924001 2 76924001 0.000627610208034405
S2_76926641 2 76926641 3.06227626981612e-07
S2_76934893 2 76934893 0.000307060295868811
S2_76934925 2 76934925 4.29682216635522e-05
S2_76934926 2 76934926 4.29682216635522e-05
S2_76953151 2 76953151 0.00048306716759666
S2_76969356 2 76969356 8.55099518070501e-05
S2_76972369 2 76972369 1.88286353394714e-06
S2_76989286 2 76989286 0.000527776364659552
S2_76991381 2 76991381 6.57445378325197e-05
S2_76991593 2 76991593 0.000304809241585962
S2_77002557 2 77002557 1.82544308955098e-15
S2_77018881 2 77018881 0.000135523815017867
S2_77021261 2 77021261 0.000438784051993905
S2_77023724 2 77023724 4.81873440838488e-05
S2_77032253 2 77032253 0.000694258601070774
S2_77078139 2 77078139 0.000573945888203758
S2_77078211 2 77078211 0.00016351475181891
S2_77081043 2 77081043 4.21028331000952e-05
S2_77081056 2 77081056 8.3886016841874e-05
S2_77082648 2 77082648 0.000946704268589012
S2_77181901 2 77181901 1.80807795985741e-05
S2_77197899 2 77197899 9.92830902587414e-05
S2_77214415 2 77214415 0.000382731666074776
S2_77248224 2 77248224 0.000500780567892692
S2_77274773 2 77274773 2.1895761604709e-06
S2_77274775 2 77274775 2.1895761604709e-06
S2_77274777 2 77274777 1.49469556090449e-06
S2_77274778 2 77274778 1.98264889958604e-06
S2_77299271 2 77299271 0.000162313258336328
S2_77305576 2 77305576 0.000248316838283657
S2_77312712 2 77312712 0.000605309250979119
S2_77349399 2 77349399 3.30769293775832e-05
S2_77367795 2 77367795 0.000847800404527906
S2_77419085 2 77419085 0.000557739645954673
S2_77432880 2 77432880 3.82607512273336e-05
S2_77504283 2 77504283 0.000345428374980412
S2_77539115 2 77539115 0.000762068574598714
S2_77540770 2 77540770 3.37336968273996e-05
S2_77550385 2 77550385 3.32410640997168e-05
S2_77635166 2 77635166 2.44024994822217e-05
S2_77642972 2 77642972 0.000684164237559305
S2_77682496 2 77682496 0.000345769632116927
S2_77689999 2 77689999 0.000959327323667286
S2_77761557 2 77761557 0.000132882123942768
S2_77846786 2 77846786 7.74671657099085e-05
S2_77853528 2 77853528 7.7908988614131e-10
S2_77870375 2 77870375 0.000103053340297382
