Marker Chr Pos p
S9_51298 9 51298 0.000129093204579322
S9_55847 9 55847 0.000434239892368794
S9_72163 9 72163 3.70895632963758e-06
S9_84430 9 84430 5.66017112648428e-05
S9_103255 9 103255 7.67330767765467e-05
S9_170136 9 170136 0.000777100701352243
S9_173834 9 173834 0.000119227174884192
S9_229559 9 229559 4.25387240470082e-05
S9_286000 9 286000 5.85187047837543e-05
S9_294396 9 294396 0.000107530863711534
S9_370918 9 370918 9.27920883872471e-05
S9_404090 9 404090 0.000156951745844081
S9_413094 9 413094 0.00042782806629139
S9_468954 9 468954 2.45446537835664e-06
S9_498178 9 498178 2.58552281056514e-05
S9_526759 9 526759 0.000554511676911655
S9_785854 9 785854 3.34247970079246e-05
S9_785869 9 785869 3.34247970079246e-05
S9_845570 9 845570 4.59458008150126e-05
S9_925911 9 925911 0.000240412909979058
S9_925912 9 925912 0.000201150510748313
S9_955920 9 955920 4.633921694601e-05
S9_995317 9 995317 0.000138419062506107
S9_1069844 9 1069844 0.000722752122046278
S9_1071508 9 1071508 0.000815534026815131
S9_1122065 9 1122065 0.000507577847008872
S9_1144273 9 1144273 0.000929314014310805
S9_1185214 9 1185214 2.66530098219834e-06
S9_1207724 9 1207724 0.000298501883475699
S9_1238161 9 1238161 1.24823986314822e-06
S9_1276115 9 1276115 4.06631134339208e-06
S9_1308759 9 1308759 5.52907420713372e-05
S9_1319138 9 1319138 0.00038635163551127
S9_1429678 9 1429678 0.000390803056519418
S9_1429795 9 1429795 0.000830863285831989
S9_1429825 9 1429825 0.000403276197874744
S9_1488349 9 1488349 0.000119250820942474
S9_1548074 9 1548074 0.000342103684188695
S9_1557364 9 1557364 0.000736193028033405
S9_1586480 9 1586480 4.59277494146274e-05
S9_1626242 9 1626242 7.15175705779055e-06
S9_1626268 9 1626268 7.15175705779055e-06
S9_1673428 9 1673428 6.50653054010249e-06
S9_1719466 9 1719466 0.000122354100874455
S9_1741586 9 1741586 0.000855827744258911
S9_1759750 9 1759750 0.000516731484506337
S9_1951302 9 1951302 0.000257233525764437
S9_1955412 9 1955412 9.33330408767679e-05
S9_1965457 9 1965457 0.000564816988507578
S9_1968015 9 1968015 0.000251812778256992
S9_1969798 9 1969798 7.98169984689384e-05
S9_1969813 9 1969813 8.74948850644169e-05
S9_1972626 9 1972626 0.000568250630845194
S9_2029504 9 2029504 0.000528734080183306
S9_2058373 9 2058373 4.33441157161772e-07
S9_2065417 9 2065417 2.99107650800647e-05
S9_2072357 9 2072357 3.64958644114716e-06
S9_2072389 9 2072389 8.33585330017041e-06
S9_2085438 9 2085438 0.000759867794240002
S9_2094985 9 2094985 1.28251418034273e-05
S9_2246723 9 2246723 0.000232443669589303
S9_2263998 9 2263998 2.81683446527032e-05
S9_2264085 9 2264085 5.01431975177676e-05
S9_2276020 9 2276020 0.000307754976682594
S9_2389059 9 2389059 0.000647678365998064
S9_2403232 9 2403232 5.38396127619025e-07
S9_2414107 9 2414107 0.000419173747258189
S9_2414134 9 2414134 0.000924509179143179
S9_2414611 9 2414611 0.000254536850768357
S9_2442364 9 2442364 7.5191451897367e-06
S9_2477786 9 2477786 3.65069617555086e-05
S9_2593277 9 2593277 0.000925775414814239
S9_2705670 9 2705670 0.000141821882502233
S9_2705683 9 2705683 0.000153115999155392
S9_2705877 9 2705877 0.000392209455374602
S9_2756473 9 2756473 6.22300319143967e-06
S9_2756481 9 2756481 6.22300319143967e-06
S9_2767483 9 2767483 0.000366182451577614
S9_2767492 9 2767492 0.000540815978526714
S9_2767495 9 2767495 0.000540815978526714
S9_2784399 9 2784399 0.000209469761913082
S9_2786229 9 2786229 1.3953876864454e-10
S9_2801015 9 2801015 6.0421992260491e-05
S9_2829190 9 2829190 2.00877518365184e-06
S9_2857821 9 2857821 1.08745978525485e-05
S9_2865200 9 2865200 0.000421186382647416
S9_3057469 9 3057469 0.000588693110506178
S9_3099765 9 3099765 0.000511517547773906
S9_3105960 9 3105960 0.000355342075243184
S9_3387990 9 3387990 0.00072483393280534
S9_3388192 9 3388192 0.000122651958988399
S9_3549520 9 3549520 0.000321434360179423
S9_3552918 9 3552918 0.000173429660081059
S9_3583317 9 3583317 6.22505101929735e-08
S9_3592997 9 3592997 0.000998518870609159
S9_3660040 9 3660040 0.000277826787882171
S9_3660041 9 3660041 5.4237445159382e-05
S9_3660044 9 3660044 0.000357077938246441
S9_3660049 9 3660049 0.000277826787882171
S9_3660050 9 3660050 0.00083651489278317
S9_3709094 9 3709094 2.49016365759155e-06
S9_3747092 9 3747092 0.000341578600225204
S9_3847620 9 3847620 6.4987193528119e-06
S9_3861330 9 3861330 0.000403390347334203
S9_3861378 9 3861378 0.000362552870074969
S9_3958960 9 3958960 5.43024819195056e-05
S9_3959451 9 3959451 5.22953270299639e-05
S9_4027285 9 4027285 0.000280339113838024
S9_4336101 9 4336101 0.000144940988805609
S9_4348168 9 4348168 2.87817565006141e-05
S9_4470446 9 4470446 0.000376117733503361
S9_4481289 9 4481289 6.01317545335276e-05
S9_4487042 9 4487042 0.000448250139757242
S9_4520503 9 4520503 3.76865796374716e-05
S9_4520508 9 4520508 4.24571797832697e-05
S9_4532446 9 4532446 0.000524611258240155
S9_4544846 9 4544846 0.000753073441121189
S9_4544861 9 4544861 0.000598280421002156
S9_4582796 9 4582796 8.62394617458089e-05
S9_4722719 9 4722719 6.39553590090683e-05
S9_4821109 9 4821109 7.40143539841556e-07
S9_4958330 9 4958330 0.000153224069282707
S9_5215798 9 5215798 0.000720023735288885
S9_5315331 9 5315331 0.000154175458015112
S9_5343122 9 5343122 0.000329418874049368
S9_5366029 9 5366029 0.000134240032701016
S9_5383418 9 5383418 1.42727640439002e-05
S9_5383453 9 5383453 1.4830350000644e-05
S9_5396115 9 5396115 0.000120925849171054
S9_5485725 9 5485725 3.06695849422683e-05
S9_5485726 9 5485726 3.02205086994248e-05
S9_5485727 9 5485727 7.217803487651e-07
S9_5532540 9 5532540 0.000713447566352045
S9_5532550 9 5532550 0.000712621466726103
S9_5595028 9 5595028 1.06990035395761e-08
S9_5614920 9 5614920 0.000361508901291605
S9_5614952 9 5614952 0.000361508901291605
S9_5615121 9 5615121 0.000308019794123489
S9_5629362 9 5629362 3.90513156577343e-05
S9_5672145 9 5672145 0.000307755240262942
S9_5761570 9 5761570 0.000402907373769002
S9_5780388 9 5780388 3.25255919336114e-05
S9_5884456 9 5884456 0.000456431125190931
S9_5884487 9 5884487 0.000316887169958592
S9_5890976 9 5890976 3.43174349079945e-07
S9_5914362 9 5914362 0.000109986343101874
S9_5914363 9 5914363 0.000217881458693827
S9_6092653 9 6092653 2.47980273976422e-05
S9_6114310 9 6114310 0.000250937652571581
S9_6167573 9 6167573 2.64718006567873e-05
S9_6193414 9 6193414 0.000164233799376469
S9_6209106 9 6209106 3.26438424641187e-05
S9_6300745 9 6300745 0.000379688051878836
S9_6348224 9 6348224 0.000227021852083204
S9_6376664 9 6376664 1.96158351330923e-05
S9_6383985 9 6383985 0.000399199334190598
S9_6448269 9 6448269 2.14925804388418e-06
S9_6448271 9 6448271 0.000381558932849921
S9_6448308 9 6448308 3.97376625207756e-05
S9_6678968 9 6678968 6.35354606607069e-05
S9_6678971 9 6678971 6.35354606607069e-05
S9_6731987 9 6731987 4.57364120389403e-05
S9_6771502 9 6771502 4.14876825711517e-05
S9_6782929 9 6782929 0.00037134204424458
S9_6828609 9 6828609 0.000526879632092448
S9_6828688 9 6828688 0.000107998443957622
S9_6828689 9 6828689 0.000549128605639811
S9_6828911 9 6828911 7.99923543009717e-07
S9_6828946 9 6828946 7.11022608782344e-06
S9_6918603 9 6918603 1.07221882685664e-05
S9_6999631 9 6999631 0.000792264607342204
S9_7074987 9 7074987 5.42399988820807e-05
S9_7075696 9 7075696 0.00010484443095163
S9_7104892 9 7104892 0.000282985564512672
S9_7120829 9 7120829 1.4228972872338e-05
S9_7160661 9 7160661 0.000567521115506161
S9_7185233 9 7185233 0.000977542514076548
S9_7259262 9 7259262 0.000133216755170467
S9_7309831 9 7309831 6.85989984132711e-05
S9_7350797 9 7350797 0.000770775358821662
S9_7350837 9 7350837 0.000653357463182815
S9_7384096 9 7384096 4.41455009066458e-05
S9_7442054 9 7442054 0.000836385599057592
S9_7556339 9 7556339 0.000409311946158443
S9_7609836 9 7609836 9.74780662389651e-05
S9_7609872 9 7609872 9.71067113652774e-05
S9_7616797 9 7616797 3.97261000894634e-05
S9_7630476 9 7630476 0.000177937281066175
S9_7630484 9 7630484 0.000532024687980405
S9_7656060 9 7656060 0.000820907421215866
S9_7764834 9 7764834 0.000103986175718203
S9_7777386 9 7777386 0.000479748691116998
S9_7788762 9 7788762 0.000332036123089026
S9_7788794 9 7788794 0.000507946560912856
S9_7843374 9 7843374 0.000113709394898005
S9_7847566 9 7847566 7.83762514540967e-05
S9_7855679 9 7855679 3.69324078365983e-06
S9_7855816 9 7855816 0.000102893923484781
S9_7875392 9 7875392 0.000584133901952501
S9_7878049 9 7878049 0.000583640212943841
S9_7878125 9 7878125 0.000526954769778515
S9_7887059 9 7887059 0.000132212987784053
S9_7894497 9 7894497 1.43840172735955e-05
S9_7943905 9 7943905 8.06900015173336e-05
S9_7968473 9 7968473 0.000642402053162021
S9_7988762 9 7988762 0.000532411057606814
S9_8064361 9 8064361 0.000615275961193556
S9_8068493 9 8068493 0.000270777229810416
S9_8068664 9 8068664 2.2361429343183e-05
S9_8150324 9 8150324 2.18212162598242e-05
S9_8152265 9 8152265 9.3039716710884e-05
S9_8152285 9 8152285 9.3039716710884e-05
S9_8171008 9 8171008 0.000217397909054783
S9_8190531 9 8190531 1.99672257603755e-05
S9_8190652 9 8190652 6.7402725834281e-08
S9_8220291 9 8220291 4.04411222487744e-05
S9_8357552 9 8357552 9.00779414317662e-05
S9_8357554 9 8357554 9.00779414319695e-05
S9_8394766 9 8394766 5.15134469073724e-05
S9_8396064 9 8396064 0.000441937852167723
S9_8396086 9 8396086 0.000829840945620936
S9_8449138 9 8449138 2.50341194233343e-05
S9_8532982 9 8532982 0.000496770514073576
S9_8776789 9 8776789 0.00017011962054747
S9_8801936 9 8801936 9.49749094954978e-05
S9_8942814 9 8942814 0.000240778853422308
S9_8948688 9 8948688 9.40993895969605e-05
S9_9071574 9 9071574 7.49205976827153e-05
S9_9110115 9 9110115 1.68542238569559e-06
S9_9110121 9 9110121 1.68542238569559e-06
S9_9687331 9 9687331 0.000180997859868756
S9_9691471 9 9691471 0.000134864904740307
S9_9837888 9 9837888 0.000389837852389515
S9_9844411 9 9844411 0.000111631939086761
S9_9844607 9 9844607 0.000589404489577994
S9_9910255 9 9910255 0.000245944465197297
S9_9910266 9 9910266 0.000495351003956153
S9_10118251 9 10118251 0.000411533202487259
S9_10216914 9 10216914 0.00021051869964671
S9_10289206 9 10289206 0.000170887655215324
S9_10384189 9 10384189 0.000447045648099466
S9_10384192 9 10384192 0.000447045648098954
S9_10393421 9 10393421 0.000213141741205055
S9_10652885 9 10652885 0.00058100218800774
S9_10939849 9 10939849 3.49942496300437e-05
S9_11208796 9 11208796 0.000195619802407772
S9_11210002 9 11210002 2.9728867933583e-05
S9_11210007 9 11210007 0.000130569363799542
S9_11210019 9 11210019 0.000157911234173146
S9_11210069 9 11210069 0.000170108729577261
S9_11284419 9 11284419 0.000331883666834696
S9_11457213 9 11457213 0.000134220823408651
S9_11711555 9 11711555 1.25205362775595e-06
S9_11712805 9 11712805 0.000135692587529532
S9_11712866 9 11712866 0.000969006434860058
S9_11832520 9 11832520 0.000715077648158039
S9_11834342 9 11834342 7.24363421882716e-05
S9_11951282 9 11951282 1.28535988923922e-06
S9_11951311 9 11951311 1.31294921577298e-06
S9_11977278 9 11977278 0.000641019066721759
S9_11977529 9 11977529 0.000487256651670483
S9_12014136 9 12014136 4.91984728062442e-06
S9_12054292 9 12054292 0.000283478196951737
S9_12059826 9 12059826 0.000480844942606732
S9_12061668 9 12061668 0.000469680523650464
S9_12106550 9 12106550 0.000104486035524228
S9_12106556 9 12106556 0.00010448603552419
S9_12106577 9 12106577 0.000104486035524228
S9_12176504 9 12176504 3.17491460983093e-05
S9_12271214 9 12271214 3.42729127973969e-05
S9_12274711 9 12274711 1.08705008655439e-05
S9_12626466 9 12626466 6.96209075142558e-05
S9_12626504 9 12626504 6.96209075142502e-05
S9_12628817 9 12628817 1.31083167397861e-05
S9_12629006 9 12629006 1.82050133558843e-05
S9_12629198 9 12629198 4.02737670385267e-05
S9_12629199 9 12629199 6.65810937543858e-06
S9_12630423 9 12630423 0.000152095968724919
S9_12630498 9 12630498 7.91857315255686e-07
S9_12630515 9 12630515 6.93202229720926e-07
S9_12630909 9 12630909 0.000185779746341735
S9_12631002 9 12631002 1.88667801578829e-06
S9_12634006 9 12634006 4.10989898729152e-05
S9_12725117 9 12725117 0.000493771724132248
S9_12732320 9 12732320 1.45411549360309e-05
S9_12739561 9 12739561 4.92325458697545e-05
S9_12769900 9 12769900 0.000471486449438718
S9_12772646 9 12772646 8.6639303709157e-06
S9_12774700 9 12774700 5.47920638316975e-05
S9_12774711 9 12774711 5.94673179912573e-07
S9_12798946 9 12798946 8.34768337270458e-06
S9_12810947 9 12810947 0.000138485407416432
S9_12811061 9 12811061 4.89884625850755e-05
S9_12813698 9 12813698 0.000443959724657388
S9_12821100 9 12821100 1.31803388468695e-05
S9_12992569 9 12992569 0.000103713289415633
S9_13046266 9 13046266 0.000137836323406089
S9_13072181 9 13072181 4.10703666465601e-06
S9_13079466 9 13079466 5.70544174953705e-08
S9_13082642 9 13082642 8.43185224340558e-05
S9_13083523 9 13083523 6.56655168338266e-11
S9_13114059 9 13114059 0.000329916475594051
S9_13140518 9 13140518 0.000369268090603977
S9_13141053 9 13141053 2.14722536932386e-08
S9_13141287 9 13141287 0.000298934639330543
S9_13154857 9 13154857 7.27751653806075e-06
S9_13154896 9 13154896 2.11982563189207e-07
S9_13240795 9 13240795 7.38261685217101e-05
S9_13256543 9 13256543 0.000509128618446469
S9_13272725 9 13272725 0.000847701783292644
S9_13430824 9 13430824 2.27912318124423e-05
S9_13431052 9 13431052 1.66258624729544e-05
S9_13431275 9 13431275 1.91244310108782e-06
S9_13431290 9 13431290 1.91244310108782e-06
S9_13451537 9 13451537 2.00901815941467e-05
S9_13478345 9 13478345 0.000471494726968571
S9_13493687 9 13493687 6.47360929984018e-05
S9_13561813 9 13561813 0.000993354865293242
S9_13566549 9 13566549 3.50864560228939e-05
S9_13587482 9 13587482 0.000890439782229023
S9_13628714 9 13628714 5.31734286956256e-08
S9_13628717 9 13628717 0.00024160305915251
S9_13630416 9 13630416 0.000105689739944022
S9_13630722 9 13630722 1.90505423745732e-06
S9_13647252 9 13647252 1.83408852582051e-06
S9_13647289 9 13647289 1.70778484855277e-06
S9_13647462 9 13647462 0.00011617528322311
S9_13657468 9 13657468 6.97718407678462e-05
S9_13660431 9 13660431 5.0729672691108e-07
S9_13691080 9 13691080 0.00096200505987192
S9_13697840 9 13697840 0.000146179868869144
S9_13714663 9 13714663 3.7245068819475e-05
S9_13765096 9 13765096 1.89846154502309e-05
S9_13767403 9 13767403 4.19656793594345e-05
S9_13772203 9 13772203 0.000208392161865011
S9_13772251 9 13772251 9.05037428157054e-05
S9_13772388 9 13772388 0.000910296952681442
S9_13772859 9 13772859 2.74244496851583e-06
S9_13778698 9 13778698 8.19546768961751e-05
S9_13778732 9 13778732 7.03528185906833e-05
S9_13836111 9 13836111 1.72870935971059e-10
S9_13836113 9 13836113 1.72870935971059e-10
S9_13836115 9 13836115 1.72870935971059e-10
S9_13836118 9 13836118 1.72870935971059e-10
S9_13836122 9 13836122 1.72870935971059e-10
S9_13852608 9 13852608 4.6823071204688e-05
S9_13852644 9 13852644 1.90813104189385e-07
S9_13854698 9 13854698 0.00014798688407447
S9_13855769 9 13855769 3.97114088102812e-05
S9_13856053 9 13856053 4.24553828687552e-05
S9_13856093 9 13856093 0.000130122830060126
S9_13908369 9 13908369 0.000269694420390042
S9_13908386 9 13908386 0.000305635696529332
S9_13917203 9 13917203 0.000351034753558078
S9_13917258 9 13917258 0.000574531773245698
S9_13937641 9 13937641 0.000550898475680261
S9_13937673 9 13937673 0.000604805534122592
S9_13975303 9 13975303 0.000605984214274024
S9_13982738 9 13982738 6.96164207090256e-06
S9_13997231 9 13997231 0.000915022812704731
S9_13997267 9 13997267 2.79097880127526e-05
S9_14021514 9 14021514 0.000621385555222629
S9_14087305 9 14087305 0.000396710400324775
S9_14093731 9 14093731 1.26093043486374e-06
S9_14093768 9 14093768 1.90923405725096e-08
S9_14094006 9 14094006 1.49704477660522e-05
S9_14107738 9 14107738 0.000150063969018836
S9_14117084 9 14117084 0.000198227466633802
S9_14131387 9 14131387 7.94348275988689e-06
S9_14131968 9 14131968 0.000996346688138973
S9_14132112 9 14132112 0.000112258738676851
S9_14154038 9 14154038 0.000671727852164116
S9_14154050 9 14154050 0.000962339316816388
S9_14184391 9 14184391 1.11046404908034e-06
S9_14193129 9 14193129 2.09183945719665e-07
S9_14193148 9 14193148 1.28839453486394e-06
S9_14193186 9 14193186 4.29940798699116e-05
S9_14193354 9 14193354 1.57988663483093e-07
S9_14210070 9 14210070 0.000772995259993227
S9_14212356 9 14212356 2.74612091350619e-07
S9_14291494 9 14291494 9.93188648758503e-06
S9_14346177 9 14346177 2.79200330446106e-06
S9_14347254 9 14347254 1.93787551040388e-08
S9_14451182 9 14451182 1.00590638414115e-06
S9_14451195 9 14451195 6.32449808928883e-07
S9_14451203 9 14451203 6.06008086109467e-07
S9_14466162 9 14466162 2.53648834665257e-05
S9_14466194 9 14466194 1.73399153856631e-05
S9_14473717 9 14473717 0.00025489980194932
S9_14480683 9 14480683 8.99645594882052e-07
S9_14480693 9 14480693 7.80155915678667e-07
S9_14481304 9 14481304 3.91322599142146e-05
S9_14481310 9 14481310 0.000531107175149543
S9_14481313 9 14481313 0.000687802166904628
S9_14481372 9 14481372 0.000117860200276273
S9_14486519 9 14486519 1.5945006465264e-05
S9_14503995 9 14503995 1.0430527628798e-06
S9_14504005 9 14504005 0.00097399855182065
S9_14504042 9 14504042 4.56699807949667e-07
S9_14506133 9 14506133 1.976487325581e-06
S9_14549736 9 14549736 2.68148801842596e-05
S9_14627593 9 14627593 1.44217446762719e-06
S9_14627599 9 14627599 1.44217446762719e-06
S9_14627617 9 14627617 1.44217446762719e-06
S9_14627761 9 14627761 4.03041305837089e-07
S9_14627776 9 14627776 1.42581643155388e-08
S9_14627788 9 14627788 1.42581643155388e-08
S9_14627809 9 14627809 1.82274449437719e-08
S9_14627905 9 14627905 0.000649294182710912
S9_14627923 9 14627923 0.000384248126137935
S9_14627947 9 14627947 0.000313990767823737
S9_14627948 9 14627948 0.000313990767823737
S9_14756678 9 14756678 0.000138337515333293
S9_14809965 9 14809965 0.000186231568608405
S9_14894221 9 14894221 0.000642667004860055
S9_14953656 9 14953656 1.62771047983661e-05
S9_14953701 9 14953701 0.000206882673253408
S9_14953889 9 14953889 0.000622810839380979
S9_14983325 9 14983325 0.00021596800814369
S9_15044987 9 15044987 1.47751383404495e-05
S9_15110800 9 15110800 0.000117293527950087
S9_15110865 9 15110865 0.000634385651435549
S9_15111148 9 15111148 2.44882122702821e-05
S9_15306682 9 15306682 5.36298497056377e-05
S9_15315039 9 15315039 0.000258761239218227
S9_15320199 9 15320199 0.000139695754983089
S9_15326259 9 15326259 0.000606749945586402
S9_15329726 9 15329726 1.07003867912734e-05
S9_15386897 9 15386897 0.000688169732345722
S9_15392935 9 15392935 0.000217036373166659
S9_15393050 9 15393050 7.22133749286503e-06
S9_15416673 9 15416673 0.000293755788544277
S9_15421508 9 15421508 0.000134389320651577
S9_15449126 9 15449126 0.000131041919541223
S9_15759730 9 15759730 1.14719548886307e-05
S9_15761566 9 15761566 0.000132953810032242
S9_15761659 9 15761659 0.000216937566989931
S9_15791034 9 15791034 0.000327704902104571
S9_15811890 9 15811890 3.22006249067887e-05
S9_15867243 9 15867243 0.000114016578330368
S9_16229158 9 16229158 0.000113232179070573
S9_16306581 9 16306581 0.000721715243712147
S9_16479110 9 16479110 0.000808917524380416
S9_16481767 9 16481767 2.88129913391559e-05
S9_16504100 9 16504100 3.52785023482338e-05
S9_16741799 9 16741799 0.000398964673358737
S9_16876410 9 16876410 6.04236892160789e-05
S9_16962423 9 16962423 0.00012249030025294
S9_16965185 9 16965185 0.000885451930726529
S9_17326560 9 17326560 1.40822151592439e-05
S9_17383569 9 17383569 0.000132503334408194
S9_17433533 9 17433533 0.000479232756757051
S9_17433540 9 17433540 0.000479232756757051
S9_17433572 9 17433572 0.000162427925454424
S9_17487218 9 17487218 1.96521167212128e-06
S9_17615996 9 17615996 5.94975523088205e-05
S9_17684188 9 17684188 0.000920199786702675
S9_17753316 9 17753316 0.000447492484179499
S9_17997996 9 17997996 0.000391732134077895
S9_18359836 9 18359836 0.000958102483039521
S9_18392860 9 18392860 0.000141521152717409
S9_18481299 9 18481299 1.7750105719353e-05
S9_18581885 9 18581885 7.878278219937e-05
S9_18655239 9 18655239 0.000241447635589313
S9_18746237 9 18746237 0.000265138894521851
S9_19092537 9 19092537 0.000236048870354838
S9_19535426 9 19535426 0.000276625547848338
S9_20023712 9 20023712 5.35244697356179e-05
S9_20098190 9 20098190 1.34195798632475e-06
S9_20532793 9 20532793 7.70472962345768e-06
S9_20700492 9 20700492 8.38967359559174e-07
S9_20730667 9 20730667 7.30607997060475e-05
S9_21058281 9 21058281 6.05087910794336e-05
S9_21085301 9 21085301 6.77936820839522e-08
S9_21156815 9 21156815 0.000132020296149034
S9_21709752 9 21709752 0.000204297182406135
S9_21710448 9 21710448 1.86328586355865e-06
S9_21710484 9 21710484 0.000157473310438028
S9_22012131 9 22012131 4.38833653620757e-05
S9_22056747 9 22056747 0.000188917906625076
S9_22075968 9 22075968 1.90027047407191e-06
S9_22208037 9 22208037 0.000236858254111512
S9_22230378 9 22230378 5.92662796271439e-05
S9_22230383 9 22230383 5.92662796271496e-05
S9_22327541 9 22327541 0.000840392138858971
S9_22465374 9 22465374 2.73186911575315e-05
S9_22477967 9 22477967 4.82392840027011e-05
S9_23054072 9 23054072 0.000263268519647534
S9_23504286 9 23504286 2.34654379455975e-05
S9_23559864 9 23559864 0.000167291483505249
S9_23648884 9 23648884 0.000317877552240664
S9_23893839 9 23893839 0.000101081788280943
S9_23893859 9 23893859 0.000177837888916342
S9_24118626 9 24118626 0.000160965518239807
S9_24138952 9 24138952 0.000423702901309464
S9_24276682 9 24276682 0.000682587732965359
S9_24442772 9 24442772 1.8651733349532e-08
S9_24593799 9 24593799 0.000116457151797393
S9_25050754 9 25050754 0.000454951629179691
S9_25094050 9 25094050 5.8468341656443e-05
S9_25108729 9 25108729 0.000544137299335439
S9_25319912 9 25319912 0.00074614295492172
S9_25436114 9 25436114 7.7852656154943e-05
S9_25513003 9 25513003 8.90103835240675e-05
S9_25581226 9 25581226 5.35289279318426e-07
S9_25806509 9 25806509 0.000993990352205077
S9_25874808 9 25874808 0.000596567119450663
S9_26011495 9 26011495 0.000963791371423188
S9_26042952 9 26042952 0.000781730600068912
S9_26048958 9 26048958 6.18203759400273e-05
S9_26129346 9 26129346 0.000371763552812108
S9_26129922 9 26129922 0.00021739890386534
S9_26199761 9 26199761 0.000577073266640146
S9_26267967 9 26267967 5.54885591888254e-05
S9_26296818 9 26296818 9.36416767443341e-08
S9_26640411 9 26640411 0.000809379863686488
S9_26716538 9 26716538 0.000205408388052332
S9_26838628 9 26838628 0.000849026294039434
S9_31384424 9 31384424 2.01430027984987e-05
S9_31643584 9 31643584 0.000237338513559866
S9_31653390 9 31653390 0.000134311559900145
S9_31785568 9 31785568 0.000922965253904005
S9_32183454 9 32183454 0.00029488094062956
S9_32357594 9 32357594 2.67951904343397e-05
S9_32380337 9 32380337 0.000387585773943194
S9_32461744 9 32461744 5.32803207037626e-05
S9_32530718 9 32530718 0.000133890720138754
S9_32831027 9 32831027 0.00058042466074883
S9_32832054 9 32832054 0.000522359704544188
S9_33181703 9 33181703 0.000260867708757988
S9_33282023 9 33282023 0.000899593565721623
S9_33338398 9 33338398 5.18920826648709e-05
S9_33532413 9 33532413 0.000384230523511879
S9_33599983 9 33599983 0.00018606552571912
S9_34552876 9 34552876 0.00073066604547967
S9_34935696 9 34935696 0.000959236394411312
S9_35007608 9 35007608 0.000471624748400393
S9_35101234 9 35101234 8.55725025605464e-05
S9_35176629 9 35176629 5.91168743702967e-05
S9_35378346 9 35378346 0.000461919858734085
S9_35436365 9 35436365 0.000257452988030411
S9_35502164 9 35502164 0.000825542882331858
S9_35529876 9 35529876 3.99238948581914e-07
S9_35659216 9 35659216 9.39693455663345e-09
S9_36047671 9 36047671 0.00010093074774898
S9_36231057 9 36231057 0.000474922917596271
S9_36234599 9 36234599 0.000313160325003756
S9_36236609 9 36236609 7.36321670157254e-05
S9_36393639 9 36393639 0.000815653959098912
S9_36399933 9 36399933 0.000962074439379619
S9_36564624 9 36564624 0.000948915341851449
S9_36656282 9 36656282 0.000309318585320567
S9_36803055 9 36803055 0.000380174372249365
S9_36809062 9 36809062 0.000552702768044005
S9_36881036 9 36881036 2.89868853976487e-05
S9_36921432 9 36921432 0.000173709336518112
S9_37638548 9 37638548 0.000223961917078542
S9_37687384 9 37687384 0.000266315518475029
S9_37822711 9 37822711 0.000139023642059938
S9_37980762 9 37980762 4.66532813288486e-05
S9_38034752 9 38034752 0.000566411502771533
S9_38034753 9 38034753 0.000566411502771533
S9_38034763 9 38034763 0.000566411502771533
S9_38116268 9 38116268 0.000204726170592577
S9_38149822 9 38149822 4.72959403865925e-05
S9_38224290 9 38224290 0.000988917872412164
S9_38327210 9 38327210 9.40612398243078e-05
S9_38493167 9 38493167 0.00040157801193485
S9_38566100 9 38566100 0.000391151961859446
S9_38721078 9 38721078 4.56183028372872e-05
S9_38829137 9 38829137 1.86947060223559e-06
S9_38829600 9 38829600 0.000110965998394922
S9_39037287 9 39037287 0.000848736656419686
S9_39072828 9 39072828 0.00015444676429134
S9_39107874 9 39107874 0.000708573121240876
S9_39190876 9 39190876 0.00035910859395019
S9_39269669 9 39269669 0.000452683212775263
S9_39320174 9 39320174 1.7763514488746e-05
S9_39321404 9 39321404 0.000499146044299026
S9_39325536 9 39325536 0.000568904841991326
S9_39400256 9 39400256 3.83524771528055e-05
S9_39419630 9 39419630 3.50218444176314e-11
S9_39459449 9 39459449 0.00038416782840127
S9_39459450 9 39459450 0.00038416782840127
S9_39459473 9 39459473 0.00038416782840127
S9_39500027 9 39500027 0.000906646131310121
S9_39500028 9 39500028 0.000906646131310121
S9_39541202 9 39541202 0.00066684525105342
S9_39562528 9 39562528 2.94139379746602e-06
S9_39590660 9 39590660 0.000936387416943494
S9_39635887 9 39635887 0.00092255630836174
S9_39635906 9 39635906 0.000896108759737066
S9_39638969 9 39638969 0.000743240408809118
S9_39638992 9 39638992 0.000851564710161448
S9_39639014 9 39639014 0.000804495494155215
S9_39667598 9 39667598 0.000363419320850695
S9_39676483 9 39676483 0.000961563791419996
S9_39742581 9 39742581 4.29295807913255e-05
S9_40043706 9 40043706 0.000126643641595703
S9_40134975 9 40134975 0.000331446646801333
S9_40134995 9 40134995 0.000341974329427903
S9_40148517 9 40148517 0.000268164048315384
S9_40159075 9 40159075 0.000136978184014519
S9_40159329 9 40159329 0.000151059543539728
S9_40159408 9 40159408 0.000314167337524887
S9_40276984 9 40276984 0.000594785327694626
S9_40277002 9 40277002 0.000594785327694626
S9_40281771 9 40281771 2.31398406898737e-05
S9_40295864 9 40295864 0.000616222117593839
S9_40300267 9 40300267 9.33402946389179e-05
S9_40300305 9 40300305 0.000390082560890938
S9_40333863 9 40333863 0.00052395147589782
S9_40333901 9 40333901 0.00052395147589782
S9_40333908 9 40333908 0.00052395147589782
S9_40466048 9 40466048 0.000560789343808784
S9_40488851 9 40488851 0.000849808761332481
S9_40488854 9 40488854 0.000849808761332481
S9_40488856 9 40488856 0.000849808761332481
S9_40536409 9 40536409 0.000569980731677486
S9_40539414 9 40539414 3.62632214138573e-07
S9_40604962 9 40604962 0.000955846210961422
S9_40650035 9 40650035 0.000627171161069482
S9_40718152 9 40718152 0.000828903863363355
S9_40718247 9 40718247 0.000546536610275376
S9_40718252 9 40718252 0.000546536610275376
S9_40789762 9 40789762 0.000433580782896916
S9_40791182 9 40791182 0.000664820928269413
S9_40802245 9 40802245 0.000516705553770516
S9_40867465 9 40867465 0.000810774782306304
S9_40962754 9 40962754 0.000722402781287588
S9_40962909 9 40962909 6.8014977883005e-05
S9_41026132 9 41026132 0.00056496515630393
S9_41141974 9 41141974 0.000348600295429176
S9_41145557 9 41145557 0.000388861446273424
S9_41407380 9 41407380 3.25141269615898e-06
S9_41529371 9 41529371 0.000957718603051624
S9_41529790 9 41529790 0.000479718122710806
S9_41625716 9 41625716 3.30792012721212e-05
S9_41667397 9 41667397 5.48299965460694e-05
S9_41691487 9 41691487 0.000899650773240107
S9_41751385 9 41751385 0.000860548692314963
S9_42446120 9 42446120 2.96893511530472e-08
S9_42446204 9 42446204 6.85398480447154e-05
S9_42584598 9 42584598 0.000448177892996425
S9_42672032 9 42672032 0.000526348435206909
S9_42672068 9 42672068 0.000526348435206909
S9_42753801 9 42753801 1.08559783920695e-05
S9_42772348 9 42772348 0.000527755307222521
S9_42772402 9 42772402 3.84599498800584e-05
S9_42930125 9 42930125 0.000586420058718287
S9_42930158 9 42930158 0.000222054961430377
S9_42934637 9 42934637 0.000907603778982833
S9_42976895 9 42976895 1.84104244232052e-05
S9_42976897 9 42976897 1.84104244232052e-05
S9_43028610 9 43028610 0.000260945235362935
S9_43040317 9 43040317 0.000393042393457943
S9_43223764 9 43223764 4.51423493118352e-05
S9_43245938 9 43245938 0.000436302635398438
S9_43281498 9 43281498 3.81362041281425e-07
S9_43429379 9 43429379 2.05227705279478e-06
S9_43434741 9 43434741 0.000338610926786825
S9_43434753 9 43434753 0.00033861092678702
S9_43543013 9 43543013 0.000212283988929084
S9_44037156 9 44037156 4.09365521804688e-05
S9_44049121 9 44049121 0.000502946357184753
S9_44283008 9 44283008 1.7884870018807e-05
S9_44305508 9 44305508 0.000323476508213126
S9_44668194 9 44668194 0.000456403150184154
S9_44778562 9 44778562 7.40101083835151e-05
S9_44868290 9 44868290 4.94801234855844e-05
S9_44902379 9 44902379 0.000885761013475778
S9_44940613 9 44940613 8.00155505891293e-07
S9_44941413 9 44941413 0.000187531398310001
S9_44941447 9 44941447 0.000187531398309949
S9_45014241 9 45014241 0.000263025429934936
S9_45090989 9 45090989 0.000564084757544283
S9_45353471 9 45353471 2.73481996140709e-05
S9_45353472 9 45353472 2.73481996140709e-05
S9_45475502 9 45475502 0.000690605364445652
S9_45494064 9 45494064 2.92621095264689e-05
S9_45504304 9 45504304 4.55188031337618e-05
S9_45544961 9 45544961 5.17820671187913e-06
S9_45545025 9 45545025 0.000130414258178839
S9_45545377 9 45545377 0.000920436364507903
S9_45598942 9 45598942 0.000588793610466927
S9_45704439 9 45704439 8.32114922661567e-05
S9_45714078 9 45714078 3.1214113772725e-06
S9_45778435 9 45778435 4.3454391558007e-05
S9_45945355 9 45945355 0.000570129829222186
S9_45945358 9 45945358 0.000570129829222262
S9_45945361 9 45945361 0.000570129829222186
S9_45945362 9 45945362 0.000570129829222262
S9_45945363 9 45945363 0.000570129829222186
S9_45945366 9 45945366 0.0009056616875192
S9_45945368 9 45945368 0.000612239715971458
S9_45945369 9 45945369 0.000570129829222262
S9_45978743 9 45978743 0.000255954408114217
S9_46136401 9 46136401 5.79255576085561e-05
S9_46155217 9 46155217 0.000101300542739237
S9_46173378 9 46173378 0.000726628668866511
S9_46175919 9 46175919 0.000330635583610684
S9_46214491 9 46214491 6.75173781613458e-05
S9_46232737 9 46232737 1.61166397377174e-05
S9_46357790 9 46357790 0.000107811923762956
S9_46359720 9 46359720 0.000112087750614523
S9_46359729 9 46359729 0.000139027960415138
S9_46397016 9 46397016 1.8353360709121e-05
S9_46476231 9 46476231 0.000243761757701268
S9_46476257 9 46476257 0.000243685844387782
S9_46530381 9 46530381 0.00030826978659986
S9_46788155 9 46788155 0.00010684554029315
S9_46802066 9 46802066 0.000272347956189258
S9_46888260 9 46888260 0.00010371136631995
S9_46888279 9 46888279 0.000175150984408351
S9_46918063 9 46918063 9.2253132336248e-09
S9_47170415 9 47170415 5.29359721383585e-07
S9_47239300 9 47239300 0.000138341530338696
S9_47334314 9 47334314 0.000366879206285611
S9_47334315 9 47334315 0.000555612698699864
S9_47338192 9 47338192 5.51853512358458e-05
S9_47355690 9 47355690 0.000165522161150427
S9_47356786 9 47356786 2.80595870332257e-06
S9_47361778 9 47361778 0.000437070436303474
S9_47373137 9 47373137 2.07196621831047e-05
S9_47373156 9 47373156 2.07196621831017e-05
S9_47373160 9 47373160 2.07196621831017e-05
S9_47374051 9 47374051 1.33899977581175e-05
S9_47376089 9 47376089 0.000464685686580603
S9_47378984 9 47378984 7.5257509626513e-05
S9_47379014 9 47379014 7.39115678946307e-05
S9_47400122 9 47400122 0.000151771696322746
S9_47400123 9 47400123 0.000151771696322746
S9_47433994 9 47433994 1.8601615677516e-05
S9_47530155 9 47530155 0.000934508691615117
S9_47626814 9 47626814 6.55596360306163e-05
S9_47646000 9 47646000 4.49040914040526e-06
S9_47698973 9 47698973 0.000156684262174784
S9_47700755 9 47700755 0.000912539160674385
S9_47700794 9 47700794 1.23231117925437e-05
S9_47713647 9 47713647 0.000158744362363755
S9_47724410 9 47724410 0.000614296678037691
S9_47724430 9 47724430 0.000614296678037691
S9_47724443 9 47724443 0.000279312398996067
S9_47729104 9 47729104 0.000153658719582524
S9_47729329 9 47729329 0.000699654183857091
S9_47742092 9 47742092 0.000751991346989161
S9_47779426 9 47779426 6.41252467756923e-05
S9_47779497 9 47779497 0.000329273793017638
S9_47821763 9 47821763 0.00027211544515184
S9_47834431 9 47834431 0.0001499426829595
S9_47863085 9 47863085 0.000230054158619259
S9_47923567 9 47923567 0.000143341072840246
S9_47923577 9 47923577 0.000143341072840246
S9_47928071 9 47928071 0.000127485466798303
S9_47932998 9 47932998 8.75182665539994e-05
S9_47954840 9 47954840 3.37497474522118e-05
S9_48006775 9 48006775 0.000813420859113346
S9_48017274 9 48017274 2.56934741427521e-06
S9_48053795 9 48053795 0.000114590473842499
S9_48075026 9 48075026 9.78014821707958e-07
S9_48142675 9 48142675 0.000603308009071217
S9_48142676 9 48142676 0.000603308009071217
S9_48142685 9 48142685 0.000393599115418378
S9_48292335 9 48292335 6.8768473764526e-07
S9_48292337 9 48292337 4.34996556631316e-05
S9_48357607 9 48357607 8.88426388468309e-05
S9_48371849 9 48371849 0.000698868997556479
S9_48381730 9 48381730 5.57632987047431e-05
S9_48447686 9 48447686 0.000302800322522994
S9_48452423 9 48452423 0.000113060096748695
S9_48475804 9 48475804 0.000340146332470463
S9_48477636 9 48477636 6.04025671314397e-08
S9_48478821 9 48478821 2.53296996029106e-07
S9_48533956 9 48533956 2.84751209702405e-06
S9_48679946 9 48679946 3.90344005848681e-06
S9_48835191 9 48835191 0.000113529127490256
S9_48926673 9 48926673 1.59296013065723e-08
S9_48957965 9 48957965 4.98461433380071e-05
S9_49004391 9 49004391 0.000180794533086469
S9_49125191 9 49125191 0.00012608788553795
S9_49135648 9 49135648 5.84789491212773e-05
S9_49217797 9 49217797 3.92227028342346e-05
S9_49221878 9 49221878 0.000793139310095333
S9_49262229 9 49262229 1.56539977961e-05
S9_49264982 9 49264982 0.000554073890540326
S9_49386349 9 49386349 0.00060678606648123
S9_49386361 9 49386361 0.0005990695007284
S9_49420728 9 49420728 0.000438524673555602
S9_49458030 9 49458030 0.000169197324501667
S9_49549887 9 49549887 7.16231696213622e-06
S9_49553725 9 49553725 9.27827872448434e-07
S9_49553733 9 49553733 7.86717219947212e-07
S9_49558868 9 49558868 0.000147878815885074
S9_49587358 9 49587358 6.72369687135604e-08
S9_49587394 9 49587394 6.72369687135604e-08
S9_49589392 9 49589392 0.000130873802319318
S9_49607078 9 49607078 6.05051732841091e-06
S9_49607134 9 49607134 6.05051732841179e-06
S9_49607810 9 49607810 7.03455909897023e-05
S9_49608492 9 49608492 7.71782888649546e-05
S9_49617935 9 49617935 4.89922008398489e-06
S9_49621120 9 49621120 9.34291746614568e-05
S9_49625033 9 49625033 0.000141343184482457
S9_49667317 9 49667317 8.23493166736853e-05
S9_49667336 9 49667336 4.38698998950226e-05
S9_49667522 9 49667522 0.000604818038342688
S9_49667594 9 49667594 0.000618042866081753
S9_49667728 9 49667728 0.000882628091299774
S9_49671206 9 49671206 0.000985920010149694
S9_49750344 9 49750344 0.000350963783143546
S9_49750542 9 49750542 0.00084766105973958
S9_49762202 9 49762202 0.000925935915061745
S9_49823151 9 49823151 0.000441694541388747
S9_49840051 9 49840051 2.58345623527038e-05
S9_50032259 9 50032259 0.000512122320104559
S9_50120044 9 50120044 7.92263378294895e-06
S9_50174079 9 50174079 3.87066902548338e-05
S9_50201379 9 50201379 0.000156697912313343
S9_50217049 9 50217049 3.03400450528358e-07
S9_50231965 9 50231965 0.000734058668826023
S9_50253838 9 50253838 4.28637537377445e-07
S9_50292499 9 50292499 0.000590226348425494
S9_50293980 9 50293980 0.00010179657600381
S9_50302954 9 50302954 0.000608938121651349
S9_50311739 9 50311739 0.000168106329249404
S9_50364353 9 50364353 3.97203726562765e-06
S9_50384171 9 50384171 4.4773571575581e-05
S9_50387175 9 50387175 0.000211295751351303
S9_50659234 9 50659234 3.8429717900974e-06
S9_50684052 9 50684052 8.32654995491303e-06
S9_50822961 9 50822961 9.47202840440983e-09
S9_50822979 9 50822979 0.000967139065517256
S9_50928225 9 50928225 7.28039230739827e-05
S9_50938012 9 50938012 2.21965838278088e-05
S9_50945913 9 50945913 0.000678095009592326
S9_50958519 9 50958519 0.000233891396610537
S9_50958522 9 50958522 0.000197270014714262
S9_50958624 9 50958624 0.000222286668663289
S9_50958962 9 50958962 4.18383417381616e-05
S9_51003536 9 51003536 0.000640690283898741
S9_51089124 9 51089124 0.000306726459281089
S9_51104466 9 51104466 2.40867864547995e-05
S9_51118105 9 51118105 0.000273554096718862
S9_51130478 9 51130478 2.38904702181103e-05
S9_51130526 9 51130526 2.38904702181103e-05
S9_51141506 9 51141506 4.75434085220025e-05
S9_51177575 9 51177575 0.000690172590022095
S9_51185913 9 51185913 0.000131074668863466
S9_51185927 9 51185927 0.000131074668863466
S9_51254875 9 51254875 0.000869722712550835
S9_51265845 9 51265845 0.000131145338489046
S9_51416560 9 51416560 2.16286036640516e-05
S9_51670308 9 51670308 0.000631635248052882
S9_51670564 9 51670564 0.000220757273487088
S9_51725092 9 51725092 0.000190670212543946
S9_51725901 9 51725901 0.000487420400734743
S9_51728010 9 51728010 4.62957003281096e-06
S9_51728011 9 51728011 4.62957003281096e-06
S9_51728012 9 51728012 4.62957003281137e-06
S9_51728013 9 51728013 4.62957003281096e-06
S9_51808441 9 51808441 0.000213147297018249
S9_51860282 9 51860282 3.26715292116153e-05
S9_51860283 9 51860283 3.26715292116153e-05
S9_51860284 9 51860284 3.26715292116567e-05
S9_51865740 9 51865740 0.000434813550621214
S9_51886055 9 51886055 0.000341944534693011
S9_51886056 9 51886056 0.000341944534693011
S9_51886057 9 51886057 0.000341944534693011
S9_51919428 9 51919428 0.000342982363481588
S9_51921661 9 51921661 0.00026384212776537
S9_51946435 9 51946435 0.000194605544506458
S9_51946438 9 51946438 0.000194605544506458
S9_51946440 9 51946440 0.000194605544506458
S9_51946441 9 51946441 0.000194605544506458
S9_51946442 9 51946442 0.000194605544506458
S9_51946445 9 51946445 0.000194605544506458
S9_52183215 9 52183215 0.000549453102907067
S9_52183253 9 52183253 0.000549453102907067
S9_52183256 9 52183256 8.06628128628488e-05
S9_52183263 9 52183263 0.000549453102907067
S9_52183590 9 52183590 6.45039599668536e-07
S9_52183600 9 52183600 6.45039599668536e-07
S9_52183634 9 52183634 6.45039599668536e-07
S9_52186292 9 52186292 0.000319276391537773
S9_52494025 9 52494025 0.000550376356569671
S9_52567199 9 52567199 0.000448712473988708
S9_52651650 9 52651650 0.000180188118703331
S9_52700388 9 52700388 0.000711545989970438
S9_52726035 9 52726035 0.000417477761613207
S9_52730426 9 52730426 0.000103322967208486
S9_52730440 9 52730440 0.000103322967208486
S9_52730450 9 52730450 0.000103322967208486
S9_52730457 9 52730457 0.000103322967208486
S9_52751235 9 52751235 0.000306360269255
S9_52751359 9 52751359 0.00072406302091613
S9_52845569 9 52845569 0.000297404690020818
S9_52908395 9 52908395 4.71957149067418e-05
S9_52908421 9 52908421 0.000182316113369344
S9_52939797 9 52939797 0.000155457060122531
S9_52943372 9 52943372 0.000175069188584878
S9_52959774 9 52959774 0.000977077561221273
S9_52978205 9 52978205 0.000241734577769158
S9_52982833 9 52982833 0.000924641051291791
S9_53006584 9 53006584 9.05582069723497e-07
S9_53007496 9 53007496 0.00015484587540806
S9_53016038 9 53016038 0.000679451512549269
S9_53048324 9 53048324 0.000166552688222295
S9_53062875 9 53062875 1.68239165837977e-05
S9_53090706 9 53090706 0.000143111379781941
S9_53091628 9 53091628 0.000883719045739634
S9_53098202 9 53098202 0.000269939476266395
S9_53108152 9 53108152 4.9395793168185e-05
S9_53109303 9 53109303 3.03946329890429e-05
S9_53113163 9 53113163 2.63638707967539e-05
S9_53113174 9 53113174 0.0001560715226063
S9_53118075 9 53118075 3.54378871499827e-05
S9_53131348 9 53131348 0.000642245780949677
S9_53165781 9 53165781 0.000105494027103586
S9_53188793 9 53188793 0.000950697870212172
S9_53294356 9 53294356 4.42186197024576e-05
S9_53483628 9 53483628 5.81627589938993e-05
S9_53583229 9 53583229 0.000283394797785385
S9_53610762 9 53610762 0.000467278902914061
S9_53610768 9 53610768 0.000467278902914061
S9_53610787 9 53610787 0.000467278902914044
S9_53610805 9 53610805 0.000467278902914061
S9_53653317 9 53653317 1.66830074438526e-05
S9_53653319 9 53653319 0.000128637496612335
S9_53654538 9 53654538 6.43816565749525e-07
S9_53711407 9 53711407 4.06716848693844e-05
S9_53711425 9 53711425 1.94377772909126e-05
S9_53719963 9 53719963 0.000934990985348682
S9_53737988 9 53737988 3.4646306696074e-05
S9_53750007 9 53750007 6.69482470826333e-06
S9_53756515 9 53756515 0.000135703085424516
S9_53757293 9 53757293 0.000221393330532352
S9_53757318 9 53757318 0.000221393330532352
S9_53758294 9 53758294 6.90713758442506e-05
S9_53758364 9 53758364 0.000520443613551262
S9_53775792 9 53775792 0.000671872275136835
S9_53835393 9 53835393 5.16671199193531e-09
S9_53835394 9 53835394 5.16671199193531e-09
S9_53835396 9 53835396 5.16671199193531e-09
S9_53835398 9 53835398 5.16671199193753e-09
S9_53859074 9 53859074 3.285463163795e-05
S9_53907313 9 53907313 0.000155782630788486
S9_53907361 9 53907361 0.000155782630788436
S9_53935938 9 53935938 8.36557998313814e-06
S9_53941247 9 53941247 0.000547423032989269
S9_54127615 9 54127615 0.000288529788315705
S9_54215671 9 54215671 0.000538582215583518
S9_54279829 9 54279829 6.49189818846494e-05
S9_54307248 9 54307248 0.000655888980398044
S9_54307937 9 54307937 0.000791141690959749
S9_54318197 9 54318197 0.000161669323409927
S9_54345954 9 54345954 0.000346928074517091
S9_54524117 9 54524117 0.000636760983009432
S9_54529328 9 54529328 0.00029086472896938
S9_54529362 9 54529362 0.000359357027232606
S9_54529398 9 54529398 0.000359357027232606
S9_54611393 9 54611393 3.10032131870867e-05
S9_54645307 9 54645307 1.80845501523996e-06
S9_54699020 9 54699020 1.5328137483033e-05
S9_55046444 9 55046444 2.04675260273789e-05
S9_55063296 9 55063296 0.000565526678802289
S9_55085379 9 55085379 0.000665964580488653
S9_55094847 9 55094847 7.85034877956426e-05
S9_55105727 9 55105727 0.000230929557202925
S9_55133035 9 55133035 4.99241905178107e-05
S9_55134666 9 55134666 0.000411859435114383
S9_55191315 9 55191315 2.15234874441175e-06
S9_55191337 9 55191337 4.02076203122954e-06
S9_55248480 9 55248480 2.6036392707359e-05
S9_55252823 9 55252823 8.45294159699487e-05
S9_55259291 9 55259291 0.000491198011770489
S9_55259293 9 55259293 0.000491198011770665
S9_55259295 9 55259295 0.000491198011770489
S9_55259296 9 55259296 0.000491198011770665
S9_55342049 9 55342049 0.000103772264206553
S9_55367789 9 55367789 0.000670379646330101
S9_55402878 9 55402878 4.05049239929291e-07
S9_55533411 9 55533411 0.000342969560047176
S9_55548078 9 55548078 2.82486252958002e-05
S9_55797710 9 55797710 0.00026209904671523
S9_55832967 9 55832967 0.000244051172303034
S9_55883526 9 55883526 5.57092740585307e-05
S9_55906063 9 55906063 0.000416078761191571
S9_55919616 9 55919616 4.54003209770613e-05
S9_55919777 9 55919777 1.08107562678743e-05
S9_56015633 9 56015633 0.000412020099346981
S9_56356503 9 56356503 0.000602319622113585
S9_56356506 9 56356506 5.60959298804799e-05
S9_56370286 9 56370286 9.78348072801052e-05
S9_56373789 9 56373789 2.96608854696768e-05
S9_56431073 9 56431073 6.04920724499971e-05
S9_56464419 9 56464419 0.000990544055291909
S9_56467705 9 56467705 3.20163344164598e-05
S9_56499242 9 56499242 8.27400718482742e-05
S9_56533829 9 56533829 1.04141303822752e-05
S9_56533842 9 56533842 0.000857961385969825
S9_56542960 9 56542960 0.000546659576545459
S9_56542973 9 56542973 0.000546659576545459
S9_56545723 9 56545723 2.66081350137661e-05
S9_56626613 9 56626613 0.000517292339808053
S9_56716669 9 56716669 1.10346559743643e-05
S9_56772824 9 56772824 0.000121706872759353
S9_56785388 9 56785388 0.000142503544984985
S9_56786636 9 56786636 0.00034305279194447
S9_56786983 9 56786983 3.07883771046506e-05
S9_56807972 9 56807972 1.43523196942682e-05
S9_56814072 9 56814072 0.000700208348568655
S9_56815350 9 56815350 0.000853783522686836
S9_56829136 9 56829136 3.81221819417311e-05
S9_56849733 9 56849733 0.000916528828772413
S9_56861702 9 56861702 0.000677173918325535
S9_56893172 9 56893172 0.00052069690450722
S9_57019613 9 57019613 5.14601557435531e-05
S9_57261485 9 57261485 6.23628757706e-05
S9_57281384 9 57281384 0.000193686518600041
S9_57384270 9 57384270 1.12043018685619e-07
S9_57385549 9 57385549 0.000169676283010203
S9_57429243 9 57429243 2.39098869973043e-05
S9_57429250 9 57429250 2.39098869973043e-05
S9_57429257 9 57429257 2.39098869973043e-05
S9_57429258 9 57429258 2.4478971878243e-05
S9_57495827 9 57495827 3.46677631388191e-05
S9_57509742 9 57509742 0.000409268966621915
S9_57523725 9 57523725 0.000356159812532681
S9_57523744 9 57523744 0.000346698849556433
S9_57535370 9 57535370 0.000950154916287855
S9_57535375 9 57535375 0.000950154916287855
S9_57535397 9 57535397 0.000950154916287855
S9_57535409 9 57535409 0.000950154916287855
S9_57537602 9 57537602 0.00062069605495955
S9_57591576 9 57591576 3.11979984081061e-05
S9_57606010 9 57606010 1.27462904031806e-05
S9_57645930 9 57645930 0.000146449763217756
S9_57665542 9 57665542 5.56908683737846e-05
S9_57682564 9 57682564 6.13991232213777e-05
S9_57682606 9 57682606 0.000107789801965605
S9_57684825 9 57684825 0.00014268458371026
S9_57685005 9 57685005 8.51974157803657e-07
S9_57700464 9 57700464 1.00101496936516e-08
S9_57712610 9 57712610 0.000386935418338111
S9_57735210 9 57735210 6.80638152996366e-05
S9_57735246 9 57735246 7.58241403748519e-05
S9_57773036 9 57773036 0.000291228368993883
S9_57773092 9 57773092 0.000946703882505467
S9_57800042 9 57800042 0.000252238663191294
S9_57803557 9 57803557 6.77307877511809e-05
S9_57818154 9 57818154 0.000338329473745603
S9_57853992 9 57853992 0.000478941084083328
S9_57854006 9 57854006 0.000478941084083328
S9_57854033 9 57854033 0.000478941084083328
S9_57858807 9 57858807 0.000850649711994092
S9_57858808 9 57858808 0.00090212481273738
S9_57858809 9 57858809 0.00090212481273738
S9_57858811 9 57858811 0.00090212481273738
S9_57880913 9 57880913 6.16345351440479e-05
S9_57914592 9 57914592 0.000965744618564567
S9_57916222 9 57916222 0.000574678219657031
S9_57916357 9 57916357 5.24882770781895e-05
S9_57926351 9 57926351 0.000221648800934305
S9_57934203 9 57934203 0.000633751438526067
S9_57934218 9 57934218 0.000633751438526067
S9_57934479 9 57934479 0.00037351732751507
S9_57934592 9 57934592 0.000290884527219811
S9_57944133 9 57944133 2.53377878649639e-06
S9_57948887 9 57948887 3.98828191407832e-06
S9_57968789 9 57968789 0.000540288242072519
S9_57982059 9 57982059 0.000431506886202096
S9_57982627 9 57982627 2.94602740354185e-05
S9_57982636 9 57982636 0.000127396675124659
S9_57983092 9 57983092 0.000473051494612447
S9_57996346 9 57996346 0.00027210084332614
S9_58011170 9 58011170 4.80976879343837e-05
S9_58105556 9 58105556 0.00048506318300455
S9_58121512 9 58121512 2.63643753403217e-05
S9_58128845 9 58128845 0.000147138150725555
S9_58139931 9 58139931 0.000109773245968695
S9_58143557 9 58143557 8.85894514304999e-05
S9_58149534 9 58149534 0.000317820969134998
S9_58149735 9 58149735 0.000314986582600036
S9_58158124 9 58158124 7.45792229577164e-08
S9_58184965 9 58184965 6.50776985786574e-07
S9_58196689 9 58196689 2.92904117769728e-05
S9_58201528 9 58201528 0.000125698294786432
S9_58214890 9 58214890 0.00017535549190717
S9_58234460 9 58234460 1.35781185073858e-05
S9_58238420 9 58238420 0.000764333018285255
S9_58238459 9 58238459 0.000764333018285255
S9_58238618 9 58238618 0.000137406588685951
S9_58238650 9 58238650 0.000137406588685951
S9_58277035 9 58277035 7.34083930616966e-05
S9_58341323 9 58341323 0.000533632522431417
S9_58356418 9 58356418 8.9647580560143e-05
S9_58460844 9 58460844 0.000111305613081745
S9_58496342 9 58496342 0.000217065029486545
S9_58496361 9 58496361 0.000217065029486545
S9_58539864 9 58539864 0.000491327332980108
S9_58545204 9 58545204 0.000120940005560731
S9_58551293 9 58551293 1.57934778969708e-05
S9_58572467 9 58572467 1.61327468785309e-06
S9_58593417 9 58593417 0.000437808801682525
S9_58600639 9 58600639 0.00050347831415563
S9_58677683 9 58677683 0.000829439898213935
S9_58780093 9 58780093 8.56060493091013e-06
S9_58788737 9 58788737 7.1094037887747e-08
S9_58788738 9 58788738 4.5971985534945e-05
S9_58788739 9 58788739 7.25830640162693e-08
S9_58857453 9 58857453 3.24845184955019e-05
S9_58948530 9 58948530 2.46017020485184e-06
S9_58973422 9 58973422 0.000833242574313637
S9_59110252 9 59110252 0.00012856357592125
S9_59139266 9 59139266 0.000445395048951375
S9_59339824 9 59339824 0.000334413775966002
S9_59373671 9 59373671 8.99896249868749e-06
S9_59373672 9 59373672 8.99896249868691e-06
S9_59373675 9 59373675 8.99896249868749e-06
S9_59373677 9 59373677 8.99896249868691e-06
S9_59373679 9 59373679 8.99896249868691e-06
S9_59419321 9 59419321 8.63651846758176e-05
