Marker Chr Pos p
S3_204457 3 204457 0.00019496545909876
S3_309269 3 309269 1.09306049730119e-09
S3_504045 3 504045 0.000232491120266018
S3_689416 3 689416 0.000158123693102649
S3_705716 3 705716 0.000686181836985279
S3_1063082 3 1063082 9.41757278610116e-05
S3_1063104 3 1063104 3.33035124391923e-05
S3_1063125 3 1063125 9.25004772480849e-05
S3_1134525 3 1134525 0.000114501253300739
S3_1190454 3 1190454 1.36267625184565e-05
S3_1421760 3 1421760 0.000604693294835904
S3_1481801 3 1481801 0.000496697513127399
S3_1496547 3 1496547 0.000651534680859121
S3_1563199 3 1563199 0.000303885988047749
S3_1617621 3 1617621 3.98526398528552e-05
S3_1708551 3 1708551 2.96340754780571e-05
S3_1725331 3 1725331 9.53232582477407e-06
S3_1725372 3 1725372 0.000479698456501386
S3_1774534 3 1774534 0.000744991805707786
S3_1821407 3 1821407 0.000232680708651871
S3_1850197 3 1850197 0.000741686585514415
S3_2084379 3 2084379 0.000103414122822629
S3_2087212 3 2087212 0.000188988736304383
S3_2108804 3 2108804 0.000160941316101707
S3_2130018 3 2130018 5.4770918967608e-05
S3_2130212 3 2130212 1.3757184058334e-05
S3_2169974 3 2169974 3.99896154166098e-05
S3_2210657 3 2210657 0.000180328887537179
S3_2471630 3 2471630 0.000531835668186934
S3_2472883 3 2472883 0.000749365671255897
S3_2504480 3 2504480 0.00069551528874168
S3_2504526 3 2504526 0.00069551528874168
S3_2504935 3 2504935 2.94375474955315e-07
S3_2504936 3 2504936 2.94375474955315e-07
S3_2504937 3 2504937 2.94375474955315e-07
S3_2517308 3 2517308 0.000766368730454022
S3_2559326 3 2559326 0.000251796533048327
S3_2559359 3 2559359 7.85284928788089e-05
S3_2766716 3 2766716 0.000740967349550775
S3_2774250 3 2774250 0.000566601559441487
S3_2783965 3 2783965 6.61645851004406e-05
S3_2802401 3 2802401 0.000619929195469323
S3_2897194 3 2897194 0.000693416285542113
S3_3151802 3 3151802 0.000939819261584115
S3_3195914 3 3195914 3.46973279256441e-05
S3_3199599 3 3199599 0.000490650010499483
S3_3200513 3 3200513 0.000881726564582082
S3_3201555 3 3201555 0.00076848063399858
S3_3235098 3 3235098 0.000838361176589402
S3_3326270 3 3326270 9.26472530225016e-05
S3_3402604 3 3402604 0.000337529381546049
S3_3503852 3 3503852 9.35228781599123e-06
S3_3565981 3 3565981 0.000908990252576127
S3_3615035 3 3615035 0.000937975357932265
S3_3632469 3 3632469 0.000445539095996789
S3_3650312 3 3650312 1.40149650682122e-05
S3_3650359 3 3650359 1.25739142810155e-05
S3_3656739 3 3656739 0.000480308951708748
S3_3901713 3 3901713 0.000796698926910778
S3_4071122 3 4071122 0.000408525934479504
S3_4079377 3 4079377 0.000571986326006845
S3_4159255 3 4159255 2.74114759304608e-05
S3_4208051 3 4208051 9.82880502039738e-05
S3_4341977 3 4341977 0.000273957542990783
S3_4464405 3 4464405 0.000822896414024635
S3_4464408 3 4464408 0.000822896414024635
S3_4464410 3 4464410 0.000822896414024635
S3_4512240 3 4512240 6.27454097260218e-05
S3_4549927 3 4549927 0.000180454841060941
S3_4572927 3 4572927 0.000555770034272554
S3_4580152 3 4580152 0.000228568084290159
S3_4641368 3 4641368 0.000675405234126031
S3_4738895 3 4738895 9.3206903671755e-05
S3_4763319 3 4763319 5.18917506706626e-05
S3_4774547 3 4774547 7.56680931271981e-06
S3_4774548 3 4774548 2.087424122697e-06
S3_4774559 3 4774559 7.56680931271981e-06
S3_4774574 3 4774574 7.56680931271981e-06
S3_4876637 3 4876637 6.28429017611821e-06
S3_5240046 3 5240046 1.37761382736226e-05
S3_5407706 3 5407706 0.000201927529690517
S3_5534819 3 5534819 0.000667287130457546
S3_5569291 3 5569291 0.000495024350888515
S3_5571614 3 5571614 0.000637463132469369
S3_5594797 3 5594797 0.000609436961217054
S3_5607079 3 5607079 0.000253492361626046
S3_5640188 3 5640188 2.4645193305507e-05
S3_5682498 3 5682498 0.000804103734617012
S3_5807507 3 5807507 3.48466235885431e-05
S3_5846631 3 5846631 0.000686102849728124
S3_5878765 3 5878765 4.00164788862283e-05
S3_5891555 3 5891555 0.000325949431227772
S3_6012960 3 6012960 1.3724038949364e-05
S3_6049529 3 6049529 0.000583030595306298
S3_6049541 3 6049541 0.000583030595306271
S3_6109294 3 6109294 0.000183337289674646
S3_6109304 3 6109304 0.000183337289674646
S3_6119417 3 6119417 0.000715257843265128
S3_6152510 3 6152510 1.14525410193739e-05
S3_6189621 3 6189621 6.83617107958704e-06
S3_6202723 3 6202723 8.12382918800776e-05
S3_6254827 3 6254827 1.49292962944465e-05
S3_6289497 3 6289497 0.000807855238081555
S3_6289498 3 6289498 0.000652518628302625
S3_6387588 3 6387588 3.00558862350091e-05
S3_6429388 3 6429388 0.000380187161616801
S3_6539863 3 6539863 6.31176628746625e-07
S3_6550823 3 6550823 0.00023508232599404
S3_6550830 3 6550830 0.000235082325993884
S3_6649062 3 6649062 0.00040360256211841
S3_6655018 3 6655018 0.000411013950751308
S3_6680970 3 6680970 0.000516410028359598
S3_6705731 3 6705731 3.97366975472077e-06
S3_6716895 3 6716895 2.64923669425134e-07
S3_6721525 3 6721525 1.06270196879751e-07
S3_6723223 3 6723223 6.97482790033233e-05
S3_6748265 3 6748265 6.39572658452025e-05
S3_6760366 3 6760366 0.00013967313410725
S3_6768423 3 6768423 3.99448102309356e-07
S3_6829071 3 6829071 0.000803628503409036
S3_6829237 3 6829237 0.000687641308862661
S3_6833114 3 6833114 9.55156221356854e-06
S3_6836777 3 6836777 1.15729333491356e-06
S3_6871659 3 6871659 5.36344962030633e-05
S3_6915133 3 6915133 0.000284574224610986
S3_6929363 3 6929363 0.000421287340187271
S3_6929457 3 6929457 0.000360671423277655
S3_6929481 3 6929481 0.000360671423277616
S3_6935112 3 6935112 3.54234381216333e-06
S3_6949988 3 6949988 7.85403276549438e-06
S3_7168700 3 7168700 0.000301998001245869
S3_7195151 3 7195151 0.000696566576176761
S3_7206538 3 7206538 5.0452219729483e-05
S3_7206896 3 7206896 0.000197654763512871
S3_7216488 3 7216488 0.00092483195041036
S3_7230483 3 7230483 0.000286840827298971
S3_7231367 3 7231367 7.66726327772465e-05
S3_7235447 3 7235447 0.000263034721745583
S3_7235568 3 7235568 0.00069308650197972
S3_7254629 3 7254629 3.61840803281197e-05
S3_7258190 3 7258190 2.09639969701364e-05
S3_7258195 3 7258195 9.232657106489e-06
S3_7258212 3 7258212 0.000189878281972009
S3_7258268 3 7258268 0.000128519993257247
S3_7264789 3 7264789 3.35097728323935e-06
S3_7267183 3 7267183 0.00037105008475626
S3_7270990 3 7270990 1.70512432343676e-06
S3_7276983 3 7276983 0.000311270852859701
S3_7304823 3 7304823 3.95732536951574e-06
S3_7304845 3 7304845 3.95732536951574e-06
S3_7357075 3 7357075 0.000849644782030604
S3_7357076 3 7357076 0.000214926610059946
S3_7374399 3 7374399 0.000954863805300365
S3_7397685 3 7397685 6.32730272756253e-06
S3_7399380 3 7399380 1.79934869122894e-05
S3_7420564 3 7420564 0.000581605566332097
S3_7443991 3 7443991 6.74781789872093e-06
S3_7490968 3 7490968 9.69952765116967e-06
S3_7493757 3 7493757 0.00099501043721946
S3_7519398 3 7519398 6.65405541790963e-05
S3_7544463 3 7544463 0.000279233247285626
S3_7571052 3 7571052 0.000130543737943977
S3_7571105 3 7571105 0.000130543737943977
S3_7677877 3 7677877 4.62806266102225e-06
S3_7708155 3 7708155 2.59893702708459e-06
S3_7708168 3 7708168 2.59893702708459e-06
S3_7727537 3 7727537 2.57981365963974e-05
S3_7762451 3 7762451 0.000146358241583718
S3_7779200 3 7779200 0.000519787272098947
S3_7887293 3 7887293 0.000210166312678789
S3_7911347 3 7911347 0.000370261826788883
S3_7948452 3 7948452 0.00057315451966296
S3_7953509 3 7953509 0.000615510526121101
S3_7981096 3 7981096 3.57280898633409e-06
S3_8074774 3 8074774 1.85359458588554e-06
S3_8074775 3 8074775 1.10596103791118e-05
S3_8074776 3 8074776 7.90495825297284e-07
S3_8085752 3 8085752 0.000192178904322741
S3_8136284 3 8136284 0.000180640287958376
S3_8136285 3 8136285 0.000180640287958376
S3_8136347 3 8136347 0.0007956687987263
S3_8136715 3 8136715 3.99001502446046e-05
S3_8136959 3 8136959 0.000914798874133648
S3_8140841 3 8140841 0.000758308368530516
S3_8150084 3 8150084 0.000915411264475465
S3_8156294 3 8156294 0.000599393839225492
S3_8299852 3 8299852 0.000125137438569689
S3_8393526 3 8393526 0.000426690778031267
S3_8441301 3 8441301 9.28911421674945e-05
S3_8447350 3 8447350 0.000552928189673821
S3_8448961 3 8448961 1.10822042886333e-05
S3_8523839 3 8523839 0.000819027054640947
S3_8589041 3 8589041 0.000474827956756887
S3_8614926 3 8614926 0.000282915600790034
S3_8614956 3 8614956 0.000189130809635929
S3_8636010 3 8636010 0.000393539335259552
S3_8653881 3 8653881 0.000531773754247385
S3_8664408 3 8664408 2.95436813258488e-05
S3_8673591 3 8673591 9.27169935713787e-05
S3_8682515 3 8682515 2.17946085617361e-06
S3_8682520 3 8682520 2.17946085617408e-06
S3_8688325 3 8688325 0.000200358205488156
S3_8795743 3 8795743 0.000210494584511517
S3_8806168 3 8806168 9.3710442131517e-05
S3_8890715 3 8890715 0.000831946225314138
S3_9120817 3 9120817 0.000216064767994672
S3_9120818 3 9120818 0.000216064767994692
S3_9122919 3 9122919 0.000750402952000679
S3_9315248 3 9315248 0.000118923305506103
S3_9315283 3 9315283 0.000125675284225085
S3_9315575 3 9315575 0.000816060173805001
S3_9320965 3 9320965 0.000252039374234491
S3_9321237 3 9321237 0.000894375824054299
S3_9348793 3 9348793 0.000717937378836572
S3_9391675 3 9391675 0.000363383676373346
S3_9404153 3 9404153 0.000621857475588402
S3_9417429 3 9417429 8.35898982080446e-05
S3_9420786 3 9420786 0.000422691497053969
S3_9502354 3 9502354 0.000991649252065447
S3_9566828 3 9566828 0.000622310821514072
S3_9679127 3 9679127 1.94312562515218e-05
S3_9682480 3 9682480 0.000309573247845118
S3_9682505 3 9682505 0.000309573247845118
S3_9682529 3 9682529 0.000309573247845118
S3_9690616 3 9690616 7.74436553787485e-05
S3_9690643 3 9690643 7.74436553787485e-05
S3_9714159 3 9714159 7.52360521169441e-07
S3_9714164 3 9714164 7.52360521169441e-07
S3_9714171 3 9714171 2.41706392971563e-05
S3_9717822 3 9717822 9.55167852762801e-06
S3_9717925 3 9717925 8.36977292790821e-06
S3_9717926 3 9717926 3.31992261885075e-05
S3_9790488 3 9790488 0.000110639154487445
S3_9807766 3 9807766 6.02656239597476e-07
S3_9858014 3 9858014 0.000129653656650013
S3_9908799 3 9908799 0.000153926872160165
S3_9991768 3 9991768 0.000432552423555826
S3_10047786 3 10047786 0.000604192200837098
S3_10074799 3 10074799 1.91258235064252e-05
S3_10238627 3 10238627 0.000186341421977542
S3_10349308 3 10349308 0.000312637099472737
S3_10355640 3 10355640 0.000407768540937297
S3_10391685 3 10391685 0.000262574955073143
S3_10490067 3 10490067 1.84092510793108e-05
S3_10553344 3 10553344 0.000263542944733879
S3_10553375 3 10553375 5.36285551705963e-05
S3_10560784 3 10560784 0.000668496014439496
S3_10618088 3 10618088 0.000733689643619986
S3_10625927 3 10625927 1.48025344471938e-05
S3_10625934 3 10625934 1.07064615611148e-05
S3_10626087 3 10626087 0.00036925019533787
S3_10797640 3 10797640 0.000635800802506312
S3_11253041 3 11253041 2.73646961182692e-06
S3_11303144 3 11303144 2.60701446297197e-05
S3_11303221 3 11303221 7.16955453555655e-05
S3_11321778 3 11321778 0.000696131167625921
S3_11374191 3 11374191 0.000786444834912206
S3_11379434 3 11379434 0.000628570114541164
S3_11443536 3 11443536 1.10485713289994e-07
S3_11578453 3 11578453 0.00078525916864608
S3_11617608 3 11617608 0.000807995016380899
S3_11803689 3 11803689 1.66096322435111e-05
S3_11828775 3 11828775 0.00028188378705906
S3_11828941 3 11828941 6.31846909849876e-05
S3_11917319 3 11917319 3.93463442183824e-06
S3_11952031 3 11952031 1.44858642309905e-06
S3_12035848 3 12035848 0.000526034928885167
S3_12044307 3 12044307 7.91395971330357e-06
S3_12098337 3 12098337 0.000192674821943452
S3_12098363 3 12098363 0.000192674821943503
S3_12174785 3 12174785 0.000563296653273841
S3_12592185 3 12592185 4.32789840799613e-07
S3_12597486 3 12597486 0.000914783203012013
S3_12597774 3 12597774 0.000564274441175236
S3_12597879 3 12597879 0.000715111894016056
S3_12597955 3 12597955 0.000449573028473123
S3_12611451 3 12611451 0.000686660654758003
S3_12614718 3 12614718 0.000938428134981063
S3_12614720 3 12614720 0.000938428134981063
S3_12617513 3 12617513 0.000619097759534526
S3_12625432 3 12625432 7.81691074348218e-05
S3_12625433 3 12625433 7.81691074348218e-05
S3_12723155 3 12723155 5.39687867906063e-05
S3_12963954 3 12963954 1.22351553581864e-05
S3_12994074 3 12994074 0.000741661800366354
S3_13041994 3 13041994 4.17681400971637e-05
S3_13144357 3 13144357 0.000305045713754423
S3_13154276 3 13154276 0.000221302743085515
S3_13168505 3 13168505 0.000128601636272278
S3_13454512 3 13454512 6.75236026558219e-06
S3_13454516 3 13454516 6.75236026558219e-06
S3_13454517 3 13454517 6.75236026558219e-06
S3_13458692 3 13458692 7.30816086412763e-10
S3_13475127 3 13475127 5.34089061445582e-05
S3_13562102 3 13562102 0.000750815515825614
S3_13565544 3 13565544 3.61233042139273e-08
S3_13606257 3 13606257 0.000917138902459268
S3_13606258 3 13606258 0.000917138902459268
S3_13606259 3 13606259 0.000917138902459268
S3_13606260 3 13606260 0.000917138902459268
S3_13606261 3 13606261 0.000917138902459268
S3_13606262 3 13606262 0.000917138902459268
S3_13606263 3 13606263 0.000917138902459268
S3_13606264 3 13606264 0.000917138902459268
S3_13606265 3 13606265 0.000917138902459268
S3_13620676 3 13620676 6.21443430332769e-05
S3_13662821 3 13662821 0.000614016284812057
S3_13662850 3 13662850 0.000470650919681074
S3_13769791 3 13769791 0.000575342259543275
S3_13871093 3 13871093 3.24755837923355e-05
S3_13941460 3 13941460 0.000724033245250309
S3_13941723 3 13941723 0.000429765266711067
S3_13963976 3 13963976 0.000975545842119292
S3_13966045 3 13966045 1.18956783651838e-05
S3_13983991 3 13983991 2.19424862908772e-10
S3_14098702 3 14098702 0.000744368450108321
S3_14198546 3 14198546 0.000827520023235259
S3_14210421 3 14210421 4.09481950097312e-06
S3_14227259 3 14227259 3.80073161777976e-05
S3_14273983 3 14273983 0.000912592958294318
S3_14317489 3 14317489 2.88311285321038e-06
S3_14393740 3 14393740 0.000842270541425818
S3_14545155 3 14545155 0.000372519698946854
S3_14807793 3 14807793 9.5874925707824e-05
S3_14807940 3 14807940 0.000982792876903558
S3_14828737 3 14828737 4.04160343567019e-05
S3_15741919 3 15741919 0.000483721037503021
S3_15813991 3 15813991 0.000106306216205024
S3_15818154 3 15818154 0.000193475882733805
S3_15818269 3 15818269 0.000798073675532052
S3_15818270 3 15818270 0.000798073675532052
S3_15818320 3 15818320 0.000798073675532052
S3_15838169 3 15838169 0.000825433516804207
S3_15849474 3 15849474 9.86392819335953e-05
S3_15912400 3 15912400 0.000916232377590153
S3_15988689 3 15988689 4.46762465565583e-05
S3_16052826 3 16052826 7.49509132730658e-05
S3_16173253 3 16173253 0.000867047386065379
S3_16173269 3 16173269 0.00074466799788165
S3_16173315 3 16173315 4.167364543145e-05
S3_16220084 3 16220084 0.000914138330934562
S3_16284054 3 16284054 0.000398855735634147
S3_16414593 3 16414593 0.000418595836103385
S3_16913421 3 16913421 6.43226176081482e-06
S3_17435942 3 17435942 0.000646891609870124
S3_18112500 3 18112500 0.000790970511630448
S3_18112547 3 18112547 0.000185550309762861
S3_18603973 3 18603973 0.000474969428747338
S3_18788412 3 18788412 0.000418951039433296
S3_18849791 3 18849791 0.000478725747185307
S3_19462985 3 19462985 0.000230696456610383
S3_19629155 3 19629155 0.000420580387991403
S3_19629159 3 19629159 0.000420580387991403
S3_19720256 3 19720256 0.000982679248451189
S3_20220555 3 20220555 6.8524546215086e-05
S3_20369514 3 20369514 3.66596255228288e-05
S3_20548266 3 20548266 0.000102420092157107
S3_20653616 3 20653616 5.59339521604073e-07
S3_20653622 3 20653622 5.59339521604073e-07
S3_22240892 3 22240892 0.000480241433515108
S3_25428683 3 25428683 0.000678725652358463
S3_25916942 3 25916942 0.000306886627460707
S3_30989754 3 30989754 1.2501127306839e-05
S3_31583043 3 31583043 1.80524448999513e-05
S3_36791445 3 36791445 0.000808507827037724
S3_41794231 3 41794231 0.000821091714585702
S3_42662738 3 42662738 0.000515030905299663
S3_45523795 3 45523795 0.000583848508641121
S3_45597540 3 45597540 3.06875557973106e-05
S3_45929086 3 45929086 4.3732078447411e-05
S3_46616984 3 46616984 8.29429147309454e-05
S3_46914421 3 46914421 2.07968957261259e-06
S3_47263712 3 47263712 5.97152303724072e-05
S3_47464396 3 47464396 2.93799298564697e-06
S3_48310503 3 48310503 0.000958926236772306
S3_48692239 3 48692239 1.6292574923089e-05
S3_49232686 3 49232686 0.000703252979129801
S3_49510509 3 49510509 0.00055451336226744
S3_49812183 3 49812183 8.31775078544565e-08
S3_49886422 3 49886422 0.000344471980029684
S3_50542894 3 50542894 0.000476688040268286
S3_51339950 3 51339950 0.000386179190387684
S3_51372119 3 51372119 2.32886639463227e-05
S3_51473387 3 51473387 0.000777581871741734
S3_51475715 3 51475715 0.00068442881041564
S3_51588030 3 51588030 0.000883436086695761
S3_51718065 3 51718065 0.000775517774999075
S3_51761251 3 51761251 0.000245405248109779
S3_51777086 3 51777086 4.57962721288137e-05
S3_51850124 3 51850124 0.000916716229441237
S3_51850144 3 51850144 0.000916716229441237
S3_51859276 3 51859276 0.000228522905918152
S3_51859277 3 51859277 0.00031937114475693
S3_51859279 3 51859279 0.00031937114475693
S3_51859282 3 51859282 0.000299596077633368
S3_51860325 3 51860325 1.2455186068756e-05
S3_51945054 3 51945054 9.22141065758816e-05
S3_51947203 3 51947203 2.80412827565773e-05
S3_51953756 3 51953756 8.5910825652852e-05
S3_52085986 3 52085986 0.00037611229432224
S3_52325979 3 52325979 1.31578474407599e-05
S3_52479511 3 52479511 4.74737747584558e-05
S3_52511741 3 52511741 0.000790097903412551
S3_52725868 3 52725868 0.00067389104037456
S3_52972960 3 52972960 5.01313206731225e-05
S3_53075429 3 53075429 0.000486854070000653
S3_53094032 3 53094032 0.000576151223914007
S3_53094265 3 53094265 0.000765389372553255
S3_53131643 3 53131643 0.000461770334303613
S3_53133974 3 53133974 0.000442388649551927
S3_53136346 3 53136346 0.000644514620549646
S3_53199642 3 53199642 0.000383681875532446
S3_53224779 3 53224779 0.000393545565124623
S3_53224784 3 53224784 0.000393545565124623
S3_53232250 3 53232250 2.16011544318933e-06
S3_53232976 3 53232976 0.000132778950198108
S3_53321293 3 53321293 0.000543015611132557
S3_53344578 3 53344578 9.76443434500258e-07
S3_53353492 3 53353492 4.36953879228176e-06
S3_53387910 3 53387910 4.0616269257227e-05
S3_53425735 3 53425735 0.000395080158398238
S3_53448054 3 53448054 3.93613037631976e-07
S3_53523044 3 53523044 0.000394474507363226
S3_53539351 3 53539351 0.000266897540268479
S3_53564197 3 53564197 0.00034709262555449
S3_53566553 3 53566553 0.000331201013467644
S3_53583974 3 53583974 4.55856171813526e-07
S3_53583980 3 53583980 4.55856171813526e-07
S3_53659912 3 53659912 0.000983545919846293
S3_53709605 3 53709605 0.000443408970288737
S3_53743234 3 53743234 0.000323103382167365
S3_53749181 3 53749181 0.000313469565550744
S3_53793240 3 53793240 0.000724332765395836
S3_53807866 3 53807866 0.00038442026686853
S3_53910915 3 53910915 0.000264319446426768
S3_53992923 3 53992923 0.000134780510053704
S3_53992930 3 53992930 0.000134780510053704
S3_53993031 3 53993031 0.000151064311060524
S3_54139491 3 54139491 1.62301554580252e-08
S3_54233270 3 54233270 0.000724309562638518
S3_54245329 3 54245329 2.07201904145643e-06
S3_54519960 3 54519960 0.000725214031108908
S3_54552237 3 54552237 0.0005922282947497
S3_54562605 3 54562605 8.1768158148812e-05
S3_54678428 3 54678428 0.000462358213098979
S3_54680826 3 54680826 0.000244936362230902
S3_54794662 3 54794662 0.000836727460303189
S3_54797481 3 54797481 0.000697184593568867
S3_55009592 3 55009592 0.000148408299096843
S3_55490422 3 55490422 0.000331585648580103
S3_55513480 3 55513480 0.000741567000831374
S3_55515323 3 55515323 6.3618979836567e-05
S3_55553956 3 55553956 0.000688576176507218
S3_55917712 3 55917712 0.000340657149639772
S3_55958968 3 55958968 8.59715743178636e-05
S3_56035630 3 56035630 2.62761122420495e-06
S3_56036040 3 56036040 0.000575375591979823
S3_56036041 3 56036041 0.000575375591979823
S3_56036082 3 56036082 0.000575375591979823
S3_56036158 3 56036158 0.000178979266920637
S3_56036162 3 56036162 0.000177842781783644
S3_56036164 3 56036164 0.000177842781783644
S3_56040834 3 56040834 0.000653204308057903
S3_56161126 3 56161126 9.20677320936164e-05
S3_56242123 3 56242123 0.000680211783301891
S3_56242139 3 56242139 0.000646928110072063
S3_56242309 3 56242309 0.000790996042255496
S3_56379331 3 56379331 0.000305455324079606
S3_56381143 3 56381143 4.04943814695983e-05
S3_56441049 3 56441049 5.55121192838865e-05
S3_56655343 3 56655343 0.000709586028741213
S3_56655474 3 56655474 0.000644060799270521
S3_56655498 3 56655498 0.000644060799270521
S3_56731861 3 56731861 2.70238983651821e-05
S3_56771747 3 56771747 0.000580533735406491
S3_56851481 3 56851481 0.000214254281754831
S3_56851542 3 56851542 1.92138395433979e-05
S3_56854104 3 56854104 0.000445790321301867
S3_56898369 3 56898369 1.76902753809333e-05
S3_56907562 3 56907562 4.93977952851011e-05
S3_56907577 3 56907577 0.000244627193783393
S3_56945083 3 56945083 0.000673388542456999
S3_56949012 3 56949012 0.000259780614910131
S3_56949286 3 56949286 0.00042488957015972
S3_56960703 3 56960703 9.52011285700894e-06
S3_57036978 3 57036978 5.76206622432114e-05
S3_57049634 3 57049634 0.000969643414302616
S3_57156756 3 57156756 0.000734229041220112
S3_57167518 3 57167518 0.000146707440340486
S3_57313508 3 57313508 4.7803661698814e-05
S3_57362391 3 57362391 0.000437639337686343
S3_57489780 3 57489780 0.000388144744506947
S3_57538925 3 57538925 0.000257795132755755
S3_57591615 3 57591615 4.22053274778382e-05
S3_57771150 3 57771150 0.000930492064601043
S3_57818785 3 57818785 0.000819633967986735
S3_57932242 3 57932242 0.000164056290043018
S3_57933723 3 57933723 7.76683340111379e-05
S3_58028016 3 58028016 0.00062283063858746
S3_58033647 3 58033647 0.000767032690779148
S3_58278334 3 58278334 4.53703443415026e-05
S3_58285427 3 58285427 4.05265466713052e-05
S3_58345890 3 58345890 0.000140509672367005
S3_58438152 3 58438152 0.00014808230562185
S3_58595616 3 58595616 4.69342156681592e-06
S3_58917847 3 58917847 0.000515311772590266
S3_59352378 3 59352378 0.000981284967244877
S3_59508462 3 59508462 0.000450914164260365
S3_59730142 3 59730142 1.84673485784283e-05
S3_59730153 3 59730153 1.84673485784283e-05
S3_59868540 3 59868540 0.000309395420005905
S3_59964503 3 59964503 3.07704940936198e-05
S3_60003034 3 60003034 0.000581062646301974
S3_60019635 3 60019635 4.51224231167846e-05
S3_60062759 3 60062759 0.000328608943013228
S3_60063127 3 60063127 0.000708836057795976
S3_60075589 3 60075589 0.000260105683674643
S3_60075591 3 60075591 0.000165971540920605
S3_60075594 3 60075594 0.000165971540920605
S3_60075597 3 60075597 0.000103106182931311
S3_60075598 3 60075598 0.000165971540920605
S3_60075600 3 60075600 0.000165971540920605
S3_60075602 3 60075602 0.000103106182931311
S3_60075603 3 60075603 0.000165971540920605
S3_60075605 3 60075605 0.000165971540920605
S3_60075607 3 60075607 0.000165971540920605
S3_60138158 3 60138158 4.73520079110307e-05
S3_60151038 3 60151038 0.000879653048179609
S3_60173564 3 60173564 0.000495179482603524
S3_60297378 3 60297378 2.38150321223045e-05
S3_60332887 3 60332887 2.87547589097373e-05
S3_60332889 3 60332889 2.87547589097373e-05
S3_60334345 3 60334345 0.000643939065114535
S3_60334423 3 60334423 0.000112202723466585
S3_60445378 3 60445378 0.000634015987191644
S3_60515864 3 60515864 0.000272737738000784
S3_60537195 3 60537195 0.000493175653626258
S3_60537782 3 60537782 3.73422715503488e-06
S3_60537785 3 60537785 3.57339679524151e-06
S3_60588930 3 60588930 0.000934929062803126
S3_60588952 3 60588952 0.000934929062803126
S3_60588959 3 60588959 0.000934929062803126
S3_60589002 3 60589002 0.000690802027835476
S3_60589007 3 60589007 0.000690802027835476
S3_60634927 3 60634927 0.000681178150752635
S3_60742218 3 60742218 4.28348015624106e-06
S3_60774947 3 60774947 0.000714391864653665
S3_60859348 3 60859348 5.59744638308622e-05
S3_60922223 3 60922223 0.000502568418256219
S3_60922229 3 60922229 0.000502568418256219
S3_60922260 3 60922260 0.000502568418256219
S3_60944094 3 60944094 0.000433194592513108
S3_61134232 3 61134232 0.000328024037981325
S3_61391694 3 61391694 4.8984403432038e-05
S3_61498915 3 61498915 1.91075985856651e-05
S3_61606804 3 61606804 0.000596720796418119
S3_61760010 3 61760010 0.000907195022258609
S3_61770587 3 61770587 6.90705642094751e-05
S3_61886181 3 61886181 6.97224273622903e-05
S3_61941341 3 61941341 0.000504294833556903
S3_62026846 3 62026846 0.000943074549139148
S3_62062150 3 62062150 0.000504088550488578
S3_62124397 3 62124397 0.000394169812475797
S3_62128673 3 62128673 0.000900064399417785
S3_62208454 3 62208454 1.22707643365549e-05
S3_62248239 3 62248239 0.000689978762557578
S3_62316691 3 62316691 0.00047497250218927
S3_62442086 3 62442086 0.000734457413188067
S3_62657116 3 62657116 0.000462347088785704
S3_62663903 3 62663903 0.000521350054345511
S3_62726003 3 62726003 1.08414861590855e-06
S3_62843242 3 62843242 0.0008571359077034
S3_63468494 3 63468494 0.000148991159318665
S3_63468716 3 63468716 3.26961035991023e-05
S3_63468736 3 63468736 3.26961035991023e-05
S3_63553129 3 63553129 0.000243218178894468
S3_63569441 3 63569441 0.000486085436556221
S3_63569442 3 63569442 0.000486085436556175
S3_63569443 3 63569443 0.000486085436556221
S3_63569444 3 63569444 0.000486085436556221
S3_63569807 3 63569807 0.000395758520888321
S3_63584622 3 63584622 2.78480101401349e-05
S3_63600723 3 63600723 0.00033715109306659
S3_63611714 3 63611714 5.98810745544544e-07
S3_63618466 3 63618466 0.000622757370968487
S3_63618472 3 63618472 0.000622757370968487
S3_63618497 3 63618497 1.05723498147293e-06
S3_63619962 3 63619962 1.40669171963444e-06
S3_63620355 3 63620355 6.36791745695591e-05
S3_63620626 3 63620626 0.000418874647762065
S3_63624943 3 63624943 0.000467126923464178
S3_63627011 3 63627011 6.41059690114672e-05
S3_63633817 3 63633817 1.03811608215628e-06
S3_63653000 3 63653000 1.70416041464815e-07
S3_63660565 3 63660565 1.59011513966221e-07
S3_63661803 3 63661803 3.90120161745693e-06
S3_63666134 3 63666134 0.00031257064032277
S3_63671137 3 63671137 4.8608681913172e-06
S3_63674311 3 63674311 6.95056105835288e-07
S3_63679542 3 63679542 0.000192825736012183
S3_63680796 3 63680796 1.15482468909311e-05
S3_63732043 3 63732043 0.000156786045376472
S3_63732825 3 63732825 0.000180549283720527
S3_63790450 3 63790450 0.000201872232456908
S3_63809327 3 63809327 6.18657296282475e-05
S3_63928247 3 63928247 1.86064306088809e-05
S3_63940980 3 63940980 0.000206070024249038
S3_63941235 3 63941235 9.25093661897556e-07
S3_63948975 3 63948975 4.50712539490727e-06
S3_64034991 3 64034991 0.000571896325028294
S3_64103332 3 64103332 2.67745230059337e-05
S3_64173470 3 64173470 0.00088204173585543
S3_64173477 3 64173477 0.000186849391109825
S3_64243056 3 64243056 2.94888448169812e-05
S3_64356997 3 64356997 9.5662133431016e-05
S3_64417296 3 64417296 8.53987219836669e-06
S3_64422418 3 64422418 0.000640484732079254
S3_64537680 3 64537680 1.34764399263678e-05
S3_64751123 3 64751123 0.000825699713281818
S3_64769947 3 64769947 0.000373067901625042
S3_64790982 3 64790982 6.32492349951256e-05
S3_64875386 3 64875386 0.000991240112864859
S3_64878416 3 64878416 0.000164337904018041
S3_64894653 3 64894653 0.000263049737739706
S3_64979930 3 64979930 0.000196458295524821
S3_65029171 3 65029171 6.72241844332393e-06
S3_65109618 3 65109618 0.000105480302452863
S3_65109780 3 65109780 1.4386658447596e-05
S3_65109981 3 65109981 0.000587197538827473
S3_65322907 3 65322907 1.09168092540469e-08
S3_65327674 3 65327674 1.09752269640599e-09
S3_65690812 3 65690812 0.000485839628105985
S3_65690821 3 65690821 0.000462559562732272
S3_65773756 3 65773756 0.000477080901690013
S3_66074400 3 66074400 0.000129454110329393
S3_66195879 3 66195879 1.80858101286428e-05
S3_66334251 3 66334251 0.000251232979833361
S3_66488176 3 66488176 0.000165271853533397
S3_66488177 3 66488177 0.000165271853533397
S3_66577923 3 66577923 0.000910338079270387
S3_66597294 3 66597294 0.000612131275946782
S3_66678295 3 66678295 5.68168046416102e-05
S3_66715011 3 66715011 0.000472232646038907
S3_66737825 3 66737825 0.000496064365776446
S3_66823244 3 66823244 0.000716910887915402
S3_66947352 3 66947352 0.000565569440450563
S3_67093308 3 67093308 0.000898970301350688
S3_67207923 3 67207923 5.21369939063932e-05
S3_67249197 3 67249197 0.000246741977389705
S3_67265226 3 67265226 0.000641918641362776
S3_67372699 3 67372699 8.24114412028508e-06
S3_67549557 3 67549557 0.000702323002981696
S3_67556354 3 67556354 0.000153809742628729
S3_67566783 3 67566783 0.00043012070904411
S3_67644323 3 67644323 0.000114861016820704
S3_67661483 3 67661483 1.96179857642798e-07
S3_67661505 3 67661505 1.13177212294162e-06
S3_67689299 3 67689299 0.000469573622518384
S3_67724987 3 67724987 0.000265658992640025
S3_67791107 3 67791107 0.00092284167780218
S3_67798368 3 67798368 0.000299988894775333
S3_67846604 3 67846604 0.000437099743500903
S3_67908372 3 67908372 0.000625610722922165
S3_67914030 3 67914030 2.01995016149833e-05
S3_67917503 3 67917503 8.47888914372924e-05
S3_67961073 3 67961073 0.000977826758341355
S3_68200747 3 68200747 0.000714812328705016
S3_68270711 3 68270711 3.08631591228876e-06
S3_68283443 3 68283443 8.19534157062803e-05
S3_68317674 3 68317674 0.000513547075215306
S3_68372589 3 68372589 0.000405882576066747
S3_68377460 3 68377460 0.000458765881260506
S3_68395937 3 68395937 0.000776702117057854
S3_68408831 3 68408831 8.36535652086761e-05
S3_68409539 3 68409539 0.000949510159090004
S3_68409551 3 68409551 0.000949510159090004
S3_68414226 3 68414226 0.000617220681942843
S3_68427680 3 68427680 0.00054631029784173
S3_68432434 3 68432434 0.000188363874536705
S3_68656845 3 68656845 3.46632798837305e-05
S3_68731153 3 68731153 0.00060445965683986
S3_68783220 3 68783220 1.80940940755399e-05
S3_68821034 3 68821034 0.000197459603830412
S3_68893869 3 68893869 9.00455936284921e-05
S3_68894231 3 68894231 0.000172876501531178
S3_68933199 3 68933199 0.000176538059533282
S3_68944636 3 68944636 0.000220560208180479
S3_68944751 3 68944751 0.000943305876137738
S3_68944752 3 68944752 0.000943305876137738
S3_68944753 3 68944753 0.000943305876137738
S3_68944756 3 68944756 0.000943305876137738
S3_68998257 3 68998257 0.000799702422231862
S3_69021622 3 69021622 0.000242793078158718
S3_69022352 3 69022352 0.000793628907354684
S3_69024266 3 69024266 0.000668105214092538
S3_69026433 3 69026433 0.000887552993213586
S3_69026438 3 69026438 8.23903355150672e-05
S3_69027332 3 69027332 0.000713386723031183
S3_69058853 3 69058853 0.00025669585955018
S3_69090065 3 69090065 0.000527770347623633
S3_69090089 3 69090089 0.000527770347623633
S3_69105075 3 69105075 0.000376831365820844
S3_69113079 3 69113079 0.000160961143377096
S3_69126194 3 69126194 0.000993968245905952
S3_69191366 3 69191366 2.02914509691379e-05
S3_69236498 3 69236498 0.000226585147347419
S3_69322801 3 69322801 0.000682647199028406
S3_69720811 3 69720811 8.86464132945813e-05
S3_69805790 3 69805790 0.000569224564457417
S3_69806212 3 69806212 3.63997070288901e-05
S3_69882950 3 69882950 0.000466750941822764
S3_69917190 3 69917190 0.000831296379839792
S3_69948528 3 69948528 0.000179514593120352
S3_69954120 3 69954120 6.16159288422104e-05
S3_69977234 3 69977234 2.56462883655713e-05
S3_70000654 3 70000654 0.000392819325257676
S3_70000659 3 70000659 0.000392819325257676
S3_70102336 3 70102336 5.16669551373491e-05
S3_70138833 3 70138833 0.000221667695118686
S3_70160325 3 70160325 5.77915268487801e-05
S3_70160326 3 70160326 5.64212513814412e-05
S3_70160327 3 70160327 6.93313491337826e-05
S3_70160329 3 70160329 5.77915268487858e-05
S3_70266790 3 70266790 0.0008204869245579
S3_70512469 3 70512469 0.000120214466479848
S3_70612427 3 70612427 0.000161034959888473
S3_71111234 3 71111234 0.000131601892247608
S3_71165034 3 71165034 0.00010852114180827
S3_71198192 3 71198192 3.02969392041402e-05
S3_71269307 3 71269307 7.17681982936482e-05
S3_71303009 3 71303009 0.000117809127134168
S3_71335047 3 71335047 0.000677031910655724
S3_71335192 3 71335192 0.000428259484477126
S3_71335204 3 71335204 0.000419507744997316
S3_71335262 3 71335262 0.000952442572043795
S3_71335472 3 71335472 0.000668904181874397
S3_71335503 3 71335503 0.000221986297207912
S3_71335510 3 71335510 0.000424715859897657
S3_71459924 3 71459924 0.00085459692526955
S3_71635801 3 71635801 4.20739987593502e-05
S3_71870573 3 71870573 1.86428740644965e-05
S3_71899761 3 71899761 2.61399889617862e-06
S3_72218639 3 72218639 0.000758019015481313
S3_72227769 3 72227769 0.000179094676160631
S3_72237142 3 72237142 0.000873063129023485
S3_72264015 3 72264015 4.79389697200139e-06
S3_72326696 3 72326696 4.17506193249138e-07
S3_72455068 3 72455068 6.30510805622809e-05
S3_72455116 3 72455116 6.30510805622809e-05
S3_72617640 3 72617640 0.000959983876475099
S3_72625153 3 72625153 6.46017914350984e-05
S3_73223066 3 73223066 0.000228993493810382
S3_73667098 3 73667098 0.000278110567343007
S3_73926253 3 73926253 2.64728047024581e-05
S3_73957205 3 73957205 1.86862008718458e-05
S3_74088841 3 74088841 0.000577835236340676
S3_74413809 3 74413809 2.09852904382072e-06
