Marker Chr Pos p
S5_32344 5 32344 1.21245168056636e-05
S5_35029 5 35029 0.000433713834293786
S5_35123 5 35123 2.72689887450849e-05
S5_153779 5 153779 0.000883737183648084
S5_174263 5 174263 5.39008821580352e-05
S5_174264 5 174264 5.39008821580352e-05
S5_174268 5 174268 5.39008821580352e-05
S5_244556 5 244556 0.000557621730173493
S5_259142 5 259142 0.000654699609992181
S5_291614 5 291614 0.000924151871746024
S5_354562 5 354562 0.000460932436884197
S5_376578 5 376578 0.000669558063901366
S5_391906 5 391906 2.56099429588508e-05
S5_419376 5 419376 0.00036961556288741
S5_437702 5 437702 1.3826963153568e-07
S5_499938 5 499938 0.000346252050835347
S5_561670 5 561670 9.54082492330927e-06
S5_608375 5 608375 4.98773952986966e-06
S5_824464 5 824464 5.46326850870667e-06
S5_825938 5 825938 2.31033522594226e-06
S5_1011926 5 1011926 3.96979135597978e-07
S5_1025331 5 1025331 0.000284443151745993
S5_1028068 5 1028068 7.2123498733754e-06
S5_1041148 5 1041148 6.035225328876e-06
S5_1042226 5 1042226 3.78590043604618e-07
S5_1046159 5 1046159 4.39968292312457e-08
S5_1249381 5 1249381 0.00049990884815094
S5_1295563 5 1295563 0.000390042711815579
S5_1323830 5 1323830 7.20926151504565e-07
S5_1339697 5 1339697 5.73032067680345e-07
S5_1428795 5 1428795 2.70383585585645e-06
S5_1449867 5 1449867 3.23115975997474e-06
S5_1586347 5 1586347 1.14983494156176e-06
S5_1611427 5 1611427 0.0009133211661912
S5_1614291 5 1614291 0.000459284073119596
S5_1733102 5 1733102 0.000438952229220633
S5_1770598 5 1770598 0.000120243090412831
S5_1814053 5 1814053 3.02947103378191e-06
S5_1814072 5 1814072 3.02947103378191e-06
S5_1814091 5 1814091 3.02947103378155e-06
S5_1814092 5 1814092 3.02947103378191e-06
S5_1816822 5 1816822 2.31253971095653e-06
S5_1841369 5 1841369 8.99398516095694e-06
S5_1841379 5 1841379 1.10430442045745e-05
S5_2004918 5 2004918 8.08005830541242e-07
S5_2029173 5 2029173 0.000249270839070272
S5_2090573 5 2090573 5.02995548433215e-05
S5_2157427 5 2157427 0.000192955650526921
S5_2160482 5 2160482 0.000918679725684636
S5_2174191 5 2174191 8.01902061938423e-06
S5_2177678 5 2177678 0.000225578947042424
S5_2179409 5 2179409 1.42810925350123e-05
S5_2434232 5 2434232 0.000755309158524885
S5_2528313 5 2528313 0.000895682320251048
S5_2552473 5 2552473 1.21348144159131e-05
S5_2631443 5 2631443 0.000506744750680298
S5_2768338 5 2768338 0.000228882461941695
S5_2786619 5 2786619 0.000660106470163759
S5_2789747 5 2789747 0.000592175399164659
S5_2798034 5 2798034 0.000788870997396368
S5_2833149 5 2833149 0.000158602698442163
S5_3045829 5 3045829 0.000735020128995106
S5_3124178 5 3124178 0.000778635661169891
S5_3124239 5 3124239 5.56352668872666e-08
S5_3126813 5 3126813 0.000433323225507199
S5_3221323 5 3221323 0.000409882175209543
S5_3231880 5 3231880 0.000950082440686041
S5_3247885 5 3247885 2.39810623316598e-05
S5_3256761 5 3256761 0.000957694405495823
S5_3321283 5 3321283 0.000546619736675134
S5_3372397 5 3372397 0.000143733735415336
S5_3404294 5 3404294 1.67746001499233e-05
S5_3406889 5 3406889 0.000135210202777002
S5_3416689 5 3416689 0.000245936907627878
S5_3419105 5 3419105 2.37869898491033e-05
S5_3438313 5 3438313 0.000134681428221436
S5_3467160 5 3467160 0.000144596258358662
S5_3519364 5 3519364 0.000209527908160968
S5_3539748 5 3539748 0.000119462382232541
S5_3557363 5 3557363 0.000271980396096829
S5_3557415 5 3557415 1.22895096042096e-05
S5_3568314 5 3568314 0.000895226284481915
S5_3569421 5 3569421 0.000431345340524819
S5_3631077 5 3631077 0.000454627586457879
S5_3631078 5 3631078 0.000454627586457924
S5_3631079 5 3631079 0.000454627586457879
S5_3631081 5 3631081 0.000396383990832038
S5_3722123 5 3722123 0.000120502428679602
S5_3953215 5 3953215 1.88140054160925e-05
S5_4126662 5 4126662 0.000187478521750619
S5_4147322 5 4147322 9.00878574564625e-06
S5_4260157 5 4260157 0.000732305050970748
S5_4299190 5 4299190 1.8206388998751e-05
S5_4299238 5 4299238 0.00069820452423016
S5_4384117 5 4384117 0.000178979811105896
S5_4441362 5 4441362 4.82595657114644e-05
S5_4465751 5 4465751 0.000952180529611147
S5_4551484 5 4551484 0.000869215154900129
S5_4751236 5 4751236 0.000665416321276635
S5_4751280 5 4751280 2.64890251424213e-05
S5_4768432 5 4768432 1.17358606271662e-05
S5_4793033 5 4793033 2.7758285093842e-05
S5_4878575 5 4878575 1.1667676173248e-05
S5_4981656 5 4981656 6.68881887026704e-07
S5_5006848 5 5006848 1.81257458769888e-05
S5_5007029 5 5007029 8.23953698156942e-05
S5_5007054 5 5007054 1.34156238853132e-05
S5_5011503 5 5011503 0.000150176330888464
S5_5036649 5 5036649 0.000293517704203379
S5_5037299 5 5037299 5.23404752973425e-05
S5_5037641 5 5037641 0.000268803912443748
S5_5039205 5 5039205 3.09112765196093e-05
S5_5045668 5 5045668 9.42792904767679e-05
S5_5055708 5 5055708 6.68476473422086e-07
S5_5095639 5 5095639 2.16955915753483e-05
S5_5097942 5 5097942 0.000547169683220432
S5_5112916 5 5112916 1.65775034295415e-05
S5_5171499 5 5171499 0.000384639836978866
S5_5171988 5 5171988 6.44463622991782e-06
S5_5171992 5 5171992 4.00872590735096e-06
S5_5211219 5 5211219 1.85801953081953e-05
S5_5211322 5 5211322 0.000117304301720216
S5_5214298 5 5214298 0.000843237033349004
S5_5225199 5 5225199 0.000138312757155658
S5_5226062 5 5226062 0.000353381996619713
S5_5228221 5 5228221 2.00802765692727e-05
S5_5270681 5 5270681 0.000201705010644546
S5_5297212 5 5297212 6.11619962511552e-06
S5_5306283 5 5306283 9.07684081001931e-05
S5_5306311 5 5306311 0.000110296942240537
S5_5319829 5 5319829 0.000909609200758778
S5_5331187 5 5331187 0.000361013398924974
S5_5342285 5 5342285 3.20852545872336e-06
S5_5342457 5 5342457 8.98081502465368e-05
S5_5364527 5 5364527 0.000643430649433692
S5_5448643 5 5448643 0.00025057807087637
S5_5556904 5 5556904 0.000519062938682837
S5_5690221 5 5690221 0.000476857559258946
S5_5901028 5 5901028 0.00041628535008986
S5_5943399 5 5943399 0.00082718348036821
S5_5961651 5 5961651 8.3851948789513e-06
S5_6023781 5 6023781 3.04967696015468e-05
S5_6023793 5 6023793 0.000804461443552535
S5_6027300 5 6027300 3.16155611021256e-05
S5_6532224 5 6532224 0.000373874620924924
S5_6576200 5 6576200 0.000495524562514461
S5_6783911 5 6783911 5.52208039421539e-05
S5_6849288 5 6849288 0.000579380515443712
S5_6869881 5 6869881 0.000262773586023858
S5_6909416 5 6909416 0.000281458545375947
S5_6909417 5 6909417 0.000112201146027392
S5_6909418 5 6909418 5.67033002968668e-05
S5_6909731 5 6909731 1.19196388632017e-05
S5_6916007 5 6916007 2.32527357653101e-05
S5_6935554 5 6935554 0.000418012063407862
S5_6935556 5 6935556 0.00041801206340729
S5_7106412 5 7106412 0.000258086095600757
S5_7141253 5 7141253 0.000353517553416106
S5_7170011 5 7170011 2.08824920050638e-06
S5_7355339 5 7355339 5.23838868607077e-07
S5_7406111 5 7406111 3.50784601424405e-06
S5_7658718 5 7658718 0.000710028655124197
S5_7764161 5 7764161 0.000504365351708129
S5_7784845 5 7784845 0.0004055590687393
S5_7801158 5 7801158 0.000230772683650982
S5_7804339 5 7804339 9.14592801682527e-07
S5_7805649 5 7805649 2.43562679748733e-06
S5_7811279 5 7811279 3.14072482024261e-05
S5_7824330 5 7824330 6.82891524663925e-05
S5_7862946 5 7862946 3.33772907818795e-06
S5_7862988 5 7862988 3.33772907818795e-06
S5_7885330 5 7885330 0.000360244451319629
S5_7885478 5 7885478 4.94083507216645e-05
S5_8004239 5 8004239 2.15909252290385e-07
S5_8016271 5 8016271 6.32209413216839e-06
S5_8028105 5 8028105 2.28784607492313e-06
S5_8051941 5 8051941 0.000158902662786201
S5_8058107 5 8058107 0.000992971281732592
S5_8149788 5 8149788 0.000452071716299021
S5_8203858 5 8203858 4.21013049497971e-05
S5_8447693 5 8447693 3.24319442499598e-06
S5_8447716 5 8447716 3.24319442499598e-06
S5_8835628 5 8835628 0.000659871607789473
S5_8857441 5 8857441 0.000768000096159123
S5_8857453 5 8857453 0.000768000096159086
S5_8857783 5 8857783 0.000771103541464039
S5_8860541 5 8860541 0.000246411984628217
S5_8860626 5 8860626 0.00020211067926742
S5_8878486 5 8878486 0.000611837713749376
S5_9182006 5 9182006 3.19165897542291e-06
S5_9230848 5 9230848 0.000324719547933821
S5_9307319 5 9307319 4.48078374535813e-06
S5_9348343 5 9348343 0.000175470913779167
S5_9485423 5 9485423 0.000886863332535291
S5_9624771 5 9624771 0.000913518049630801
S5_9723719 5 9723719 0.000275537737121159
S5_9728492 5 9728492 0.000116732520690225
S5_9841603 5 9841603 0.000376747221143009
S5_9841834 5 9841834 0.000698787789968999
S5_9853675 5 9853675 0.000202813446358576
S5_9855135 5 9855135 3.45252753247395e-05
S5_9864992 5 9864992 0.00027328684752534
S5_9942472 5 9942472 0.000305690987447312
S5_9942499 5 9942499 0.00029290726419236
S5_9942500 5 9942500 0.00029290726419236
S5_9969024 5 9969024 0.000594380398142664
S5_9969076 5 9969076 9.03219050411508e-05
S5_10025783 5 10025783 4.46132834459959e-06
S5_10622874 5 10622874 0.000248502832905934
S5_10678802 5 10678802 3.63939829232088e-05
S5_10678991 5 10678991 9.58084985033484e-05
S5_10679131 5 10679131 8.00597284464672e-06
S5_10679588 5 10679588 0.000369597732410304
S5_10697807 5 10697807 0.000218264580027135
S5_10697808 5 10697808 0.000210536307062105
S5_10697809 5 10697809 0.000220028584300411
S5_10944752 5 10944752 0.000587437673664416
S5_11049077 5 11049077 0.000115743611033084
S5_11081889 5 11081889 0.000104299048870831
S5_11185106 5 11185106 2.15817104921169e-05
S5_11194490 5 11194490 4.73977929098084e-05
S5_11218941 5 11218941 7.68477290940333e-05
S5_11244354 5 11244354 0.000416081339261565
S5_11249169 5 11249169 2.03194800591408e-05
S5_11249347 5 11249347 0.000480998981370051
S5_11256889 5 11256889 3.66772972286645e-05
S5_11320674 5 11320674 0.000926530048681757
S5_11328724 5 11328724 0.000681055403449467
S5_11328884 5 11328884 2.52865495455623e-05
S5_11464281 5 11464281 0.000914025790564438
S5_11587684 5 11587684 0.000821921786374234
S5_11603267 5 11603267 0.000732960225762237
S5_11621547 5 11621547 0.000941676798776644
S5_11627433 5 11627433 0.000618945151010248
S5_11633982 5 11633982 0.000411191749798442
S5_11633998 5 11633998 0.000294756674416282
S5_11671814 5 11671814 4.08253212942642e-05
S5_11694636 5 11694636 6.38783180239332e-05
S5_11751210 5 11751210 9.35063441679233e-05
S5_11792387 5 11792387 0.000624005407783391
S5_11841398 5 11841398 6.21143018165998e-05
S5_11841409 5 11841409 0.000151432017269097
S5_11862965 5 11862965 0.000933244640422907
S5_11965803 5 11965803 0.000925390515808936
S5_12086956 5 12086956 0.00036355138528897
S5_12087210 5 12087210 0.000338739874490825
S5_12176730 5 12176730 0.000289203794579672
S5_12176742 5 12176742 0.000289203794579672
S5_12176883 5 12176883 0.000408304501487609
S5_12176921 5 12176921 0.000225434894720115
S5_12225089 5 12225089 3.58953542413403e-05
S5_12231834 5 12231834 1.18497016853397e-05
S5_12241188 5 12241188 0.000920122823513498
S5_12241198 5 12241198 0.000882557396759004
S5_12284079 5 12284079 9.78203336105808e-06
S5_12284115 5 12284115 2.73766851610718e-05
S5_12289253 5 12289253 0.000169672501342602
S5_12290694 5 12290694 3.57238294290574e-05
S5_12385081 5 12385081 0.000439557221756692
S5_12429932 5 12429932 0.000664891873712718
S5_12429941 5 12429941 0.000626030493086619
S5_12455068 5 12455068 0.000781456821882639
S5_12562577 5 12562577 3.50410981784058e-05
S5_12738402 5 12738402 0.000555845407692407
S5_12738408 5 12738408 3.83266488460538e-06
S5_12738413 5 12738413 0.000555845407692407
S5_12756631 5 12756631 0.000142691010360389
S5_12874410 5 12874410 0.000427661447768765
S5_12904210 5 12904210 0.000105400159537833
S5_12922391 5 12922391 1.56185223822242e-05
S5_12922482 5 12922482 1.10354474836856e-05
S5_12947623 5 12947623 1.35225147618195e-06
S5_13135263 5 13135263 8.19183727794324e-05
S5_13523563 5 13523563 4.83629277876064e-05
S5_13529757 5 13529757 0.000305694915536273
S5_13954422 5 13954422 6.234010048998e-06
S5_13954443 5 13954443 6.78334785878865e-05
S5_13954469 5 13954469 7.05010293600434e-05
S5_13954471 5 13954471 6.78334785878865e-05
S5_13965129 5 13965129 1.22052870602931e-05
S5_14393970 5 14393970 0.000161064955463046
S5_14703678 5 14703678 3.57572566036236e-06
S5_14813298 5 14813298 3.86555278598971e-05
S5_14813314 5 14813314 3.86555278599239e-05
S5_15086613 5 15086613 0.000393378180299418
S5_15195664 5 15195664 0.000305653430188116
S5_15266445 5 15266445 0.000452051978450395
S5_15287646 5 15287646 0.000283497347609808
S5_15367488 5 15367488 4.20130602566868e-05
S5_15899663 5 15899663 0.000581839295936123
S5_15921143 5 15921143 0.000449968158583589
S5_16056486 5 16056486 0.000304091578596863
S5_16260885 5 16260885 0.000494092243169879
S5_16297652 5 16297652 1.16403722025224e-11
S5_17036857 5 17036857 0.000452019594763972
S5_17262324 5 17262324 0.000447204119840361
S5_17483643 5 17483643 0.000446844705136109
S5_17884195 5 17884195 2.46192862164729e-08
S5_18180201 5 18180201 0.000433023761639633
S5_18223100 5 18223100 0.000730379162934709
S5_18223112 5 18223112 0.000730379162934761
S5_18223280 5 18223280 0.000713504665770265
S5_18321648 5 18321648 0.000849338005233913
S5_18322249 5 18322249 0.000191366932082648
S5_18322257 5 18322257 0.000313030865806479
S5_18322288 5 18322288 0.000325663485906671
S5_18593405 5 18593405 4.76657484080354e-06
S5_18593722 5 18593722 2.09831202887922e-05
S5_18595029 5 18595029 0.00038008191243399
S5_18595041 5 18595041 5.68194819473047e-06
S5_18617038 5 18617038 0.000437424916685541
S5_18622995 5 18622995 0.000409063969477165
S5_18640476 5 18640476 0.000410323389326752
S5_18662146 5 18662146 4.23216485250671e-05
S5_18674321 5 18674321 0.000603033564080447
S5_18692120 5 18692120 0.000424822282043412
S5_18851072 5 18851072 0.000398980736554916
S5_18932474 5 18932474 0.000378936706478627
S5_18932506 5 18932506 0.000378936706478627
S5_19074774 5 19074774 0.000457206530330958
S5_19218652 5 19218652 0.000399958135418284
S5_19223383 5 19223383 0.000462114203547257
S5_19286899 5 19286899 2.86351945211222e-08
S5_19507620 5 19507620 0.000431547383313555
S5_19518561 5 19518561 0.000781169604985041
S5_19518579 5 19518579 0.000781169604985041
S5_19518605 5 19518605 8.60359064932108e-05
S5_19518614 5 19518614 0.000781169604984955
S5_19565254 5 19565254 0.000475224982218676
S5_19718660 5 19718660 0.000398594757619741
S5_19740644 5 19740644 0.000432238547810992
S5_19771892 5 19771892 0.000948984425173003
S5_19924536 5 19924536 0.000481916621346884
S5_20001748 5 20001748 0.000431133251709534
S5_20037823 5 20037823 0.000434022597674283
S5_20038427 5 20038427 0.000448946726088378
S5_20059563 5 20059563 0.000453954513075483
S5_20100315 5 20100315 0.000138261786863838
S5_20208247 5 20208247 0.000412926226444989
S5_20213084 5 20213084 0.000903346819798949
S5_20236901 5 20236901 0.000451077904612306
S5_20264455 5 20264455 0.000414693680204128
S5_20264562 5 20264562 0.000412333129208883
S5_20460519 5 20460519 7.4863139938274e-05
S5_20555763 5 20555763 0.000473395497591661
S5_20599839 5 20599839 0.00039346958015045
S5_20606426 5 20606426 0.000469636797236031
S5_20637243 5 20637243 0.000394827912248668
S5_20768723 5 20768723 0.000360432881331312
S5_20894237 5 20894237 0.000448168501338249
S5_20956344 5 20956344 0.00046225925540449
S5_21045410 5 21045410 0.000808992017249007
S5_21283175 5 21283175 1.49628743470758e-06
S5_21517817 5 21517817 3.90593271987992e-06
S5_22317446 5 22317446 0.000341827482101457
S5_22317447 5 22317447 0.000339709615003541
S5_22375779 5 22375779 0.000353858049148388
S5_22380898 5 22380898 0.000244331841179052
S5_22385755 5 22385755 0.000164406651288912
S5_22386121 5 22386121 0.000357624519203957
S5_22418143 5 22418143 9.70179239812684e-06
S5_22424674 5 22424674 0.000310862561693733
S5_22428529 5 22428529 0.000296118427594777
S5_22428677 5 22428677 0.000285735342081468
S5_22428987 5 22428987 0.000340291583436968
S5_22444871 5 22444871 0.000293425745035194
S5_22444872 5 22444872 0.000293425745036092
S5_22444876 5 22444876 0.000293425745035194
S5_22524055 5 22524055 0.000395491104994041
S5_22546207 5 22546207 0.000403439681859886
S5_22690889 5 22690889 0.000379144289590144
S5_22705621 5 22705621 0.00039745768245679
S5_22769864 5 22769864 0.000389353776818825
S5_22822096 5 22822096 0.00037266264599004
S5_22946067 5 22946067 0.000362496702107374
S5_22946127 5 22946127 0.000357465877248199
S5_22948726 5 22948726 0.000392517566404917
S5_23003694 5 23003694 0.000430254902296646
S5_23135266 5 23135266 0.000390670350649823
S5_23511065 5 23511065 0.000393028686069299
S5_23514467 5 23514467 0.000422977813883168
S5_23564702 5 23564702 0.000385417132214161
S5_23629489 5 23629489 0.000448807718837635
S5_23680966 5 23680966 6.5315774466231e-05
S5_23682009 5 23682009 0.000232314523267205
S5_23704997 5 23704997 0.000308654042112257
S5_23705031 5 23705031 0.000308654042111893
S5_23809584 5 23809584 0.00020871221433479
S5_23884342 5 23884342 0.000378470642085672
S5_23923236 5 23923236 0.000554429046826297
S5_23931484 5 23931484 0.000319080893312841
S5_23931487 5 23931487 0.000319080893313299
S5_23963321 5 23963321 0.000376209080696852
S5_23969688 5 23969688 0.000197912873120191
S5_24075648 5 24075648 0.000413001634201957
S5_24236067 5 24236067 0.000395816942556539
S5_24260924 5 24260924 0.000403816807413609
S5_24372350 5 24372350 0.000412717743707933
S5_24472915 5 24472915 0.000406336997428426
S5_24703119 5 24703119 0.000417743682737192
S5_24715186 5 24715186 0.000389889802782818
S5_24829189 5 24829189 0.000415059608953309
S5_24829356 5 24829356 0.00040238631706141
S5_24979192 5 24979192 0.000392181525602485
S5_24979231 5 24979231 0.000392181525602485
S5_25058385 5 25058385 0.000406769648501825
S5_25109687 5 25109687 0.000395591270526219
S5_25114559 5 25114559 0.000419619808728804
S5_25191999 5 25191999 0.000638853945768601
S5_25192017 5 25192017 0.000391511644273005
S5_25192229 5 25192229 0.000430625519003825
S5_25281226 5 25281226 0.000388854588939857
S5_25330952 5 25330952 0.000282137181692912
S5_25331123 5 25331123 0.000323033484891779
S5_25345805 5 25345805 0.000763044845681639
S5_25474516 5 25474516 0.000398758147461434
S5_25474734 5 25474734 0.00040324902304375
S5_25474739 5 25474739 0.00040324902304375
S5_25477904 5 25477904 0.000388368410482519
S5_25477931 5 25477931 0.000392224133445578
S5_25492275 5 25492275 0.000393036598601726
S5_25492341 5 25492341 0.000414720962732249
S5_25493605 5 25493605 0.000395829867856401
S5_25498272 5 25498272 0.000401450684126027
S5_25500148 5 25500148 0.000394641369892878
S5_25577704 5 25577704 5.86765454900103e-06
S5_25755285 5 25755285 0.000402731945363217
S5_25833711 5 25833711 0.000415430368126424
S5_25833713 5 25833713 0.000415430368126307
S5_26006674 5 26006674 0.000379962636135662
S5_26044646 5 26044646 0.000438768590621857
S5_26075123 5 26075123 0.000417429181688254
S5_26089729 5 26089729 0.000333441486411963
S5_26089737 5 26089737 0.000333441486411963
S5_26175726 5 26175726 0.00040080119021843
S5_26175919 5 26175919 0.000380855623793774
S5_26417288 5 26417288 0.000394819856883112
S5_26417307 5 26417307 0.000394819856883112
S5_26456326 5 26456326 0.00039959999911199
S5_26580876 5 26580876 3.28153570715875e-06
S5_26625018 5 26625018 0.000419718950589847
S5_26657178 5 26657178 0.000395507940370332
S5_26657186 5 26657186 0.000395507940370332
S5_26707971 5 26707971 0.000308666925702063
S5_26834782 5 26834782 0.000387949192522839
S5_26953029 5 26953029 0.000453003522747829
S5_26971692 5 26971692 0.0003992251237378
S5_26971731 5 26971731 0.000399225123737911
S5_27078969 5 27078969 0.00037816451025718
S5_27098466 5 27098466 0.000399791567852727
S5_27174328 5 27174328 0.000416187858388405
S5_27303034 5 27303034 0.000422757727441816
S5_27316083 5 27316083 0.000401178269204009
S5_27323530 5 27323530 0.000405254764398489
S5_27344012 5 27344012 0.000417717458311603
S5_27377474 5 27377474 0.0001580634567929
S5_27485987 5 27485987 0.000397102415049904
S5_27551640 5 27551640 0.000278803466757808
S5_27588617 5 27588617 0.000402839539018542
S5_27612130 5 27612130 0.000352033042949737
S5_27612151 5 27612151 0.000352033042949405
S5_27703174 5 27703174 0.000413455108212936
S5_27831986 5 27831986 0.000400786650349475
S5_27952478 5 27952478 0.000373304409457038
S5_28141084 5 28141084 0.000387695211002687
S5_28166599 5 28166599 0.000341859632632407
S5_28166627 5 28166627 0.000341859632632407
S5_28502975 5 28502975 1.55591224734529e-05
S5_28515927 5 28515927 0.000685204165977354
S5_28546670 5 28546670 9.30156444546007e-06
S5_28548411 5 28548411 7.18342891281794e-05
S5_28589868 5 28589868 0.000387106498054317
S5_28589893 5 28589893 0.000343351281723477
S5_28591879 5 28591879 0.000260443171341676
S5_28591885 5 28591885 0.000356842197805779
S5_28591917 5 28591917 0.000530488211203796
S5_28595619 5 28595619 0.000421845815729842
S5_28612913 5 28612913 0.000442074732824714
S5_28621649 5 28621649 0.00031779323732463
S5_28960465 5 28960465 0.000401552158763309
S5_29051308 5 29051308 9.21000355606535e-07
S5_29051354 5 29051354 0.000400596129588704
S5_29052315 5 29052315 0.000406318675396302
S5_29248019 5 29248019 0.000404299760645149
S5_29291246 5 29291246 0.000405373688659106
S5_29527148 5 29527148 0.000891348898798759
S5_29856672 5 29856672 0.000490882192107164
S5_29864395 5 29864395 0.000497480824551546
S5_29931616 5 29931616 0.000422962951680085
S5_30152344 5 30152344 0.000228291281723606
S5_30152416 5 30152416 0.000424416453224668
S5_30478013 5 30478013 0.000397619636100709
S5_30554365 5 30554365 7.38034149809617e-06
S5_30595060 5 30595060 0.000416565507525475
S5_30601178 5 30601178 0.000441807573532001
S5_30791552 5 30791552 2.06334552323001e-06
S5_30791601 5 30791601 3.09836574521722e-06
S5_31115951 5 31115951 0.000918834392437724
S5_31151952 5 31151952 0.000624688874892321
S5_31249570 5 31249570 0.000423864221651381
S5_31345646 5 31345646 0.00023070882575307
S5_31400334 5 31400334 0.000413592124263263
S5_31400336 5 31400336 0.000413592124263263
S5_31441580 5 31441580 2.7746071638553e-05
S5_31533023 5 31533023 0.000440947623558641
S5_31550734 5 31550734 0.000447158649095063
S5_31682527 5 31682527 0.000327327518330666
S5_31794062 5 31794062 0.000398026429911423
S5_31919628 5 31919628 0.000405730747382766
S5_31931772 5 31931772 0.000415866691681847
S5_32175887 5 32175887 0.000367992659899245
S5_32349233 5 32349233 0.000905356974448029
S5_32362473 5 32362473 0.000425833438369074
S5_32396155 5 32396155 0.000187677960332073
S5_32401966 5 32401966 0.000417477535010904
S5_32581610 5 32581610 0.000139535590182093
S5_32581728 5 32581728 0.00039696220388198
S5_32685868 5 32685868 0.000410739695488937
S5_32727344 5 32727344 0.000402564103618183
S5_32731381 5 32731381 0.000413680354077227
S5_32816706 5 32816706 0.000589352828822276
S5_32975781 5 32975781 0.000401011626561244
S5_32975803 5 32975803 0.000402020544532219
S5_33163500 5 33163500 0.00021630574413963
S5_33173046 5 33173046 0.000402359169656944
S5_33215447 5 33215447 0.000386906128492053
S5_33231957 5 33231957 1.86899202644455e-10
S5_33295524 5 33295524 0.000407356053797322
S5_33442549 5 33442549 0.000406741535364971
S5_33569504 5 33569504 0.000389704520405193
S5_33635327 5 33635327 0.000370195573796638
S5_33672124 5 33672124 0.000302945524317572
S5_33687361 5 33687361 0.000608238087502454
S5_33690306 5 33690306 0.000305987872077526
S5_33709020 5 33709020 0.000418132046732901
S5_33720150 5 33720150 0.000420359702377223
S5_33746247 5 33746247 0.000394401375828439
S5_33750980 5 33750980 5.72831502607035e-05
S5_33779283 5 33779283 0.000896155946835321
S5_33845647 5 33845647 0.000291506403521105
S5_33955236 5 33955236 0.000577962463068717
S5_34277458 5 34277458 0.000294216948417917
S5_34277471 5 34277471 0.000294216948417721
S5_34277477 5 34277477 0.000294216948417721
S5_34320164 5 34320164 0.000266117480630261
S5_34321024 5 34321024 8.83462151951175e-05
S5_34321083 5 34321083 0.000951483479897692
S5_34455491 5 34455491 5.42405758220981e-05
S5_34460147 5 34460147 0.000400839600086444
S5_34460539 5 34460539 0.000364646232488492
S5_34762092 5 34762092 0.000226740714354925
S5_34762177 5 34762177 0.000421807857067687
S5_34864779 5 34864779 0.000416463695530931
S5_34864865 5 34864865 0.000461050383516142
S5_34889814 5 34889814 0.000307390338915299
S5_34978079 5 34978079 0.000402431718455396
S5_34998656 5 34998656 0.000431832707219591
S5_35214521 5 35214521 0.000407966937979088
S5_35250895 5 35250895 4.49161473777005e-05
S5_35302311 5 35302311 0.000406782939941413
S5_35451506 5 35451506 0.000374957649887494
S5_35600641 5 35600641 0.000478948912768065
S5_35729391 5 35729391 0.000403992031878619
S5_35781905 5 35781905 0.000373201711876171
S5_35799918 5 35799918 0.000417200410197378
S5_35878526 5 35878526 1.92475857836657e-05
S5_35899966 5 35899966 0.000392699225871611
S5_35951595 5 35951595 0.000445361452592728
S5_36012499 5 36012499 0.000729784457513258
S5_36017659 5 36017659 0.000409883100439298
S5_36238904 5 36238904 0.000251868717126944
S5_36513276 5 36513276 0.000402909770983484
S5_37280788 5 37280788 0.000405790691651818
S5_37415192 5 37415192 0.000492868920097586
S5_37494398 5 37494398 2.42296061384284e-05
S5_38538396 5 38538396 0.000404415568494027
S5_41534165 5 41534165 0.000620725057160305
S5_41534171 5 41534171 0.000606971832085481
S5_41781050 5 41781050 0.000115964239448104
S5_41781056 5 41781056 0.000115964239448104
S5_41810868 5 41810868 0.00012316787894313
S5_42244896 5 42244896 0.000284013461809758
S5_42628217 5 42628217 0.000429121261730714
S5_42687609 5 42687609 0.000604992182195536
S5_42715482 5 42715482 1.13007342512592e-06
S5_42921176 5 42921176 0.000617025350260379
S5_42921207 5 42921207 0.000617025350260498
S5_43141378 5 43141378 0.000266573492478955
S5_43329113 5 43329113 0.000240466910439271
S5_43592298 5 43592298 0.000526092054390718
S5_43665797 5 43665797 0.000183286946031478
S5_43666547 5 43666547 1.83832069183922e-05
S5_43704505 5 43704505 0.000878702303614396
S5_43725106 5 43725106 0.000858273172872305
S5_43770148 5 43770148 0.000751488219517346
S5_43770258 5 43770258 0.000274923947567976
S5_43791254 5 43791254 0.000459121655647667
S5_43858553 5 43858553 0.000410351143940255
S5_43860319 5 43860319 0.000367762667671215
S5_43996057 5 43996057 8.08521502215647e-05
S5_43996075 5 43996075 0.000501283871018541
S5_44030201 5 44030201 0.000139683180771234
S5_44037071 5 44037071 4.27924030476988e-06
S5_44037080 5 44037080 4.27924030477361e-06
S5_44059399 5 44059399 0.000344932297263188
S5_44066545 5 44066545 0.000150176915648465
S5_44077165 5 44077165 0.000529313616561771
S5_44088722 5 44088722 7.14051768608056e-08
S5_44131668 5 44131668 0.000564156563623768
S5_44133698 5 44133698 2.77564956781738e-05
S5_44215176 5 44215176 3.35208590702363e-06
S5_44215189 5 44215189 3.35208590702096e-06
S5_44240867 5 44240867 0.000555119751871831
S5_44240868 5 44240868 0.000555119751871831
S5_44240894 5 44240894 0.000555119751871686
S5_44241002 5 44241002 3.3854141656575e-06
S5_44241038 5 44241038 3.3854141656575e-06
S5_44245009 5 44245009 0.000967970133777444
S5_44245033 5 44245033 0.000967970133777846
S5_44245038 5 44245038 0.000967970133777846
S5_44308995 5 44308995 0.00092674782208482
S5_44380272 5 44380272 0.000354822265753999
S5_44380354 5 44380354 0.0005254267485891
S5_44395714 5 44395714 3.06986677764541e-06
S5_44395715 5 44395715 3.06986677764541e-06
S5_44395716 5 44395716 3.0698667776516e-06
S5_44395718 5 44395718 3.0698667776516e-06
S5_44395722 5 44395722 0.000467248411934345
S5_45090116 5 45090116 0.000745173325269398
S5_45443969 5 45443969 2.12287087623403e-06
S5_45496112 5 45496112 0.000303280348738434
S5_45568978 5 45568978 0.000907804098427814
S5_45576393 5 45576393 0.000514628670639653
S5_45576422 5 45576422 0.000514628670639653
S5_45595222 5 45595222 0.000122860913084974
S5_45595223 5 45595223 0.000122860913084974
S5_45595224 5 45595224 0.000899367503876206
S5_45595225 5 45595225 0.000122860913084974
S5_45595226 5 45595226 0.000122860913084974
S5_45646796 5 45646796 0.000912363845005909
S5_45646814 5 45646814 0.000948252932411599
S5_45646867 5 45646867 3.22618160469906e-06
S5_45648895 5 45648895 0.000329068911597142
S5_45659419 5 45659419 1.97811879828625e-05
S5_45672338 5 45672338 2.8459433791621e-06
S5_45673143 5 45673143 0.000762270907162742
S5_45673174 5 45673174 0.0007622709071634
S5_45673177 5 45673177 0.000762270907162742
S5_45675346 5 45675346 0.000310059080431463
S5_45675349 5 45675349 0.000346632541747123
S5_45675415 5 45675415 3.61122670751934e-05
S5_45692561 5 45692561 0.000687467038225607
S5_45693403 5 45693403 0.00068827516491738
S5_45693424 5 45693424 0.00068827516491738
S5_45701774 5 45701774 1.63751226783618e-06
S5_45707642 5 45707642 0.000572027327318964
S5_45707756 5 45707756 0.000692906663988697
S5_45723104 5 45723104 0.000315538043936451
S5_45736880 5 45736880 2.41998706185675e-06
S5_45736895 5 45736895 2.41998706186256e-06
S5_45737138 5 45737138 3.59430440459032e-06
S5_45737162 5 45737162 3.59430440460027e-06
S5_45737171 5 45737171 3.59430440460027e-06
S5_45737278 5 45737278 0.000992270754222369
S5_45759319 5 45759319 3.30173807627399e-06
S5_45762120 5 45762120 0.000211381565699156
S5_45762473 5 45762473 0.000720866375168793
S5_45786408 5 45786408 0.000797090719452993
S5_45786493 5 45786493 4.93655693103133e-06
S5_45803652 5 45803652 2.9183763268288e-06
S5_45803804 5 45803804 0.000408043404568461
S5_45803807 5 45803807 0.000408043404568461
S5_45804528 5 45804528 0.000694699900094422
S5_45804596 5 45804596 2.43531793119208e-06
S5_45804675 5 45804675 4.03464198347778e-06
S5_45804821 5 45804821 2.28292858287428e-06
S5_45804895 5 45804895 1.84807579060391e-06
S5_45804908 5 45804908 1.84807579060391e-06
S5_45804909 5 45804909 1.83893675391817e-06
S5_45807035 5 45807035 4.98285173652552e-05
S5_45835034 5 45835034 2.55760157224499e-06
S5_45853799 5 45853799 0.000113442902402984
S5_45857206 5 45857206 1.21671117578599e-05
S5_45937944 5 45937944 0.00032634415728276
S5_46034963 5 46034963 0.00023795709717155
S5_46110067 5 46110067 0.00043675486316425
S5_46114433 5 46114433 0.000850945142000423
S5_46127321 5 46127321 1.82784916434046e-06
S5_46218876 5 46218876 2.32178951294377e-06
S5_46218895 5 46218895 2.32178951294195e-06
S5_46218936 5 46218936 4.66336439596431e-05
S5_46219048 5 46219048 2.3499606944529e-06
S5_46219877 5 46219877 3.61259918550607e-06
S5_46236367 5 46236367 5.03448391130751e-05
S5_46236859 5 46236859 0.000851725212607098
S5_46237847 5 46237847 0.000706978056704493
S5_46243517 5 46243517 0.000814398140244531
S5_46243562 5 46243562 0.000814398140244531
S5_46245027 5 46245027 0.000888106134200701
S5_46245030 5 46245030 0.000888106134201006
S5_46252613 5 46252613 2.25748577203488e-06
S5_46252642 5 46252642 0.000646863851147587
S5_46252667 5 46252667 0.000700369255794797
S5_46254671 5 46254671 2.22038125426195e-06
S5_46256435 5 46256435 2.54388549280717e-06
S5_46260367 5 46260367 0.000265303519664868
S5_46261678 5 46261678 3.10013658062852e-06
S5_46279514 5 46279514 0.000659954285314655
S5_46279667 5 46279667 0.000997391320051977
S5_46324789 5 46324789 0.000258898963891726
S5_46384238 5 46384238 3.13193658665444e-06
S5_46384494 5 46384494 5.08085347565849e-05
S5_46390626 5 46390626 0.000647516040505719
S5_46390733 5 46390733 2.98327476468255e-06
S5_46390752 5 46390752 2.96217261097083e-06
S5_46397956 5 46397956 0.000126546102277887
S5_46397991 5 46397991 0.000126546102277887
S5_46457548 5 46457548 0.000908077673105232
S5_46458013 5 46458013 2.76233011436148e-06
S5_46474249 5 46474249 0.000925219663851838
S5_46474267 5 46474267 0.000925219663851838
S5_46474274 5 46474274 0.000925219663851838
S5_46479255 5 46479255 0.000342632189370442
S5_46482459 5 46482459 0.000502968540665006
S5_46483451 5 46483451 3.17707428160535e-06
S5_46483459 5 46483459 3.17707428160535e-06
S5_46483620 5 46483620 1.16016010834054e-06
S5_46483687 5 46483687 6.02583553991392e-05
S5_46518683 5 46518683 2.73628687254076e-06
S5_46518686 5 46518686 2.69845327369459e-06
S5_46518716 5 46518716 2.69845327370384e-06
S5_46518998 5 46518998 4.91278319684586e-05
S5_46520181 5 46520181 0.000902605537521588
S5_46520235 5 46520235 0.00095132218950669
S5_46525136 5 46525136 9.53321022309125e-05
S5_46525168 5 46525168 6.55945287866689e-05
S5_46525310 5 46525310 2.78227800016349e-06
S5_46532464 5 46532464 7.89248828593481e-06
S5_46532508 5 46532508 4.89831777312952e-06
S5_46535625 5 46535625 4.37537666098827e-06
S5_46540733 5 46540733 1.75622534264516e-05
S5_46553569 5 46553569 7.82097187963769e-07
S5_46553572 5 46553572 7.53897375918974e-07
S5_46553747 5 46553747 1.07432266362589e-06
S5_46553749 5 46553749 1.07432266362589e-06
S5_46553750 5 46553750 1.0743226636252e-06
S5_46553753 5 46553753 1.07432266362589e-06
S5_46553754 5 46553754 1.07432266362589e-06
S5_46553784 5 46553784 7.30687577538289e-07
S5_46576205 5 46576205 4.13938751669917e-06
S5_46576214 5 46576214 1.4473057075136e-06
S5_46579855 5 46579855 4.50930068356671e-06
S5_46579904 5 46579904 1.1276019531545e-06
S5_46592353 5 46592353 0.00065787275522205
S5_46592365 5 46592365 0.00065787275522205
S5_46595895 5 46595895 7.88919853020064e-07
S5_46596536 5 46596536 2.80777286334156e-06
S5_46598073 5 46598073 5.53649587751113e-06
S5_46598757 5 46598757 8.34495167535481e-07
S5_46598939 5 46598939 2.21008305191639e-06
S5_46599068 5 46599068 1.51910905561523e-05
S5_46599116 5 46599116 0.000957571496136592
S5_46667707 5 46667707 0.000742847757187539
S5_46689179 5 46689179 0.000278703134794199
S5_46689220 5 46689220 0.000278703134794199
S5_47432049 5 47432049 0.000923443964906952
S5_47440143 5 47440143 0.000822706336545526
S5_47467490 5 47467490 0.000116902821919632
S5_47503209 5 47503209 0.000648916267888528
S5_47804413 5 47804413 0.000738850290170938
S5_48470835 5 48470835 2.4890382757494e-06
S5_48516162 5 48516162 2.79436474980775e-05
S5_48528524 5 48528524 1.51180175031127e-06
S5_48536436 5 48536436 6.42600965572713e-05
S5_48537068 5 48537068 4.62835114156431e-05
S5_48551591 5 48551591 0.000255817317838981
S5_48731517 5 48731517 0.000291487261263042
S5_48911174 5 48911174 3.60295015680872e-05
S5_48924268 5 48924268 0.000681997871170595
S5_49018408 5 49018408 0.000999616561351084
S5_49095816 5 49095816 7.05432835269365e-05
S5_49188644 5 49188644 4.77198889265172e-05
S5_49345316 5 49345316 0.000401049395304436
S5_49345323 5 49345323 0.000401049395304436
S5_49431426 5 49431426 0.000473888095372774
S5_49466972 5 49466972 0.000260241440318112
S5_49472606 5 49472606 0.000846967046829912
S5_49656659 5 49656659 1.27598295475487e-06
S5_49663975 5 49663975 7.54569974158285e-07
S5_49664001 5 49664001 2.16371479868611e-05
S5_49682604 5 49682604 2.18953771844024e-05
S5_49692487 5 49692487 6.41638311991137e-05
S5_49692563 5 49692563 0.000314486232065397
S5_49718344 5 49718344 4.29236455739966e-05
S5_49718345 5 49718345 0.000595115008733866
S5_49756299 5 49756299 0.000157413317092421
S5_49811334 5 49811334 1.02761170204561e-05
S5_49889587 5 49889587 1.72264497536385e-05
S5_49924365 5 49924365 5.17103306493896e-10
S5_49930332 5 49930332 5.33981337249855e-05
S5_49941043 5 49941043 3.9708719328888e-07
S5_49941044 5 49941044 3.9708719328888e-07
S5_49941200 5 49941200 0.000471610959196203
S5_50014102 5 50014102 0.000102493289903179
S5_50014125 5 50014125 0.000102493289903179
S5_50188668 5 50188668 3.0192997581479e-06
S5_50286468 5 50286468 7.40401288970299e-06
S5_50289090 5 50289090 6.14338180093232e-05
S5_50295313 5 50295313 5.51607857081e-05
S5_50333279 5 50333279 0.000986492343381306
S5_50578994 5 50578994 5.27412366290431e-05
S5_50677955 5 50677955 0.000289172716156104
S5_50691056 5 50691056 0.00038703021053278
S5_50745237 5 50745237 2.43659113171789e-05
S5_50773730 5 50773730 1.59433492603732e-05
S5_50773823 5 50773823 0.000606086983934634
S5_50806124 5 50806124 0.00038041237415468
S5_50886411 5 50886411 3.60606891787912e-06
S5_50924040 5 50924040 3.21369451778804e-05
S5_50924620 5 50924620 3.8552689553817e-05
S5_50924622 5 50924622 3.8050680571841e-05
S5_50924634 5 50924634 3.80506805718393e-05
S5_50926885 5 50926885 9.89147234219013e-05
S5_50929307 5 50929307 3.93945452897287e-06
S5_50929347 5 50929347 3.93945452896724e-06
S5_50929349 5 50929349 3.93945452896724e-06
S5_50929372 5 50929372 4.05828633974801e-06
S5_50929428 5 50929428 4.05828633974801e-06
S5_50937368 5 50937368 8.68395066986231e-07
S5_50937459 5 50937459 8.76885667742e-07
S5_50937475 5 50937475 8.76885667742e-07
S5_50937983 5 50937983 3.14195869606135e-06
S5_50947670 5 50947670 0.000990078118508201
S5_50964889 5 50964889 1.09213146634434e-05
S5_50964962 5 50964962 0.000165762519893043
S5_51019188 5 51019188 3.06240396606723e-06
S5_51019475 5 51019475 6.07228906402243e-07
S5_51025638 5 51025638 9.39026489984047e-07
S5_51025670 5 51025670 8.98951316936017e-07
S5_51026971 5 51026971 0.000229754200662452
S5_51030062 5 51030062 0.000232580197929556
S5_51030259 5 51030259 0.000981929994089888
S5_51030475 5 51030475 3.57639514505908e-06
S5_51030844 5 51030844 9.54442322946192e-07
S5_51030876 5 51030876 9.54442322945251e-07
S5_51030897 5 51030897 2.79421297125844e-12
S5_51030996 5 51030996 8.10869494528058e-07
S5_51037679 5 51037679 0.000118665398791301
S5_51064202 5 51064202 2.11969481522362e-06
S5_51064240 5 51064240 6.43099313574304e-06
S5_51064257 5 51064257 6.35308735878369e-06
S5_51064280 5 51064280 6.35308735878449e-06
S5_51064751 5 51064751 1.42996434351485e-06
S5_51064784 5 51064784 1.42996434351485e-06
S5_51069605 5 51069605 6.79420506245166e-06
S5_51069606 5 51069606 6.79420506245166e-06
S5_51069640 5 51069640 6.79420506245166e-06
S5_51070854 5 51070854 5.25324962026359e-06
S5_51071178 5 51071178 7.34030052400363e-06
S5_51073708 5 51073708 0.00065377786991411
S5_51107297 5 51107297 1.96746310060535e-06
S5_51115396 5 51115396 0.000824296686054558
S5_51133156 5 51133156 4.75141455251659e-06
S5_51133871 5 51133871 2.01985207652439e-05
S5_51138841 5 51138841 3.05447595019876e-05
S5_51139975 5 51139975 4.83669674174426e-06
S5_51142330 5 51142330 4.48084783104638e-06
S5_51181269 5 51181269 5.77299943018104e-05
S5_51192248 5 51192248 5.19756272393053e-06
S5_51192323 5 51192323 0.000213031256037972
S5_51213237 5 51213237 3.98369903486114e-07
S5_51266686 5 51266686 0.000506514046657965
S5_51329058 5 51329058 1.13609621506454e-05
S5_51336694 5 51336694 3.71054618035125e-06
S5_51336700 5 51336700 3.71054618035125e-06
S5_51336726 5 51336726 3.71054618035341e-06
S5_51354869 5 51354869 2.68262257075416e-05
S5_51441285 5 51441285 4.7242023573568e-06
S5_51463824 5 51463824 3.68065043246106e-06
S5_51470841 5 51470841 3.89738227408613e-06
S5_51470842 5 51470842 3.89738227408613e-06
S5_51484792 5 51484792 0.000887724024461402
S5_51507911 5 51507911 1.08325838723018e-05
S5_51507921 5 51507921 1.08325838723018e-05
S5_51548877 5 51548877 0.000226239253154605
S5_51575059 5 51575059 8.28601241995502e-05
S5_51575154 5 51575154 8.1010176862008e-06
S5_51577618 5 51577618 5.92438550691271e-06
S5_51578105 5 51578105 4.77998329349838e-06
S5_51578139 5 51578139 4.77998329349669e-06
S5_51578146 5 51578146 4.77998329349669e-06
S5_51602727 5 51602727 4.29936490986529e-06
S5_51650212 5 51650212 5.51022081827165e-06
S5_51658795 5 51658795 3.76104854737528e-06
S5_51659078 5 51659078 5.43149581219861e-06
S5_51660463 5 51660463 0.000105381161894508
S5_51679512 5 51679512 3.74432447533652e-06
S5_51681116 5 51681116 6.81867148742274e-06
S5_51681118 5 51681118 6.81867148741433e-06
S5_51681121 5 51681121 1.9031279664276e-05
S5_51681146 5 51681146 6.35248502881595e-06
S5_51682032 5 51682032 3.41068667303139e-06
S5_51682205 5 51682205 4.8246633870044e-06
S5_51683353 5 51683353 1.28381129614368e-05
S5_51683381 5 51683381 1.28381129614368e-05
S5_51684668 5 51684668 7.05150941480626e-06
S5_51684695 5 51684695 7.05150941480626e-06
S5_51684700 5 51684700 7.05150941479862e-06
S5_51684712 5 51684712 7.05150941479862e-06
S5_51684829 5 51684829 3.99408312812632e-06
S5_51778839 5 51778839 0.000925318082178756
S5_51794309 5 51794309 0.000819513460468779
S5_51796682 5 51796682 4.23867323733608e-06
S5_51805998 5 51805998 0.000184417166274195
S5_51946750 5 51946750 0.000115359137571945
S5_52006710 5 52006710 0.000220786240982387
S5_52008403 5 52008403 5.23470472872407e-06
S5_52009207 5 52009207 4.97687916564746e-06
S5_52009210 5 52009210 4.97687916564746e-06
S5_52009212 5 52009212 4.97687916563776e-06
S5_52032516 5 52032516 1.75011123614357e-05
S5_52032522 5 52032522 4.51240452900409e-06
S5_52032524 5 52032524 4.51240452899694e-06
S5_52032563 5 52032563 4.51240452899694e-06
S5_52038741 5 52038741 3.3002948057838e-05
S5_52086547 5 52086547 5.64388249723743e-06
S5_52087427 5 52087427 6.1457137038516e-05
S5_52088377 5 52088377 6.57966496455371e-05
S5_52089225 5 52089225 5.06603606018098e-06
S5_52089242 5 52089242 1.79363361102282e-05
S5_52093111 5 52093111 1.36832756406614e-05
S5_52093168 5 52093168 8.10424000411563e-05
S5_52093197 5 52093197 8.45463610872195e-05
S5_52114613 5 52114613 3.00362573187661e-05
S5_52114641 5 52114641 3.00362573187703e-05
S5_52124703 5 52124703 5.4894157814106e-06
S5_52136129 5 52136129 1.42775699355333e-05
S5_52306394 5 52306394 2.28315760790677e-05
S5_52307211 5 52307211 3.89850512231951e-06
S5_52307539 5 52307539 4.8884410646213e-06
S5_52344040 5 52344040 5.98859824056052e-06
S5_52385461 5 52385461 3.55686332564874e-05
S5_52395653 5 52395653 1.16208581128206e-05
S5_52395836 5 52395836 2.50376887455546e-06
S5_52395883 5 52395883 2.85800894027416e-06
S5_52396793 5 52396793 4.70647960650354e-06
S5_52461891 5 52461891 0.000695065906072713
S5_52524915 5 52524915 0.000405220264313081
S5_52525054 5 52525054 4.03777907844953e-05
S5_52525913 5 52525913 0.000114881087366368
S5_52525918 5 52525918 3.41754558505128e-05
S5_52525927 5 52525927 0.000114881087366368
S5_52545601 5 52545601 0.000906801618696441
S5_52545619 5 52545619 0.000887090950773717
S5_52556164 5 52556164 0.000279709788947193
S5_52561730 5 52561730 0.000529331637331357
S5_52561732 5 52561732 0.000456182748093169
S5_52570657 5 52570657 0.000663363271599796
S5_52570840 5 52570840 4.36090299216126e-05
S5_52584021 5 52584021 2.14782375958367e-06
S5_52586862 5 52586862 0.000262501394759253
S5_52616707 5 52616707 1.01400928076129e-05
S5_52617062 5 52617062 0.000664980437837262
S5_52617075 5 52617075 0.00084287119686365
S5_52746957 5 52746957 2.43729338480372e-06
S5_52746958 5 52746958 2.43729338480678e-06
S5_52772925 5 52772925 1.73661071273676e-05
S5_52773129 5 52773129 8.46700331810238e-06
S5_52780652 5 52780652 9.39668071142089e-06
S5_52784077 5 52784077 0.000910496583563821
S5_52784092 5 52784092 0.000910496583563821
S5_52784114 5 52784114 0.000910496583563821
S5_52837491 5 52837491 5.60636818689409e-07
S5_52856260 5 52856260 6.88652045945466e-06
S5_52868033 5 52868033 1.20182578283609e-06
S5_52868034 5 52868034 1.20182578283205e-06
S5_52925962 5 52925962 1.84594957370044e-06
S5_52942790 5 52942790 0.000732228675875113
S5_53005026 5 53005026 1.52853672498201e-05
S5_53005029 5 53005029 1.52853672497839e-05
S5_53027958 5 53027958 0.000291203323287468
S5_53043618 5 53043618 0.000283465101063027
S5_53069737 5 53069737 0.000740334378753295
S5_53102557 5 53102557 0.000331307493228272
S5_53137207 5 53137207 0.000792567576455737
S5_53149251 5 53149251 0.000983878360210793
S5_53151918 5 53151918 0.000374561693933851
S5_53151925 5 53151925 0.000374561693933851
S5_53151951 5 53151951 0.000329552682243078
S5_53186389 5 53186389 9.3704989202676e-05
S5_53241765 5 53241765 7.69541106921263e-05
S5_53271890 5 53271890 8.06006015937083e-05
S5_53274515 5 53274515 0.000129009876723064
S5_53274624 5 53274624 3.26671880411772e-06
S5_53326727 5 53326727 0.000554490249354082
S5_53355360 5 53355360 2.31867763749479e-05
S5_53366075 5 53366075 0.000202832427720574
S5_53366109 5 53366109 0.000405454228597542
S5_53375927 5 53375927 1.33524511442782e-05
S5_53389115 5 53389115 0.0006199790650193
S5_53432641 5 53432641 3.00249871122084e-05
S5_53434878 5 53434878 0.000649805666741456
S5_53434894 5 53434894 0.000649805666741456
S5_53434899 5 53434899 0.000649805666741456
S5_53434910 5 53434910 0.000649805666741456
S5_53435085 5 53435085 0.000177215900840767
S5_53458117 5 53458117 3.80984027675464e-08
S5_53695044 5 53695044 1.85255830922077e-05
S5_53707748 5 53707748 9.21494073171959e-07
S5_53727533 5 53727533 1.32196760853712e-05
S5_53853732 5 53853732 0.000749551738070745
S5_53877099 5 53877099 5.8875566390257e-05
S5_53878476 5 53878476 0.000219199768443694
S5_53882970 5 53882970 8.33544498347765e-05
S5_53884350 5 53884350 0.000375154021360052
S5_53895607 5 53895607 2.13081208845857e-05
S5_53895655 5 53895655 7.7033281242202e-05
S5_54059484 5 54059484 0.000343190810580817
S5_54060351 5 54060351 0.000458621304551112
S5_54082281 5 54082281 0.00048433627447307
S5_54116087 5 54116087 8.94933967991181e-06
S5_54121825 5 54121825 0.000432796817864194
S5_54155275 5 54155275 0.000135940601781157
S5_54155411 5 54155411 8.79140885393311e-06
S5_54237915 5 54237915 1.7596197153985e-05
S5_54297864 5 54297864 6.32619815929251e-06
S5_54297966 5 54297966 0.000493328423750352
S5_54326328 5 54326328 0.000354511473936086
S5_54461334 5 54461334 0.000357107974782394
S5_54512921 5 54512921 0.000221527325604149
S5_54522552 5 54522552 0.000149453484876051
S5_54525107 5 54525107 0.000342491546464085
S5_54526569 5 54526569 0.000785382141440153
S5_54526600 5 54526600 0.000377696533424461
S5_54573296 5 54573296 0.000243671230724404
S5_54594906 5 54594906 9.64506247739754e-05
S5_54692250 5 54692250 0.000174717078422602
S5_54692255 5 54692255 0.000174717078422612
S5_54692260 5 54692260 0.000174717078422602
S5_54692266 5 54692266 0.000174717078422612
S5_54692267 5 54692267 0.000168461888264191
S5_54695752 5 54695752 7.38186901041337e-08
S5_54698783 5 54698783 0.000709948666672082
S5_54752395 5 54752395 0.000594066462153331
S5_54790037 5 54790037 0.00095612722134722
S5_55005817 5 55005817 0.000390335810480871
S5_55023939 5 55023939 1.11091541911957e-05
S5_55136403 5 55136403 0.000534986550524346
S5_55151832 5 55151832 0.000537907938535547
S5_55172442 5 55172442 3.00158962596509e-05
S5_55242928 5 55242928 0.000549056041936688
S5_55242930 5 55242930 0.000549056041936688
S5_55242951 5 55242951 0.000859337469571679
S5_55270444 5 55270444 0.000396873966254408
S5_55294204 5 55294204 1.28047532450156e-08
S5_55302192 5 55302192 0.00019174993961498
S5_55404153 5 55404153 7.96153408066283e-05
S5_55579464 5 55579464 6.82709524936724e-06
S5_55597003 5 55597003 0.00020297285490603
S5_55597427 5 55597427 0.000239360619831238
S5_55597439 5 55597439 0.000239360619831238
S5_55631253 5 55631253 3.72004934636848e-05
S5_55659200 5 55659200 1.00017182359799e-10
S5_55666947 5 55666947 0.0007928580145234
S5_55680755 5 55680755 4.56973704174108e-07
S5_55689571 5 55689571 4.90969265461734e-06
S5_55697374 5 55697374 0.00012006888633016
S5_55704725 5 55704725 1.57419872900777e-05
S5_55706546 5 55706546 8.99743263871136e-05
S5_55741008 5 55741008 1.78173396026565e-07
S5_55799678 5 55799678 9.1769101851906e-07
S5_55802896 5 55802896 5.13614395763683e-07
S5_55803100 5 55803100 2.45386628513863e-05
S5_55807389 5 55807389 0.000317630793720715
S5_55825042 5 55825042 0.000421107249297443
S5_55825213 5 55825213 1.43509287988693e-11
S5_55843745 5 55843745 1.96458068283896e-05
S5_55843862 5 55843862 0.000774393429365933
S5_55855558 5 55855558 5.94815079472728e-06
S5_55908330 5 55908330 0.000336245698661535
S5_55917539 5 55917539 1.67997349804378e-05
S5_55922798 5 55922798 5.33978398114503e-16
S5_55972841 5 55972841 0.000431392288800227
S5_56029895 5 56029895 2.34211695195234e-05
S5_56046885 5 56046885 1.31616524955176e-05
S5_56067964 5 56067964 7.7964757185228e-12
S5_56103449 5 56103449 2.44003609096607e-06
S5_56128934 5 56128934 7.23211515104355e-05
S5_56128952 5 56128952 5.73033712789838e-05
S5_56238697 5 56238697 0.000569137803411387
S5_56238712 5 56238712 0.000569137803411387
S5_56238723 5 56238723 0.000599995086774941
S5_56245180 5 56245180 3.92801302450191e-07
S5_56250579 5 56250579 2.23251987443723e-05
S5_56250763 5 56250763 3.26057237381008e-05
S5_56251617 5 56251617 1.63848166410306e-06
S5_56251649 5 56251649 1.63848166410324e-06
S5_56251700 5 56251700 0.000123841256338196
S5_56251702 5 56251702 0.000123841256338163
S5_56304893 5 56304893 0.00058863773981525
S5_56319734 5 56319734 3.10672278764267e-05
S5_56319736 5 56319736 3.10672278764281e-05
S5_56319737 5 56319737 3.10672278764281e-05
S5_56333488 5 56333488 8.15776100648517e-06
S5_56341066 5 56341066 0.000581527377247533
S5_56341067 5 56341067 0.000581527377247533
S5_56351538 5 56351538 0.000240991827861942
S5_56351541 5 56351541 0.00022402483587684
S5_56351543 5 56351543 0.000240991827861942
S5_56375057 5 56375057 4.49467692311513e-06
S5_56379856 5 56379856 4.19111611695858e-16
S5_56379865 5 56379865 4.19111611695858e-16
S5_56425011 5 56425011 4.27525852011459e-05
S5_56426666 5 56426666 1.02960716513401e-05
S5_56585894 5 56585894 0.000852599227161371
S5_56587378 5 56587378 0.000647602388632923
S5_56587413 5 56587413 0.000231552313011074
S5_56588359 5 56588359 2.64629878974723e-05
S5_56588452 5 56588452 0.000616024593089203
S5_56588528 5 56588528 0.000928863118284862
S5_56588563 5 56588563 4.72444780904737e-05
S5_56589417 5 56589417 0.00023894445196779
S5_56592537 5 56592537 0.000253482719981188
S5_56592538 5 56592538 0.000253482719981188
S5_56593520 5 56593520 4.05776331989909e-05
S5_56604276 5 56604276 0.00014069460171415
S5_56604277 5 56604277 6.08496381604599e-05
S5_56604278 5 56604278 0.00014069460171415
S5_56604676 5 56604676 0.000223463912357252
S5_56604683 5 56604683 0.000113522366644646
S5_56604712 5 56604712 2.49444975365251e-05
S5_56604872 5 56604872 4.01438420282912e-05
S5_56604882 5 56604882 2.0665627372988e-05
S5_56690181 5 56690181 0.000719506281289461
S5_56690200 5 56690200 0.000645557652006881
S5_56690509 5 56690509 0.000301483729080489
S5_56690510 5 56690510 0.000301483729080489
S5_56690933 5 56690933 4.10320689028111e-05
S5_56690959 5 56690959 7.16673604926655e-05
S5_56694338 5 56694338 4.26158757067909e-05
S5_56695575 5 56695575 0.000804078117591972
S5_56709503 5 56709503 0.000350567366905615
S5_56717976 5 56717976 0.000997693637782805
S5_56725237 5 56725237 7.54604277665603e-05
S5_56726018 5 56726018 0.00014692420302665
S5_56726055 5 56726055 0.00014692420302665
S5_56732900 5 56732900 0.000335890625563269
S5_56736162 5 56736162 0.000933454982633363
S5_56744176 5 56744176 1.02083653573026e-05
S5_56748513 5 56748513 1.14851775791335e-05
S5_56748539 5 56748539 3.23721337832309e-06
S5_56749292 5 56749292 1.91180727687757e-05
S5_56749328 5 56749328 1.91180727687757e-05
S5_56749409 5 56749409 8.28362800894428e-06
S5_56764286 5 56764286 0.000146385703551704
S5_56766828 5 56766828 8.38283947525956e-06
S5_56766843 5 56766843 8.38283947525956e-06
S5_56791929 5 56791929 0.000208895415617841
S5_56791960 5 56791960 0.000208895415617841
S5_56792089 5 56792089 0.000553427848009334
S5_56793570 5 56793570 0.000356383239186139
S5_56797230 5 56797230 7.82062437585272e-05
S5_56799190 5 56799190 0.000311592033113948
S5_56799196 5 56799196 0.000188627720278442
S5_56800650 5 56800650 0.000294759170201395
S5_56800667 5 56800667 0.000294759170201395
S5_56805609 5 56805609 0.000805320897315185
S5_56808809 5 56808809 8.6377479291677e-06
S5_56808835 5 56808835 8.63774792916707e-06
S5_56841048 5 56841048 0.000911311465239821
S5_56847731 5 56847731 8.9224563935481e-05
S5_57099903 5 57099903 0.000486845209145108
S5_57277506 5 57277506 0.000514429941305798
S5_57406453 5 57406453 0.000142753891479163
S5_57516669 5 57516669 5.80303229856388e-05
S5_57516953 5 57516953 3.36540480652978e-06
S5_57631176 5 57631176 0.000463687291002592
S5_57740898 5 57740898 0.000169634116632499
S5_57865431 5 57865431 8.89721416980873e-05
S5_57918967 5 57918967 3.71493676873653e-05
S5_57919288 5 57919288 7.78645814977039e-05
S5_57937974 5 57937974 0.000498104838740462
S5_57960097 5 57960097 0.000692771034474162
S5_57979573 5 57979573 3.85780182662642e-05
S5_58020584 5 58020584 0.000150742616194639
S5_58058214 5 58058214 0.000414045095127389
S5_58058733 5 58058733 0.00029385690439553
S5_58077532 5 58077532 0.000379557637279951
S5_58087381 5 58087381 0.000335715672711265
S5_58087383 5 58087383 0.000335715672711265
S5_58087663 5 58087663 0.000945384044254959
S5_58087835 5 58087835 0.000166355264241037
S5_58087836 5 58087836 0.000166355264241037
S5_58087997 5 58087997 0.000880396108213252
S5_58091409 5 58091409 5.29451167873358e-06
S5_58130319 5 58130319 0.000450907966001473
S5_58187916 5 58187916 0.000375277646965555
S5_58202037 5 58202037 9.27798479905986e-06
S5_58202039 5 58202039 9.27798479905986e-06
S5_58212295 5 58212295 9.46380734453141e-08
S5_58226107 5 58226107 0.000250179836327656
S5_58267284 5 58267284 1.95985537684351e-14
S5_58270719 5 58270719 0.000191306973443627
S5_58275127 5 58275127 9.71398940371269e-09
S5_58283337 5 58283337 0.000810886208243603
S5_58330722 5 58330722 0.000487066593072171
S5_58330731 5 58330731 0.000487066593072171
S5_58334306 5 58334306 7.25922944612868e-08
S5_58393189 5 58393189 8.6762260969211e-09
S5_58399144 5 58399144 4.97276970263564e-05
S5_58409235 5 58409235 1.4873052845474e-07
S5_58409495 5 58409495 7.91032210841224e-05
S5_58413419 5 58413419 0.000364094500239838
S5_58413425 5 58413425 6.73110489290798e-05
S5_58463154 5 58463154 0.000404952145159702
S5_58463158 5 58463158 0.000752286825205572
S5_58463178 5 58463178 0.000566148168424473
S5_58478464 5 58478464 0.000729539692495557
S5_58496914 5 58496914 0.000330447525662899
S5_58496916 5 58496916 0.000330447525662899
S5_58497257 5 58497257 0.000658372495012675
S5_58497263 5 58497263 3.84584018069227e-05
S5_58497266 5 58497266 3.84584018069227e-05
S5_58497272 5 58497272 3.84584018069241e-05
S5_58497278 5 58497278 0.000658372495012726
S5_58497450 5 58497450 0.000401832125760805
S5_58497459 5 58497459 0.000401832125760805
S5_58497462 5 58497462 0.000401832125760771
S5_58501354 5 58501354 0.000119625587741545
S5_58523541 5 58523541 0.000941405850288429
S5_58580954 5 58580954 0.000367173392000351
S5_58581875 5 58581875 3.59470156063562e-05
S5_58585898 5 58585898 0.000130842637354446
S5_58586762 5 58586762 2.05795376962754e-05
S5_58586821 5 58586821 0.000175712319245709
S5_58599066 5 58599066 0.000224423508921371
S5_58599102 5 58599102 0.000224423508921434
S5_58652025 5 58652025 0.000118647798922509
S5_58668926 5 58668926 1.66211311112215e-05
S5_58720763 5 58720763 4.75265326469173e-06
S5_58732727 5 58732727 1.66398090839616e-06
S5_58764007 5 58764007 0.000314005157117693
S5_58772222 5 58772222 1.54899927004432e-08
S5_58778068 5 58778068 0.000968626894035562
S5_58784156 5 58784156 0.000112729862141482
S5_58805952 5 58805952 9.87376490394243e-05
S5_58806439 5 58806439 3.75461426651395e-08
S5_58818046 5 58818046 3.26465106235564e-06
S5_58825026 5 58825026 0.000124375965553285
S5_58829445 5 58829445 0.000534972131196362
S5_58863820 5 58863820 0.000280138606846392
S5_58875579 5 58875579 4.84047878439714e-06
S5_58882138 5 58882138 1.09537768265593e-08
S5_58902007 5 58902007 3.36502263911124e-07
S5_58902010 5 58902010 0.000174633205320579
S5_58902222 5 58902222 0.000995796179299363
S5_58909649 5 58909649 1.179820578825e-06
S5_58915235 5 58915235 5.4351945232487e-06
S5_58922001 5 58922001 0.000580260360247615
S5_58927795 5 58927795 0.000788272698389268
S5_58927813 5 58927813 0.00078827269838949
S5_58927816 5 58927816 0.000788272698389268
S5_58932915 5 58932915 5.13552657278177e-18
S5_58937312 5 58937312 0.00011084532125591
S5_58937327 5 58937327 5.91791456131487e-05
S5_58939181 5 58939181 0.000585159177579871
S5_58994927 5 58994927 0.000129829611446309
S5_58999120 5 58999120 4.76072464759155e-06
S5_58999316 5 58999316 1.02234874141411e-06
S5_59026890 5 59026890 0.000463244953240412
S5_59035807 5 59035807 2.59386166655172e-15
S5_59035831 5 59035831 2.59386166655172e-15
S5_59035902 5 59035902 2.14037195052806e-10
S5_59162766 5 59162766 0.000877475580439986
S5_59162769 5 59162769 0.00087747558044022
S5_59162771 5 59162771 0.000906095211920337
S5_59227173 5 59227173 0.000197631999594147
S5_59229134 5 59229134 0.000252305687911648
S5_59251353 5 59251353 0.000683647764697564
S5_59252147 5 59252147 0.000188043823235694
S5_59301670 5 59301670 0.000525575312954435
S5_59367136 5 59367136 0.000614285915669088
S5_59373188 5 59373188 0.000764752605174809
S5_59373212 5 59373212 0.000764752605174809
S5_59376321 5 59376321 0.000287195140258487
S5_59417119 5 59417119 2.80043362360573e-05
S5_59419009 5 59419009 0.000113729415040439
S5_59439980 5 59439980 0.000130232467781691
S5_59459218 5 59459218 0.000844922748622231
S5_59589979 5 59589979 0.000643541839121958
S5_59590097 5 59590097 1.19690246686579e-06
S5_59590098 5 59590098 6.55399891616923e-07
S5_59596900 5 59596900 0.000360735956258954
S5_59599651 5 59599651 0.000506856067634969
S5_59603811 5 59603811 0.000651530770869008
S5_59711317 5 59711317 0.00030647915896853
S5_59714899 5 59714899 3.87979386712552e-09
S5_59835065 5 59835065 0.000185650058527728
S5_59835133 5 59835133 0.000510593756122926
S5_59883542 5 59883542 0.000981751533648992
S5_59883620 5 59883620 8.18042609001799e-05
S5_59892889 5 59892889 0.000239423277081292
S5_59893111 5 59893111 0.00076433683680376
S5_59898445 5 59898445 0.000407770906857922
S5_59898610 5 59898610 0.00021282922938526
S5_59898612 5 59898612 0.00021282922938526
S5_59920107 5 59920107 0.000183893793582253
S5_59920118 5 59920118 0.000183893793582253
S5_59926867 5 59926867 0.000337171225508229
S5_59926945 5 59926945 2.09298711036376e-05
S5_59927032 5 59927032 0.000372103200000657
S5_59927896 5 59927896 0.000167791498642159
S5_59997851 5 59997851 8.04307848966651e-11
S5_59998024 5 59998024 0.000428593476533766
S5_60002920 5 60002920 0.000330802431346691
S5_60158634 5 60158634 0.00063024186330108
S5_60160524 5 60160524 0.000437993486116397
S5_60169470 5 60169470 0.000304082746914028
S5_60169929 5 60169929 0.000885797382335239
S5_60177426 5 60177426 0.000691068676508682
S5_60198172 5 60198172 0.00019920585775257
S5_60203553 5 60203553 0.000896545980321305
S5_60205953 5 60205953 0.000458919321497821
S5_60221736 5 60221736 0.000392695468704229
S5_60222381 5 60222381 8.8152086604506e-05
S5_60261393 5 60261393 0.000389078325467593
S5_60265662 5 60265662 9.74139905119211e-08
S5_60265687 5 60265687 6.71416331912463e-07
S5_60269342 5 60269342 0.000808057599805227
S5_60275107 5 60275107 0.000765719472163127
S5_60343279 5 60343279 0.000271484880600372
S5_60347937 5 60347937 0.000418607405092492
S5_60347939 5 60347939 0.000418607405092492
S5_60347984 5 60347984 0.000600164183427741
S5_60350162 5 60350162 0.00022669098319825
S5_60363350 5 60363350 0.000274498603592493
S5_60365430 5 60365430 0.00095336487407872
S5_60365431 5 60365431 0.000155529930211284
S5_60422759 5 60422759 0.000427341914273404
S5_60438714 5 60438714 0.000771145385867964
S5_60553709 5 60553709 0.000313470644551533
S5_60636288 5 60636288 0.000211567445004763
S5_60715378 5 60715378 1.79282644435985e-05
S5_60715483 5 60715483 3.28845026957671e-07
S5_60715786 5 60715786 6.40751953628863e-06
S5_60741406 5 60741406 0.000674524877732591
S5_61103253 5 61103253 0.00060988573590053
S5_61103322 5 61103322 7.50850446591331e-07
S5_61103919 5 61103919 1.46829485200246e-05
S5_61156902 5 61156902 0.000399967010583449
S5_61174440 5 61174440 6.72793134110051e-07
S5_61174929 5 61174929 0.000251627456790162
S5_61207419 5 61207419 6.41115194166203e-05
S5_61207446 5 61207446 4.44962731394304e-05
S5_61207550 5 61207550 0.000205911087608997
S5_61212379 5 61212379 0.000231871588698463
S5_61212384 5 61212384 0.000231871588698463
S5_61227089 5 61227089 0.00015451638319828
S5_61232992 5 61232992 2.18973495470774e-05
S5_61277960 5 61277960 0.00030985951535871
S5_61330715 5 61330715 0.000512083397245463
S5_61360225 5 61360225 8.57304460840369e-05
S5_61370831 5 61370831 0.000177396375973803
S5_61407994 5 61407994 0.00026533460773949
S5_61518299 5 61518299 0.000505712421540968
S5_61623627 5 61623627 4.03310937342197e-05
S5_61639965 5 61639965 0.000806756489792689
S5_61651005 5 61651005 1.46758314417757e-05
S5_61824775 5 61824775 6.76825802627394e-06
S5_61842140 5 61842140 0.000308470394725012
S5_61907840 5 61907840 0.000417588720752373
S5_61927203 5 61927203 0.000121242549918622
S5_62038398 5 62038398 0.000705611959300921
S5_62075171 5 62075171 0.000626742759603489
S5_62091275 5 62091275 9.47733800039e-05
S5_62132908 5 62132908 0.000359058630337354
S5_62132909 5 62132909 7.36891876005492e-05
S5_62188135 5 62188135 0.000621337902981947
S5_62188294 5 62188294 0.00041695100424458
S5_62231005 5 62231005 0.000527437224279711
S5_62236335 5 62236335 1.33273052079288e-06
S5_62294790 5 62294790 0.000177353607482824
S5_62299663 5 62299663 6.4482174346254e-06
S5_62328421 5 62328421 0.000161895662946926
S5_62344979 5 62344979 3.40424112191707e-05
