Marker Chr Pos p
S5_35349 5 35349 6.58184718947526e-05
S5_38168 5 38168 0.000351143124510134
S5_86219 5 86219 0.000919786818158205
S5_86221 5 86221 0.000925211211192153
S5_86222 5 86222 0.000919786818158205
S5_86852 5 86852 3.38584158100469e-05
S5_106587 5 106587 0.000981681145012053
S5_106588 5 106588 5.12086973457073e-05
S5_106589 5 106589 0.000926000134554536
S5_106590 5 106590 0.000926000134554536
S5_170951 5 170951 0.00010277472620624
S5_171218 5 171218 0.000237713358668044
S5_213078 5 213078 0.000855159571534763
S5_292629 5 292629 0.000167411195610647
S5_327298 5 327298 0.000697718554918394
S5_371448 5 371448 0.00034446066679023
S5_371452 5 371452 0.00034446066679023
S5_376837 5 376837 3.04412939860749e-06
S5_381808 5 381808 0.000222997737886404
S5_382148 5 382148 0.00056724080716222
S5_401044 5 401044 0.00018855151633931
S5_415632 5 415632 6.34947730155638e-06
S5_432501 5 432501 0.000389001411938929
S5_432586 5 432586 0.000403005971133871
S5_432602 5 432602 0.000403005971133871
S5_434981 5 434981 0.000543623433059834
S5_435064 5 435064 0.000667508722608904
S5_435085 5 435085 0.000667508722608904
S5_435120 5 435120 0.000461781748374726
S5_438776 5 438776 5.41452953117906e-05
S5_438779 5 438779 5.41452953117906e-05
S5_438790 5 438790 5.41452953117906e-05
S5_447073 5 447073 4.42071875455935e-05
S5_447075 5 447075 4.42071875455935e-05
S5_499797 5 499797 8.33252347091616e-06
S5_499802 5 499802 7.79206148472955e-06
S5_580173 5 580173 0.000261716717137478
S5_602318 5 602318 0.000339648888062057
S5_631082 5 631082 0.000483581467839425
S5_639852 5 639852 0.000620973971559525
S5_642779 5 642779 1.7818118662746e-05
S5_825855 5 825855 0.000436405009285876
S5_839672 5 839672 0.00022188716393499
S5_924549 5 924549 5.334222326841e-06
S5_998982 5 998982 0.00069567157275325
S5_1001139 5 1001139 0.000530769385566174
S5_1001308 5 1001308 0.000819134636528809
S5_1046156 5 1046156 1.39014933142453e-05
S5_1146724 5 1146724 3.4850115475177e-05
S5_1176824 5 1176824 4.24726333160054e-05
S5_1176860 5 1176860 0.000236962363685858
S5_1212649 5 1212649 0.000346327924691267
S5_1225997 5 1225997 0.000667229912906573
S5_1249518 5 1249518 4.10529991518694e-06
S5_1306663 5 1306663 5.4740878213599e-05
S5_1306683 5 1306683 5.4740878213599e-05
S5_1319032 5 1319032 0.000360726481628267
S5_1319035 5 1319035 0.000356767799533361
S5_1371963 5 1371963 2.31086249577131e-08
S5_1405484 5 1405484 0.000815210522024013
S5_1408312 5 1408312 0.000129177807878774
S5_1411321 5 1411321 6.4338507819195e-05
S5_1458549 5 1458549 7.47950533108414e-07
S5_1469791 5 1469791 0.000454881651350184
S5_1469792 5 1469792 1.64023231627674e-06
S5_1469796 5 1469796 0.000454881651350184
S5_1469798 5 1469798 0.000454881651350184
S5_1483999 5 1483999 0.000187765539917273
S5_1484057 5 1484057 0.000792639305980712
S5_1484065 5 1484065 0.000792639305980712
S5_1484073 5 1484073 0.000792639305980712
S5_1484106 5 1484106 0.000792639305980712
S5_1505073 5 1505073 0.000650859085219783
S5_1507327 5 1507327 2.46567620976135e-05
S5_1507344 5 1507344 2.46567620976135e-05
S5_1511602 5 1511602 0.000370473748408496
S5_1535127 5 1535127 0.000969585052713809
S5_1546302 5 1546302 0.000366481616064561
S5_1546477 5 1546477 0.000140956946627305
S5_1549419 5 1549419 0.000896259620710446
S5_1560817 5 1560817 0.000827642467811657
S5_1561256 5 1561256 8.77793303393474e-08
S5_1561271 5 1561271 9.36247300892204e-08
S5_1604944 5 1604944 0.000182311762104786
S5_1604945 5 1604945 0.000182311762104786
S5_1611375 5 1611375 1.21793245008144e-05
S5_1613338 5 1613338 0.000418443888270308
S5_1619795 5 1619795 0.000704567011510294
S5_1625838 5 1625838 0.000256619434447969
S5_1649193 5 1649193 0.000840154013546793
S5_1649273 5 1649273 9.67623473985237e-05
S5_1649353 5 1649353 2.83571848708983e-05
S5_1649374 5 1649374 2.83571848708944e-05
S5_1762256 5 1762256 5.53301770277315e-06
S5_1762286 5 1762286 5.53301770277315e-06
S5_1938851 5 1938851 0.000626414254129947
S5_1939213 5 1939213 0.00042090523153402
S5_2013116 5 2013116 3.18557310256107e-05
S5_2186414 5 2186414 0.000188646337785424
S5_2250513 5 2250513 0.000310879978152025
S5_2250515 5 2250515 0.000310879978152025
S5_2250517 5 2250517 0.000310879978152025
S5_2250518 5 2250518 0.000310879978152025
S5_2250520 5 2250520 0.000310879978152025
S5_2283734 5 2283734 0.000813967401036614
S5_2346024 5 2346024 0.000173589279717483
S5_2423185 5 2423185 0.000772791115602054
S5_2705572 5 2705572 2.45793301530128e-05
S5_2705600 5 2705600 0.000437996252030665
S5_2798097 5 2798097 0.000155145648614094
S5_2798110 5 2798110 4.99508614147617e-05
S5_2839151 5 2839151 9.59807940305936e-05
S5_2903692 5 2903692 0.000807494553177759
S5_2928050 5 2928050 0.000981737897887066
S5_2935152 5 2935152 4.7464398416543e-05
S5_2939229 5 2939229 0.000334129683906068
S5_2939230 5 2939230 0.000334129683906068
S5_2951441 5 2951441 0.000736684663051514
S5_3051437 5 3051437 0.000448457728047306
S5_3051439 5 3051439 0.000448457728047306
S5_3051451 5 3051451 0.000490582589454488
S5_3076592 5 3076592 0.000497210875662824
S5_3124178 5 3124178 0.000839390665123942
S5_3220958 5 3220958 0.000451690841412007
S5_3224269 5 3224269 0.000608718516470002
S5_3224469 5 3224469 0.000139251604511567
S5_3224513 5 3224513 0.000569223740936748
S5_3231933 5 3231933 0.000800067760645362
S5_3232797 5 3232797 0.000128253952281795
S5_3262504 5 3262504 0.000190335783503839
S5_3371388 5 3371388 2.83431981129407e-05
S5_3380221 5 3380221 1.94499321504088e-05
S5_3406889 5 3406889 0.000713123501872281
S5_3416704 5 3416704 1.24014222796255e-05
S5_3520252 5 3520252 0.00074911254348851
S5_3709003 5 3709003 0.000586256799021032
S5_3753467 5 3753467 7.1997997039847e-05
S5_3832322 5 3832322 1.04650312416347e-05
S5_3870490 5 3870490 8.69555972931838e-06
S5_4347513 5 4347513 0.000593091278689193
S5_4404459 5 4404459 0.000542155719603632
S5_4428738 5 4428738 0.000124319166046686
S5_4500117 5 4500117 0.000549548975367693
S5_4515800 5 4515800 0.000817413502761167
S5_4541338 5 4541338 0.000334712572961639
S5_4755749 5 4755749 0.000538998596151019
S5_4859536 5 4859536 0.00016249492475415
S5_4872422 5 4872422 0.00069304053542802
S5_4946383 5 4946383 2.99546673616125e-05
S5_5011503 5 5011503 0.000763729816636064
S5_5037632 5 5037632 2.17333084241309e-05
S5_5039138 5 5039138 0.000716991282296098
S5_5128233 5 5128233 0.000620877516991595
S5_5159965 5 5159965 0.000145096005870493
S5_5160194 5 5160194 0.000207211918168046
S5_5161765 5 5161765 0.000471954837526335
S5_5306283 5 5306283 0.000189750005270759
S5_5306290 5 5306290 0.000360567362798635
S5_5306434 5 5306434 0.000299081465277097
S5_5306446 5 5306446 0.000224351425781977
S5_5306589 5 5306589 0.000422229264728957
S5_5306625 5 5306625 2.07889465496075e-05
S5_5306643 5 5306643 2.07889465496075e-05
S5_5325431 5 5325431 0.000773459494013498
S5_5395139 5 5395139 0.000188652632227164
S5_5400586 5 5400586 7.50509475478641e-05
S5_5575949 5 5575949 0.000134256565115196
S5_5628191 5 5628191 0.000638553334800213
S5_5687683 5 5687683 1.33101709368521e-06
S5_5687908 5 5687908 4.77741229801156e-05
S5_5687925 5 5687925 9.8289214158138e-05
S5_5687927 5 5687927 9.8289214158138e-05
S5_5689978 5 5689978 0.00040117314692678
S5_5763268 5 5763268 9.18984764240506e-05
S5_5763278 5 5763278 9.09225836869575e-05
S5_5768280 5 5768280 0.000708420570060553
S5_5768282 5 5768282 0.000708420570060553
S5_5772374 5 5772374 0.000244546084373738
S5_5775648 5 5775648 4.74542011067663e-05
S5_5786766 5 5786766 0.000412648793471138
S5_5788647 5 5788647 2.19557036214376e-07
S5_5788918 5 5788918 0.000147803191113905
S5_5795111 5 5795111 0.000997439599100909
S5_5795359 5 5795359 4.05024618798163e-05
S5_5795364 5 5795364 0.000713536418254147
S5_5807906 5 5807906 0.000548964126545281
S5_5819989 5 5819989 2.71879842506605e-05
S5_5820036 5 5820036 5.79276834255115e-05
S5_5820223 5 5820223 0.000603057629528895
S5_5841115 5 5841115 2.32973430978698e-05
S5_5860453 5 5860453 8.87645959052759e-05
S5_5860552 5 5860552 1.00714131870612e-06
S5_5860557 5 5860557 1.14377330512185e-06
S5_5914521 5 5914521 0.000676741170733853
S5_5925078 5 5925078 0.000193306970454012
S5_5926759 5 5926759 0.000890551743980264
S5_5927362 5 5927362 0.000134622148731957
S5_5927363 5 5927363 0.000104387410619123
S5_5927367 5 5927367 0.000215978232285821
S5_5927553 5 5927553 0.000164107261942456
S5_5932482 5 5932482 3.17453839394204e-05
S5_5943361 5 5943361 0.000411916847660772
S5_6099755 5 6099755 0.000295895509333963
S5_6112807 5 6112807 6.05906415723362e-05
S5_6112823 5 6112823 0.000186384096787813
S5_6113024 5 6113024 0.000473246153445228
S5_6117596 5 6117596 0.000217071812047224
S5_6117630 5 6117630 0.000334552575289582
S5_6160143 5 6160143 1.55317496601944e-05
S5_6233996 5 6233996 0.000173355083076844
S5_6234000 5 6234000 9.61229885478465e-06
S5_6234033 5 6234033 0.000106761791231616
S5_6237271 5 6237271 1.11240960563836e-07
S5_6279144 5 6279144 5.95539822415386e-12
S5_6332296 5 6332296 6.70452473255082e-05
S5_6332298 5 6332298 6.70452473255082e-05
S5_6332611 5 6332611 3.20972945254353e-05
S5_6332612 5 6332612 5.89967342720841e-05
S5_6545344 5 6545344 0.000280610825249713
S5_6637226 5 6637226 4.03609723043833e-06
S5_6665098 5 6665098 0.000287870758881814
S5_6789353 5 6789353 4.40652315547946e-05
S5_6839724 5 6839724 5.83353528702421e-06
S5_6859947 5 6859947 0.000986305415734503
S5_6866247 5 6866247 3.45587251718733e-05
S5_6868469 5 6868469 2.85783283597116e-07
S5_6868723 5 6868723 0.000159787980541551
S5_6868725 5 6868725 0.00013966002915483
S5_6869707 5 6869707 4.59271875390682e-05
S5_6880414 5 6880414 4.22826099232757e-06
S5_6880428 5 6880428 4.22826099232757e-06
S5_6889236 5 6889236 5.83046799481612e-05
S5_6927412 5 6927412 1.42559373226117e-05
S5_6927444 5 6927444 1.42559373226117e-05
S5_6927539 5 6927539 0.000121631169800467
S5_6935576 5 6935576 1.06275224274382e-05
S5_6936112 5 6936112 4.68224417484817e-05
S5_7018864 5 7018864 0.000403367943763266
S5_7176582 5 7176582 4.71935455205233e-05
S5_7176583 5 7176583 4.71935455205233e-05
S5_7285440 5 7285440 0.000251440896769285
S5_7285461 5 7285461 0.000251440896769285
S5_7286614 5 7286614 0.000311593544826748
S5_7287231 5 7287231 4.89045599467454e-05
S5_7296187 5 7296187 8.97473797466649e-05
S5_7296188 5 7296188 8.97473797466585e-05
S5_7296192 5 7296192 4.72016054728329e-05
S5_7296194 5 7296194 8.97473797466585e-05
S5_7349363 5 7349363 1.90877595207825e-05
S5_7350408 5 7350408 0.00078469148478654
S5_7350467 5 7350467 0.000245210050843258
S5_7426093 5 7426093 0.000303130142081158
S5_7426116 5 7426116 0.000303130142081158
S5_7426136 5 7426136 0.000134285656590921
S5_7458377 5 7458377 9.50773602508916e-07
S5_7472994 5 7472994 9.82335847230926e-05
S5_7504134 5 7504134 0.00035064012895631
S5_7504420 5 7504420 1.46259372407432e-05
S5_7504462 5 7504462 2.14007567936004e-05
S5_7504597 5 7504597 0.000246500512301232
S5_7504601 5 7504601 0.000246500512301232
S5_7504754 5 7504754 8.59800644907982e-05
S5_7513511 5 7513511 0.000222191093608807
S5_7525637 5 7525637 0.000858318702621825
S5_7771130 5 7771130 5.94175480294387e-06
S5_7771173 5 7771173 5.94175480294387e-06
S5_7780965 5 7780965 0.000139451090166256
S5_7819182 5 7819182 0.000801987523829636
S5_8004234 5 8004234 2.19442829669518e-08
S5_8005223 5 8005223 0.00028619872594738
S5_8041399 5 8041399 0.000120387417288297
S5_8076929 5 8076929 2.8715769115819e-06
S5_8085574 5 8085574 0.000935662566158457
S5_8232785 5 8232785 0.000714112629480623
S5_8232786 5 8232786 0.000714112629480623
S5_8232788 5 8232788 0.000714112629480623
S5_8232790 5 8232790 0.000714112629480623
S5_8232791 5 8232791 0.000714112629480623
S5_8279798 5 8279798 0.000785872070777726
S5_8316894 5 8316894 3.75060102994179e-05
S5_8318682 5 8318682 0.000294630020038886
S5_8352397 5 8352397 2.86875866138494e-06
S5_8463812 5 8463812 0.00029698622032617
S5_8530710 5 8530710 5.36063919107363e-05
S5_8544445 5 8544445 0.00083637539945764
S5_8726591 5 8726591 0.000281213296874501
S5_8745803 5 8745803 0.000355654361121769
S5_8748390 5 8748390 7.52621714275762e-05
S5_8755351 5 8755351 1.93529159163896e-05
S5_8755363 5 8755363 1.51999354154234e-05
S5_8755418 5 8755418 5.42992582025273e-06
S5_8755602 5 8755602 2.58791127347633e-05
S5_8755628 5 8755628 2.58791127347633e-05
S5_8778381 5 8778381 0.000170494756761271
S5_8833048 5 8833048 7.78456840049055e-09
S5_8835451 5 8835451 0.000536183239616128
S5_8894974 5 8894974 0.000500573385768362
S5_8913092 5 8913092 3.64565891880912e-05
S5_8913937 5 8913937 0.000478490475396726
S5_8934335 5 8934335 0.000260974544322553
S5_8949193 5 8949193 0.000510026451744706
S5_9003431 5 9003431 0.000365883089368918
S5_9048023 5 9048023 0.000124248876190463
S5_9067499 5 9067499 0.000762068344764095
S5_9162775 5 9162775 3.72092433894943e-05
S5_9189290 5 9189290 0.000472779515750621
S5_9210992 5 9210992 0.000969981872182769
S5_9221036 5 9221036 5.78540926428551e-07
S5_9221048 5 9221048 5.78540926428551e-07
S5_9230848 5 9230848 1.10727426920565e-05
S5_9248988 5 9248988 0.000101610398501874
S5_9248989 5 9248989 7.69572991845838e-06
S5_9307319 5 9307319 0.000114455701411024
S5_9348582 5 9348582 0.000682015321846294
S5_9348586 5 9348586 5.2808215214959e-08
S5_9348588 5 9348588 6.66079176243026e-05
S5_9370363 5 9370363 1.91590591011537e-05
S5_9550907 5 9550907 0.000249168680733049
S5_9550991 5 9550991 6.39167227202818e-07
S5_9551088 5 9551088 2.01730334921286e-05
S5_9588341 5 9588341 8.99650524236778e-05
S5_9588371 5 9588371 9.87035963768633e-05
S5_9588375 5 9588375 9.87035963768633e-05
S5_9589919 5 9589919 0.000415006723781356
S5_9658444 5 9658444 0.000713809033871821
S5_9660119 5 9660119 0.0002605494383702
S5_9660148 5 9660148 0.0002605494383702
S5_9726857 5 9726857 8.98166782961356e-06
S5_9755909 5 9755909 0.000241265055088462
S5_9756092 5 9756092 0.000580578205343565
S5_9791131 5 9791131 8.41091073708358e-05
S5_9838162 5 9838162 0.000165889591293555
S5_9841603 5 9841603 0.000949093921176574
S5_9852434 5 9852434 0.000279677704318077
S5_9969076 5 9969076 0.000840456884598407
S5_10119658 5 10119658 0.00034445621656712
S5_10395363 5 10395363 0.000243952613314744
S5_10799878 5 10799878 0.000251063458773391
S5_10829833 5 10829833 0.000775717461334168
S5_10852982 5 10852982 0.000937053556275683
S5_10893896 5 10893896 9.46605159403588e-05
S5_10898738 5 10898738 0.000378741256743473
S5_10929762 5 10929762 0.000848726454150135
S5_10944046 5 10944046 0.000192888443267358
S5_11010448 5 11010448 0.000273342936263915
S5_11014544 5 11014544 0.000420889571515312
S5_11256696 5 11256696 0.000870108008053102
S5_11320674 5 11320674 0.000689567885801331
S5_11468349 5 11468349 1.93357550826135e-05
S5_11476343 5 11476343 5.98848792729859e-05
S5_11504845 5 11504845 6.27525631926344e-05
S5_11514114 5 11514114 0.000409788929775057
S5_11593106 5 11593106 0.00094201694721724
S5_11646750 5 11646750 0.000222595326423791
S5_11725842 5 11725842 0.000890716864090471
S5_11770708 5 11770708 0.000372653865993602
S5_11837024 5 11837024 0.000450235236464181
S5_11837038 5 11837038 0.000450235236464181
S5_11935129 5 11935129 0.000823490598030253
S5_11936926 5 11936926 0.000996152884570751
S5_11936936 5 11936936 0.000996152884570951
S5_11944056 5 11944056 0.000465994396407118
S5_12024887 5 12024887 0.000321026961095132
S5_12062115 5 12062115 4.73978571805628e-06
S5_12062137 5 12062137 4.73978571805628e-06
S5_12062141 5 12062141 4.73978571805628e-06
S5_12062154 5 12062154 4.73978571805628e-06
S5_12073416 5 12073416 0.000366946706900941
S5_12075380 5 12075380 4.46782558280531e-05
S5_12232001 5 12232001 0.000595019373850114
S5_12288359 5 12288359 0.000122191188853325
S5_12288360 5 12288360 0.000122191188853347
S5_12290694 5 12290694 0.000319362096252936
S5_12294872 5 12294872 0.000343286412538174
S5_12307481 5 12307481 4.12824077474673e-05
S5_12324954 5 12324954 0.000609440305356059
S5_12325289 5 12325289 0.000167351574926503
S5_12384862 5 12384862 0.000911114782188652
S5_12437909 5 12437909 0.000948332059146047
S5_12441938 5 12441938 6.96339260233787e-06
S5_12447560 5 12447560 0.000201432132550795
S5_12458431 5 12458431 0.00066358279665893
S5_12664488 5 12664488 0.000133497739633558
S5_12677874 5 12677874 0.000625293646901569
S5_12756485 5 12756485 0.0006690848004825
S5_12756529 5 12756529 0.000670222227232708
S5_12756530 5 12756530 0.000670222227232708
S5_12856387 5 12856387 0.000600498006698483
S5_12998348 5 12998348 0.00082469058028073
S5_13002578 5 13002578 0.000650105985468501
S5_13529757 5 13529757 0.000259513142976661
S5_13533594 5 13533594 0.00083766672203262
S5_13535393 5 13535393 7.87551398158935e-05
S5_13535408 5 13535408 7.87551398158935e-05
S5_13535737 5 13535737 0.000863980035218327
S5_13535814 5 13535814 0.000386321986938389
S5_13536176 5 13536176 9.2162367904986e-08
S5_13538438 5 13538438 7.13824475348662e-06
S5_13538443 5 13538443 1.33647487282458e-05
S5_13538444 5 13538444 1.33647487282458e-05
S5_13538445 5 13538445 1.33647487282458e-05
S5_13538454 5 13538454 5.28058104590449e-05
S5_13588949 5 13588949 0.000672874348928313
S5_13601091 5 13601091 5.00624664489914e-05
S5_13692698 5 13692698 0.000672671486053052
S5_13729035 5 13729035 0.00085683310670266
S5_14389666 5 14389666 4.84071322357462e-05
S5_14393444 5 14393444 0.00083768779155283
S5_14393970 5 14393970 0.000401521665156771
S5_14430163 5 14430163 0.00025717285023904
S5_14430164 5 14430164 0.00025717285023904
S5_15232192 5 15232192 0.000968045681638541
S5_15409050 5 15409050 0.000481880168455781
S5_15753472 5 15753472 2.02761809656511e-07
S5_16393431 5 16393431 3.95362758013492e-06
S5_16553154 5 16553154 0.00083899285065317
S5_16605951 5 16605951 3.05676653338541e-05
S5_16656343 5 16656343 0.000880893785042949
S5_16793090 5 16793090 0.000988885504234496
S5_16793095 5 16793095 0.000988885504234496
S5_16796876 5 16796876 5.52620560130515e-05
S5_16840708 5 16840708 0.000303474758574633
S5_17007369 5 17007369 5.4092550444e-05
S5_17082740 5 17082740 0.000917988910854703
S5_17100433 5 17100433 3.6427479886898e-05
S5_17124865 5 17124865 0.000866554374892289
S5_17152000 5 17152000 8.95245551890602e-06
S5_17357278 5 17357278 2.67060764793152e-09
S5_17357307 5 17357307 2.67060764793109e-09
S5_17381578 5 17381578 3.7466428418341e-07
S5_17395700 5 17395700 8.95943797081553e-05
S5_17403726 5 17403726 2.11405999348529e-06
S5_17521856 5 17521856 0.000167698604256951
S5_17547808 5 17547808 0.000742972328883037
S5_17795928 5 17795928 2.40804629754858e-07
S5_17811539 5 17811539 0.000669530116999064
S5_17811650 5 17811650 8.37942646507145e-07
S5_17901959 5 17901959 0.000985242142256102
S5_17960459 5 17960459 0.000931605664602104
S5_18164196 5 18164196 3.50046847807097e-05
S5_18236130 5 18236130 0.000670588463490488
S5_18446913 5 18446913 6.71966924377045e-11
S5_18446915 5 18446915 0.000635769735854426
S5_18446919 5 18446919 6.71966924377217e-11
S5_18446946 5 18446946 2.75213318699353e-11
S5_18447113 5 18447113 2.06230385387502e-06
S5_18447159 5 18447159 2.06230385387502e-06
S5_18452510 5 18452510 0.000217356045873882
S5_18456133 5 18456133 2.41026571517672e-06
S5_18616074 5 18616074 8.47758653279989e-07
S5_18755295 5 18755295 0.000365757863958181
S5_18773252 5 18773252 4.60347451583341e-06
S5_19576138 5 19576138 6.01007606124969e-06
S5_19576176 5 19576176 3.96271794252159e-06
S5_19989447 5 19989447 0.000747915282039197
S5_19989461 5 19989461 0.000747915282039197
S5_20611505 5 20611505 0.000168956078543589
S5_20919462 5 20919462 7.31274176308666e-06
S5_21153649 5 21153649 0.000119110512376329
S5_21690665 5 21690665 9.19275930200844e-07
S5_22086998 5 22086998 0.000841097330002655
S5_22427114 5 22427114 2.17177826156894e-05
S5_22427117 5 22427117 2.17177826156894e-05
S5_22855765 5 22855765 1.43457705210246e-05
S5_23968300 5 23968300 0.000569245451775539
S5_24139761 5 24139761 5.09222790347492e-06
S5_25012917 5 25012917 0.000792722657657623
S5_25345805 5 25345805 0.000190345246806447
S5_25499850 5 25499850 0.000284750091244535
S5_26016996 5 26016996 2.29815808259853e-05
S5_29377837 5 29377837 6.63353964101165e-05
S5_29413716 5 29413716 0.000546340325680317
S5_29728539 5 29728539 2.19164983374028e-05
S5_29764596 5 29764596 0.00032928557784773
S5_30347316 5 30347316 0.00034540858373822
S5_31115940 5 31115940 2.03657990721546e-06
S5_31151925 5 31151925 0.000269870246994207
S5_33016524 5 33016524 2.10884220220463e-08
S5_33268538 5 33268538 0.000138161566352524
S5_33774057 5 33774057 0.000817500373963882
S5_35708877 5 35708877 0.000774879328039429
S5_35926582 5 35926582 0.000881594432757971
S5_36434848 5 36434848 0.000525169207655529
S5_40962198 5 40962198 0.000500482820450459
S5_40963451 5 40963451 0.000732437974173122
S5_40977405 5 40977405 4.54503361948912e-05
S5_41048933 5 41048933 2.65522144645662e-05
S5_41429340 5 41429340 0.000776726206960766
S5_41696518 5 41696518 1.48635347072624e-06
S5_41696552 5 41696552 4.56795521254109e-06
S5_42094402 5 42094402 8.89603583886845e-05
S5_42142304 5 42142304 9.51771128187205e-05
S5_42203058 5 42203058 0.000642058860614503
S5_42239883 5 42239883 0.00044718740673073
S5_42242508 5 42242508 4.43077513332047e-06
S5_42242511 5 42242511 2.07861618756979e-08
S5_42347655 5 42347655 0.000255025335297459
S5_42347672 5 42347672 0.000246915804756333
S5_42386879 5 42386879 0.000248215624666139
S5_42387129 5 42387129 1.7774080423106e-05
S5_42560073 5 42560073 0.000646591109942278
S5_42621873 5 42621873 0.000175645604739206
S5_42631516 5 42631516 5.29614611690043e-05
S5_42684360 5 42684360 0.000652045654871028
S5_42684412 5 42684412 0.000347721414766524
S5_42684475 5 42684475 0.000813177220113298
S5_42715473 5 42715473 0.00058620319137066
S5_42734538 5 42734538 0.000215935512083645
S5_42739375 5 42739375 1.37157581634016e-05
S5_42963033 5 42963033 0.000109082617490462
S5_43070243 5 43070243 0.00025967005878236
S5_43101670 5 43101670 5.26753338972682e-05
S5_43101671 5 43101671 5.26753338972682e-05
S5_43762018 5 43762018 2.22907001654468e-06
S5_44057084 5 44057084 1.53182155562244e-05
S5_44057086 5 44057086 1.53182155562208e-05
S5_44068177 5 44068177 1.34190489943118e-05
S5_44068288 5 44068288 7.15362477070371e-05
S5_44088809 5 44088809 0.000788514473360284
S5_44109849 5 44109849 1.31774199045169e-05
S5_44237465 5 44237465 9.58127759585643e-06
S5_44242962 5 44242962 0.000245457859013829
S5_44244913 5 44244913 1.70452077489929e-05
S5_44244918 5 44244918 0.000603801692341816
S5_44319692 5 44319692 1.46589469250284e-05
S5_44319705 5 44319705 0.000134788716030904
S5_44319706 5 44319706 0.000134788716030904
S5_44319708 5 44319708 0.000184764618432274
S5_44319709 5 44319709 0.000134788716030904
S5_44325886 5 44325886 0.000219169559950225
S5_44333829 5 44333829 9.93181947518445e-07
S5_44337227 5 44337227 0.000295693268900641
S5_44337228 5 44337228 0.000202895927221505
S5_44337231 5 44337231 2.26629948542659e-06
S5_44337232 5 44337232 2.26629948542659e-06
S5_44353985 5 44353985 7.37494304962178e-05
S5_44375852 5 44375852 0.000389774522724266
S5_44375871 5 44375871 0.000389774522724144
S5_44375986 5 44375986 0.000955642953811561
S5_44376017 5 44376017 0.000955642953811179
S5_44376111 5 44376111 0.000187931522714305
S5_44381029 5 44381029 0.000943081940124168
S5_44389934 5 44389934 2.84585414877826e-05
S5_44389936 5 44389936 0.000127945425316987
S5_44389959 5 44389959 0.000122517943474375
S5_44389985 5 44389985 0.000157202443653997
S5_44392801 5 44392801 0.000207738472179367
S5_44433860 5 44433860 0.000597539222752784
S5_44434869 5 44434869 0.000618754154824596
S5_44456600 5 44456600 0.000467846794534247
S5_44493174 5 44493174 0.000216838393435717
S5_44597421 5 44597421 0.000431639868672339
S5_44603767 5 44603767 1.83818469826371e-05
S5_44628888 5 44628888 2.76591532056208e-05
S5_44628904 5 44628904 2.76591532056208e-05
S5_44628936 5 44628936 2.76591532056208e-05
S5_44637816 5 44637816 6.35488360255566e-05
S5_44737777 5 44737777 1.11643232129239e-05
S5_44831424 5 44831424 6.06288882560075e-06
S5_44862584 5 44862584 6.56844398530063e-06
S5_44886119 5 44886119 1.66741943939842e-05
S5_44917658 5 44917658 9.50521946241189e-06
S5_44917735 5 44917735 1.15094646005945e-05
S5_44917857 5 44917857 0.000870000039259904
S5_44921244 5 44921244 3.9099191423683e-08
S5_44965050 5 44965050 5.96008996716454e-05
S5_45173269 5 45173269 0.000134322449317446
S5_45173277 5 45173277 6.50619255683679e-05
S5_45173322 5 45173322 4.61718179934438e-05
S5_45198301 5 45198301 6.58480811845459e-05
S5_45209560 5 45209560 0.000119869789435556
S5_45224460 5 45224460 2.29331683870396e-06
S5_45226285 5 45226285 4.79475789312808e-05
S5_45240471 5 45240471 1.36766127899758e-06
S5_45277834 5 45277834 7.60328844903279e-05
S5_45296479 5 45296479 0.00094740813185354
S5_45429798 5 45429798 6.1167179361923e-05
S5_45518354 5 45518354 0.00063131550288306
S5_45533115 5 45533115 0.000955208192170624
S5_45595688 5 45595688 0.000572416942694989
S5_45608852 5 45608852 0.000164246604211021
S5_45608879 5 45608879 0.000164246604211021
S5_45609075 5 45609075 3.19402888507942e-05
S5_45648894 5 45648894 0.000382729261451627
S5_45651885 5 45651885 7.19519678447677e-06
S5_45676169 5 45676169 0.000777563389287181
S5_45737061 5 45737061 0.000249563253436934
S5_45807058 5 45807058 0.000877231493419296
S5_46029309 5 46029309 0.000318731931476594
S5_46100945 5 46100945 0.000406674542830007
S5_46112712 5 46112712 0.000523671707536408
S5_46218979 5 46218979 6.88353212412186e-06
S5_46219011 5 46219011 2.29775015026438e-05
S5_46219957 5 46219957 0.00070917808715856
S5_46243862 5 46243862 7.68073861323335e-06
S5_46244954 5 46244954 0.000147991389431544
S5_46390697 5 46390697 0.000266681015710675
S5_46393008 5 46393008 1.47383163855868e-05
S5_46435065 5 46435065 0.000297661053534954
S5_46506756 5 46506756 0.00034390698210875
S5_46518972 5 46518972 0.000662586641983939
S5_47044081 5 47044081 0.000696496602868694
S5_47232132 5 47232132 0.000730094918463044
S5_47582121 5 47582121 8.74802065365059e-05
S5_47585357 5 47585357 6.38414261141064e-05
S5_47585988 5 47585988 0.000795692244938317
S5_47608739 5 47608739 0.000577394365930848
S5_47763561 5 47763561 0.000102627313774164
S5_47870142 5 47870142 0.000444065352188165
S5_47950551 5 47950551 1.03116608069886e-05
S5_48483584 5 48483584 0.000502683338049735
S5_48483689 5 48483689 0.000559692341154184
S5_48516162 5 48516162 1.41579466882783e-07
S5_48528524 5 48528524 0.000352319214755349
S5_48537068 5 48537068 1.09886409860184e-05
S5_48871961 5 48871961 0.000154331348691093
S5_49207926 5 49207926 0.000595757288556138
S5_49337348 5 49337348 0.000679436815667398
S5_49432074 5 49432074 0.000724898763338824
S5_49626754 5 49626754 0.000936915863385383
S5_49656547 5 49656547 5.11125600146275e-05
S5_49738532 5 49738532 0.00015468464444312
S5_49813913 5 49813913 0.000772344078228006
S5_49932868 5 49932868 0.000188304492764804
S5_49932876 5 49932876 0.000229628166905288
S5_49990877 5 49990877 0.000189907802787583
S5_50049029 5 50049029 6.17123741062876e-06
S5_50286446 5 50286446 0.000912189964779751
S5_50773823 5 50773823 0.000307480670212939
S5_50878025 5 50878025 2.7007514370678e-06
S5_50886093 5 50886093 8.86860525422706e-11
S5_50886126 5 50886126 7.98285661145277e-10
S5_50886283 5 50886283 9.35061783583183e-05
S5_51026971 5 51026971 0.000851259559303384
S5_51026984 5 51026984 1.69996818372567e-09
S5_51074422 5 51074422 1.33818496461301e-07
S5_51077646 5 51077646 0.000473970125363561
S5_51077653 5 51077653 7.52922416968167e-05
S5_51115358 5 51115358 2.01053087966673e-06
S5_51115415 5 51115415 3.11906770902322e-06
S5_51117760 5 51117760 7.97322858499828e-08
S5_51121515 5 51121515 3.37979859947437e-07
S5_51124352 5 51124352 3.37992833276795e-07
S5_51148206 5 51148206 8.39676800870732e-08
S5_51176558 5 51176558 2.93696095342753e-08
S5_51213259 5 51213259 1.42703606936037e-08
S5_51213293 5 51213293 3.67578255429482e-08
S5_51218968 5 51218968 2.86667776665004e-06
S5_51249703 5 51249703 1.00359569204029e-09
S5_51301993 5 51301993 5.71122494184877e-08
S5_51302006 5 51302006 5.70909609775567e-08
S5_51306937 5 51306937 1.62970181353226e-06
S5_51307218 5 51307218 2.62235654382247e-07
S5_51308040 5 51308040 3.57461281198336e-07
S5_51321941 5 51321941 3.58755561954724e-06
S5_51341465 5 51341465 1.19489564203805e-07
S5_51445175 5 51445175 0.000433808276047665
S5_51455635 5 51455635 1.68146073344464e-05
S5_51636143 5 51636143 0.000175658571047894
S5_51638918 5 51638918 4.0340202110597e-05
S5_51774132 5 51774132 3.44813585680447e-06
S5_51778563 5 51778563 0.000918717916711793
S5_51829482 5 51829482 0.00052332004523224
S5_51927978 5 51927978 0.000627166354512393
S5_51928019 5 51928019 0.000627166354512393
S5_51946750 5 51946750 0.000919609242490309
S5_51964349 5 51964349 9.97026708901076e-05
S5_52055296 5 52055296 0.000169261602899745
S5_52058202 5 52058202 0.000623496729764715
S5_52066057 5 52066057 5.73874928749077e-05
S5_52066794 5 52066794 3.34232912424346e-06
S5_52089134 5 52089134 6.15051993484861e-05
S5_52091582 5 52091582 5.79204958094726e-05
S5_52111125 5 52111125 0.000169327086181043
S5_52129846 5 52129846 5.56597004210649e-05
S5_52136171 5 52136171 0.000302845334376614
S5_52136220 5 52136220 4.87556874525879e-05
S5_52136221 5 52136221 5.30992951458538e-05
S5_52136257 5 52136257 0.000929438185927501
S5_52142309 5 52142309 2.34381269232583e-05
S5_52142322 5 52142322 0.000370296139227045
S5_52180633 5 52180633 0.000727047119710539
S5_52180638 5 52180638 0.000118173251416428
S5_52180643 5 52180643 0.000727047119710539
S5_52228185 5 52228185 8.93107773613578e-06
S5_52398819 5 52398819 0.000886428717097857
S5_52753110 5 52753110 1.98107587787469e-05
S5_52775077 5 52775077 1.55256669807477e-05
S5_52812983 5 52812983 1.13274304956552e-05
S5_52813041 5 52813041 0.00015851340390548
S5_52830865 5 52830865 0.000913020231623016
S5_52845909 5 52845909 0.000245785251465685
S5_52856149 5 52856149 0.000930367257435331
S5_52866858 5 52866858 1.44449411159664e-05
S5_52867940 5 52867940 0.000121866403563572
S5_52947048 5 52947048 0.000556928633512034
S5_52987776 5 52987776 0.000430391570642783
S5_53076120 5 53076120 0.000871328158064527
S5_53140550 5 53140550 8.17640303796491e-05
S5_53177802 5 53177802 0.000104902661090156
S5_53184211 5 53184211 0.000946120435506475
S5_53326712 5 53326712 0.00033927882440096
S5_53432688 5 53432688 0.000103462763595693
S5_53707758 5 53707758 7.49253145183257e-07
S5_53728056 5 53728056 0.000424279733337925
S5_53847796 5 53847796 0.000210055574270464
S5_53937368 5 53937368 1.66891443045255e-06
S5_53968519 5 53968519 7.26516210366828e-08
S5_53968547 5 53968547 7.26516210366993e-08
S5_53969524 5 53969524 2.61017601461016e-07
S5_53969819 5 53969819 2.97253218221954e-06
S5_53973464 5 53973464 0.000174359381682046
S5_53998398 5 53998398 0.000178332432868223
S5_54001345 5 54001345 9.88590632681082e-06
S5_54059057 5 54059057 1.3137673154247e-06
S5_54059377 5 54059377 6.15862002871491e-12
S5_54059977 5 54059977 3.75507827120891e-08
S5_54083608 5 54083608 9.03304207442549e-09
S5_54109435 5 54109435 1.03919200982788e-07
S5_54109531 5 54109531 1.18755321970745e-07
S5_54146009 5 54146009 7.90088555417242e-09
S5_54155248 5 54155248 8.40675704286343e-10
S5_54155316 5 54155316 1.56721419026615e-10
S5_54155874 5 54155874 1.86332842724847e-10
S5_54255988 5 54255988 3.50840530065612e-08
S5_54261783 5 54261783 1.11717272799535e-08
S5_54261840 5 54261840 2.09328464512237e-10
S5_54268030 5 54268030 2.72332963671734e-07
S5_54290484 5 54290484 2.22813289175867e-09
S5_54309672 5 54309672 1.27030745612326e-11
S5_54331679 5 54331679 1.48217253295385e-09
S5_54341656 5 54341656 3.00593376451416e-10
S5_54388255 5 54388255 2.0814802690461e-09
S5_54389303 5 54389303 2.3924169710372e-08
S5_54389627 5 54389627 2.93797420344722e-07
S5_54389645 5 54389645 2.93274961533861e-07
S5_54416226 5 54416226 1.6868592002766e-08
S5_54416274 5 54416274 2.14736295236647e-08
S5_54461193 5 54461193 7.3017057238472e-08
S5_54471837 5 54471837 7.82744443051614e-09
S5_54478894 5 54478894 2.11235362296218e-08
S5_54506880 5 54506880 2.52398063252379e-11
S5_54517637 5 54517637 5.03364952787681e-12
S5_54525086 5 54525086 1.70925465308358e-07
S5_54525114 5 54525114 5.07590219947825e-07
S5_54525121 5 54525121 3.70142329414497e-06
S5_54579070 5 54579070 2.67725775101614e-08
S5_54579097 5 54579097 1.99628892355088e-05
S5_54579130 5 54579130 1.99628892355088e-05
S5_54581738 5 54581738 2.83516242237282e-05
S5_54584312 5 54584312 5.38638876768216e-06
S5_54592220 5 54592220 0.000170095408956335
S5_54592252 5 54592252 0.000170095408956335
S5_54592431 5 54592431 2.10589250988908e-06
S5_54615767 5 54615767 1.00186977042904e-08
S5_54617234 5 54617234 5.13455514298536e-08
S5_54625116 5 54625116 1.74559306496276e-05
S5_54657850 5 54657850 4.7218263743883e-08
S5_54681890 5 54681890 3.39213898474013e-09
S5_54681925 5 54681925 4.29353807115863e-09
S5_54683147 5 54683147 1.12908159363872e-05
S5_54683153 5 54683153 1.12908159363872e-05
S5_54683181 5 54683181 1.20640530502948e-05
S5_54683432 5 54683432 0.000317503704248076
S5_54683492 5 54683492 2.81447426759129e-08
S5_54683631 5 54683631 0.000252459515703998
S5_54683633 5 54683633 0.000252459515703998
S5_54683654 5 54683654 0.000252459515703998
S5_54683681 5 54683681 1.49711045766188e-07
S5_54691263 5 54691263 1.64939383358026e-06
S5_54691272 5 54691272 7.8081030768595e-07
S5_54691278 5 54691278 7.8081030768595e-07
S5_54691284 5 54691284 1.64939383358042e-06
S5_54691679 5 54691679 1.73427023798825e-05
S5_54691695 5 54691695 0.000291320373060486
S5_54691791 5 54691791 1.49236681606294e-05
S5_54692367 5 54692367 2.2384841913146e-05
S5_54692635 5 54692635 0.000118870393986722
S5_54692662 5 54692662 0.000567484859157344
S5_54695752 5 54695752 3.91538471334179e-05
S5_54752548 5 54752548 1.04718282167107e-07
S5_54777542 5 54777542 5.0273057745129e-05
S5_54780056 5 54780056 7.49617705122384e-09
S5_54790164 5 54790164 2.17725237215386e-06
S5_54790166 5 54790166 6.40539239170462e-06
S5_55063479 5 55063479 5.85820384583888e-05
S5_55169135 5 55169135 0.000698587697718915
S5_55225608 5 55225608 5.90682664327438e-06
S5_55416424 5 55416424 0.000570805129286299
S5_55525227 5 55525227 0.00083013038549793
S5_55611922 5 55611922 0.000168840378349583
S5_55666989 5 55666989 0.000861492409757392
S5_55700359 5 55700359 5.92918633974563e-06
S5_55746043 5 55746043 1.1645099802626e-05
S5_55774148 5 55774148 6.37272050971627e-10
S5_55774704 5 55774704 3.78951629224805e-05
S5_55780084 5 55780084 7.12319035422488e-07
S5_55792548 5 55792548 2.65813574948692e-05
S5_55802905 5 55802905 6.78873253882626e-06
S5_55922662 5 55922662 5.56164074423992e-06
S5_55967528 5 55967528 9.36099212683098e-05
S5_56018501 5 56018501 0.000981600363130129
S5_56018531 5 56018531 0.000981600363130129
S5_56024362 5 56024362 0.000870044093153147
S5_56030105 5 56030105 3.36739413703238e-06
S5_56031295 5 56031295 0.000628856873463583
S5_56039394 5 56039394 0.00071857410747322
S5_56039396 5 56039396 0.00071857410747322
S5_56046550 5 56046550 0.000230787977059108
S5_56046647 5 56046647 0.000730783370965138
S5_56046756 5 56046756 0.000832017587088594
S5_56128272 5 56128272 0.000971756801469706
S5_56132990 5 56132990 2.28234274463747e-05
S5_56133002 5 56133002 2.28234274463716e-05
S5_56133027 5 56133027 7.64476040095913e-05
S5_56133043 5 56133043 7.64476040095913e-05
S5_56141035 5 56141035 0.000841221536616222
S5_56141067 5 56141067 0.000756776618801161
S5_56146186 5 56146186 5.17269574196869e-05
S5_56203991 5 56203991 1.15892323901734e-05
S5_56205031 5 56205031 0.000296428831716386
S5_56205069 5 56205069 0.000972278577724986
S5_56262580 5 56262580 0.000885540292006435
S5_56262625 5 56262625 0.000453223869848548
S5_56269599 5 56269599 1.56701957538069e-09
S5_56271277 5 56271277 0.000252026145852193
S5_56307634 5 56307634 0.000571229024817656
S5_56351470 5 56351470 2.0715524963439e-06
S5_56351473 5 56351473 1.20765107129755e-07
S5_56352456 5 56352456 0.000429967606068953
S5_56364099 5 56364099 1.45672807008226e-07
S5_56593444 5 56593444 0.0007633804408764
S5_56686079 5 56686079 0.000545239438926384
S5_56762499 5 56762499 0.000736665717386399
S5_56795762 5 56795762 0.000837178950341888
S5_56931894 5 56931894 0.000324056034658752
S5_56931900 5 56931900 0.000965722392415038
S5_56932124 5 56932124 0.000255308039235657
S5_56946923 5 56946923 3.27815288543271e-06
S5_56946929 5 56946929 1.06458929471226e-06
S5_56946962 5 56946962 3.27815288543271e-06
S5_56960333 5 56960333 3.24916302298698e-06
S5_57053496 5 57053496 0.000307823712940811
S5_57117963 5 57117963 0.0001305962817539
S5_57404308 5 57404308 0.000415325100978298
S5_57404421 5 57404421 0.000144153786989399
S5_57411798 5 57411798 0.000116613920731948
S5_57413439 5 57413439 0.000642575854773549
S5_57413442 5 57413442 0.000642575854773442
S5_57416500 5 57416500 0.000505837801402002
S5_57416503 5 57416503 0.000154127332799659
S5_57417470 5 57417470 3.95096218444423e-06
S5_57417500 5 57417500 3.95096218444423e-06
S5_57481554 5 57481554 4.7253328264103e-05
S5_57550993 5 57550993 4.2359914899174e-06
S5_57550997 5 57550997 4.47458862920272e-06
S5_57551011 5 57551011 4.34419233728448e-06
S5_57551021 5 57551021 2.54889967598266e-06
S5_57551341 5 57551341 0.000128413431223677
S5_57589049 5 57589049 1.07772475879e-05
S5_57656493 5 57656493 2.21100281044702e-05
S5_57703758 5 57703758 0.000335843081445122
S5_57738038 5 57738038 0.000235424817780556
S5_57772242 5 57772242 2.47972061061051e-07
S5_57858273 5 57858273 0.000392137851345229
S5_57892917 5 57892917 0.000160882891809473
S5_57910180 5 57910180 0.000656167790481677
S5_57917895 5 57917895 0.0001076514977958
S5_57952134 5 57952134 0.000928403396874716
S5_57952334 5 57952334 0.000792484284934018
S5_57974730 5 57974730 0.000392933589529558
S5_57974801 5 57974801 0.000508743124154815
S5_58043511 5 58043511 2.49256787822316e-07
S5_58049526 5 58049526 0.000479984597951389
S5_58087696 5 58087696 0.000732867712666693
S5_58097577 5 58097577 0.000578369621116084
S5_58124933 5 58124933 0.000126785723981821
S5_58125048 5 58125048 0.000344500258229625
S5_58125059 5 58125059 0.00038759085962915
S5_58152594 5 58152594 0.000507992137356218
S5_58215588 5 58215588 8.56308585213298e-05
S5_58267282 5 58267282 8.71476523268204e-06
S5_58275142 5 58275142 3.95635225624968e-05
S5_58317128 5 58317128 3.88108769583234e-05
S5_58338992 5 58338992 0.000142289493343073
S5_58361669 5 58361669 0.000970223524445194
S5_58365264 5 58365264 0.000633664163279954
S5_58367911 5 58367911 5.78778849006968e-05
S5_58369405 5 58369405 1.17092874629916e-05
S5_58369589 5 58369589 0.000336208684466866
S5_58369763 5 58369763 0.000391909438742802
S5_58373767 5 58373767 8.32633993100148e-05
S5_58374933 5 58374933 0.000145787517070675
S5_58377502 5 58377502 0.000174846530678871
S5_58447297 5 58447297 0.000110877703613695
S5_58447335 5 58447335 1.97875965674877e-05
S5_58553763 5 58553763 0.000463493843002007
S5_58553777 5 58553777 0.000152149179236599
S5_58553778 5 58553778 0.000463493843002007
S5_58585519 5 58585519 0.000804079952663653
S5_58585898 5 58585898 0.000577217693756087
S5_58629678 5 58629678 0.000145927477248781
S5_58680356 5 58680356 7.17222623844358e-06
S5_58764007 5 58764007 0.00021619671048026
S5_58774750 5 58774750 0.00021305569619695
S5_58951769 5 58951769 0.000114315161116375
S5_58951798 5 58951798 0.000707890935075287
S5_58951803 5 58951803 0.00070789093507524
S5_59035924 5 59035924 5.16980387222101e-05
S5_59146930 5 59146930 9.43731480670196e-05
S5_59255739 5 59255739 0.000464266233904972
S5_59362212 5 59362212 8.12375602505743e-05
S5_59396629 5 59396629 0.000951163205489717
S5_59411386 5 59411386 0.000683077839841173
S5_59456745 5 59456745 0.000525432583170823
S5_59459218 5 59459218 1.31893606149087e-07
S5_59463494 5 59463494 0.000916744218188468
S5_59569532 5 59569532 6.94489283228764e-09
S5_59569582 5 59569582 8.45059165867707e-09
S5_59578555 5 59578555 5.49839759815206e-06
S5_59596939 5 59596939 0.000489453488854903
S5_59624881 5 59624881 3.28986553006086e-08
S5_59633112 5 59633112 0.000109232371655696
S5_59639546 5 59639546 0.000878956741374581
S5_59651428 5 59651428 9.25121650475603e-09
S5_59656984 5 59656984 2.5349095465806e-07
S5_59714899 5 59714899 0.000181670347328904
S5_59747314 5 59747314 0.000701931501451595
S5_59796699 5 59796699 8.70292693995803e-05
S5_59813358 5 59813358 3.56854049289493e-05
S5_59822982 5 59822982 6.9578675384828e-06
S5_59883506 5 59883506 0.000330136329382682
S5_59883620 5 59883620 4.11772675535473e-07
S5_59917708 5 59917708 7.40252768182433e-05
S5_59917746 5 59917746 7.40252768182433e-05
S5_59917747 5 59917747 7.40252768182433e-05
S5_59917880 5 59917880 0.00035482697510587
S5_59927884 5 59927884 3.71681062010938e-07
S5_59927923 5 59927923 3.71681062010938e-07
S5_59960473 5 59960473 0.000106657745990542
S5_59983563 5 59983563 0.00042720276242423
S5_59983564 5 59983564 0.000295159040527386
S5_60090750 5 60090750 0.000149789070980922
S5_60103125 5 60103125 0.000810720644398287
S5_60213887 5 60213887 0.000120937670987927
S5_60213932 5 60213932 0.000344726072856994
S5_60213960 5 60213960 0.000344726072856994
S5_60214354 5 60214354 1.19631878896639e-05
S5_60214358 5 60214358 1.17285414214786e-05
S5_60214371 5 60214371 1.17285414214786e-05
S5_60214372 5 60214372 1.17285414214726e-05
S5_60231635 5 60231635 0.000770870941215438
S5_60258925 5 60258925 5.20013874684694e-05
S5_60258949 5 60258949 0.000246073424756741
S5_60258951 5 60258951 5.42731127855405e-05
S5_60261357 5 60261357 2.06801798386544e-07
S5_60265050 5 60265050 1.46802754349016e-05
S5_60265088 5 60265088 1.4680275434897e-05
S5_60346721 5 60346721 0.000728629821041991
S5_60347597 5 60347597 6.53550832091959e-05
S5_60350162 5 60350162 1.37782810378148e-07
S5_60363350 5 60363350 8.0280636279124e-05
S5_60364982 5 60364982 2.17031722919923e-05
S5_60377675 5 60377675 6.32253360102394e-05
S5_60413412 5 60413412 0.000286017936895923
S5_60413422 5 60413422 0.000286017936895774
S5_60413456 5 60413456 0.000286017936895774
S5_60417549 5 60417549 1.39338965459381e-05
S5_60440930 5 60440930 0.000602144778943225
S5_60480933 5 60480933 9.54337516312854e-06
S5_60523307 5 60523307 0.000495323681270963
S5_60535995 5 60535995 7.97825042437249e-05
S5_60609196 5 60609196 3.4713936913049e-05
S5_60619757 5 60619757 0.000205484315949171
S5_60778356 5 60778356 6.03424672553344e-06
S5_60921215 5 60921215 0.000815340043943017
S5_60930675 5 60930675 0.00062542072943174
S5_61109768 5 61109768 1.99676784844268e-05
S5_61109775 5 61109775 1.99676784844262e-05
S5_61135089 5 61135089 0.000542332108320474
S5_61172424 5 61172424 0.00010548001735512
S5_61172459 5 61172459 0.00010548001735512
S5_61174335 5 61174335 0.00048567946762466
S5_61174714 5 61174714 0.000693712296766535
S5_61174734 5 61174734 0.000171989660315854
S5_61205665 5 61205665 2.38502463619566e-05
S5_61465033 5 61465033 0.000253730362006785
S5_61617867 5 61617867 0.000420652159554038
S5_61675162 5 61675162 0.000371719073913571
S5_61675217 5 61675217 0.000371719073913571
S5_61713595 5 61713595 3.36958246645039e-05
S5_61727424 5 61727424 0.000136925749135546
S5_61748977 5 61748977 0.000304407626505625
S5_61805941 5 61805941 6.17446086012665e-06
S5_61806014 5 61806014 0.000918285812330279
S5_61806863 5 61806863 0.000826699447009408
S5_61809814 5 61809814 0.000835264697224445
S5_61844174 5 61844174 0.000805284528038898
S5_61866312 5 61866312 0.000539605445816882
S5_61867778 5 61867778 0.000797874719002779
S5_62083514 5 62083514 0.000541305065298004
S5_62087731 5 62087731 0.000830462139714148
S5_62088630 5 62088630 0.00081436493422225
S5_62095369 5 62095369 0.000777336813774267
S5_62107785 5 62107785 0.000482895551821502
S5_62120073 5 62120073 0.000131490473778907
S5_62120081 5 62120081 0.000118267142832824
S5_62131677 5 62131677 0.000498639694622193
S5_62163238 5 62163238 0.00042956213877815
S5_62163260 5 62163260 0.000429562138778334
S5_62163287 5 62163287 0.000393818440801887
S5_62163476 5 62163476 0.000494560419799533
S5_62163605 5 62163605 0.000394484762914999
S5_62163623 5 62163623 0.000394484762915084
S5_62163639 5 62163639 0.000394484762914999
S5_62163642 5 62163642 0.000394484762914999
S5_62163760 5 62163760 0.000562822485546716
S5_62168388 5 62168388 2.42496442576557e-05
S5_62169964 5 62169964 0.000542712732206383
S5_62175628 5 62175628 0.000583307861581234
S5_62175994 5 62175994 0.000787566169634674
S5_62178888 5 62178888 9.18009596925864e-06
S5_62179469 5 62179469 0.000396719579756214
S5_62187505 5 62187505 2.41019629252442e-05
S5_62187818 5 62187818 1.22210954537283e-05
S5_62196465 5 62196465 0.000208002189350396
S5_62196602 5 62196602 0.000464195437406594
S5_62196606 5 62196606 0.000456379224142973
S5_62197144 5 62197144 0.000462364221592544
S5_62212898 5 62212898 5.53048722508944e-05
S5_62213037 5 62213037 0.00012863029103594
S5_62216524 5 62216524 0.000280653839786064
S5_62217122 5 62217122 8.59707684756683e-05
S5_62227779 5 62227779 0.000544780989724553
S5_62230881 5 62230881 0.000346943079574252
S5_62231583 5 62231583 0.000396121786109262
S5_62235136 5 62235136 1.15792210703586e-05
S5_62239350 5 62239350 0.000384995328770569
S5_62239947 5 62239947 1.65992031449148e-05
S5_62239987 5 62239987 0.000152984827443114
S5_62245412 5 62245412 0.000474995283829695
S5_62261317 5 62261317 2.87190384120305e-05
S5_62262632 5 62262632 4.19766908089977e-07
S5_62277348 5 62277348 3.59884523419291e-06
S5_62277823 5 62277823 7.67239125523105e-05
S5_62278497 5 62278497 0.000334618076868565
S5_62281866 5 62281866 0.000219001230127561
S5_62288147 5 62288147 9.66581056036293e-05
S5_62319699 5 62319699 7.77677201095805e-05
S5_62327805 5 62327805 1.34396853424007e-05
S5_62327841 5 62327841 1.34396853424038e-05
S5_62328473 5 62328473 3.39685341553389e-06
S5_62344964 5 62344964 0.000501155281195205
