Marker Chr Pos p
S3_22457 3 22457 0.000364199316680455
S3_116574 3 116574 0.000485962828105986
S3_204506 3 204506 0.000743333690810464
S3_211431 3 211431 0.000237853067419378
S3_216072 3 216072 0.000363002569496182
S3_526419 3 526419 0.000204712849010698
S3_526435 3 526435 0.000929127475412458
S3_549504 3 549504 0.000389123011723204
S3_746845 3 746845 0.000168674585224377
S3_746856 3 746856 0.000168674585224377
S3_746857 3 746857 0.000168674585224377
S3_831969 3 831969 0.000526335366142542
S3_876134 3 876134 0.000359974950166649
S3_913651 3 913651 0.000174074745460375
S3_916346 3 916346 0.000121681746957357
S3_916912 3 916912 0.000306300345280558
S3_916948 3 916948 0.00023221862981693
S3_917019 3 917019 0.000445306122677567
S3_918543 3 918543 7.91764977670855e-05
S3_918743 3 918743 0.000951124214307353
S3_918755 3 918755 0.000951124214307353
S3_919247 3 919247 0.000443056310990993
S3_940019 3 940019 6.31174648147555e-05
S3_941375 3 941375 0.000122016263678813
S3_941376 3 941376 0.000122016263678813
S3_943496 3 943496 0.000284724277470934
S3_943662 3 943662 0.000124048838719372
S3_943664 3 943664 0.00035394111341335
S3_943665 3 943665 0.00035394111341335
S3_957182 3 957182 0.000369718446820882
S3_957189 3 957189 0.000381499085391084
S3_964973 3 964973 0.000100018290432281
S3_969096 3 969096 0.000261094051639897
S3_978554 3 978554 2.94121794237108e-05
S3_978592 3 978592 3.02779935187821e-05
S3_979525 3 979525 0.00024048048571383
S3_979526 3 979526 0.00024048048571383
S3_979527 3 979527 0.00024048048571383
S3_979528 3 979528 0.000684546911714441
S3_991253 3 991253 0.000803923065960928
S3_996094 3 996094 0.000724166425572827
S3_996676 3 996676 0.000836677619116091
S3_996690 3 996690 0.000290424855367692
S3_996703 3 996703 0.000289625184271905
S3_1004373 3 1004373 0.000233564922778754
S3_1005976 3 1005976 0.000195680102860477
S3_1009860 3 1009860 0.00040928731185945
S3_1010309 3 1010309 0.000379935760431643
S3_1010351 3 1010351 0.000379935760431643
S3_1010359 3 1010359 0.000379935760431643
S3_1017567 3 1017567 0.0008102545799197
S3_1062928 3 1062928 0.000834256074679548
S3_1063082 3 1063082 1.53659004022183e-06
S3_1063104 3 1063104 1.1562839924701e-06
S3_1063125 3 1063125 2.09399990958648e-06
S3_1081790 3 1081790 0.000106751440568455
S3_1082134 3 1082134 0.000970506414050186
S3_1084541 3 1084541 0.000261582300030943
S3_1091106 3 1091106 0.000656302146991591
S3_1124835 3 1124835 0.000102644938324658
S3_1134525 3 1134525 1.40407028990854e-05
S3_1158122 3 1158122 0.000656520885430383
S3_1158123 3 1158123 0.000656520885430383
S3_1158125 3 1158125 0.000656520885430466
S3_1165321 3 1165321 0.000385015248611361
S3_1165335 3 1165335 0.000385015248611333
S3_1165490 3 1165490 0.000139363906092569
S3_1166330 3 1166330 9.70190742866789e-06
S3_1186011 3 1186011 0.000124956025026204
S3_1190454 3 1190454 1.37760456080266e-06
S3_1190512 3 1190512 0.000234926396026577
S3_1194120 3 1194120 0.000595095855957818
S3_1218301 3 1218301 1.18245018059975e-05
S3_1218302 3 1218302 1.28600059046462e-05
S3_1221220 3 1221220 2.74785745293025e-06
S3_1223361 3 1223361 0.000672811939183106
S3_1479175 3 1479175 0.000492372227077893
S3_1479201 3 1479201 0.000492372227077893
S3_1481801 3 1481801 0.000697437805797572
S3_1563199 3 1563199 0.000446246973181786
S3_1617621 3 1617621 0.000351661548338303
S3_1708551 3 1708551 2.65775708622802e-08
S3_1714006 3 1714006 6.75158856373845e-05
S3_1725331 3 1725331 8.21985874056586e-07
S3_1725372 3 1725372 6.05008331213732e-07
S3_1725453 3 1725453 0.000874090435615119
S3_1725454 3 1725454 0.000874090435615119
S3_1725941 3 1725941 0.000382645588567077
S3_1725956 3 1725956 0.00038264558856702
S3_1725983 3 1725983 0.00038264558856702
S3_1726425 3 1726425 4.02887906866759e-05
S3_1747213 3 1747213 1.03414261233204e-06
S3_1747465 3 1747465 0.000127582109646261
S3_1772908 3 1772908 0.000720883127377238
S3_1779426 3 1779426 0.000851937694350506
S3_1799610 3 1799610 0.000105841305871441
S3_1805361 3 1805361 2.91635285102296e-05
S3_1835408 3 1835408 0.00039100120487939
S3_1850197 3 1850197 7.4540543184569e-09
S3_1868013 3 1868013 0.00010518053584353
S3_1871955 3 1871955 0.000292525697177972
S3_1875130 3 1875130 0.000295454172254718
S3_1898477 3 1898477 0.000919595112718548
S3_1898574 3 1898574 0.000212354002769154
S3_1903738 3 1903738 0.000135077778761342
S3_1914831 3 1914831 0.000970256733449712
S3_1914835 3 1914835 0.000970256733449712
S3_1914876 3 1914876 0.000937207055204205
S3_1952477 3 1952477 0.000103436730171777
S3_1954839 3 1954839 0.000962445428558137
S3_1959531 3 1959531 1.78009854708059e-05
S3_1959737 3 1959737 3.70090438122455e-06
S3_1968230 3 1968230 8.2532600558183e-06
S3_1980648 3 1980648 0.000136156200286196
S3_1991156 3 1991156 0.000825690802077324
S3_2002352 3 2002352 0.000852954434184879
S3_2002358 3 2002358 0.000852954434184879
S3_2002392 3 2002392 0.000852954434184879
S3_2013304 3 2013304 8.91295783009492e-05
S3_2020505 3 2020505 0.000267663680447141
S3_2079258 3 2079258 5.93368521248545e-05
S3_2084379 3 2084379 0.000125031099811883
S3_2103377 3 2103377 0.000312578751995166
S3_2123751 3 2123751 0.000766628387899434
S3_2128515 3 2128515 7.31578173983678e-05
S3_2128521 3 2128521 7.31578173983678e-05
S3_2156405 3 2156405 6.57649053930408e-06
S3_2179379 3 2179379 0.000231434896887383
S3_2210657 3 2210657 8.11391605440009e-06
S3_2216687 3 2216687 0.00023974289062744
S3_2385002 3 2385002 0.000110901808070357
S3_2406354 3 2406354 1.13308322163451e-05
S3_2406356 3 2406356 1.13308322163468e-05
S3_2415338 3 2415338 0.000409557810132877
S3_2416138 3 2416138 0.00049380689073279
S3_2450947 3 2450947 0.000322883998520151
S3_2471630 3 2471630 0.000621432598212873
S3_2504480 3 2504480 8.86299760888647e-05
S3_2504526 3 2504526 8.86299760888647e-05
S3_2504935 3 2504935 4.59020436440007e-08
S3_2504936 3 2504936 4.59020436440007e-08
S3_2504937 3 2504937 4.59020436440007e-08
S3_2517308 3 2517308 0.000128162354123123
S3_2556233 3 2556233 0.000227837793024456
S3_2559326 3 2559326 2.4915303008149e-05
S3_2708678 3 2708678 0.000186520638068837
S3_2774250 3 2774250 0.000520130539698388
S3_2783965 3 2783965 2.86743560989911e-05
S3_2860525 3 2860525 0.000235339716455403
S3_2861276 3 2861276 0.000249329033258449
S3_2896975 3 2896975 0.000281031379456548
S3_2897194 3 2897194 4.08816914691565e-05
S3_2946531 3 2946531 2.72491689163165e-05
S3_2950008 3 2950008 0.000899446343257283
S3_2950145 3 2950145 0.000139998535065788
S3_2997749 3 2997749 0.000768178086851706
S3_3009631 3 3009631 7.65120856005374e-07
S3_3134073 3 3134073 0.00017833063662542
S3_3134080 3 3134080 0.000575088404650557
S3_3135240 3 3135240 7.49578997537335e-06
S3_3135259 3 3135259 1.92016241810446e-05
S3_3135548 3 3135548 7.55912728839383e-06
S3_3137599 3 3137599 0.000696477915695189
S3_3137930 3 3137930 0.000148764326175429
S3_3145456 3 3145456 3.24591565778504e-05
S3_3186104 3 3186104 1.48509378161035e-05
S3_3189020 3 3189020 4.2107512857485e-07
S3_3189023 3 3189023 4.2107512857485e-07
S3_3189037 3 3189037 1.93503257081959e-07
S3_3189049 3 3189049 4.2107512857485e-07
S3_3195069 3 3195069 6.49344552099814e-07
S3_3198972 3 3198972 4.30605515764327e-07
S3_3199599 3 3199599 0.000282385507500229
S3_3200513 3 3200513 0.000211467004727156
S3_3201555 3 3201555 0.000182158695106629
S3_3203091 3 3203091 0.000471530895886443
S3_3207666 3 3207666 7.55235377555786e-05
S3_3219999 3 3219999 1.49375057895286e-06
S3_3220000 3 3220000 1.7935723454676e-05
S3_3220001 3 3220001 1.72122021465722e-06
S3_3220002 3 3220002 1.7935723454676e-05
S3_3220003 3 3220003 1.7935723454676e-05
S3_3220043 3 3220043 0.000853757999629984
S3_3222978 3 3222978 4.13050818289969e-09
S3_3240679 3 3240679 0.000441032929590317
S3_3243668 3 3243668 2.33396770497231e-05
S3_3291345 3 3291345 0.000876164268777725
S3_3296667 3 3296667 2.2092280209439e-05
S3_3301545 3 3301545 0.000450657136041129
S3_3302144 3 3302144 3.7327363276813e-05
S3_3302166 3 3302166 2.42030127139044e-06
S3_3323878 3 3323878 0.000489773477573071
S3_3326270 3 3326270 2.64361591469969e-05
S3_3402604 3 3402604 0.000846288923864941
S3_3458650 3 3458650 0.000618988039623617
S3_3459275 3 3459275 9.26960484676551e-05
S3_3459331 3 3459331 0.000312627928318597
S3_3503852 3 3503852 7.79325004449717e-05
S3_3511966 3 3511966 7.58933232212906e-05
S3_3539649 3 3539649 0.000872516577299953
S3_3565981 3 3565981 0.00055457180442406
S3_3565999 3 3565999 0.000226190306259881
S3_3650312 3 3650312 7.45679021020719e-05
S3_3650359 3 3650359 0.000337370156424517
S3_3669696 3 3669696 0.000815339087862176
S3_3671544 3 3671544 0.000838136060116991
S3_3714444 3 3714444 0.000674251961136773
S3_3906873 3 3906873 0.000670482518676556
S3_3921742 3 3921742 0.000669230688749343
S3_3945044 3 3945044 0.000478956909130919
S3_3975505 3 3975505 3.16955588857595e-05
S3_4104976 3 4104976 0.000268212526556051
S3_4158822 3 4158822 0.000513945671719762
S3_4159255 3 4159255 1.89194101591707e-07
S3_4208051 3 4208051 7.79057183986953e-06
S3_4253090 3 4253090 0.000667333990101781
S3_4275911 3 4275911 7.70966786838729e-05
S3_4275912 3 4275912 7.70966786838729e-05
S3_4291987 3 4291987 4.51595019621336e-05
S3_4341899 3 4341899 4.29120492560323e-05
S3_4341935 3 4341935 0.000120458129928134
S3_4341977 3 4341977 7.76884545300528e-07
S3_4347005 3 4347005 0.000588718094525867
S3_4464405 3 4464405 0.000275646244089647
S3_4464408 3 4464408 0.000275646244089647
S3_4464410 3 4464410 0.000275646244089647
S3_4464411 3 4464411 0.000203419449556652
S3_4512240 3 4512240 6.37152516658288e-06
S3_4521396 3 4521396 0.000851798951573815
S3_4548860 3 4548860 0.000805016903034919
S3_4550048 3 4550048 0.000722646234866422
S3_4579989 3 4579989 0.000407849232185102
S3_4580152 3 4580152 0.000172657251833169
S3_4593050 3 4593050 0.000281617715037788
S3_4593078 3 4593078 0.000281617715037788
S3_4593099 3 4593099 0.000281617715037788
S3_4641368 3 4641368 0.000141907824793896
S3_4670311 3 4670311 4.7904815201108e-05
S3_4682577 3 4682577 2.93970134745085e-05
S3_4682580 3 4682580 2.61335431751444e-05
S3_4739083 3 4739083 0.0001808228908598
S3_4745096 3 4745096 0.000358925858426245
S3_4793611 3 4793611 2.38554983783843e-05
S3_4793630 3 4793630 2.31061941049569e-05
S3_4793640 3 4793640 2.52894470982106e-05
S3_4876637 3 4876637 1.25918688186611e-05
S3_4883001 3 4883001 0.000292128983101267
S3_5169250 3 5169250 0.000621295424811676
S3_5240042 3 5240042 0.000269878061205967
S3_5240046 3 5240046 1.25543223738324e-06
S3_5332705 3 5332705 2.76187310530136e-05
S3_5573582 3 5573582 6.94446828664392e-05
S3_5574075 3 5574075 8.39768354206421e-05
S3_5613834 3 5613834 5.65718054116296e-05
S3_5640188 3 5640188 5.99631542118978e-05
S3_5660528 3 5660528 0.000593138347090332
S3_5719566 3 5719566 0.000673314900334246
S3_5807507 3 5807507 2.04414981853741e-05
S3_5818015 3 5818015 0.000535648861675991
S3_5818022 3 5818022 0.000815209912249946
S3_5835258 3 5835258 0.00042289174894149
S3_5846631 3 5846631 7.67901920572204e-05
S3_5871297 3 5871297 9.87813393908892e-05
S3_5878765 3 5878765 3.89199120174552e-08
S3_5883115 3 5883115 3.86004533404858e-08
S3_5883148 3 5883148 0.00032950273031148
S3_5936583 3 5936583 3.5426962217189e-06
S3_5968061 3 5968061 0.000397107429471284
S3_6017885 3 6017885 0.000838860670077702
S3_6018767 3 6018767 2.70765726438184e-05
S3_6058895 3 6058895 0.000158419397030141
S3_6074054 3 6074054 0.000651836460113732
S3_6074055 3 6074055 0.000651836460113732
S3_6109294 3 6109294 0.000999673169298464
S3_6109304 3 6109304 0.000999673169298464
S3_6143563 3 6143563 0.00017091877468231
S3_6152510 3 6152510 2.80949504247012e-05
S3_6190053 3 6190053 0.000929743502853221
S3_6254827 3 6254827 1.08286845132501e-06
S3_6342581 3 6342581 0.000881880545370537
S3_6362956 3 6362956 0.00021385631963912
S3_6362979 3 6362979 0.000752444649879185
S3_6362989 3 6362989 0.000752444649879185
S3_6363022 3 6363022 0.000752444649879185
S3_6385000 3 6385000 1.96232278755728e-05
S3_6386102 3 6386102 2.63334305560387e-05
S3_6387588 3 6387588 1.66770076786672e-07
S3_6387815 3 6387815 0.000494885049683402
S3_6399228 3 6399228 4.59503556735852e-05
S3_6421805 3 6421805 7.31335237454026e-05
S3_6426242 3 6426242 2.01989301543817e-07
S3_6426263 3 6426263 8.42836789006437e-05
S3_6429388 3 6429388 0.000262104684164009
S3_6454553 3 6454553 0.00020983064178453
S3_6539863 3 6539863 6.7187624063982e-09
S3_6587654 3 6587654 3.88988837013057e-05
S3_6618289 3 6618289 0.000268012442286043
S3_6667095 3 6667095 0.000713327787587784
S3_6680970 3 6680970 1.65682795724637e-06
S3_6830378 3 6830378 5.01309536169452e-05
S3_6836458 3 6836458 0.000324007454015693
S3_6842176 3 6842176 0.000535934462683239
S3_6854239 3 6854239 0.000180897177570364
S3_6861958 3 6861958 0.000485851055204356
S3_6871593 3 6871593 0.000717728857707571
S3_6871605 3 6871605 0.00014501386880023
S3_6871647 3 6871647 0.000448709093744427
S3_6871659 3 6871659 0.000295925183075918
S3_6872693 3 6872693 0.000780435747072473
S3_6872721 3 6872721 3.90904955639363e-06
S3_6929363 3 6929363 4.99509643438175e-05
S3_6929457 3 6929457 0.000747327005318089
S3_6929481 3 6929481 0.000747327005318089
S3_6935112 3 6935112 3.98822867263623e-07
S3_6949988 3 6949988 4.12244454042502e-07
S3_7003649 3 7003649 0.000624665860839359
S3_7035524 3 7035524 3.15321668429767e-05
S3_7058385 3 7058385 0.000142152746678981
S3_7063232 3 7063232 0.000613402479901181
S3_7139983 3 7139983 1.11096783123863e-08
S3_7141929 3 7141929 3.99673223323253e-06
S3_7156176 3 7156176 0.000453020215961811
S3_7205376 3 7205376 0.000870790744883284
S3_7206538 3 7206538 6.55635207496511e-06
S3_7221847 3 7221847 0.000774258044549871
S3_7221851 3 7221851 0.000774258044549871
S3_7221884 3 7221884 0.000774258044549871
S3_7224850 3 7224850 0.000671387976662922
S3_7225042 3 7225042 0.000210424321854697
S3_7230483 3 7230483 0.000333000783689866
S3_7231149 3 7231149 0.000596613151209722
S3_7246133 3 7246133 8.7923749926102e-05
S3_7254629 3 7254629 2.1588710604673e-05
S3_7258268 3 7258268 2.68552656428784e-07
S3_7258272 3 7258272 0.000220831246274939
S3_7260958 3 7260958 0.00076610490269622
S3_7266126 3 7266126 8.92383330119646e-06
S3_7267183 3 7267183 3.30812369008412e-05
S3_7271274 3 7271274 3.38948139303098e-08
S3_7276983 3 7276983 8.40420826573626e-05
S3_7331708 3 7331708 0.000127451548255604
S3_7357075 3 7357075 0.000327342221823064
S3_7399380 3 7399380 1.58811112939871e-06
S3_7416906 3 7416906 0.000335203669312904
S3_7420561 3 7420561 0.00056452441159568
S3_7443991 3 7443991 1.95688431228105e-06
S3_7469438 3 7469438 0.000834183950169606
S3_7491632 3 7491632 0.000649828552807036
S3_7499557 3 7499557 0.000131339663251426
S3_7505235 3 7505235 0.000695923032287678
S3_7519398 3 7519398 3.21460205668472e-06
S3_7529928 3 7529928 0.000230354661494149
S3_7533338 3 7533338 0.000929823018935302
S3_7556879 3 7556879 0.00047612532663747
S3_7559931 3 7559931 0.000166036488132079
S3_7571052 3 7571052 1.51943607931884e-05
S3_7571105 3 7571105 1.51943607931901e-05
S3_7694887 3 7694887 1.08038041509064e-05
S3_7704834 3 7704834 2.08453687498832e-06
S3_7704850 3 7704850 2.08453687498832e-06
S3_7727537 3 7727537 1.32105656985922e-06
S3_7733501 3 7733501 0.000169495425401728
S3_7733502 3 7733502 0.00013262887862966
S3_7733505 3 7733505 1.19807960272469e-05
S3_7762434 3 7762434 0.000803056423254847
S3_7762451 3 7762451 9.8869415335463e-06
S3_7887293 3 7887293 0.000563489086440219
S3_7916548 3 7916548 5.72570496928556e-05
S3_7924366 3 7924366 0.000309790179835032
S3_7929994 3 7929994 0.000936907393837193
S3_7930080 3 7930080 0.000339379272258626
S3_7930150 3 7930150 0.000116737797824998
S3_7940519 3 7940519 0.000956559807900855
S3_7945472 3 7945472 0.00057706562423846
S3_7948452 3 7948452 0.000155263550169147
S3_7953509 3 7953509 0.000274375620792716
S3_7981096 3 7981096 1.74760706294646e-05
S3_7999853 3 7999853 0.000408415803876806
S3_8006104 3 8006104 0.000804721347195706
S3_8017816 3 8017816 0.000354079636644489
S3_8067774 3 8067774 0.000522659753691891
S3_8070850 3 8070850 0.000850900821597439
S3_8074774 3 8074774 8.84679351955557e-08
S3_8074775 3 8074775 9.92394395833696e-07
S3_8074776 3 8074776 1.17392569018059e-06
S3_8076426 3 8076426 0.000277459193236432
S3_8113334 3 8113334 0.000177988957095457
S3_8116426 3 8116426 0.000984859577404499
S3_8120623 3 8120623 0.000864591200713058
S3_8120628 3 8120628 0.000864591200713058
S3_8120662 3 8120662 0.000376955367448825
S3_8131761 3 8131761 0.000253015223988214
S3_8136284 3 8136284 3.72125969000751e-06
S3_8136285 3 8136285 3.72125969000751e-06
S3_8136347 3 8136347 8.74538024783338e-05
S3_8136381 3 8136381 6.42178387544561e-05
S3_8143551 3 8143551 1.026586564494e-06
S3_8143565 3 8143565 1.01014975497422e-06
S3_8143618 3 8143618 4.39186919085273e-10
S3_8149843 3 8149843 3.34276980369663e-06
S3_8150084 3 8150084 0.000207445816202256
S3_8150470 3 8150470 0.000307350088892378
S3_8156294 3 8156294 0.000119085367527496
S3_8158024 3 8158024 0.000834204715347023
S3_8188339 3 8188339 0.000650624181767433
S3_8201388 3 8201388 0.000301531541699176
S3_8207045 3 8207045 7.99570204390962e-05
S3_8240662 3 8240662 0.000342769494231813
S3_8240683 3 8240683 0.000342769494231813
S3_8253862 3 8253862 0.000801249360024648
S3_8447350 3 8447350 0.000672155282607584
S3_8448961 3 8448961 1.08301024750095e-05
S3_8523839 3 8523839 0.000364447596162764
S3_8635833 3 8635833 0.000435680862659557
S3_8635863 3 8635863 0.000435680862659595
S3_8682343 3 8682343 0.000121901701218757
S3_8682358 3 8682358 0.000121901701218757
S3_8682515 3 8682515 8.66189308001906e-10
S3_8682520 3 8682520 8.66189308001998e-10
S3_8700379 3 8700379 0.00048581751197556
S3_8702003 3 8702003 0.000352759994495711
S3_8712304 3 8712304 3.69142691382741e-06
S3_8714049 3 8714049 0.000168664859209403
S3_8738402 3 8738402 0.000683940137790666
S3_8936396 3 8936396 0.000955944418480987
S3_9120817 3 9120817 0.000434815352028227
S3_9120818 3 9120818 0.000434815352028255
S3_9121185 3 9121185 0.000817373770134542
S3_9292318 3 9292318 0.000284827002131707
S3_9315248 3 9315248 4.13339195711594e-05
S3_9315283 3 9315283 4.20970425161706e-05
S3_9315293 3 9315293 0.000581121913108516
S3_9315472 3 9315472 0.000153977742397346
S3_9315575 3 9315575 0.000116765806731849
S3_9320965 3 9320965 2.61130966660531e-06
S3_9321237 3 9321237 0.000215494706611524
S3_9386501 3 9386501 0.000552817397551783
S3_9417429 3 9417429 0.000339651172254042
S3_9418258 3 9418258 4.44209747820781e-05
S3_9420794 3 9420794 0.000620259400560826
S3_9420937 3 9420937 0.000295593482265635
S3_9422852 3 9422852 3.4349425810028e-05
S3_9531345 3 9531345 0.000768032404775421
S3_9533188 3 9533188 0.000305005817158128
S3_9565243 3 9565243 2.87748559996762e-05
S3_9565952 3 9565952 0.000589367778267152
S3_9607774 3 9607774 0.000359270671728452
S3_9665085 3 9665085 7.99192867029129e-05
S3_9665522 3 9665522 6.58431956252251e-06
S3_9690616 3 9690616 1.23020419587304e-05
S3_9690643 3 9690643 1.23020419587282e-05
S3_9714159 3 9714159 0.00026932997043264
S3_9714164 3 9714164 0.00026932997043264
S3_9735316 3 9735316 6.84936851201077e-08
S3_9735341 3 9735341 6.84936851201077e-08
S3_9752868 3 9752868 0.000499580180957645
S3_9752901 3 9752901 0.000499580180957645
S3_9979816 3 9979816 7.99746629697902e-05
S3_9992209 3 9992209 0.000206919020372253
S3_10120383 3 10120383 0.00055968843471919
S3_10120514 3 10120514 0.000108868814024717
S3_10143563 3 10143563 3.63587258514297e-05
S3_10282951 3 10282951 0.000424075314071092
S3_10355640 3 10355640 8.45442087220995e-05
S3_10391685 3 10391685 5.11917466913341e-07
S3_10472173 3 10472173 0.000481386255310972
S3_10472357 3 10472357 0.000329071591526256
S3_10472374 3 10472374 0.000329071591526119
S3_10472444 3 10472444 0.000485406640582814
S3_10472447 3 10472447 0.000485406640582814
S3_10472535 3 10472535 0.000965666269586709
S3_10472544 3 10472544 0.000965666269586709
S3_10490067 3 10490067 0.00010317249226285
S3_10553344 3 10553344 5.60951131642194e-05
S3_10553375 3 10553375 3.45853546871457e-06
S3_10560971 3 10560971 5.30230990356943e-06
S3_10560983 3 10560983 8.58767736277813e-07
S3_10572631 3 10572631 0.000961530153996673
S3_10572688 3 10572688 0.000703085947914229
S3_10625927 3 10625927 3.29158164513774e-07
S3_10625934 3 10625934 8.91133292183544e-07
S3_10626225 3 10626225 0.000315431493674477
S3_10630355 3 10630355 0.000109153548796354
S3_10643476 3 10643476 0.000331427335895161
S3_10747963 3 10747963 6.44996131903797e-07
S3_10783256 3 10783256 2.8035957906534e-05
S3_10797640 3 10797640 5.04831716493792e-06
S3_10946909 3 10946909 6.24342457280688e-06
S3_10984580 3 10984580 0.000468355010829827
S3_10984680 3 10984680 0.000469625711676468
S3_10984893 3 10984893 0.000111031625799371
S3_10984914 3 10984914 0.000111031625799362
S3_10986227 3 10986227 0.000775546459324763
S3_11060434 3 11060434 2.63418804056231e-05
S3_11151878 3 11151878 6.06296608724746e-06
S3_11151885 3 11151885 3.53823701667971e-06
S3_11169985 3 11169985 0.000578378071970059
S3_11196914 3 11196914 0.000534288408487288
S3_11204037 3 11204037 1.85216252115323e-05
S3_11204257 3 11204257 1.69001989220332e-08
S3_11204348 3 11204348 0.000256654696568735
S3_11212847 3 11212847 0.00091482611291639
S3_11212870 3 11212870 0.00091482611291639
S3_11212889 3 11212889 0.00091482611291639
S3_11245915 3 11245915 2.16888801735553e-06
S3_11246930 3 11246930 3.37843409250306e-06
S3_11248819 3 11248819 1.32283686199255e-05
S3_11253041 3 11253041 3.07986868098156e-05
S3_11256652 3 11256652 2.23350464547831e-10
S3_11256684 3 11256684 2.23350464547914e-10
S3_11258601 3 11258601 0.000426539282004658
S3_11270766 3 11270766 1.34118170662031e-06
S3_11303144 3 11303144 5.24280702180794e-06
S3_11303221 3 11303221 9.64404016920277e-08
S3_11304231 3 11304231 0.000264709188695097
S3_11318338 3 11318338 0.000124863268455131
S3_11321709 3 11321709 0.000412647132342047
S3_11321778 3 11321778 1.00691663618804e-07
S3_11321785 3 11321785 3.54486172119262e-07
S3_11326668 3 11326668 0.000179462403819066
S3_11326694 3 11326694 0.000416162553796195
S3_11356017 3 11356017 6.41437792175218e-06
S3_11356019 3 11356019 4.01854658489959e-06
S3_11356084 3 11356084 2.42243003826084e-06
S3_11356136 3 11356136 5.59009782040775e-05
S3_11356156 3 11356156 5.59009782040817e-05
S3_11356274 3 11356274 2.90639121024859e-06
S3_11356843 3 11356843 4.6597844910645e-07
S3_11357079 3 11357079 1.42036493704898e-09
S3_11357090 3 11357090 1.42036493704898e-09
S3_11361142 3 11361142 1.35439575734591e-06
S3_11361153 3 11361153 1.35439575734591e-06
S3_11374191 3 11374191 0.000351416532730461
S3_11380624 3 11380624 0.000477424865496441
S3_11427488 3 11427488 4.62922553915447e-05
S3_11443536 3 11443536 4.61357511556192e-10
S3_11448991 3 11448991 0.000162067805267494
S3_11466572 3 11466572 4.66212739704676e-05
S3_11466692 3 11466692 0.000724322823933056
S3_11626926 3 11626926 0.000720816092666298
S3_11717931 3 11717931 0.000665834871031851
S3_11718104 3 11718104 0.000537350879874729
S3_11718105 3 11718105 0.000753084754845635
S3_11718107 3 11718107 0.000541830873220602
S3_11803689 3 11803689 0.000104353789816613
S3_11804030 3 11804030 0.000403309695104577
S3_11828941 3 11828941 0.000406815546654836
S3_11909562 3 11909562 0.000882952286907829
S3_11917319 3 11917319 1.73311029442117e-05
S3_11917336 3 11917336 0.000706932911690268
S3_11922655 3 11922655 5.54075703738879e-05
S3_11922693 3 11922693 5.80625254327093e-05
S3_11922695 3 11922695 5.54075703738879e-05
S3_11922847 3 11922847 0.000875642427480901
S3_11922872 3 11922872 0.000978015551916545
S3_11922880 3 11922880 0.000961755632464596
S3_11925800 3 11925800 0.000801375902598222
S3_11925929 3 11925929 0.00046578202211515
S3_11938581 3 11938581 0.000683708220465183
S3_11950444 3 11950444 0.000913818658321029
S3_11950462 3 11950462 0.000913818658321029
S3_11950678 3 11950678 0.00049205005049895
S3_11952031 3 11952031 9.50571781944531e-05
S3_12030728 3 12030728 0.000233540183900876
S3_12034131 3 12034131 2.72141966276037e-06
S3_12034133 3 12034133 2.72141966276037e-06
S3_12034135 3 12034135 2.72141966276037e-06
S3_12035701 3 12035701 0.000301200737517948
S3_12035702 3 12035702 0.000328148661650488
S3_12035848 3 12035848 0.00097715110760893
S3_12043023 3 12043023 0.000254435769055935
S3_12044307 3 12044307 3.25625467135426e-05
S3_12052904 3 12052904 0.000635792489010722
S3_12061267 3 12061267 7.36134056388092e-05
S3_12087486 3 12087486 0.000852490145533477
S3_12132973 3 12132973 0.000120492322611414
S3_12174785 3 12174785 7.35963442632135e-07
S3_12174793 3 12174793 0.000345407546694222
S3_12231385 3 12231385 0.000579804374414303
S3_12402422 3 12402422 0.000277818054778532
S3_12406970 3 12406970 0.000382737762373961
S3_12410895 3 12410895 0.000185599752334353
S3_12450900 3 12450900 0.000821682446391227
S3_12532664 3 12532664 0.000315822178692855
S3_12571771 3 12571771 0.000534255381676768
S3_12592185 3 12592185 2.33802376372175e-06
S3_12597955 3 12597955 0.000258397913132128
S3_12625432 3 12625432 6.46414089485853e-06
S3_12625433 3 12625433 6.46414089485853e-06
S3_12679559 3 12679559 0.000995892850600905
S3_12723155 3 12723155 5.81838348231372e-06
S3_12963954 3 12963954 0.000720723742295057
S3_12974794 3 12974794 0.000554527679150584
S3_12978224 3 12978224 4.61751201480995e-05
S3_13041994 3 13041994 3.34478832107446e-06
S3_13144337 3 13144337 0.00097385129978869
S3_13144357 3 13144357 0.000144376303366373
S3_13154276 3 13154276 0.000151851073022454
S3_13225691 3 13225691 0.000685595041090056
S3_13229957 3 13229957 0.000661159606119037
S3_13239222 3 13239222 4.07316804337936e-05
S3_13458692 3 13458692 6.7233890089104e-08
S3_13475127 3 13475127 0.000164017212021986
S3_13662850 3 13662850 0.000902118649029874
S3_13677916 3 13677916 8.75223768081311e-05
S3_13677928 3 13677928 0.000947603823621229
S3_13714180 3 13714180 0.000173664939775223
S3_13769791 3 13769791 0.000891736766969183
S3_13813120 3 13813120 2.43611885803577e-06
S3_13870904 3 13870904 0.0001119735351417
S3_13963976 3 13963976 1.80774298474075e-06
S3_13983991 3 13983991 1.75776296578692e-06
S3_14273983 3 14273983 0.000796723851759809
S3_14634163 3 14634163 4.20968576773921e-05
S3_14707094 3 14707094 0.000577145247836028
S3_14807940 3 14807940 0.00022931581480918
S3_14810396 3 14810396 8.38973781569826e-05
S3_14817025 3 14817025 0.000602637024493896
S3_14828737 3 14828737 6.07819657953125e-09
S3_15123874 3 15123874 0.000629372606925836
S3_15186731 3 15186731 4.29107521153567e-05
S3_15741919 3 15741919 0.000161009730798637
S3_15781960 3 15781960 0.000822293333151622
S3_15781993 3 15781993 0.000822293333151622
S3_15813991 3 15813991 1.15646399762082e-05
S3_15849474 3 15849474 1.1085882360921e-06
S3_15935820 3 15935820 0.000659974213258973
S3_15988668 3 15988668 0.000310038011259729
S3_15988689 3 15988689 0.000726688775851839
S3_16031409 3 16031409 0.000392353692882817
S3_16052826 3 16052826 0.000629355227184207
S3_16173315 3 16173315 0.000121464535418846
S3_16220084 3 16220084 0.000800556720541212
S3_16414593 3 16414593 8.83448123913406e-05
S3_16570482 3 16570482 0.000782593327114453
S3_16570504 3 16570504 0.000782593327114453
S3_16857332 3 16857332 0.000421042371324809
S3_16913421 3 16913421 2.26447286523327e-06
S3_17308810 3 17308810 0.000152638740288921
S3_18136899 3 18136899 0.0008361790773077
S3_18731325 3 18731325 0.000859041467478101
S3_18734054 3 18734054 0.000554348267824306
S3_19187452 3 19187452 0.000769248428424712
S3_19463008 3 19463008 0.000526399600469417
S3_19490945 3 19490945 4.14795421540947e-05
S3_19499358 3 19499358 0.000399378103997735
S3_19616262 3 19616262 0.000319306622360992
S3_19702508 3 19702508 0.000372545743042706
S3_19733815 3 19733815 3.72929604080903e-05
S3_19761838 3 19761838 0.000206785840841075
S3_19808401 3 19808401 0.000161248777209051
S3_19858604 3 19858604 2.55965187647142e-06
S3_19896365 3 19896365 2.83359873768627e-05
S3_20021109 3 20021109 0.000192782112037635
S3_20022912 3 20022912 1.52086630506941e-05
S3_20040682 3 20040682 0.000396907237991369
S3_20045872 3 20045872 0.000867850281461893
S3_20047412 3 20047412 0.000449827580392505
S3_20055077 3 20055077 0.000339854996544083
S3_20060178 3 20060178 0.000345248392025663
S3_20072994 3 20072994 0.000655097463339518
S3_20073096 3 20073096 0.000550620202185678
S3_20073105 3 20073105 0.000525231834035317
S3_20073128 3 20073128 0.000525231834035317
S3_20073136 3 20073136 0.000525231834035317
S3_20086459 3 20086459 0.000140298492770675
S3_20220555 3 20220555 8.52287228720483e-06
S3_20288483 3 20288483 8.13638221129137e-05
S3_20290847 3 20290847 0.000888303610997471
S3_20323589 3 20323589 0.000210743503207617
S3_20323635 3 20323635 0.000461488390454713
S3_20326312 3 20326312 0.000447263062190842
S3_20348362 3 20348362 0.000297600180130746
S3_20356844 3 20356844 1.56841808721671e-05
S3_20369514 3 20369514 1.64860015114169e-08
S3_20504098 3 20504098 0.000278192920097156
S3_20548266 3 20548266 6.49198265492376e-06
S3_20559802 3 20559802 0.00097803094518016
S3_20653123 3 20653123 0.00036051334707824
S3_20653616 3 20653616 9.90103848725061e-10
S3_20653621 3 20653621 0.000875847545202818
S3_20653622 3 20653622 9.90103848725061e-10
S3_20947769 3 20947769 0.000289281918818678
S3_21005404 3 21005404 3.29822160970374e-05
S3_21038672 3 21038672 3.66437424762241e-05
S3_21041767 3 21041767 9.62326669596804e-05
S3_21083466 3 21083466 2.2876045881747e-05
S3_21083930 3 21083930 0.000493830541345896
S3_21151165 3 21151165 2.54145891481654e-05
S3_21198245 3 21198245 9.0120259742933e-05
S3_21462079 3 21462079 9.30035153709723e-05
S3_21462097 3 21462097 5.75593676930938e-05
S3_21553251 3 21553251 0.000707435795779844
S3_21629791 3 21629791 0.000304209250204532
S3_21648625 3 21648625 0.000632287952311565
S3_21704729 3 21704729 0.000514138912166184
S3_22018483 3 22018483 1.49952210868682e-05
S3_22034937 3 22034937 0.000893388787092112
S3_22063306 3 22063306 0.00069690342196552
S3_22240892 3 22240892 8.23416825490029e-06
S3_22516281 3 22516281 0.0001383424500956
S3_22577908 3 22577908 0.000335192467660485
S3_22681458 3 22681458 7.91525472173313e-06
S3_22681648 3 22681648 0.000536946038583632
S3_22927371 3 22927371 0.000513018011828114
S3_22997539 3 22997539 2.39310105342478e-05
S3_23034582 3 23034582 7.01794513537531e-05
S3_23412916 3 23412916 0.000227756854558268
S3_23650642 3 23650642 2.07464752620018e-05
S3_23687654 3 23687654 0.000167220780029261
S3_23809706 3 23809706 0.000297025382506017
S3_23899518 3 23899518 7.62298483042966e-05
S3_23899527 3 23899527 0.000129362020559408
S3_23965429 3 23965429 0.000986508109476755
S3_24088555 3 24088555 0.000676723669025032
S3_24167393 3 24167393 0.00024817724854835
S3_24225134 3 24225134 0.000223950487066551
S3_24329907 3 24329907 5.2301032524088e-06
S3_24344087 3 24344087 2.19946789598639e-05
S3_24377029 3 24377029 0.000162128679498147
S3_24428167 3 24428167 4.97536327019712e-05
S3_24488235 3 24488235 8.62603740694431e-05
S3_24488244 3 24488244 0.000297826168958013
S3_24859671 3 24859671 0.000343116762747037
S3_25384781 3 25384781 0.000625481611976454
S3_25428683 3 25428683 1.88565092386386e-05
S3_25506119 3 25506119 0.000401964585640018
S3_25563762 3 25563762 4.83816148992332e-05
S3_25586794 3 25586794 0.000183694004820291
S3_25935399 3 25935399 0.000553707662570384
S3_26226151 3 26226151 0.000786865854169728
S3_26417042 3 26417042 0.000801191864525064
S3_26663704 3 26663704 0.000902852714596443
S3_26703474 3 26703474 0.000184284833311635
S3_26706505 3 26706505 0.000203309346256737
S3_27073240 3 27073240 0.000196477048605535
S3_27150629 3 27150629 4.68891923366007e-05
S3_29414698 3 29414698 0.000885041744800358
S3_30432923 3 30432923 6.12766968117542e-05
S3_30555426 3 30555426 0.000223840111117931
S3_30632241 3 30632241 0.000493742504315971
S3_30887314 3 30887314 6.89679700893697e-05
S3_30965786 3 30965786 4.48077817563005e-05
S3_30989754 3 30989754 1.06503109956699e-06
S3_31269133 3 31269133 0.000491239418964084
S3_31299658 3 31299658 6.39487797986305e-05
S3_31336053 3 31336053 9.51808417057517e-05
S3_31373838 3 31373838 9.88262802956464e-05
S3_31373877 3 31373877 0.000137868716641428
S3_31390308 3 31390308 0.000274541748951623
S3_31408193 3 31408193 6.7932352836279e-05
S3_31570620 3 31570620 0.000930230648573126
S3_31573964 3 31573964 3.02569649154854e-05
S3_31583233 3 31583233 0.000814791920055545
S3_31598190 3 31598190 0.00020617107054442
S3_31669034 3 31669034 9.70415563412262e-05
S3_31840841 3 31840841 0.000420250838490988
S3_32148381 3 32148381 0.000165012798095356
S3_32298222 3 32298222 0.000195192420244819
S3_32314736 3 32314736 6.42453438033395e-05
S3_32416387 3 32416387 0.000369136548879602
S3_32443100 3 32443100 0.00039603091815497
S3_32473069 3 32473069 6.38908806625126e-05
S3_32473146 3 32473146 0.000513818770905521
S3_32478234 3 32478234 0.000109902048736439
S3_32503220 3 32503220 5.17789233547704e-05
S3_32512831 3 32512831 4.86375096682974e-05
S3_32552772 3 32552772 6.51525569939484e-05
S3_32557335 3 32557335 5.36804267399323e-05
S3_32581738 3 32581738 9.76304891360767e-05
S3_32589509 3 32589509 0.000722665478069985
S3_32621616 3 32621616 0.000425358193909612
S3_32683950 3 32683950 0.000105223563296723
S3_32822208 3 32822208 2.9253820652629e-05
S3_32826146 3 32826146 6.01874404664722e-05
S3_32923152 3 32923152 0.000109812123840828
S3_32956264 3 32956264 0.000349634806191981
S3_32956286 3 32956286 0.00014051028862784
S3_33017068 3 33017068 0.000277535242099411
S3_33020222 3 33020222 7.06775577234638e-05
S3_33020228 3 33020228 7.06775577234638e-05
S3_33020266 3 33020266 7.06775577234638e-05
S3_33170758 3 33170758 5.48005064333576e-05
S3_33190118 3 33190118 0.000154535592081949
S3_33557882 3 33557882 6.18742721883299e-05
S3_33714580 3 33714580 0.000100734924080497
S3_33913834 3 33913834 0.000111019865743981
S3_34089908 3 34089908 0.000550120512953832
S3_34250341 3 34250341 5.24202977660252e-05
S3_34529810 3 34529810 0.000133474936818271
S3_34568286 3 34568286 3.4876169440278e-05
S3_34604365 3 34604365 0.000104422654136954
S3_34604374 3 34604374 9.66713132313036e-05
S3_34721101 3 34721101 0.000133248346914814
S3_34899092 3 34899092 0.000179854234478432
S3_34967988 3 34967988 5.24175145342579e-05
S3_35769542 3 35769542 0.000101703484685473
S3_35844922 3 35844922 0.000213303189632366
S3_36189379 3 36189379 2.81955114437022e-05
S3_36220797 3 36220797 0.000350346259950868
S3_36296143 3 36296143 7.28094355332126e-05
S3_36363595 3 36363595 8.18519013504095e-05
S3_36364275 3 36364275 8.19462248933832e-05
S3_36401683 3 36401683 3.8143728639214e-05
S3_36531429 3 36531429 4.10066088814647e-05
S3_36941997 3 36941997 3.43342422364726e-05
S3_37066100 3 37066100 7.78146255928323e-05
S3_37096768 3 37096768 0.000701226826209993
S3_37130199 3 37130199 4.35646199785887e-05
S3_37303853 3 37303853 0.000846244830802047
S3_37374072 3 37374072 0.000452411338203838
S3_37430670 3 37430670 7.77390605834371e-05
S3_37430690 3 37430690 9.15476630423031e-05
S3_37516486 3 37516486 0.000147973245846653
S3_37574928 3 37574928 0.000317217018294818
S3_37581721 3 37581721 0.000180277294489445
S3_37648735 3 37648735 0.000706228673125322
S3_37738229 3 37738229 3.32852629596694e-05
S3_38137446 3 38137446 2.51495190474245e-05
S3_38184130 3 38184130 0.000210622051182356
S3_38240407 3 38240407 0.000322073150628916
S3_38260412 3 38260412 1.47791280291972e-05
S3_38358116 3 38358116 2.49872682282339e-05
S3_38633531 3 38633531 0.000381053977450229
S3_38797654 3 38797654 1.8493521317068e-05
S3_38814636 3 38814636 0.000255459259881883
S3_38814720 3 38814720 0.000348283290853393
S3_38820490 3 38820490 2.70274840013669e-05
S3_38919151 3 38919151 0.000196621508630711
S3_38965351 3 38965351 0.000173676146898886
S3_39028710 3 39028710 0.000209419026890088
S3_39028928 3 39028928 3.65917820083831e-05
S3_39115867 3 39115867 0.000287788171483753
S3_39186683 3 39186683 3.25103958639466e-05
S3_39186684 3 39186684 3.25103958639466e-05
S3_39186755 3 39186755 9.57901675854671e-05
S3_39636643 3 39636643 1.86433598875747e-05
S3_39908663 3 39908663 4.70725428221194e-05
S3_39962991 3 39962991 1.78179007651938e-05
S3_40003191 3 40003191 7.99140752218545e-05
S3_40046935 3 40046935 0.000186598352086642
S3_40264815 3 40264815 2.24595256480905e-05
S3_40271955 3 40271955 8.14470237962947e-05
S3_40279768 3 40279768 7.00147947387372e-05
S3_40340192 3 40340192 6.66562530069868e-05
S3_40437598 3 40437598 2.93565644772325e-05
S3_40537834 3 40537834 9.72306106197673e-05
S3_40552570 3 40552570 2.5000763780083e-05
S3_40576211 3 40576211 0.000292849181216312
S3_40597360 3 40597360 4.58614256606069e-05
S3_40628372 3 40628372 0.000318599126696692
S3_40628373 3 40628373 0.000318599126696692
S3_41722668 3 41722668 9.19611844876572e-05
S3_41971245 3 41971245 0.000477220537144267
S3_42349219 3 42349219 0.000320414153132259
S3_42397351 3 42397351 1.11382919425928e-05
S3_42538350 3 42538350 0.000906913613678338
S3_42839757 3 42839757 0.000628378663427327
S3_42921164 3 42921164 0.000679136064226956
S3_43005265 3 43005265 0.000589497418987513
S3_44087037 3 44087037 0.000843449362256535
S3_44136416 3 44136416 0.000346099459832859
S3_44371471 3 44371471 0.000757175276919843
S3_44371479 3 44371479 7.3102012939595e-05
S3_45180369 3 45180369 0.00085223321623024
S3_45550465 3 45550465 0.000773437050792388
S3_45550517 3 45550517 0.000773437050792448
S3_45597540 3 45597540 1.36882510371019e-05
S3_45826255 3 45826255 0.000547859906374709
S3_45929077 3 45929077 0.000306053308243535
S3_45981557 3 45981557 0.000625612316682701
S3_45981558 3 45981558 0.000779292225194351
S3_46317585 3 46317585 0.000903343400544717
S3_46616984 3 46616984 1.71052310838693e-05
S3_46869841 3 46869841 0.000656893689891787
S3_46900640 3 46900640 0.00062774033259472
S3_46914421 3 46914421 3.04341221162379e-06
S3_46929932 3 46929932 0.000462607692879769
S3_47246448 3 47246448 0.000373653397478488
S3_47263712 3 47263712 1.05899214100879e-05
S3_47347726 3 47347726 0.000838075199524942
S3_47464381 3 47464381 0.000190850506514042
S3_47464396 3 47464396 6.09133886627329e-05
S3_47473831 3 47473831 0.000324193928105019
S3_47922264 3 47922264 1.61224939008732e-05
S3_47922979 3 47922979 0.000487777380811733
S3_47922980 3 47922980 0.000404011159115147
S3_47922981 3 47922981 0.000404011159115147
S3_47924279 3 47924279 0.000982374427028341
S3_47931383 3 47931383 0.000955972672216025
S3_47972540 3 47972540 0.000818687272521257
S3_47974126 3 47974126 0.000259056692868167
S3_48000324 3 48000324 0.000864122125802279
S3_48057722 3 48057722 0.000557052869713847
S3_48207824 3 48207824 0.00060597183114919
S3_48357278 3 48357278 0.000821847876058768
S3_48418280 3 48418280 0.000915908003410137
S3_48418293 3 48418293 0.000915908003410137
S3_48418298 3 48418298 0.000915908003410137
S3_48419942 3 48419942 0.000793979346279583
S3_48692209 3 48692209 0.000724983062855732
S3_48692239 3 48692239 1.66147029368483e-06
S3_48708207 3 48708207 0.000387351371880077
S3_48780216 3 48780216 0.000202913278296497
S3_48855540 3 48855540 4.08987649695775e-05
S3_48856543 3 48856543 0.000102328467124777
S3_48952514 3 48952514 0.000413431341054941
S3_48952775 3 48952775 0.000408041159276486
S3_48952842 3 48952842 0.000820115010120025
S3_49063305 3 49063305 0.000820716908234665
S3_49203750 3 49203750 0.000755523238681899
S3_49203769 3 49203769 9.52276335827437e-05
S3_49589342 3 49589342 0.000930480246405924
S3_49632212 3 49632212 0.000352166672219685
S3_49701557 3 49701557 0.000182356203170565
S3_49810835 3 49810835 0.00035134412133295
S3_49812183 3 49812183 8.80881669741473e-06
S3_50150209 3 50150209 0.000530344822755587
S3_50445983 3 50445983 0.000569169559614839
S3_50542894 3 50542894 0.000183965695880561
S3_50542912 3 50542912 9.45381318317113e-05
S3_50596089 3 50596089 0.000280230271237187
S3_50639106 3 50639106 0.000659142261339776
S3_50723068 3 50723068 0.000120373944638316
S3_51039340 3 51039340 0.00024080154863196
S3_51145455 3 51145455 0.000511017903138137
S3_51240150 3 51240150 2.63231645359869e-05
S3_51317070 3 51317070 0.000337175914633492
S3_51317071 3 51317071 0.000337175914633492
S3_51319020 3 51319020 1.0461335664854e-05
S3_51324013 3 51324013 0.000514919453839635
S3_51370171 3 51370171 0.00033179236957511
S3_51370174 3 51370174 0.000376426989692536
S3_51371088 3 51371088 0.000672648015613999
S3_51371890 3 51371890 0.000877573766699377
S3_51372119 3 51372119 0.00015849672209301
S3_51373692 3 51373692 0.000234538714833951
S3_51558456 3 51558456 0.000188841600448081
S3_51588023 3 51588023 4.35805945527581e-06
S3_51588030 3 51588030 0.000153627557767905
S3_51750279 3 51750279 0.000231131412442244
S3_51758185 3 51758185 0.00066350964040787
S3_51761251 3 51761251 0.000342346093022802
S3_51762274 3 51762274 0.000635051924463547
S3_51777086 3 51777086 1.31352771597782e-05
S3_51851185 3 51851185 0.000444593632794861
S3_51859276 3 51859276 3.54352501183784e-05
S3_51859277 3 51859277 8.21615544483333e-05
S3_51859279 3 51859279 8.21615544483495e-05
S3_51859282 3 51859282 0.000113299727917561
S3_51860325 3 51860325 3.76222855277516e-05
S3_51947203 3 51947203 4.88263999762155e-06
S3_51947444 3 51947444 0.00093510356489925
S3_51948020 3 51948020 0.000995949401966131
S3_52002943 3 52002943 0.000773143639739851
S3_52015282 3 52015282 0.000121972447647353
S3_52047499 3 52047499 1.71063202049488e-05
S3_52049151 3 52049151 0.000580642822102931
S3_52049160 3 52049160 0.000580642822102931
S3_52085986 3 52085986 0.000549417541807094
S3_52137800 3 52137800 0.000951168997645617
S3_52291397 3 52291397 0.000279455807372656
S3_52298041 3 52298041 0.000734149132706012
S3_52298297 3 52298297 0.000133243025866273
S3_52300114 3 52300114 0.000211172919090874
S3_52300930 3 52300930 7.5683462737439e-06
S3_52300963 3 52300963 6.32049111783678e-06
S3_52301005 3 52301005 6.32049111783678e-06
S3_52301011 3 52301011 4.90473648872444e-06
S3_52325828 3 52325828 0.000199112446379529
S3_52325829 3 52325829 0.000113117072183294
S3_52325979 3 52325979 1.0460873505265e-07
S3_52331727 3 52331727 4.10426111297882e-05
S3_52338088 3 52338088 0.000115167352306573
S3_52411734 3 52411734 1.31354819336784e-05
S3_52440990 3 52440990 1.11463576563375e-05
S3_52479511 3 52479511 3.48928300058686e-06
S3_52481942 3 52481942 6.30112453239837e-06
S3_52494371 3 52494371 0.000328227064284966
S3_52497914 3 52497914 0.00067185946253233
S3_52502908 3 52502908 0.000825444948354978
S3_52502933 3 52502933 0.000825444948354978
S3_52504216 3 52504216 5.16955625633766e-05
S3_52511741 3 52511741 0.000212185409994351
S3_52557993 3 52557993 0.000544642429893383
S3_52590906 3 52590906 0.000538804212408158
S3_52592256 3 52592256 2.50670497807247e-06
S3_52616018 3 52616018 0.000175446075873243
S3_52663813 3 52663813 1.22109296840583e-09
S3_52664065 3 52664065 1.19388343865407e-06
S3_52664209 3 52664209 4.99611483000129e-06
S3_52665130 3 52665130 0.000956078302979463
S3_52668414 3 52668414 3.31053236909383e-06
S3_52668450 3 52668450 1.89980819568585e-05
S3_52672389 3 52672389 1.92569394934315e-06
S3_52672787 3 52672787 1.35904111527931e-05
S3_52704513 3 52704513 5.89685156533028e-09
S3_52704561 3 52704561 0.000128831965213915
S3_52725868 3 52725868 0.000192521988899898
S3_52729094 3 52729094 0.000805732128043117
S3_52729118 3 52729118 0.000805732128043061
S3_52730114 3 52730114 0.00023128274731944
S3_52730115 3 52730115 0.000228195429304322
S3_52730235 3 52730235 0.000608469431063962
S3_52791811 3 52791811 0.000617088693968394
S3_52813670 3 52813670 0.000228013191627841
S3_52836612 3 52836612 4.7534297790096e-05
S3_52840351 3 52840351 0.000127517830191978
S3_52840982 3 52840982 2.98338493388968e-05
S3_52859233 3 52859233 0.00074929224440613
S3_52859247 3 52859247 0.000469484389191097
S3_52859377 3 52859377 0.00082729466382332
S3_52871019 3 52871019 0.000607365497093932
S3_52876497 3 52876497 9.99790900156749e-06
S3_52880330 3 52880330 3.59453903386848e-08
S3_52880333 3 52880333 3.59453903386848e-08
S3_52894268 3 52894268 0.000658146989271289
S3_52972960 3 52972960 0.000101385488709745
S3_52999623 3 52999623 0.00030315693433027
S3_53059203 3 53059203 0.000909219475522948
S3_53059248 3 53059248 0.000909219475522948
S3_53067421 3 53067421 0.000198803039233798
S3_53075429 3 53075429 1.37045088153756e-05
S3_53075453 3 53075453 0.000230021723557486
S3_53080797 3 53080797 0.000620771281869712
S3_53085365 3 53085365 0.000126966958603569
S3_53085889 3 53085889 0.000511442553759975
S3_53094032 3 53094032 0.000193404928623286
S3_53094265 3 53094265 0.000179638102011283
S3_53131643 3 53131643 2.64970332797294e-05
S3_53133974 3 53133974 3.36034708207257e-05
S3_53136346 3 53136346 0.000768183509702155
S3_53148264 3 53148264 8.15658593954297e-05
S3_53190188 3 53190188 1.13714652761004e-05
S3_53199642 3 53199642 1.96623082682848e-05
S3_53211479 3 53211479 2.16193040632557e-05
S3_53224779 3 53224779 2.31238198790213e-05
S3_53224784 3 53224784 2.31238198790213e-05
S3_53232250 3 53232250 1.06455474714181e-09
S3_53232976 3 53232976 1.64206296967887e-06
S3_53288069 3 53288069 0.0005962668222433
S3_53288108 3 53288108 0.0005962668222433
S3_53321293 3 53321293 8.155667685319e-06
S3_53344578 3 53344578 9.37430186936857e-06
S3_53353492 3 53353492 1.43916202974171e-05
S3_53391441 3 53391441 3.17780866560227e-05
S3_53391531 3 53391531 6.78660006266349e-06
S3_53420931 3 53420931 8.75221762814006e-05
S3_53425735 3 53425735 2.72941064243271e-05
S3_53448054 3 53448054 1.51747786137602e-05
S3_53499970 3 53499970 0.000457405030374599
S3_53523044 3 53523044 5.43351384232563e-06
S3_53539351 3 53539351 1.63793313563485e-05
S3_53564197 3 53564197 1.74658250479223e-05
S3_53566329 3 53566329 0.000447684315705358
S3_53566553 3 53566553 1.69166995811415e-05
S3_53583974 3 53583974 6.15508602190824e-05
S3_53583980 3 53583980 6.15508602190824e-05
S3_53606205 3 53606205 3.91513399627209e-05
S3_53608743 3 53608743 0.000176246063569921
S3_53741371 3 53741371 6.80523451694849e-05
S3_53743234 3 53743234 1.64262703708936e-05
S3_53749181 3 53749181 1.45811556127604e-05
S3_53786765 3 53786765 0.000307398628785515
S3_53793240 3 53793240 0.000738774486997023
S3_53807866 3 53807866 2.03482884495279e-05
S3_53818812 3 53818812 1.42519261654308e-05
S3_53847614 3 53847614 0.00019992470684187
S3_53910915 3 53910915 1.24254396553833e-05
S3_53931317 3 53931317 0.000386225246984922
S3_53990936 3 53990936 0.000217608143372324
S3_53992923 3 53992923 0.000145523810242406
S3_53992930 3 53992930 0.000145523810242406
S3_53993031 3 53993031 0.000464374657791648
S3_54109393 3 54109393 0.000904933686046682
S3_54137204 3 54137204 0.000695598355921943
S3_54296291 3 54296291 0.000232047745856659
S3_54374423 3 54374423 0.000805485271436407
S3_54519960 3 54519960 9.23605980292785e-05
S3_54552237 3 54552237 0.00011750622261529
S3_54562605 3 54562605 7.44437805745508e-08
S3_54564912 3 54564912 0.000452992687861893
S3_54573063 3 54573063 0.000763157475359529
S3_54662529 3 54662529 0.000251200140089608
S3_54681015 3 54681015 6.20422464008296e-05
S3_54681027 3 54681027 6.20422464008296e-05
S3_54754294 3 54754294 0.000922674070684902
S3_54797481 3 54797481 8.14299471988589e-06
S3_54927613 3 54927613 0.00097482434318947
S3_54935257 3 54935257 0.000645553170252471
S3_55172691 3 55172691 0.000943647327729661
S3_55291418 3 55291418 0.000483919144494281
S3_55338807 3 55338807 0.000755804500141514
S3_55344403 3 55344403 0.000136024069300859
S3_55380651 3 55380651 0.000430782669638506
S3_55392675 3 55392675 0.000388660161571466
S3_55425786 3 55425786 0.000769726141614975
S3_55425850 3 55425850 0.000170754590524723
S3_55486704 3 55486704 0.000628011524568824
S3_55504059 3 55504059 0.000307925789593094
S3_55513480 3 55513480 0.000697113528441408
S3_55586100 3 55586100 0.000304691760839143
S3_55634333 3 55634333 0.000293071485125543
S3_55647818 3 55647818 5.24397739113172e-05
S3_55661303 3 55661303 0.000722663446910817
S3_55726017 3 55726017 0.000126306750004715
S3_55752639 3 55752639 0.000457606652173413
S3_55753337 3 55753337 4.56639491608286e-05
S3_55786827 3 55786827 3.02987484980371e-05
S3_55804597 3 55804597 0.000104608601423699
S3_55804610 3 55804610 0.000104608601423699
S3_55810455 3 55810455 2.75124829699477e-06
S3_55819440 3 55819440 0.000368738933789209
S3_55827295 3 55827295 0.000269116865770448
S3_55958968 3 55958968 1.5898046925623e-05
S3_56006672 3 56006672 0.000334964844338665
S3_56026131 3 56026131 0.000506033286443783
S3_56035630 3 56035630 0.000340491490432894
S3_56159589 3 56159589 3.14853899925796e-05
S3_56381143 3 56381143 2.17831495013057e-06
S3_56440622 3 56440622 0.000326340396678232
S3_56440623 3 56440623 0.000326340396678232
S3_56441049 3 56441049 0.000125061876998553
S3_56667209 3 56667209 0.000955133874070078
S3_56673583 3 56673583 0.000975164803591702
S3_56731861 3 56731861 2.17197186044922e-05
S3_56851481 3 56851481 0.000580250056765902
S3_56851542 3 56851542 0.000145898460669367
S3_56861061 3 56861061 0.000577673910734044
S3_56898369 3 56898369 1.2679642949585e-05
S3_56907562 3 56907562 1.0944530630015e-06
S3_56945083 3 56945083 0.000981151927838153
S3_56949012 3 56949012 0.00035012359376819
S3_56949286 3 56949286 3.34144882909894e-07
S3_56960703 3 56960703 2.17892066222427e-05
S3_57036978 3 57036978 1.06188952876608e-05
S3_57156756 3 57156756 0.000376235075868423
S3_57279570 3 57279570 0.000105816177397269
S3_57279577 3 57279577 0.000105816177397269
S3_57279579 3 57279579 0.000105816177397269
S3_57313508 3 57313508 9.54912337179343e-07
S3_57362391 3 57362391 6.78323136007545e-07
S3_57375453 3 57375453 0.000299365504175221
S3_57591615 3 57591615 6.0515953932519e-06
S3_57701321 3 57701321 0.000311221527753263
S3_57780272 3 57780272 0.000968633476371569
S3_57912114 3 57912114 0.000782559958352954
S3_57936969 3 57936969 0.000154642740670103
S3_57957277 3 57957277 0.000157911678298045
S3_58028016 3 58028016 1.34242202717785e-06
S3_58033647 3 58033647 6.71468277630392e-05
S3_58206181 3 58206181 0.000849899102518973
S3_58226409 3 58226409 8.82085036173811e-06
S3_58251340 3 58251340 8.46462074886751e-07
S3_58430745 3 58430745 0.00012575771082771
S3_58438152 3 58438152 1.1489691165538e-05
S3_58553488 3 58553488 0.000392133952048455
S3_58553506 3 58553506 0.000173661922478702
S3_58592362 3 58592362 0.000412327601178218
S3_58595313 3 58595313 0.000531562819488712
S3_58595616 3 58595616 7.72545566024259e-08
S3_58904949 3 58904949 0.000227509561849478
S3_58999524 3 58999524 0.000351138995300404
S3_59011858 3 59011858 0.000227957649184804
S3_59047958 3 59047958 0.000793676067872531
S3_59047976 3 59047976 0.000134855915777636
S3_59047977 3 59047977 0.000793676067872531
S3_59059298 3 59059298 6.88914121912442e-07
S3_59123654 3 59123654 0.000338078319828581
S3_59123656 3 59123656 0.000338078319828581
S3_59126103 3 59126103 0.000347265812324278
S3_59279636 3 59279636 0.000616171677352105
S3_59314624 3 59314624 0.000322141593120979
S3_59314920 3 59314920 0.000209411251465004
S3_59315133 3 59315133 8.38696047513845e-05
S3_59315139 3 59315139 0.000343595785929723
S3_59315159 3 59315159 8.38696047513845e-05
S3_59322117 3 59322117 0.000458344517156415
S3_59375848 3 59375848 3.71044032855352e-05
S3_59400719 3 59400719 0.000899673521741428
S3_59462876 3 59462876 5.06990095769043e-06
S3_59504348 3 59504348 0.000619137249575941
S3_59508462 3 59508462 8.20318530861519e-06
S3_59543111 3 59543111 5.59707869022618e-06
S3_59543230 3 59543230 5.8222634259814e-05
S3_59543250 3 59543250 5.82226342598098e-05
S3_59543251 3 59543251 5.82226342598098e-05
S3_59614895 3 59614895 0.000495173328538744
S3_59614899 3 59614899 0.000495173328538834
S3_59730142 3 59730142 0.00014895901954
S3_59730153 3 59730153 0.00014895901954
S3_59752427 3 59752427 0.000793319708243698
S3_59837831 3 59837831 9.78431455125942e-05
S3_59959904 3 59959904 0.00088543418428371
S3_59964503 3 59964503 2.82101852235656e-06
S3_59998814 3 59998814 0.000964990661641327
S3_60019635 3 60019635 5.00052552944782e-05
S3_60059360 3 60059360 0.000162416035430128
S3_60062759 3 60062759 0.000349398062635768
S3_60075589 3 60075589 0.000947200592452558
S3_60075591 3 60075591 0.000789586271665499
S3_60075594 3 60075594 0.000789586271665499
S3_60075597 3 60075597 0.000341367587042897
S3_60075598 3 60075598 0.000789586271665499
S3_60075600 3 60075600 0.000789586271665499
S3_60075602 3 60075602 0.000341367587042897
S3_60075603 3 60075603 0.000789586271665499
S3_60075605 3 60075605 0.000789586271665499
S3_60075607 3 60075607 0.000789586271665499
S3_60128487 3 60128487 5.00322716926526e-06
S3_60138158 3 60138158 5.91718886228252e-07
S3_60195195 3 60195195 0.000197383826402962
S3_60195213 3 60195213 0.000157331989684959
S3_60195217 3 60195217 0.000580629176646036
S3_60195218 3 60195218 0.000632311575326111
S3_60195219 3 60195219 0.000772658056296981
S3_60195221 3 60195221 0.000639268940043229
S3_60195222 3 60195222 0.000459796394747566
S3_60195223 3 60195223 0.000490426271572508
S3_60195224 3 60195224 0.000490426271572508
S3_60195225 3 60195225 0.00061375780535366
S3_60195226 3 60195226 0.000332416562566495
S3_60195228 3 60195228 0.000490426271572508
S3_60195553 3 60195553 0.000971304832264783
S3_60209506 3 60209506 0.000119513288986743
S3_60209507 3 60209507 0.000119513288986727
S3_60270956 3 60270956 1.77100928012485e-05
S3_60271355 3 60271355 0.000186459484300199
S3_60271655 3 60271655 6.9161896524831e-05
S3_60332887 3 60332887 0.000210030916772935
S3_60332889 3 60332889 0.000210030916772935
S3_60333858 3 60333858 0.000441502144095708
S3_60333881 3 60333881 0.000758922568425482
S3_60342246 3 60342246 0.000422935112376506
S3_60348112 3 60348112 0.000220232590513734
S3_60360551 3 60360551 0.000585912479547516
S3_60400954 3 60400954 0.000670757086496782
S3_60413237 3 60413237 0.000770684707634392
S3_60442863 3 60442863 0.000749414523674652
S3_60442866 3 60442866 0.000749414523674652
S3_60442882 3 60442882 0.000749414523674652
S3_60442893 3 60442893 0.000749414523674652
S3_60445378 3 60445378 0.000576776368442226
S3_60512643 3 60512643 2.6280246655118e-05
S3_60515864 3 60515864 0.00045257282067093
S3_60526871 3 60526871 4.09260082442039e-05
S3_60526913 3 60526913 0.000117485356829098
S3_60526916 3 60526916 0.000484359468069714
S3_60537782 3 60537782 6.19961166424415e-05
S3_60537785 3 60537785 6.08779580146868e-05
S3_60583188 3 60583188 0.000293650698570623
S3_60637470 3 60637470 0.000198609471125924
S3_60699499 3 60699499 0.000837982351358198
S3_60700258 3 60700258 2.16811121237616e-05
S3_60742218 3 60742218 1.63061707378278e-05
S3_60854683 3 60854683 0.000892261728546197
S3_60859348 3 60859348 5.21837858155099e-06
S3_60927276 3 60927276 0.000462372506443556
S3_60944094 3 60944094 6.85160274167277e-05
S3_60959752 3 60959752 0.000784357193369018
S3_61118153 3 61118153 0.000430901362639943
S3_61351469 3 61351469 3.82134745789792e-05
S3_61353413 3 61353413 5.76715562089687e-06
S3_61391694 3 61391694 2.92661208644751e-05
S3_61401286 3 61401286 0.000209708682863472
S3_61430296 3 61430296 0.000305623482341058
S3_61466165 3 61466165 0.000110694700214489
S3_61498915 3 61498915 0.000430909736817598
S3_61519355 3 61519355 0.000487280806006407
S3_61700484 3 61700484 6.50385909045392e-06
S3_61886181 3 61886181 5.79601841733381e-06
S3_61902811 3 61902811 0.000678505864828905
S3_61909325 3 61909325 0.000477251890783381
S3_61916696 3 61916696 0.000832371760302597
S3_61971348 3 61971348 0.000939986945289936
S3_62062150 3 62062150 0.000404946743143737
S3_62124397 3 62124397 2.84385934922275e-05
S3_62169149 3 62169149 8.26505148061217e-05
S3_62208454 3 62208454 9.69924358938046e-06
S3_62247890 3 62247890 1.07860830197845e-05
S3_62435564 3 62435564 0.000136278898230938
S3_62689756 3 62689756 0.000839560868245393
S3_62726003 3 62726003 1.11126176152121e-05
S3_63181443 3 63181443 0.000930031573413782
S3_63239058 3 63239058 9.86538590777306e-05
S3_63293991 3 63293991 5.90807922653026e-05
S3_63405174 3 63405174 0.000404846222577695
S3_63445153 3 63445153 0.000548569559177208
S3_63544952 3 63544952 0.000225193955830405
S3_63553129 3 63553129 2.67502178332026e-05
S3_63584622 3 63584622 2.92364310520209e-05
S3_63620355 3 63620355 9.1274617641134e-05
S3_63627011 3 63627011 2.37021659410589e-09
S3_63633817 3 63633817 0.000998866945064851
S3_63905297 3 63905297 0.000220973276109651
S3_63928247 3 63928247 1.63906397763602e-06
S3_63940980 3 63940980 0.000933135915967039
S3_63948975 3 63948975 5.08521052608729e-10
S3_64022470 3 64022470 0.000193220297016884
S3_64034991 3 64034991 3.06416185532736e-05
S3_64061149 3 64061149 0.00078723238701061
S3_64074480 3 64074480 0.000248370495687258
S3_64242521 3 64242521 9.8991277493489e-05
S3_64269392 3 64269392 1.04647127496072e-05
S3_64289618 3 64289618 1.49512270999513e-06
S3_64355073 3 64355073 8.43268050764523e-09
S3_64356997 3 64356997 7.53715280964858e-06
S3_64419269 3 64419269 2.38113833131343e-05
S3_64419272 3 64419272 2.38113833131343e-05
S3_64422182 3 64422182 0.000557593541800004
S3_64422418 3 64422418 0.000300292886327483
S3_64422638 3 64422638 9.74865691783005e-06
S3_64423954 3 64423954 0.000868752130274787
S3_64449625 3 64449625 9.13039777287178e-05
S3_64506295 3 64506295 0.00046727756566808
S3_64506301 3 64506301 0.00046727756566808
S3_64537680 3 64537680 1.34155478273697e-06
S3_64782194 3 64782194 4.57662106848744e-05
S3_64795685 3 64795685 0.000907229794941294
S3_64802277 3 64802277 0.0007510647738053
S3_64823106 3 64823106 0.000744261595637609
S3_64823113 3 64823113 0.000157372997838322
S3_64826033 3 64826033 3.18876459581046e-05
S3_64840332 3 64840332 8.87980254546502e-06
S3_64843387 3 64843387 0.000250507220686719
S3_64849610 3 64849610 0.000762871221764383
S3_64849632 3 64849632 4.03784318757465e-07
S3_64853242 3 64853242 0.000320300296609297
S3_64854284 3 64854284 0.000130691202360957
S3_64854331 3 64854331 0.000130691202360957
S3_64854340 3 64854340 0.000130691202360957
S3_64863087 3 64863087 0.00049756326478352
S3_64863115 3 64863115 0.00049756326478352
S3_64874457 3 64874457 1.80987460053612e-07
S3_64874580 3 64874580 1.22854574418718e-07
S3_64874613 3 64874613 1.22854574418718e-07
S3_64874614 3 64874614 1.22854574418718e-07
S3_64874622 3 64874622 4.19934449430738e-08
S3_64874831 3 64874831 3.62225734338687e-10
S3_64878416 3 64878416 1.74170938599331e-07
S3_64938045 3 64938045 0.000218526273078093
S3_64938319 3 64938319 4.29330682201101e-05
S3_64985205 3 64985205 0.000127222618515403
S3_64986035 3 64986035 0.000350445490795814
S3_64995279 3 64995279 0.000167536909394367
S3_64999653 3 64999653 7.53418936241708e-05
S3_65029171 3 65029171 4.34463365301632e-07
S3_65052997 3 65052997 4.32532045699873e-05
S3_65053001 3 65053001 4.35156972986597e-05
S3_65069443 3 65069443 9.8544770715622e-06
S3_65105254 3 65105254 9.3962842794029e-06
S3_65106670 3 65106670 8.56689291099677e-06
S3_65109780 3 65109780 1.59374892577761e-06
S3_65115075 3 65115075 0.000890385136040448
S3_65118586 3 65118586 0.000727945448552792
S3_65147632 3 65147632 0.000449313354339864
S3_65151284 3 65151284 0.000155396928623064
S3_65151287 3 65151287 8.07841489456762e-05
S3_65159559 3 65159559 0.000341866551822097
S3_65164164 3 65164164 0.000271184656277601
S3_65164842 3 65164842 0.000211361033859016
S3_65164851 3 65164851 0.000714232613527771
S3_65164882 3 65164882 0.000211361033859016
S3_65165079 3 65165079 0.000340913212161662
S3_65165102 3 65165102 0.000470686427768093
S3_65165544 3 65165544 0.000380527623463667
S3_65169505 3 65169505 0.000366534471442528
S3_65192558 3 65192558 0.000262391678422377
S3_65405691 3 65405691 8.89844405420695e-07
S3_65629411 3 65629411 0.000803330492457554
S3_65629427 3 65629427 0.000803330492457554
S3_65629429 3 65629429 0.000803330492457554
S3_65667670 3 65667670 0.000947288616559638
S3_65677516 3 65677516 0.000332725321775543
S3_65758015 3 65758015 0.00068050274108506
S3_65768047 3 65768047 0.000183643234273361
S3_65949605 3 65949605 0.000203530372061326
S3_66023179 3 66023179 0.000383684433945522
S3_66049219 3 66049219 0.000908244703185602
S3_66074400 3 66074400 5.26521035716142e-05
S3_66114932 3 66114932 0.00050052581456324
S3_66195729 3 66195729 0.000469745856028109
S3_66228572 3 66228572 0.00084314126491914
S3_66281448 3 66281448 0.000285600246190986
S3_66338080 3 66338080 0.000619633041852525
S3_66354597 3 66354597 0.000939475918122062
S3_66429063 3 66429063 0.000254270528313265
S3_66429079 3 66429079 0.000360533285547514
S3_66429099 3 66429099 0.000360533285547514
S3_66457557 3 66457557 0.000732571712774932
S3_66457562 3 66457562 0.000732571712774932
S3_66487636 3 66487636 0.000725116654774351
S3_66488176 3 66488176 0.000507926877284535
S3_66488177 3 66488177 0.000507926877284535
S3_66947352 3 66947352 0.000521490272865146
S3_67055869 3 67055869 0.000896203975492171
S3_67072234 3 67072234 0.000129457484908411
S3_67121540 3 67121540 0.000889672857379926
S3_67125854 3 67125854 0.00093770018301351
S3_67187708 3 67187708 0.000802058237686725
S3_67207923 3 67207923 6.71502664809637e-06
S3_67255477 3 67255477 0.000189195612832851
S3_67255644 3 67255644 0.000285540400634758
S3_67346249 3 67346249 0.000829739271286872
S3_67364029 3 67364029 0.000154087196919489
S3_67372699 3 67372699 9.20062746910383e-07
S3_67408587 3 67408587 0.000963169556004046
S3_67422600 3 67422600 0.000272526790726167
S3_67658940 3 67658940 0.000187882378643794
S3_67661483 3 67661483 0.000224566078052624
S3_67661505 3 67661505 0.000330958007385311
S3_67689299 3 67689299 0.000640545291736524
S3_67846604 3 67846604 2.77365564843932e-05
S3_67914030 3 67914030 2.23468163190649e-06
S3_67920808 3 67920808 2.12024999248129e-05
S3_68032871 3 68032871 0.000284236371952733
S3_68032881 3 68032881 0.000211954295502974
S3_68032907 3 68032907 0.000211954295503003
S3_68035048 3 68035048 8.10354590839617e-06
S3_68087447 3 68087447 0.00020834541493892
S3_68198605 3 68198605 0.000308410915198729
S3_68199791 3 68199791 1.01013699067041e-05
S3_68200747 3 68200747 0.000643398515315108
S3_68208389 3 68208389 0.000516763057118642
S3_68243052 3 68243052 0.00092821360421357
S3_68270711 3 68270711 3.23915918177076e-05
S3_68283443 3 68283443 0.000191600150464039
S3_68304126 3 68304126 0.000150453839369917
S3_68317674 3 68317674 0.00083305402400077
S3_68377460 3 68377460 0.00085633806174343
S3_68383551 3 68383551 0.000191902254368721
S3_68383596 3 68383596 0.000191902254368701
S3_68408831 3 68408831 2.36973482709728e-08
S3_68408851 3 68408851 1.31292774378345e-05
S3_68409539 3 68409539 1.09200503348445e-05
S3_68409551 3 68409551 1.09200503348445e-05
S3_68427680 3 68427680 2.50962120997135e-05
S3_68432434 3 68432434 2.70076893737725e-07
S3_68435572 3 68435572 1.36431497003675e-05
S3_68656845 3 68656845 1.09667112462753e-05
S3_68662458 3 68662458 6.01759275119693e-05
S3_68669713 3 68669713 0.000223339695694272
S3_68669761 3 68669761 0.000223339695694272
S3_68684657 3 68684657 8.72472004205402e-05
S3_68750537 3 68750537 0.000539536078157929
S3_68750538 3 68750538 0.000572912527351211
S3_68765841 3 68765841 0.000474134282540671
S3_68765853 3 68765853 0.000883375542285752
S3_68769169 3 68769169 0.000302869971786611
S3_68769174 3 68769174 0.000302869971786657
S3_68783220 3 68783220 2.11184484260197e-06
S3_68825329 3 68825329 0.000766316946399587
S3_68832001 3 68832001 0.000107189970729153
S3_68832041 3 68832041 2.71956048717872e-05
S3_68894231 3 68894231 0.000105959145466611
S3_68912976 3 68912976 0.000539436639555409
S3_68927447 3 68927447 0.000304152521617199
S3_68933199 3 68933199 1.43791828776765e-05
S3_68944751 3 68944751 0.000936794227457732
S3_68944752 3 68944752 0.000936794227457732
S3_68944753 3 68944753 0.000936794227457732
S3_68944756 3 68944756 0.000936794227457732
S3_68960857 3 68960857 0.000776527795563332
S3_68998257 3 68998257 0.000285090560703592
S3_68998735 3 68998735 0.000864017227027464
S3_69021622 3 69021622 0.000239391827517748
S3_69022352 3 69022352 0.000420127520165989
S3_69026433 3 69026433 0.000649134399111452
S3_69026438 3 69026438 7.00144010799979e-05
S3_69027332 3 69027332 0.000440939780713847
S3_69058853 3 69058853 0.000262653675105667
S3_69089725 3 69089725 0.000829249194611313
S3_69089743 3 69089743 0.000829249194611313
S3_69090065 3 69090065 0.000475142396759978
S3_69090089 3 69090089 0.000475142396759978
S3_69113079 3 69113079 0.000101592159151434
S3_69116142 3 69116142 2.90598353053976e-05
S3_69126194 3 69126194 0.000883320890307644
S3_69185690 3 69185690 0.000807353680845117
S3_69455073 3 69455073 0.000364164691363777
S3_69472999 3 69472999 0.000988139576104315
S3_69518431 3 69518431 0.000195680052056438
S3_69518436 3 69518436 0.000195680052056438
S3_69528126 3 69528126 0.000468347335728422
S3_69560514 3 69560514 0.00017356624854327
S3_69584993 3 69584993 0.000876804015498765
S3_69669636 3 69669636 0.000408004369137835
S3_69720811 3 69720811 1.35271928803781e-05
S3_69882982 3 69882982 0.000212177743173157
S3_69947754 3 69947754 0.000587817522267511
S3_69948528 3 69948528 2.30547899304258e-07
S3_69953992 3 69953992 6.56143466521854e-05
S3_69954120 3 69954120 1.79642538722739e-05
S3_69976035 3 69976035 0.000414982724499408
S3_70102336 3 70102336 2.52772862555638e-06
S3_70160325 3 70160325 5.27078052890766e-06
S3_70160326 3 70160326 5.17564263249603e-06
S3_70160327 3 70160327 7.68271009989206e-06
S3_70160329 3 70160329 5.27078052890766e-06
S3_70174078 3 70174078 0.000125616857810059
S3_70266790 3 70266790 0.000700056363172386
S3_70512469 3 70512469 1.38055964332773e-05
S3_70557269 3 70557269 0.000904756930344067
S3_70612427 3 70612427 0.000656374167848167
S3_70739321 3 70739321 0.000153916727440889
S3_70752525 3 70752525 0.000975616236742126
S3_70752531 3 70752531 0.000390180905483967
S3_70752534 3 70752534 0.000975616236742126
S3_70752543 3 70752543 0.000390180905483967
S3_70968939 3 70968939 0.000401523992128871
S3_70981066 3 70981066 0.00080291355312164
S3_70982829 3 70982829 0.000164899389563525
S3_70985506 3 70985506 0.000662208007260379
S3_70985602 3 70985602 0.000291389150724001
S3_71010136 3 71010136 0.000535599803842771
S3_71022503 3 71022503 0.000310833984621543
S3_71057568 3 71057568 0.000324706376379929
S3_71111234 3 71111234 0.000840237048852993
S3_71198192 3 71198192 7.86672081129566e-06
S3_71202124 3 71202124 8.86548897195336e-05
S3_71209424 3 71209424 0.000527102758688928
S3_71269307 3 71269307 0.00015643120663531
S3_71269335 3 71269335 4.59584168503479e-05
S3_71281920 3 71281920 1.36070284328648e-05
S3_71282233 3 71282233 0.000160781650264044
S3_71282239 3 71282239 0.00016078165026403
S3_71282270 3 71282270 0.000160781650264044
S3_71283813 3 71283813 3.35445176245219e-05
S3_71284158 3 71284158 0.000122207599790427
S3_71306686 3 71306686 0.000259043107217462
S3_71306699 3 71306699 0.000250449310823184
S3_71306902 3 71306902 0.000321755184627428
S3_71306909 3 71306909 0.000321755184627428
S3_71310151 3 71310151 3.43940979054643e-05
S3_71311265 3 71311265 0.000145785368105078
S3_71333484 3 71333484 0.000231882328089337
S3_71335192 3 71335192 0.000283555981925567
S3_71335204 3 71335204 0.000394879667401549
S3_71335262 3 71335262 0.000157075806318341
S3_71335472 3 71335472 3.84577983870268e-05
S3_71335503 3 71335503 3.88344754433466e-06
S3_71335510 3 71335510 7.00980645423007e-06
S3_71335718 3 71335718 0.000446749938393004
S3_71335797 3 71335797 0.000159687293143365
S3_71336356 3 71336356 0.000704526122957004
S3_71352253 3 71352253 0.000547096635988808
S3_71405561 3 71405561 0.000545991535227038
S3_71407977 3 71407977 5.65505932625233e-05
S3_71409814 3 71409814 0.000556676817437038
S3_71533508 3 71533508 0.000141307303322071
S3_71661920 3 71661920 0.000129596700556232
S3_71675107 3 71675107 0.000243853483824753
S3_71779531 3 71779531 0.000736252796805393
S3_71785619 3 71785619 0.0002411427704933
S3_71790713 3 71790713 0.000164814614386907
S3_71848171 3 71848171 0.00037395550777012
S3_71851596 3 71851596 6.9811541577245e-05
S3_71863813 3 71863813 5.03103237334278e-05
S3_71864054 3 71864054 0.000220190052883729
S3_71870573 3 71870573 4.66412871351291e-07
S3_71879388 3 71879388 9.28028530770926e-05
S3_71899761 3 71899761 5.63444314938333e-06
S3_71922016 3 71922016 4.16085151590428e-05
S3_71952360 3 71952360 4.82459845262979e-05
S3_71982948 3 71982948 0.000691739250065905
S3_71983422 3 71983422 1.17273300803611e-05
S3_72008034 3 72008034 0.000899610424982092
S3_72151816 3 72151816 0.000532083808721252
S3_72206366 3 72206366 0.000175816542610736
S3_72264015 3 72264015 6.65567390139466e-07
S3_72290955 3 72290955 0.000414555916229979
S3_72326696 3 72326696 5.03911556425272e-08
S3_72340912 3 72340912 0.000325935252413543
S3_72389448 3 72389448 0.000712328605566895
S3_72389449 3 72389449 7.72407546947598e-05
S3_72389450 3 72389450 7.72407546947598e-05
S3_72389453 3 72389453 7.19405743884206e-05
S3_72389454 3 72389454 0.000414877963329246
S3_72389455 3 72389455 7.72407546947598e-05
S3_72397252 3 72397252 3.71631994498045e-06
S3_72439365 3 72439365 0.00022060537402866
S3_72439593 3 72439593 4.68917797874574e-07
S3_72441274 3 72441274 0.000243632320894221
S3_72455068 3 72455068 0.000630859321566525
S3_72455116 3 72455116 0.000630859321566525
S3_72518280 3 72518280 0.000779374681344676
S3_72519591 3 72519591 2.56600178007531e-05
S3_72519647 3 72519647 0.000709648872762624
S3_72520274 3 72520274 0.000450953278964793
S3_72520300 3 72520300 0.000450953278964793
S3_72520310 3 72520310 0.000481135295170957
S3_72520325 3 72520325 0.000454122726655367
S3_72521915 3 72521915 1.72645628389313e-05
S3_72581383 3 72581383 6.76125217041185e-05
S3_72590162 3 72590162 7.97250447026534e-06
S3_72590671 3 72590671 0.000173652954018682
S3_72592827 3 72592827 6.21129460475164e-05
S3_72592830 3 72592830 6.21129460475164e-05
S3_72617209 3 72617209 0.000543670753637982
S3_72617640 3 72617640 0.000768740058223681
S3_72625153 3 72625153 1.21015907861502e-06
S3_72700087 3 72700087 0.000417324442298482
S3_72717363 3 72717363 2.93632871198505e-06
S3_73056450 3 73056450 2.18940930755535e-06
S3_73065437 3 73065437 0.000125826738106849
S3_73089359 3 73089359 0.000246697547988003
S3_73122431 3 73122431 0.000720198610303154
S3_73165278 3 73165278 2.08645561644208e-05
S3_73223066 3 73223066 2.57824386285346e-05
S3_73299821 3 73299821 7.82708897057652e-05
S3_73346686 3 73346686 4.87925597470606e-05
S3_73348990 3 73348990 0.000888075729538519
S3_73387483 3 73387483 7.60194239368557e-05
S3_73390206 3 73390206 0.000901569911800567
S3_73390241 3 73390241 0.000901569911800567
S3_73441882 3 73441882 0.000244328393430405
S3_73484204 3 73484204 0.000126408290907444
S3_73485052 3 73485052 0.000214067515428854
S3_73657969 3 73657969 8.31690819314782e-05
S3_73667098 3 73667098 0.000116438111710955
S3_73681299 3 73681299 0.000342620499207802
S3_73707265 3 73707265 2.26649454726515e-05
S3_73707399 3 73707399 1.8714914358795e-08
S3_73767798 3 73767798 0.000134104675024267
S3_73866579 3 73866579 0.000705812046199127
S3_73866582 3 73866582 0.000705812046199127
S3_73880773 3 73880773 0.000193931208520056
S3_73910220 3 73910220 0.000880755315157967
S3_73910221 3 73910221 0.000880755315157967
S3_73926253 3 73926253 2.44358187666606e-06
S3_73930302 3 73930302 0.000110070622242895
S3_73957205 3 73957205 4.01902009810664e-06
S3_73957231 3 73957231 0.000913482017307432
S3_73975619 3 73975619 0.000573541676585533
S3_73983728 3 73983728 1.00214867145692e-05
S3_74008894 3 74008894 0.000207362479633567
S3_74009000 3 74009000 0.000416929111708658
S3_74055197 3 74055197 0.00044115114718128
S3_74057404 3 74057404 0.000636832700708441
S3_74103271 3 74103271 8.84908595148243e-05
S3_74413809 3 74413809 1.72272297421576e-07
