Marker Chr Pos p
S3_22450 3 22450 0.00024632743921461
S3_64898 3 64898 0.000146612762326016
S3_121655 3 121655 6.21571091176559e-05
S3_297726 3 297726 0.000929862782525575
S3_309269 3 309269 3.75988218476538e-11
S3_323129 3 323129 0.00063461344956804
S3_409379 3 409379 7.50934953951535e-08
S3_504045 3 504045 1.98799771215355e-06
S3_637613 3 637613 0.000415056335276175
S3_678952 3 678952 7.84138177520521e-06
S3_689416 3 689416 1.32767717070246e-05
S3_689463 3 689463 9.6993997464958e-05
S3_689473 3 689473 9.6993997464958e-05
S3_689510 3 689510 9.69939974649352e-05
S3_700436 3 700436 5.01455146650733e-05
S3_702549 3 702549 0.00014345036122453
S3_702550 3 702550 0.00014345036122453
S3_702551 3 702551 0.00014345036122453
S3_705688 3 705688 0.00016468965064968
S3_752916 3 752916 8.76794549720702e-05
S3_766444 3 766444 0.000610495714833818
S3_915075 3 915075 7.62398351553699e-06
S3_949678 3 949678 3.18050025743593e-05
S3_1068853 3 1068853 0.000371655066038624
S3_1174092 3 1174092 0.000214732825072849
S3_1194068 3 1194068 0.000915153510026683
S3_1200995 3 1200995 0.000416456277103941
S3_1214043 3 1214043 4.25467405765433e-05
S3_1221220 3 1221220 5.1847694035799e-05
S3_1223685 3 1223685 0.000335465086719313
S3_1223715 3 1223715 0.000335465086719313
S3_1223721 3 1223721 0.000335465086719313
S3_1246237 3 1246237 0.000943572801013718
S3_1331474 3 1331474 0.00037181444158679
S3_1335227 3 1335227 0.000276771952819168
S3_1371417 3 1371417 4.25941199755501e-05
S3_1406545 3 1406545 0.000247554923289909
S3_1421760 3 1421760 0.000524649297414782
S3_1424370 3 1424370 1.32295245493023e-05
S3_1424407 3 1424407 1.11943857904609e-05
S3_1424617 3 1424617 0.000981621208965202
S3_1481133 3 1481133 3.71634091621119e-05
S3_1629182 3 1629182 0.000898074620734378
S3_1754293 3 1754293 3.40285634467206e-06
S3_1759689 3 1759689 2.18008055075446e-05
S3_1776349 3 1776349 0.000413576988471682
S3_1821407 3 1821407 0.00026445020603917
S3_1833862 3 1833862 0.000134240366676092
S3_1862401 3 1862401 0.000406864061343553
S3_1862558 3 1862558 9.15825896009828e-05
S3_1903732 3 1903732 0.000533902866889968
S3_1968371 3 1968371 0.000865319494225391
S3_1974720 3 1974720 0.000475822955622421
S3_1977930 3 1977930 7.50708535895323e-05
S3_1991446 3 1991446 0.000181745391570686
S3_1996112 3 1996112 2.63396670636414e-05
S3_2069667 3 2069667 5.87881741519612e-05
S3_2069674 3 2069674 0.000153986490678351
S3_2079251 3 2079251 2.22147593020311e-06
S3_2087194 3 2087194 1.7004752950889e-07
S3_2087212 3 2087212 4.84114096133811e-05
S3_2108804 3 2108804 0.000548990473621602
S3_2114800 3 2114800 8.00800481776885e-05
S3_2129899 3 2129899 3.27441069189414e-05
S3_2129902 3 2129902 0.000940566649581962
S3_2130018 3 2130018 2.20075233795905e-07
S3_2130212 3 2130212 5.06808996970655e-05
S3_2140542 3 2140542 0.000859465681498984
S3_2144302 3 2144302 0.000237227262746049
S3_2148641 3 2148641 1.20868053918313e-05
S3_2149044 3 2149044 0.000134950042433605
S3_2149433 3 2149433 0.000897505822866781
S3_2170847 3 2170847 1.12319988949435e-05
S3_2170849 3 2170849 1.3537015194396e-05
S3_2195049 3 2195049 0.000132929591669778
S3_2289404 3 2289404 0.000104388879777536
S3_2377716 3 2377716 0.000245090249730561
S3_2477892 3 2477892 0.000340486243356178
S3_2477912 3 2477912 0.000561144059926836
S3_2735389 3 2735389 0.00071630041745144
S3_2766716 3 2766716 0.000509197267289298
S3_2784147 3 2784147 0.000491018949956527
S3_2934171 3 2934171 0.000606411076425958
S3_2948291 3 2948291 1.75577381267165e-05
S3_2949684 3 2949684 0.000925012229857393
S3_2949702 3 2949702 0.000197861793473073
S3_2960426 3 2960426 0.000127321610129826
S3_2986079 3 2986079 0.000402255324592657
S3_2991108 3 2991108 0.00096942630632823
S3_3000919 3 3000919 0.000761143475978779
S3_3023916 3 3023916 0.0002045358601706
S3_3034129 3 3034129 0.000393877082313054
S3_3079184 3 3079184 0.000759936783159698
S3_3087591 3 3087591 0.000647873100532739
S3_3151802 3 3151802 3.50398066045407e-06
S3_3182781 3 3182781 4.75957395680062e-05
S3_3206860 3 3206860 8.13559697707248e-05
S3_3206885 3 3206885 8.13559697707248e-05
S3_3207173 3 3207173 2.70419900320359e-06
S3_3207181 3 3207181 2.70419900320359e-06
S3_3207666 3 3207666 0.000619965034718211
S3_3220118 3 3220118 1.29008096094935e-05
S3_3220120 3 3220120 1.19570488931478e-05
S3_3220122 3 3220122 0.000118335220287795
S3_3691540 3 3691540 5.32867391606336e-05
S3_3817771 3 3817771 0.000634257978126172
S3_3817801 3 3817801 0.000440786933898008
S3_3912718 3 3912718 1.98374792977659e-05
S3_3916038 3 3916038 0.000609075875074831
S3_3928308 3 3928308 0.000683980247105322
S3_3928309 3 3928309 0.000683980247105648
S3_3928351 3 3928351 0.000683980247105648
S3_3928493 3 3928493 0.000386754786357705
S3_3928653 3 3928653 0.000472906612355937
S3_3943991 3 3943991 0.000651022288087485
S3_3944005 3 3944005 0.000593973365560576
S3_3952519 3 3952519 0.000147915783278131
S3_3952525 3 3952525 0.000150481721302288
S3_3955263 3 3955263 0.00016816466478719
S3_4079377 3 4079377 9.94686477795191e-05
S3_4173234 3 4173234 0.000519928520285709
S3_4214844 3 4214844 0.000210359058278435
S3_4275911 3 4275911 0.000192946047500431
S3_4275912 3 4275912 0.000192946047500431
S3_4282698 3 4282698 0.00014098376512482
S3_4391077 3 4391077 0.00016882368753704
S3_4453535 3 4453535 0.000967991959288509
S3_4549927 3 4549927 1.96321532548692e-09
S3_4550087 3 4550087 0.000345152411495873
S3_4550317 3 4550317 3.09570322932872e-05
S3_4550336 3 4550336 3.09570322932947e-05
S3_4554925 3 4554925 0.00012354169592034
S3_4554929 3 4554929 0.00012354169592034
S3_4554958 3 4554958 0.00012354169592034
S3_4554966 3 4554966 0.00012354169592034
S3_4556560 3 4556560 0.000732055026024392
S3_4557276 3 4557276 0.000696560491948332
S3_4587199 3 4587199 0.000763483087652973
S3_4614267 3 4614267 6.20873119973552e-05
S3_4656644 3 4656644 5.28820559265198e-05
S3_4763275 3 4763275 0.000380441337472474
S3_4764972 3 4764972 0.00028458807696451
S3_4774547 3 4774547 6.36607858171044e-06
S3_4774548 3 4774548 1.48103372758335e-06
S3_4774559 3 4774559 6.36607858171044e-06
S3_4774574 3 4774574 6.36607858171044e-06
S3_5044826 3 5044826 0.000108593080377941
S3_5160208 3 5160208 3.41688743594173e-05
S3_5162459 3 5162459 0.000792842905903738
S3_5378489 3 5378489 0.00088353115877036
S3_5482060 3 5482060 0.000887416396332519
S3_5498750 3 5498750 0.000964001630286994
S3_5527903 3 5527903 0.000601710620588845
S3_5607079 3 5607079 0.000441432456219865
S3_5607086 3 5607086 0.000711924473654092
S3_5702738 3 5702738 0.00087667938397345
S3_5775916 3 5775916 2.17368932512217e-05
S3_5822691 3 5822691 0.000623935260687769
S3_6113028 3 6113028 0.000681613152710027
S3_6189621 3 6189621 2.1205727730199e-06
S3_6202723 3 6202723 0.000132774399264378
S3_6326842 3 6326842 0.00041284723739447
S3_6329007 3 6329007 5.0230255820125e-05
S3_6329039 3 6329039 1.64973097964499e-05
S3_6332760 3 6332760 0.000211819349063102
S3_6344262 3 6344262 0.000214314167222538
S3_6355887 3 6355887 0.00014577246563384
S3_6356061 3 6356061 6.54764407855523e-05
S3_6630854 3 6630854 0.000968512041511891
S3_6655018 3 6655018 0.000503567916442185
S3_6680531 3 6680531 0.00038309043329014
S3_6705731 3 6705731 8.91239205734718e-09
S3_6716895 3 6716895 0.000288450348177292
S3_6721525 3 6721525 5.50891653070456e-10
S3_6723223 3 6723223 2.96150744575743e-06
S3_6748265 3 6748265 9.15859907123153e-08
S3_6760366 3 6760366 2.86464283004384e-08
S3_6768423 3 6768423 4.83682135371936e-07
S3_6829237 3 6829237 2.57988778006001e-05
S3_6833114 3 6833114 2.05668876795015e-06
S3_6836777 3 6836777 8.34187332935447e-10
S3_6897343 3 6897343 0.000204352569450513
S3_6929457 3 6929457 0.000327373767327611
S3_6929481 3 6929481 0.000327373767327611
S3_6969103 3 6969103 0.000521378344818117
S3_7131825 3 7131825 0.00098215772862113
S3_7168700 3 7168700 0.000273557608186783
S3_7195151 3 7195151 0.000997765443171112
S3_7206896 3 7206896 1.05048585822684e-06
S3_7216488 3 7216488 0.000421220421023943
S3_7230275 3 7230275 5.63588474367381e-05
S3_7230278 3 7230278 5.63588474367471e-05
S3_7230280 3 7230280 5.63588474367381e-05
S3_7230281 3 7230281 5.63588474367471e-05
S3_7231367 3 7231367 1.95849928950701e-07
S3_7235447 3 7235447 2.21118226653591e-06
S3_7235568 3 7235568 1.33418917722344e-05
S3_7240337 3 7240337 9.6141074577602e-06
S3_7258190 3 7258190 1.37696922216777e-08
S3_7258195 3 7258195 2.96411276872794e-09
S3_7258212 3 7258212 1.33064257092824e-06
S3_7264789 3 7264789 0.000253080253314884
S3_7270990 3 7270990 6.62864513382381e-09
S3_7304823 3 7304823 4.75570153803711e-10
S3_7304845 3 7304845 4.75570153803711e-10
S3_7306886 3 7306886 0.000688118618671665
S3_7357076 3 7357076 7.88858814736121e-06
S3_7374399 3 7374399 0.000104863775099946
S3_7397685 3 7397685 3.93426825397724e-07
S3_7418643 3 7418643 0.000587070145182128
S3_7420564 3 7420564 8.70064691896738e-08
S3_7420584 3 7420584 5.01667503333458e-06
S3_7420616 3 7420616 3.76817493698255e-07
S3_7422398 3 7422398 0.000546218974015891
S3_7428979 3 7428979 0.000326120278100592
S3_7428980 3 7428980 0.000326120278100592
S3_7428982 3 7428982 0.000726453112312254
S3_7428984 3 7428984 0.000726453112312254
S3_7443255 3 7443255 0.000309581940273292
S3_7458342 3 7458342 0.000289201490305969
S3_7490968 3 7490968 0.000135759915837677
S3_7491265 3 7491265 5.31251929629898e-05
S3_7499213 3 7499213 0.000394136222561378
S3_7499215 3 7499215 0.00098808790701272
S3_7529225 3 7529225 0.000603116046846094
S3_7570849 3 7570849 0.000343662094184877
S3_7571316 3 7571316 0.000671416213265568
S3_7572623 3 7572623 7.35426105468556e-07
S3_7584459 3 7584459 0.000921775653020777
S3_7602727 3 7602727 0.000663383617889227
S3_7708155 3 7708155 3.35555264735991e-07
S3_7708168 3 7708168 3.35555264735991e-07
S3_7775524 3 7775524 9.3480322130744e-05
S3_7924891 3 7924891 0.000792720136852304
S3_7999098 3 7999098 0.000195892566816728
S3_8074776 3 8074776 0.000873257960803068
S3_8136715 3 8136715 1.46750722425259e-05
S3_8147290 3 8147290 0.000108953041027774
S3_8165113 3 8165113 0.000109601548606927
S3_8214275 3 8214275 0.000132679508935352
S3_8263715 3 8263715 0.000150758444981778
S3_8316144 3 8316144 4.97536439944941e-06
S3_8349110 3 8349110 7.66045761968929e-06
S3_8436981 3 8436981 4.09192724491129e-06
S3_8441301 3 8441301 1.07184783057111e-09
S3_8446712 3 8446712 0.000699433200456809
S3_8455936 3 8455936 2.67881671706404e-06
S3_8577212 3 8577212 0.000355935314586043
S3_8635964 3 8635964 6.9420787879371e-05
S3_8635981 3 8635981 6.9420787879371e-05
S3_8636010 3 8636010 0.00084875606765287
S3_8636052 3 8636052 0.000622899006683901
S3_8636075 3 8636075 0.000622899006683901
S3_8639223 3 8639223 0.000596925375107603
S3_8639272 3 8639272 0.00052113222794179
S3_8639906 3 8639906 0.000765006069632233
S3_8650067 3 8650067 0.000223706564073463
S3_8650111 3 8650111 0.000972608154617923
S3_8653881 3 8653881 0.000267396713732201
S3_8664408 3 8664408 0.000113791986563493
S3_8669588 3 8669588 0.000483924141066131
S3_8688325 3 8688325 0.000171118865991044
S3_8702759 3 8702759 0.000411988819302327
S3_8750578 3 8750578 0.000188021790768033
S3_8803990 3 8803990 0.00080999256165961
S3_8804006 3 8804006 0.00080999256165961
S3_8890715 3 8890715 0.000223059348660538
S3_8976434 3 8976434 0.000595318872839158
S3_8976895 3 8976895 0.000954552328946848
S3_8985061 3 8985061 0.000237997706298812
S3_8985807 3 8985807 0.000645427033421027
S3_8985821 3 8985821 0.000645427033421027
S3_8990838 3 8990838 0.000628612530266508
S3_8990879 3 8990879 0.000628612530266508
S3_8997007 3 8997007 0.000705950160940964
S3_9024407 3 9024407 0.00066228743535109
S3_9024666 3 9024666 0.000447024139723755
S3_9024671 3 9024671 0.000447024139723755
S3_9024675 3 9024675 0.000447024139723755
S3_9047965 3 9047965 0.000114496560818511
S3_9116267 3 9116267 1.6894418737096e-07
S3_9116268 3 9116268 1.68944187370934e-07
S3_9116999 3 9116999 0.000953710653017741
S3_9117023 3 9117023 0.000754822867829261
S3_9119710 3 9119710 4.13173767290711e-07
S3_9119740 3 9119740 4.13173767290711e-07
S3_9119746 3 9119746 4.13173767290711e-07
S3_9119843 3 9119843 6.20071918239425e-06
S3_9120289 3 9120289 0.000992866126870977
S3_9120817 3 9120817 4.34816808126573e-06
S3_9120818 3 9120818 4.34816808126573e-06
S3_9122961 3 9122961 0.000592121536984071
S3_9123311 3 9123311 3.74571273322634e-06
S3_9288823 3 9288823 0.000589712950794165
S3_9292355 3 9292355 0.000710332639676518
S3_9315264 3 9315264 0.00082220559201943
S3_9315785 3 9315785 6.38928567413899e-05
S3_9338050 3 9338050 0.000885908400824835
S3_9348793 3 9348793 4.92377174252709e-05
S3_9404153 3 9404153 4.43004969361513e-09
S3_9417429 3 9417429 2.54400540346436e-06
S3_9418546 3 9418546 0.000136840625102634
S3_9606335 3 9606335 0.000288111814023205
S3_9606657 3 9606657 0.000234530953276691
S3_9616146 3 9616146 0.000306017468821866
S3_9627255 3 9627255 3.01448894542691e-05
S3_9661820 3 9661820 0.000898723517863837
S3_9679127 3 9679127 6.95727280801248e-06
S3_9679475 3 9679475 1.06175959804186e-06
S3_9679494 3 9679494 1.06175959804186e-06
S3_9682480 3 9682480 0.000292307798197375
S3_9682505 3 9682505 0.000292307798197375
S3_9682529 3 9682529 0.000292307798197375
S3_9688967 3 9688967 8.1912779375221e-05
S3_9690616 3 9690616 1.32023088190013e-07
S3_9690643 3 9690643 1.32023088190024e-07
S3_9690646 3 9690646 2.91070596887642e-07
S3_9690794 3 9690794 2.14133442349518e-06
S3_9691170 3 9691170 8.81365631518708e-05
S3_9697052 3 9697052 0.000103597583227163
S3_9711806 3 9711806 0.000194411432851608
S3_9714159 3 9714159 6.85275310839889e-07
S3_9714164 3 9714164 6.85275310839889e-07
S3_9714171 3 9714171 1.70163982093313e-06
S3_9717822 3 9717822 2.77243717587236e-06
S3_9717925 3 9717925 9.88318922103195e-06
S3_9717926 3 9717926 5.36991870557747e-05
S3_9730204 3 9730204 7.45048472081547e-06
S3_9753663 3 9753663 0.000268325445413291
S3_9753902 3 9753902 3.0080202655722e-05
S3_9790488 3 9790488 5.13425559130334e-05
S3_9807766 3 9807766 1.95597523242604e-07
S3_9858014 3 9858014 1.0404469012884e-05
S3_9872485 3 9872485 0.00016191402978261
S3_9911168 3 9911168 1.65417936479017e-05
S3_9919581 3 9919581 0.000516802885751383
S3_9958532 3 9958532 7.50821909585622e-06
S3_10034537 3 10034537 0.000269699675346272
S3_10100153 3 10100153 2.43805955698062e-05
S3_10238627 3 10238627 2.69546527033411e-05
S3_10282951 3 10282951 6.98409231992721e-05
S3_10553375 3 10553375 0.000159779166379031
S3_10560784 3 10560784 0.000734022323764387
S3_10561278 3 10561278 0.000174675932712601
S3_10611214 3 10611214 0.000262013795051275
S3_10611380 3 10611380 7.26010824595625e-05
S3_10946798 3 10946798 0.000466019746439472
S3_11253041 3 11253041 0.000836512050574694
S3_11356017 3 11356017 0.00059285878143003
S3_11370822 3 11370822 8.50226174162651e-05
S3_11379434 3 11379434 0.000422390636531964
S3_11443536 3 11443536 0.000543314654211579
S3_11655840 3 11655840 0.000865471777379655
S3_11669363 3 11669363 0.000368601721447623
S3_11670190 3 11670190 0.000996362613521322
S3_11710248 3 11710248 7.99101286777338e-05
S3_11863474 3 11863474 0.000259647395610685
S3_11909431 3 11909431 1.92447934071313e-05
S3_11952031 3 11952031 0.000804189994889621
S3_11960911 3 11960911 0.000698623339290142
S3_12231335 3 12231335 0.00078392046014399
S3_12241493 3 12241493 0.000288310822097263
S3_12362535 3 12362535 0.000296291287993819
S3_12497537 3 12497537 0.000838376298889334
S3_12532635 3 12532635 0.000753757393818192
S3_12532664 3 12532664 0.000131766273748808
S3_12592185 3 12592185 2.99632817670796e-05
S3_12612505 3 12612505 0.000207043809239793
S3_12612508 3 12612508 0.000207043809239783
S3_12681790 3 12681790 0.000123955575373889
S3_12916894 3 12916894 1.68806390324886e-05
S3_12923009 3 12923009 0.000827147337792735
S3_12953920 3 12953920 6.79363407119954e-05
S3_13089030 3 13089030 0.000191600644951616
S3_13099528 3 13099528 3.48579329442563e-05
S3_13168505 3 13168505 0.000970071562050323
S3_13229977 3 13229977 4.72583143748736e-06
S3_13245832 3 13245832 0.000170898970980849
S3_13342977 3 13342977 0.000102611160676559
S3_13422997 3 13422997 0.000150000619677082
S3_13454512 3 13454512 8.59382363965148e-05
S3_13454516 3 13454516 8.59382363965148e-05
S3_13454517 3 13454517 8.59382363965148e-05
S3_13458692 3 13458692 5.7428653896278e-05
S3_13556980 3 13556980 0.000247197316039476
S3_13565544 3 13565544 1.17387230001152e-08
S3_13571275 3 13571275 7.88224917547521e-05
S3_13606257 3 13606257 0.000174792321042184
S3_13606258 3 13606258 0.000174792321042184
S3_13606259 3 13606259 0.000174792321042184
S3_13606260 3 13606260 0.000174792321042184
S3_13606261 3 13606261 0.000174792321042184
S3_13606262 3 13606262 0.000174792321042184
S3_13606263 3 13606263 0.000174792321042184
S3_13606264 3 13606264 0.000174792321042184
S3_13606265 3 13606265 0.000174792321042184
S3_13871093 3 13871093 5.17877719857081e-06
S3_13941723 3 13941723 5.75689311539192e-05
S3_13944592 3 13944592 3.09392173206527e-05
S3_13966045 3 13966045 1.09716053391998e-05
S3_13983991 3 13983991 1.77215137724996e-05
S3_14101266 3 14101266 5.17806760206167e-05
S3_14110819 3 14110819 9.02626807111242e-05
S3_14110824 3 14110824 9.02626807111242e-05
S3_14198546 3 14198546 0.000923036504970375
S3_14210421 3 14210421 1.73840713954042e-05
S3_14227259 3 14227259 0.000197312785709615
S3_14317489 3 14317489 6.9850381981289e-06
S3_14362989 3 14362989 0.000212703950310233
S3_14377491 3 14377491 0.000987171193949427
S3_14393740 3 14393740 0.000393201914774234
S3_14435997 3 14435997 0.000236221101758175
S3_14480467 3 14480467 0.000565504614241733
S3_14708928 3 14708928 0.000542246093757048
S3_14717771 3 14717771 0.000713284959983771
S3_14802895 3 14802895 0.000811320099274962
S3_14896193 3 14896193 5.66655457472455e-05
S3_14944200 3 14944200 0.000715638833117576
S3_14990569 3 14990569 0.00060769396691345
S3_15350252 3 15350252 0.000916003909900764
S3_15441785 3 15441785 1.21690871310621e-05
S3_15781291 3 15781291 3.55826006294977e-06
S3_15912400 3 15912400 4.87452238305162e-05
S3_15929746 3 15929746 9.41455470687959e-05
S3_16173253 3 16173253 0.00029774560988523
S3_16173269 3 16173269 0.000266085138439412
S3_16173315 3 16173315 0.0005713080493975
S3_16281283 3 16281283 0.000582923961252874
S3_17039686 3 17039686 0.000915901414483471
S3_17039746 3 17039746 0.000165806849938694
S3_17553417 3 17553417 0.000523312411057505
S3_17982963 3 17982963 0.000903979455186071
S3_17992930 3 17992930 0.000974989283553103
S3_18112547 3 18112547 3.68940134607812e-06
S3_18603919 3 18603919 0.000450563259847722
S3_18604005 3 18604005 0.00047941272308256
S3_18778338 3 18778338 0.000476506202481275
S3_18788412 3 18788412 0.000155900214851884
S3_19460464 3 19460464 0.000682994237181054
S3_19462985 3 19462985 7.05216802085788e-07
S3_19488965 3 19488965 0.000344769883166116
S3_19490945 3 19490945 0.000137040131245287
S3_19541419 3 19541419 0.00017625609694279
S3_19620710 3 19620710 0.000682948670700442
S3_19629155 3 19629155 2.85112147993386e-06
S3_19629159 3 19629159 2.85112147993386e-06
S3_19656835 3 19656835 2.19151346767768e-05
S3_20021007 3 20021007 0.000161533182476559
S3_20021069 3 20021069 2.40561291195327e-05
S3_20021548 3 20021548 0.000121688040600888
S3_20021837 3 20021837 8.33939824315086e-07
S3_20021867 3 20021867 0.000452034669071308
S3_20022097 3 20022097 0.00021428937726378
S3_20022707 3 20022707 0.000570114677397747
S3_20038798 3 20038798 1.30750303469391e-05
S3_20038831 3 20038831 0.000233447383904634
S3_20098324 3 20098324 0.000763954916005769
S3_20285676 3 20285676 0.000749597142548234
S3_20563681 3 20563681 9.44240497850166e-05
S3_20563712 3 20563712 9.44240497850166e-05
S3_20563734 3 20563734 0.000201063122758683
S3_20579007 3 20579007 5.39130704548711e-05
S3_20606849 3 20606849 0.000921672171362868
S3_21118764 3 21118764 0.000522141080379789
S3_23295770 3 23295770 1.63442846538284e-05
S3_24573644 3 24573644 0.000113068668923708
S3_24573649 3 24573649 0.000113068668923844
S3_26115210 3 26115210 0.000178320082555138
S3_26166501 3 26166501 9.97549313424929e-05
S3_27022848 3 27022848 6.20507606471637e-05
S3_27633391 3 27633391 0.000982855247087591
S3_27633403 3 27633403 0.000982855247087591
S3_28490247 3 28490247 0.000436354120528258
S3_31284464 3 31284464 0.000749555104640113
S3_31583043 3 31583043 7.39490103333382e-05
S3_33139431 3 33139431 4.84296598969774e-05
S3_34092062 3 34092062 4.44995793538695e-05
S3_34842440 3 34842440 0.000115743312102501
S3_37227184 3 37227184 0.000251747426548459
S3_38260137 3 38260137 4.86579391764408e-05
S3_38260244 3 38260244 8.67173725553329e-06
S3_38391570 3 38391570 0.000109377004616595
S3_39166842 3 39166842 0.000633138894792622
S3_39346452 3 39346452 0.000279492326463107
S3_41400921 3 41400921 7.41158976376392e-05
S3_41418042 3 41418042 6.45580830263278e-05
S3_41789552 3 41789552 6.40288028573042e-05
S3_41794231 3 41794231 0.000302166031683531
S3_42098252 3 42098252 0.00087261392147316
S3_42098283 3 42098283 0.000872613921472557
S3_42230033 3 42230033 7.83762423832574e-05
S3_42253006 3 42253006 0.000402881245326587
S3_42827638 3 42827638 0.00050475574318639
S3_42905229 3 42905229 0.000932347972071683
S3_43185043 3 43185043 1.59150115515655e-05
S3_43474961 3 43474961 0.000751764726843779
S3_44007223 3 44007223 0.00089806099586333
S3_44105056 3 44105056 0.000490949806065404
S3_44182310 3 44182310 7.65169953849061e-05
S3_45040462 3 45040462 0.000926344964291798
S3_45523543 3 45523543 0.000699132511267481
S3_45561864 3 45561864 0.000352314437212885
S3_45652235 3 45652235 0.000182388459373993
S3_46345690 3 46345690 0.000481289702459379
S3_47954398 3 47954398 0.000944108760913251
S3_47966468 3 47966468 0.000237497652158014
S3_47970771 3 47970771 0.000142522622697023
S3_48046867 3 48046867 0.000502981598222292
S3_48046919 3 48046919 0.000502981598222292
S3_48057706 3 48057706 0.00031654327876683
S3_48057931 3 48057931 0.000718306394669011
S3_48057958 3 48057958 0.000746876085010136
S3_48207809 3 48207809 0.000639982138859893
S3_48348961 3 48348961 0.000249497830019089
S3_48348962 3 48348962 0.000249497830019089
S3_48348998 3 48348998 0.000849076562183285
S3_48349095 3 48349095 0.000350141511699805
S3_48349096 3 48349096 0.000350141511699805
S3_48349110 3 48349110 0.000635059898460903
S3_48573203 3 48573203 0.000437073584470894
S3_48647387 3 48647387 8.0200638996452e-05
S3_48706624 3 48706624 5.49059957677395e-05
S3_48707210 3 48707210 0.000933837406234695
S3_48739040 3 48739040 0.000332472245899078
S3_48848241 3 48848241 2.5421683039897e-05
S3_48953633 3 48953633 1.53454015310077e-06
S3_49016320 3 49016320 0.000522012078925498
S3_49016322 3 49016322 0.000522012078925498
S3_49145526 3 49145526 5.0282701209837e-06
S3_49150228 3 49150228 7.64431803598889e-05
S3_49155424 3 49155424 0.000107715198357835
S3_49204839 3 49204839 8.86518059110051e-05
S3_49232686 3 49232686 0.000685081338968695
S3_49272379 3 49272379 0.000431652510089466
S3_49279865 3 49279865 1.51083186215501e-05
S3_49310907 3 49310907 3.16968771720951e-06
S3_49337696 3 49337696 0.000837039970206103
S3_49503997 3 49503997 1.0380507340658e-05
S3_49510509 3 49510509 0.00076082373266717
S3_49588239 3 49588239 0.000857903342370805
S3_49619417 3 49619417 0.000421716552512717
S3_49701572 3 49701572 0.00031797794932684
S3_49812183 3 49812183 5.16975145468984e-05
S3_49886422 3 49886422 0.000260673363455229
S3_49919843 3 49919843 2.70749086797719e-05
S3_49964445 3 49964445 0.000774477152498481
S3_49965565 3 49965565 0.000271517270852017
S3_50109240 3 50109240 4.74916434800073e-08
S3_50302689 3 50302689 0.000326097573512574
S3_50340522 3 50340522 0.000464312007773296
S3_50401525 3 50401525 1.37870270292141e-06
S3_50445662 3 50445662 7.34314848573885e-06
S3_50563131 3 50563131 0.000373456061340564
S3_50563133 3 50563133 6.1073405076058e-05
S3_50611307 3 50611307 0.000731251556557665
S3_51075932 3 51075932 0.000140983236653866
S3_51075933 3 51075933 0.000140983236653866
S3_51091732 3 51091732 6.54088815949702e-06
S3_51145140 3 51145140 0.000198663789005859
S3_51475715 3 51475715 0.000808403449551837
S3_51500169 3 51500169 0.000966075281548406
S3_51503345 3 51503345 0.000820721609841375
S3_51701701 3 51701701 0.000440745632563242
S3_51709364 3 51709364 2.4330438270756e-05
S3_51718065 3 51718065 0.000104600752298637
S3_51719176 3 51719176 0.000924468588331054
S3_51761231 3 51761231 0.000416515099212032
S3_51803308 3 51803308 4.58179330889219e-05
S3_51803313 3 51803313 4.58179330889377e-05
S3_51850147 3 51850147 5.65369273655934e-05
S3_51856176 3 51856176 3.11247406774763e-06
S3_51880445 3 51880445 0.000418602461125038
S3_51880448 3 51880448 0.000418602461125038
S3_51880452 3 51880452 0.000418602461125038
S3_51941065 3 51941065 2.69841301544726e-07
S3_51945054 3 51945054 0.000242067271917196
S3_51953756 3 51953756 0.000740003852088323
S3_52170758 3 52170758 6.44730330254877e-08
S3_52173067 3 52173067 2.00352657289806e-05
S3_52208902 3 52208902 0.000838106160443367
S3_52441169 3 52441169 0.000343975115180003
S3_52464874 3 52464874 1.14809929872636e-06
S3_52464878 3 52464878 1.14809929872593e-06
S3_52485807 3 52485807 0.000414818641922547
S3_52591435 3 52591435 0.000210530253662508
S3_52668450 3 52668450 0.000538845555044686
S3_52672389 3 52672389 0.000134436248803972
S3_52826980 3 52826980 1.1951584317067e-06
S3_52875253 3 52875253 1.26080742581704e-05
S3_53085252 3 53085252 0.000612217432202345
S3_53132108 3 53132108 0.000278123864612057
S3_53159891 3 53159891 0.000227168175286682
S3_53234549 3 53234549 1.27722016201523e-05
S3_53234550 3 53234550 1.27722016201523e-05
S3_53311787 3 53311787 0.000670345505833128
S3_53325702 3 53325702 0.000545475468531861
S3_53353492 3 53353492 3.88997461179377e-05
S3_53359615 3 53359615 0.000484633753704194
S3_53386962 3 53386962 0.000739961350884359
S3_53387910 3 53387910 1.74784369970284e-05
S3_53448054 3 53448054 0.000576692300081698
S3_53496603 3 53496603 0.000262707436604695
S3_53609707 3 53609707 0.000294248301860765
S3_53659912 3 53659912 0.000166864486194689
S3_53709605 3 53709605 0.000241164165751728
S3_53749466 3 53749466 0.000737422322013834
S3_53799960 3 53799960 0.000801573558643327
S3_54118216 3 54118216 0.000465144610676534
S3_54120008 3 54120008 0.0001656296347381
S3_54201144 3 54201144 0.00097094863781381
S3_54245329 3 54245329 4.49983752500734e-05
S3_54245539 3 54245539 0.000104404658350249
S3_54366739 3 54366739 0.000322541382097965
S3_54370908 3 54370908 9.12085093806411e-05
S3_54382615 3 54382615 0.000149913540184196
S3_54387693 3 54387693 0.000173574925112857
S3_54466474 3 54466474 0.000558873115238026
S3_54519938 3 54519938 6.51672764641925e-06
S3_54519941 3 54519941 6.51672764641925e-06
S3_54690687 3 54690687 0.000524417715515428
S3_54740059 3 54740059 0.0002883218289703
S3_54783509 3 54783509 0.000551881889548366
S3_54794662 3 54794662 0.000328018137880563
S3_54831154 3 54831154 1.85954045359198e-06
S3_54842880 3 54842880 9.51574168198782e-05
S3_54842890 3 54842890 4.71621740434963e-05
S3_54850040 3 54850040 0.000353817762609728
S3_54852301 3 54852301 0.000133345391297833
S3_54901319 3 54901319 0.000803529325807037
S3_54913033 3 54913033 2.1027738470795e-05
S3_54935461 3 54935461 3.16502874794363e-05
S3_54939635 3 54939635 0.000146245246727827
S3_54996654 3 54996654 1.66581282016397e-05
S3_55009592 3 55009592 0.000101679565620311
S3_55021595 3 55021595 0.000177497010158579
S3_55108116 3 55108116 0.000571026274731852
S3_55175742 3 55175742 0.000122821529713368
S3_55208841 3 55208841 0.000117561460886558
S3_55271274 3 55271274 0.000725075407582029
S3_55313121 3 55313121 3.1554847876519e-05
S3_55338949 3 55338949 0.00097104761991208
S3_55435619 3 55435619 0.000922548029952151
S3_55499810 3 55499810 0.000162209046202671
S3_55587442 3 55587442 4.07327460660066e-06
S3_55804749 3 55804749 0.000517705154599405
S3_56035630 3 56035630 0.000798185722893677
S3_56038846 3 56038846 0.000776692369856586
S3_56097481 3 56097481 1.29912180330861e-05
S3_56113779 3 56113779 0.00026441579214116
S3_56118278 3 56118278 3.69473313871557e-05
S3_56118287 3 56118287 3.69473313871557e-05
S3_56190899 3 56190899 2.49791629829961e-07
S3_56277919 3 56277919 7.62410688807851e-05
S3_56277942 3 56277942 7.62410688808015e-05
S3_56380524 3 56380524 0.000983499987468685
S3_56417502 3 56417502 8.90332978700709e-05
S3_56441049 3 56441049 0.000179626663673068
S3_56464625 3 56464625 0.000960412893569214
S3_56631693 3 56631693 0.000521802277911986
S3_56631702 3 56631702 0.000521802277911986
S3_56655343 3 56655343 0.000224076810377996
S3_56655474 3 56655474 0.000188045087502934
S3_56655498 3 56655498 0.000188045087502934
S3_56704304 3 56704304 0.00087367201846395
S3_56851542 3 56851542 0.000714577764114208
S3_56859026 3 56859026 0.000563596762521076
S3_56907577 3 56907577 0.000303546730873272
S3_56922321 3 56922321 0.000534938405280136
S3_56922431 3 56922431 7.58087549375009e-05
S3_56922484 3 56922484 7.58087549374773e-05
S3_56945083 3 56945083 0.000653321708889886
S3_56968234 3 56968234 0.000580736084079729
S3_56968235 3 56968235 0.000580736084079729
S3_57013835 3 57013835 2.34240735684486e-05
S3_57017364 3 57017364 0.000551243317012612
S3_57021614 3 57021614 0.000361632273057212
S3_57031404 3 57031404 6.44244895533188e-05
S3_57031407 3 57031407 6.44244895533392e-05
S3_57037092 3 57037092 2.51049844493898e-05
S3_57096052 3 57096052 7.84792766610529e-06
S3_57096116 3 57096116 8.88472026699935e-05
S3_57096117 3 57096117 2.83787260836072e-05
S3_57100870 3 57100870 4.96394034717644e-05
S3_57102166 3 57102166 3.11010185427474e-05
S3_57102437 3 57102437 0.000253134916294253
S3_57102616 3 57102616 9.02143575065196e-06
S3_57102647 3 57102647 9.02143575065196e-06
S3_57131583 3 57131583 0.00051881514302982
S3_57152920 3 57152920 1.04190234241142e-05
S3_57167518 3 57167518 4.7949335047693e-05
S3_57205751 3 57205751 0.000287844404565331
S3_57219458 3 57219458 8.91728606043214e-05
S3_57222222 3 57222222 0.000826773477696304
S3_57229341 3 57229341 6.94398064909422e-05
S3_57235840 3 57235840 7.66087890447961e-05
S3_57236163 3 57236163 4.05326805554691e-05
S3_57281975 3 57281975 9.47117145929122e-05
S3_57282013 3 57282013 1.13224793910758e-05
S3_57284817 3 57284817 0.000461155536074838
S3_57297696 3 57297696 0.000760571314534614
S3_57297697 3 57297697 0.000707725005952957
S3_57310437 3 57310437 0.00067680174989466
S3_57399210 3 57399210 0.000407862359410554
S3_57437244 3 57437244 0.000308479752594797
S3_57509838 3 57509838 0.000895643238176844
S3_57556092 3 57556092 0.000388578533344409
S3_57636882 3 57636882 6.81077415320825e-08
S3_57658682 3 57658682 6.91585568358617e-07
S3_57753833 3 57753833 0.000238570735473107
S3_57753854 3 57753854 0.000229585158951138
S3_57753860 3 57753860 0.000229585158951138
S3_57753862 3 57753862 0.000229585158951138
S3_57759816 3 57759816 0.000103485815004241
S3_57860954 3 57860954 0.000790840434259005
S3_57869088 3 57869088 0.000108908496611537
S3_57869089 3 57869089 6.41933544346883e-05
S3_57869095 3 57869095 0.0003361845200239
S3_57869106 3 57869106 8.89729962499674e-05
S3_57879634 3 57879634 0.000958810983249217
S3_57879767 3 57879767 0.00086390201203845
S3_57903390 3 57903390 9.80478727381075e-06
S3_57903417 3 57903417 0.000285914315933147
S3_57920315 3 57920315 0.000564184896220868
S3_57932242 3 57932242 2.9133720924353e-09
S3_57934480 3 57934480 0.000128282734162021
S3_57967983 3 57967983 0.000581527707233301
S3_58313463 3 58313463 5.31559067564212e-05
S3_58430910 3 58430910 0.000182003481919686
S3_58430936 3 58430936 0.000182003481919686
S3_58436313 3 58436313 0.000282746998975513
S3_58443712 3 58443712 0.000922388715508058
S3_58443718 3 58443718 0.000922388715508058
S3_58443736 3 58443736 0.000922388715508058
S3_58677566 3 58677566 0.00047469564494233
S3_58688324 3 58688324 0.000225889724171692
S3_58920175 3 58920175 0.000276167951830346
S3_58920177 3 58920177 4.50819276826582e-05
S3_58969587 3 58969587 0.000983596706521229
S3_59110134 3 59110134 0.000473766936507961
S3_59186727 3 59186727 5.36432567466269e-05
S3_59403094 3 59403094 0.000693799981802654
S3_59403095 3 59403095 0.000693799981802654
S3_59634129 3 59634129 0.000270944856816459
S3_59791572 3 59791572 1.69175372720508e-05
S3_59798115 3 59798115 0.000648714240088081
S3_59828045 3 59828045 0.000299528091878723
S3_59868540 3 59868540 0.000154580775274861
S3_59885895 3 59885895 8.85997160169055e-07
S3_59953709 3 59953709 0.000176798403959067
S3_59965036 3 59965036 0.000508768908151666
S3_59995577 3 59995577 6.98632111792465e-05
S3_59999536 3 59999536 5.35740412745838e-05
S3_59999556 3 59999556 5.35740412745838e-05
S3_60063919 3 60063919 0.000167582636511924
S3_60063920 3 60063920 0.000167582636511924
S3_60063921 3 60063921 0.000167582636511924
S3_60063922 3 60063922 0.000167582636511924
S3_60093419 3 60093419 2.93485052185543e-05
S3_60107638 3 60107638 0.000243241378795909
S3_60108033 3 60108033 0.000259992411516002
S3_60108077 3 60108077 0.000259992411516002
S3_60108078 3 60108078 0.000259992411516002
S3_60150896 3 60150896 1.07276446748295e-06
S3_60150898 3 60150898 5.05129647743205e-07
S3_60164199 3 60164199 0.000335841289232003
S3_60511546 3 60511546 0.000600700715860694
S3_60537782 3 60537782 0.000206809810633669
S3_60537785 3 60537785 0.000198550499914735
S3_60589002 3 60589002 0.00055446446620225
S3_60589007 3 60589007 0.000554464466202329
S3_60652356 3 60652356 0.000533117434214423
S3_60664405 3 60664405 0.000431477523076893
S3_60664415 3 60664415 0.000684586050739544
S3_60664449 3 60664449 0.000670393774188512
S3_60677992 3 60677992 0.0001870578877764
S3_60678812 3 60678812 0.000421702401988302
S3_60678818 3 60678818 0.000227687841518559
S3_60678839 3 60678839 0.000120097895468491
S3_60679501 3 60679501 0.000107817642899557
S3_60679503 3 60679503 0.000107817642899557
S3_60695217 3 60695217 0.000213456751160177
S3_60695218 3 60695218 0.000139069805743073
S3_60695219 3 60695219 0.000281434142554198
S3_60695220 3 60695220 0.000297322271817086
S3_60820988 3 60820988 0.000526059406967947
S3_60922223 3 60922223 0.000593078222331708
S3_60922229 3 60922229 0.000593078222331708
S3_60922260 3 60922260 0.000593078222331708
S3_61135973 3 61135973 0.000376902005970968
S3_61135977 3 61135977 0.000376902005970968
S3_61136005 3 61136005 0.000376902005970968
S3_61136205 3 61136205 0.000450401683967642
S3_61136235 3 61136235 0.000450401683967685
S3_61206313 3 61206313 4.12885715315615e-05
S3_61604522 3 61604522 6.65081316987646e-06
S3_61770587 3 61770587 1.70721800118092e-05
S3_61771745 3 61771745 1.3425462026581e-05
S3_61776052 3 61776052 0.000167500013267934
S3_61777460 3 61777460 0.000154761950072799
S3_61778971 3 61778971 0.000175955948405833
S3_61787215 3 61787215 0.000149049563882197
S3_61795896 3 61795896 2.4109951088099e-05
S3_61805555 3 61805555 1.3297506499269e-05
S3_61805556 3 61805556 1.32975064992719e-05
S3_61805666 3 61805666 0.000470278206313452
S3_61807963 3 61807963 4.34167525348628e-05
S3_61882230 3 61882230 2.38600791461378e-07
S3_61882353 3 61882353 1.62267499748012e-06
S3_61941341 3 61941341 2.02239689809218e-08
S3_61941535 3 61941535 5.39945244225766e-05
S3_61956367 3 61956367 0.00042703161611741
S3_62013244 3 62013244 2.88740350766876e-06
S3_62026846 3 62026846 0.000174454128949065
S3_62077834 3 62077834 0.00086264353268332
S3_62127027 3 62127027 0.000277272341796094
S3_62128673 3 62128673 1.05732042084545e-07
S3_62271128 3 62271128 0.000802054545915254
S3_62324305 3 62324305 0.000191905107293546
S3_62473893 3 62473893 7.78551945226784e-05
S3_62663903 3 62663903 0.000882920284790679
S3_62692200 3 62692200 2.89025197377984e-05
S3_62792855 3 62792855 7.46403679984855e-05
S3_63451726 3 63451726 0.000140382193780973
S3_63452044 3 63452044 0.000144332324552852
S3_63455375 3 63455375 0.000373115463618582
S3_63455944 3 63455944 1.82965599834157e-07
S3_63458364 3 63458364 7.86486518113192e-05
S3_63468494 3 63468494 0.000224319624389592
S3_63468716 3 63468716 0.000132108060631096
S3_63468736 3 63468736 0.000132108060631096
S3_63477727 3 63477727 0.000306862288678065
S3_63482552 3 63482552 0.000134310785695509
S3_63487966 3 63487966 0.000922286630074619
S3_63498962 3 63498962 0.000663171010611111
S3_63569807 3 63569807 0.000154957598808915
S3_63576578 3 63576578 0.000213480225833614
S3_63576579 3 63576579 0.000213480225833614
S3_63596557 3 63596557 0.000550629403685665
S3_63598534 3 63598534 6.58295772646221e-05
S3_63600723 3 63600723 6.76342671613189e-06
S3_63611714 3 63611714 8.3126313486623e-10
S3_63618466 3 63618466 8.26881056213612e-06
S3_63618472 3 63618472 8.26881056213612e-06
S3_63618497 3 63618497 6.3617044170747e-10
S3_63619962 3 63619962 0.000103681117811472
S3_63620626 3 63620626 7.74041104020929e-06
S3_63624632 3 63624632 1.51485898616249e-06
S3_63624943 3 63624943 4.30776877797072e-07
S3_63631702 3 63631702 5.31650933998033e-06
S3_63633817 3 63633817 2.53901020200148e-05
S3_63639249 3 63639249 0.000997497681065776
S3_63653000 3 63653000 2.78281278880931e-07
S3_63660565 3 63660565 1.79370822013301e-06
S3_63661803 3 63661803 8.97357222873981e-07
S3_63671137 3 63671137 0.00018814241447106
S3_63674311 3 63674311 3.5477650089058e-08
S3_63679542 3 63679542 0.000221308778974358
S3_63680796 3 63680796 2.95599309949177e-06
S3_63732043 3 63732043 5.1306138763105e-05
S3_63732825 3 63732825 0.000299824444720886
S3_63790450 3 63790450 3.58145231147376e-06
S3_63809327 3 63809327 1.28639795403783e-05
S3_63824842 3 63824842 0.000340283091066825
S3_64103332 3 64103332 0.000789057418862982
S3_64207399 3 64207399 0.000305030789333978
S3_64239050 3 64239050 3.61081878644518e-05
S3_64243056 3 64243056 2.31691992393954e-07
S3_64243200 3 64243200 4.37429050084583e-07
S3_64243203 3 64243203 4.37429050084511e-07
S3_64417296 3 64417296 5.88270679880297e-09
S3_64637711 3 64637711 1.13077608331551e-05
S3_64751123 3 64751123 5.96352938715332e-06
S3_64769947 3 64769947 3.24534160991622e-07
S3_64784990 3 64784990 0.000125193882544895
S3_64790982 3 64790982 9.69974691038915e-05
S3_64810601 3 64810601 0.000375047440330962
S3_64811041 3 64811041 1.40101190464388e-05
S3_64875386 3 64875386 5.68416797025432e-06
S3_64979930 3 64979930 1.97710677409054e-06
S3_65109618 3 65109618 0.000164947013545699
S3_65109981 3 65109981 0.000442848966799327
S3_65115010 3 65115010 0.000575258679600855
S3_65123224 3 65123224 0.000163008196328686
S3_65123252 3 65123252 0.000109958029602167
S3_65123292 3 65123292 0.000109958029602177
S3_65123303 3 65123303 0.000109958029602167
S3_65322907 3 65322907 2.64351950450971e-10
S3_65326826 3 65326826 0.000269661168109409
S3_65327674 3 65327674 3.45253790295916e-10
S3_65366693 3 65366693 0.00098351497653724
S3_65584360 3 65584360 0.000112592983399777
S3_65773756 3 65773756 3.91517451387639e-05
S3_65775145 3 65775145 0.000515961586269022
S3_65909672 3 65909672 0.000509175626635353
S3_65945557 3 65945557 5.45596779531917e-05
S3_66025041 3 66025041 3.82687381332739e-05
S3_66045612 3 66045612 0.000296601785278756
S3_66132801 3 66132801 5.93658068815512e-05
S3_66152605 3 66152605 8.22645353282125e-07
S3_66152647 3 66152647 8.22645353282125e-07
S3_66185637 3 66185637 0.000488105058258138
S3_66187893 3 66187893 0.000144442635158548
S3_66195879 3 66195879 1.03529320457498e-07
S3_66308361 3 66308361 0.000776687279183971
S3_66334251 3 66334251 1.23459794243206e-05
S3_66410681 3 66410681 4.98387095612496e-05
S3_66414896 3 66414896 0.000278302515153144
S3_66545980 3 66545980 7.9726177877297e-06
S3_66678295 3 66678295 1.68933419576833e-05
S3_66715011 3 66715011 0.000898805861093303
S3_66720623 3 66720623 2.53902291866974e-05
S3_66827715 3 66827715 0.000227173170763245
S3_67093308 3 67093308 3.71257469888006e-05
S3_67190270 3 67190270 0.000141446174231563
S3_67426101 3 67426101 6.49701352932964e-05
S3_67445480 3 67445480 5.44055204405924e-05
S3_67541415 3 67541415 3.37536051626475e-05
S3_67546367 3 67546367 0.000420697995006161
S3_67640831 3 67640831 0.000310066412403463
S3_67661483 3 67661483 0.000556872835511164
S3_67754213 3 67754213 4.0419506357118e-05
S3_67754236 3 67754236 4.04195063571685e-05
S3_67845531 3 67845531 0.000990485313614828
S3_67854104 3 67854104 7.02360366396869e-05
S3_67908372 3 67908372 2.6924607330926e-05
S3_67917503 3 67917503 0.000395973924819322
S3_68008316 3 68008316 0.000552170284712033
S3_68061307 3 68061307 0.000106166855282374
S3_68061367 3 68061367 0.000922898138350367
S3_68097907 3 68097907 0.000288203962388081
S3_68099770 3 68099770 0.000347304350539111
S3_68208389 3 68208389 0.000217691486080461
S3_68214447 3 68214447 0.000134538588490794
S3_68220361 3 68220361 0.000207669132380801
S3_68223947 3 68223947 0.000299442251183444
S3_68227165 3 68227165 0.000282447422425492
S3_68227211 3 68227211 0.000270650850127664
S3_68227212 3 68227212 0.000486346428956138
S3_68249970 3 68249970 0.00018078381219584
S3_68270711 3 68270711 0.000911255044064386
S3_68274930 3 68274930 0.00054941991581346
S3_68284411 3 68284411 0.000730732030546383
S3_68294751 3 68294751 0.000153042317989698
S3_68372589 3 68372589 1.81905379110569e-05
S3_68373058 3 68373058 0.00081893030950387
S3_68373100 3 68373100 9.81033712701414e-05
S3_68373111 3 68373111 0.000118150726721358
S3_68385518 3 68385518 0.00039389477959421
S3_68415038 3 68415038 0.000935450287593173
S3_68415210 3 68415210 0.000520452758528879
S3_68415234 3 68415234 0.000520452758528943
S3_68420922 3 68420922 0.000966823537266993
S3_68420965 3 68420965 0.000966823537266831
S3_68421716 3 68421716 0.000212889046381478
S3_68421738 3 68421738 0.000212889046381478
S3_68421757 3 68421757 0.000212889046381478
S3_68421901 3 68421901 0.000373895621610395
S3_68425462 3 68425462 0.000494744836795476
S3_68484461 3 68484461 0.000348127599044897
S3_68504306 3 68504306 1.12548066256899e-05
S3_68873744 3 68873744 0.000634744905361145
S3_68883001 3 68883001 0.000441734761339185
S3_68883338 3 68883338 0.000133697951020637
S3_68921132 3 68921132 5.11902079677376e-05
S3_69024246 3 69024246 5.35002604960318e-05
S3_69024271 3 69024271 5.16423482493591e-05
S3_69079230 3 69079230 0.000805775964395625
S3_69105075 3 69105075 0.00060502041127268
S3_69124032 3 69124032 0.000165575438756373
S3_69139159 3 69139159 0.000282478372264039
S3_69139914 3 69139914 0.000579937142617199
S3_69141509 3 69141509 3.72058960054312e-06
S3_69167363 3 69167363 0.000748129131390215
S3_69172704 3 69172704 0.000253737199428945
S3_69216527 3 69216527 8.82999417018766e-06
S3_69216543 3 69216543 6.62949637059172e-05
S3_69236498 3 69236498 4.76055143172796e-05
S3_69257872 3 69257872 2.198694857712e-05
S3_69305711 3 69305711 5.05069310900295e-05
S3_69473801 3 69473801 0.000806659774432364
S3_69473813 3 69473813 0.000746963612938586
S3_69486260 3 69486260 8.65418386357171e-05
S3_69517578 3 69517578 0.000481081771732186
S3_69585684 3 69585684 0.000152894691045497
S3_69614654 3 69614654 0.000766364874918099
S3_69651676 3 69651676 0.000261125261665515
S3_69705535 3 69705535 0.000771770074176445
S3_69724453 3 69724453 0.000230730311312865
S3_69724477 3 69724477 0.000230730311312865
S3_69739935 3 69739935 2.87974588753407e-07
S3_69739936 3 69739936 2.92431004709491e-07
S3_69739939 3 69739939 2.87974588753444e-07
S3_69739940 3 69739940 6.20427168261032e-06
S3_69748999 3 69748999 5.70275040141326e-05
S3_69777236 3 69777236 0.000356148035733167
S3_69881383 3 69881383 0.000272967627349865
S3_70000428 3 70000428 8.21952915679553e-05
S3_70000654 3 70000654 4.28237826405838e-07
S3_70000659 3 70000659 4.28237826405772e-07
S3_70000729 3 70000729 0.00033202683547039
S3_70005467 3 70005467 7.4825630614337e-06
S3_70235656 3 70235656 0.000931216672000647
S3_70294308 3 70294308 2.00883596951632e-05
S3_70294311 3 70294311 2.00883596951632e-05
S3_70294312 3 70294312 2.00883596951632e-05
S3_70316864 3 70316864 0.000692884176537771
S3_70326764 3 70326764 0.000112452200367092
S3_70406641 3 70406641 0.000237986926914555
S3_70427398 3 70427398 0.000950009818558051
S3_70492815 3 70492815 0.000565572015341888
S3_70532689 3 70532689 3.87941824466936e-07
S3_70533474 3 70533474 0.000186592584537821
S3_70538596 3 70538596 0.00038186054874657
S3_70545695 3 70545695 1.11079216625995e-05
S3_70553561 3 70553561 4.54555074072231e-05
S3_70567759 3 70567759 0.000659289075504843
S3_70577062 3 70577062 0.00035761479854966
S3_70598124 3 70598124 1.56740832068815e-05
S3_70606472 3 70606472 0.000871032094203196
S3_70607660 3 70607660 0.000871916472399885
S3_70612486 3 70612486 0.000166479030879238
S3_70612997 3 70612997 5.57121794682747e-05
S3_70620838 3 70620838 0.000741206508736903
S3_70764824 3 70764824 6.06085822781005e-05
S3_70804354 3 70804354 0.000354692982747219
S3_70816664 3 70816664 0.00043582954428137
S3_70821366 3 70821366 0.000162203998071253
S3_70831285 3 70831285 0.000283026391542397
S3_70833644 3 70833644 1.29251148702868e-05
S3_70836454 3 70836454 0.000289201459241804
S3_70854212 3 70854212 0.000511357831285855
S3_70864392 3 70864392 0.000497015822652816
S3_70946643 3 70946643 3.08979057934952e-05
S3_70980639 3 70980639 4.05647868334587e-07
S3_70983229 3 70983229 0.00012419634321014
S3_71004153 3 71004153 0.00023382807325406
S3_71004162 3 71004162 0.000556462046513158
S3_71098484 3 71098484 4.7963706748746e-05
S3_71117016 3 71117016 2.80045564422659e-05
S3_71146279 3 71146279 6.24906333996322e-05
S3_71167232 3 71167232 4.93143303366826e-06
S3_71178411 3 71178411 0.000180537155787657
S3_71226650 3 71226650 2.91745328088668e-05
S3_71320964 3 71320964 7.13873663726093e-05
S3_71326258 3 71326258 0.000170645053949444
S3_71341781 3 71341781 2.31676872819296e-05
S3_71350684 3 71350684 0.00045616603377942
S3_71799890 3 71799890 3.44083497930354e-05
S3_71922098 3 71922098 0.00057902801273846
S3_71949128 3 71949128 0.000109588915171533
S3_71950984 3 71950984 6.35011904556014e-05
S3_71952788 3 71952788 0.000740665462437433
S3_71956780 3 71956780 0.000235829987393109
S3_72010567 3 72010567 0.000581703591780296
S3_72053757 3 72053757 1.31508327302728e-06
S3_72060404 3 72060404 0.000209695369357253
S3_72060434 3 72060434 0.000793061433498543
S3_72144480 3 72144480 0.000453309877845466
S3_72197718 3 72197718 0.000823361189211362
S3_72237142 3 72237142 1.69311016095176e-07
S3_72437247 3 72437247 0.000163752230410381
S3_72449096 3 72449096 0.000163811714312005
S3_72458124 3 72458124 0.000386615926719995
S3_72458130 3 72458130 0.000284840464947688
S3_72458148 3 72458148 0.000517786289545321
S3_72560228 3 72560228 0.000780534207893857
S3_72560232 3 72560232 0.000780534207893857
S3_72560746 3 72560746 0.000997404911214958
S3_72573357 3 72573357 1.41921008662604e-05
S3_72590136 3 72590136 8.61856500069253e-05
S3_72590220 3 72590220 0.000846516353361914
S3_72590221 3 72590221 2.88272260382512e-05
S3_72609234 3 72609234 0.000782260920792124
S3_72731276 3 72731276 0.000595717733308695
S3_72741842 3 72741842 0.000571251389500601
S3_72846544 3 72846544 0.000164176293584064
S3_72878866 3 72878866 0.000312121764254878
S3_73184239 3 73184239 0.000290915273619012
S3_73190067 3 73190067 2.78028458183233e-05
S3_73300757 3 73300757 0.000295912967754245
S3_73395955 3 73395955 0.00014668411798597
S3_73473327 3 73473327 0.000518914616683385
S3_73661211 3 73661211 0.000303765563922264
S3_74088841 3 74088841 3.48806600668674e-05
S3_74104664 3 74104664 0.000920219532690558
S3_74112214 3 74112214 0.000221381441750733
S3_74122101 3 74122101 0.000221126844751147
S3_74127943 3 74127943 0.000744233523012889
