Marker Chr Pos p
S4_9370 4 9370 9.00746593060441e-05
S4_87260 4 87260 0.000121507718936475
S4_99494 4 99494 4.96851002900272e-06
S4_129712 4 129712 0.000913414426190293
S4_129959 4 129959 0.000135020083406953
S4_159123 4 159123 1.7178713610893e-05
S4_159124 4 159124 4.87934399938365e-05
S4_160477 4 160477 6.75457811927483e-05
S4_212144 4 212144 2.68437927680627e-05
S4_212145 4 212145 2.68437927680627e-05
S4_218999 4 218999 4.45803069069805e-05
S4_220760 4 220760 0.000496359303108872
S4_223857 4 223857 0.000368266884758213
S4_237622 4 237622 9.01099035160708e-05
S4_237642 4 237642 7.89362363760483e-05
S4_295567 4 295567 7.6881356964418e-07
S4_295987 4 295987 0.000370620122910999
S4_296097 4 296097 5.27135378018428e-06
S4_299662 4 299662 0.000658510267309521
S4_351585 4 351585 1.40767097938495e-06
S4_382526 4 382526 0.000800775084142948
S4_439036 4 439036 2.89008675487874e-06
S4_442556 4 442556 3.14768860734111e-07
S4_485146 4 485146 0.000389136081316652
S4_494755 4 494755 3.04168410154612e-05
S4_562793 4 562793 0.00020679026869678
S4_566866 4 566866 0.000924995399265388
S4_698927 4 698927 0.000410785845081698
S4_698986 4 698986 0.000295117204693115
S4_720242 4 720242 0.000148555046525177
S4_792720 4 792720 2.37119075496813e-05
S4_822919 4 822919 0.000164280385971998
S4_822959 4 822959 0.000164280385971998
S4_822964 4 822964 0.000164280385971998
S4_888603 4 888603 2.0962655857615e-06
S4_932454 4 932454 0.000716672679218941
S4_942115 4 942115 0.000863120513573083
S4_1007128 4 1007128 0.000630979599781783
S4_1007583 4 1007583 7.55726974264223e-08
S4_1016162 4 1016162 9.16397670498381e-05
S4_1017930 4 1017930 0.00015709792457393
S4_1017940 4 1017940 3.07776958381243e-05
S4_1026133 4 1026133 1.70518485968105e-06
S4_1061412 4 1061412 0.000486652437543315
S4_1071791 4 1071791 8.16040378391334e-07
S4_1121425 4 1121425 0.000953016758002648
S4_1121455 4 1121455 0.000953016758002648
S4_1123372 4 1123372 0.00044445384793707
S4_1123897 4 1123897 0.000438027412299663
S4_1123906 4 1123906 0.000438027412299663
S4_1144696 4 1144696 0.0002870454511568
S4_1150541 4 1150541 1.03387316474886e-05
S4_1156549 4 1156549 2.31118822364811e-07
S4_1156550 4 1156550 2.31118822364811e-07
S4_1156891 4 1156891 0.000853253412734659
S4_1162762 4 1162762 5.85786517050688e-06
S4_1163608 4 1163608 0.000423620274712737
S4_1166140 4 1166140 4.54788752839522e-05
S4_1166172 4 1166172 6.64197479273977e-08
S4_1166302 4 1166302 6.0178362215376e-05
S4_1166644 4 1166644 5.69020437602339e-07
S4_1173207 4 1173207 4.92730554959421e-05
S4_1173214 4 1173214 0.000243929986731474
S4_1173225 4 1173225 0.000898809977748882
S4_1173259 4 1173259 0.000898809977748763
S4_1173498 4 1173498 2.77403133850641e-08
S4_1173543 4 1173543 1.01641117595272e-07
S4_1191029 4 1191029 2.52406853943317e-07
S4_1209687 4 1209687 1.03863257523772e-07
S4_1269535 4 1269535 0.00014441129328546
S4_1274623 4 1274623 1.82009894829864e-05
S4_1386754 4 1386754 5.19831322885592e-09
S4_1402844 4 1402844 2.57683559569852e-05
S4_1508081 4 1508081 0.000874823440704459
S4_1601702 4 1601702 1.74867883626977e-05
S4_1601963 4 1601963 0.000371697422404667
S4_1602120 4 1602120 2.56358228739454e-05
S4_1602126 4 1602126 0.000747865568250584
S4_1620853 4 1620853 4.66400585640981e-05
S4_1626275 4 1626275 7.51658294837757e-05
S4_1627290 4 1627290 8.36464280866835e-06
S4_1631471 4 1631471 1.0761835886394e-05
S4_1633561 4 1633561 0.000135387778075731
S4_1641771 4 1641771 7.46847954929418e-06
S4_1731233 4 1731233 0.000859377336997888
S4_1731462 4 1731462 7.75643802012404e-05
S4_1741774 4 1741774 0.000501376775899173
S4_1748695 4 1748695 2.80308937875861e-05
S4_1773714 4 1773714 0.000117089045598661
S4_1800377 4 1800377 0.000111762939885091
S4_1884616 4 1884616 0.000189551862713022
S4_1893239 4 1893239 0.00027845001367818
S4_1893406 4 1893406 0.000260972661036397
S4_1920259 4 1920259 2.97815700254332e-05
S4_1920277 4 1920277 3.84342417144186e-08
S4_1955190 4 1955190 1.64397744411238e-08
S4_1984598 4 1984598 0.000159788861314279
S4_1984602 4 1984602 0.000159788861314304
S4_1984645 4 1984645 0.000159788861314304
S4_1984820 4 1984820 0.000170724587577835
S4_2070197 4 2070197 0.000341131615708057
S4_2150388 4 2150388 0.000138242734775358
S4_2150573 4 2150573 2.57457550363046e-05
S4_2152850 4 2152850 0.000635149431315539
S4_2152852 4 2152852 0.000691816321030295
S4_2152853 4 2152853 0.0006918163210304
S4_2152854 4 2152854 0.0006918163210304
S4_2152855 4 2152855 0.000691596051533602
S4_2166315 4 2166315 4.73760105290131e-05
S4_2167251 4 2167251 1.39092495758738e-05
S4_2189001 4 2189001 0.000781656143335842
S4_2189004 4 2189004 0.000781656143335842
S4_2189018 4 2189018 0.000781656143335842
S4_2214015 4 2214015 0.000682132550590858
S4_2216435 4 2216435 4.34265558434504e-05
S4_2288192 4 2288192 0.000860496712870116
S4_2314210 4 2314210 0.00023653994886766
S4_2551308 4 2551308 0.0002625030251947
S4_2689550 4 2689550 0.00055920392688685
S4_2819981 4 2819981 0.000988850982856662
S4_2820012 4 2820012 0.000988850982856662
S4_2855978 4 2855978 8.65660280882722e-05
S4_2866405 4 2866405 0.000420359640756154
S4_2866424 4 2866424 0.000705911364128492
S4_2886014 4 2886014 9.93099629758086e-06
S4_2906533 4 2906533 0.000289118003859671
S4_2913531 4 2913531 3.05642712965646e-05
S4_2913839 4 2913839 0.000480187254150527
S4_3087839 4 3087839 0.000195383600104989
S4_3127636 4 3127636 0.000170075427802511
S4_3182395 4 3182395 0.000580442374365808
S4_3182470 4 3182470 7.36794961905842e-05
S4_3182515 4 3182515 1.14896241333798e-05
S4_3192456 4 3192456 4.72148228369965e-05
S4_3192477 4 3192477 3.38763971075674e-05
S4_3200807 4 3200807 7.96537275947778e-05
S4_3206932 4 3206932 6.50263099549464e-05
S4_3225983 4 3225983 0.000665731287022214
S4_3270715 4 3270715 0.000852959734155215
S4_3311103 4 3311103 8.03087725021608e-07
S4_3311104 4 3311104 8.03087725021608e-07
S4_3315035 4 3315035 0.000383162385816782
S4_3331846 4 3331846 1.00987434761466e-06
S4_3333781 4 3333781 0.000478632933970969
S4_3375494 4 3375494 0.000813691455324758
S4_3431722 4 3431722 1.6552564639749e-05
S4_3456905 4 3456905 0.000528186927188233
S4_3469008 4 3469008 0.000225092115291876
S4_3471284 4 3471284 2.52060821178874e-05
S4_3496772 4 3496772 0.000618785017629612
S4_3520593 4 3520593 5.65039493055728e-05
S4_3653348 4 3653348 3.04380011719941e-06
S4_3653361 4 3653361 3.04380011719941e-06
S4_3653364 4 3653364 3.04380011719941e-06
S4_3653397 4 3653397 3.04380011719941e-06
S4_3653758 4 3653758 1.15888789749303e-06
S4_3654263 4 3654263 0.000342523522976587
S4_3655195 4 3655195 1.92958018130368e-05
S4_3655220 4 3655220 1.92958018130368e-05
S4_3663121 4 3663121 0.000930587237048574
S4_3667406 4 3667406 2.79143959218509e-05
S4_3668721 4 3668721 2.60311703229181e-06
S4_3671219 4 3671219 0.000596802886857237
S4_3791688 4 3791688 4.73634490796434e-05
S4_3792879 4 3792879 0.000103805822712925
S4_3813783 4 3813783 0.000370762829159864
S4_3813786 4 3813786 0.000418327997874973
S4_3834336 4 3834336 0.000357646292659866
S4_3851852 4 3851852 0.000424387274369742
S4_3869628 4 3869628 0.000653414703959265
S4_3869632 4 3869632 0.000787400645799177
S4_3909047 4 3909047 0.000371151196570036
S4_3909058 4 3909058 2.44504999230047e-05
S4_3909059 4 3909059 0.000160328616695821
S4_3909061 4 3909061 4.13892616196096e-05
S4_3909366 4 3909366 0.000310670717431473
S4_3909376 4 3909376 0.000310670717431426
S4_3909405 4 3909405 0.000310670717431426
S4_3909849 4 3909849 0.00022937915404419
S4_3956038 4 3956038 3.43612300910542e-07
S4_3956063 4 3956063 3.43612300910542e-07
S4_3956065 4 3956065 3.4361230091066e-07
S4_4082624 4 4082624 3.27354565150424e-06
S4_4120695 4 4120695 0.000609878665215728
S4_4120746 4 4120746 0.000609878665215633
S4_4120798 4 4120798 2.82262344742904e-05
S4_4129826 4 4129826 9.01275785052879e-06
S4_4133029 4 4133029 0.000319287653474515
S4_4137116 4 4137116 0.00012870925795753
S4_4156574 4 4156574 0.000140793857841532
S4_4159073 4 4159073 0.000226684956965989
S4_4205983 4 4205983 0.000175400854361334
S4_4256092 4 4256092 4.14492140581919e-05
S4_4259725 4 4259725 9.47512115981493e-05
S4_4260180 4 4260180 1.628476393121e-07
S4_4260362 4 4260362 0.00014986196418373
S4_4260752 4 4260752 7.52334911765714e-07
S4_4385113 4 4385113 9.87837559724906e-05
S4_4392584 4 4392584 0.000883042857487921
S4_4409688 4 4409688 0.000788604352894178
S4_4428921 4 4428921 5.76198829441173e-05
S4_4559771 4 4559771 3.22199389629037e-05
S4_4569528 4 4569528 0.000148673567043294
S4_4602866 4 4602866 8.2816160539369e-09
S4_4671443 4 4671443 0.000169815714915858
S4_4671766 4 4671766 8.67907508392365e-05
S4_4863168 4 4863168 3.57839678968957e-08
S4_4878014 4 4878014 6.33368233233152e-05
S4_4934873 4 4934873 0.000319946786389843
S4_4960731 4 4960731 3.41078748571764e-05
S4_4960738 4 4960738 3.41078748571764e-05
S4_4960739 4 4960739 3.41078748571764e-05
S4_5001266 4 5001266 0.000116762706783359
S4_5003086 4 5003086 6.77094925632302e-08
S4_5008759 4 5008759 0.000152658622426267
S4_5008774 4 5008774 5.15236611558481e-06
S4_5010980 4 5010980 0.000540694865262876
S4_5012559 4 5012559 0.000377952809869689
S4_5065896 4 5065896 0.000313373098254374
S4_5242510 4 5242510 3.76300315105822e-06
S4_5266981 4 5266981 0.000244510053535209
S4_5266996 4 5266996 0.000244510053535209
S4_5290808 4 5290808 0.000288170359105198
S4_5320940 4 5320940 0.000539112291208531
S4_5332137 4 5332137 0.000853946562369606
S4_5353076 4 5353076 0.000554403686847613
S4_5353469 4 5353469 0.000610378817288231
S4_5354202 4 5354202 0.000529000951046697
S4_5385705 4 5385705 0.000163778660033716
S4_5408054 4 5408054 4.97276172579514e-05
S4_5408131 4 5408131 1.16507279720811e-05
S4_5408144 4 5408144 5.19928074272937e-05
S4_5457074 4 5457074 2.09258865548141e-11
S4_5471220 4 5471220 9.49276200071429e-05
S4_5471278 4 5471278 0.000243006629768971
S4_5471296 4 5471296 6.16958771074637e-05
S4_5473838 4 5473838 7.13906437114395e-05
S4_5473842 4 5473842 7.13906437114395e-05
S4_5473848 4 5473848 0.000562833283167533
S4_5488335 4 5488335 0.000105778135674151
S4_5580190 4 5580190 2.63826080766353e-06
S4_5629891 4 5629891 1.76253944414079e-12
S4_5646585 4 5646585 2.1688397480206e-05
S4_5661333 4 5661333 6.95220774290673e-07
S4_5662759 4 5662759 6.37306601882931e-08
S4_5678928 4 5678928 0.00049618907543756
S4_5679211 4 5679211 0.000160642230209731
S4_5692259 4 5692259 0.000619515495411017
S4_5701056 4 5701056 8.24866818575523e-07
S4_5701666 4 5701666 6.68226030733062e-05
S4_5701705 4 5701705 0.000633605260089863
S4_5703547 4 5703547 1.56848253445189e-06
S4_5723712 4 5723712 6.84402518324218e-05
S4_5723722 4 5723722 6.84402518324464e-05
S4_5723735 4 5723735 6.84402518324464e-05
S4_5730455 4 5730455 0.000342660311140868
S4_5730497 4 5730497 0.00013105476280346
S4_5730498 4 5730498 0.00013105476280346
S4_5732307 4 5732307 0.0007746070064058
S4_5732325 4 5732325 0.000774607006405686
S4_5776187 4 5776187 0.000610635463738636
S4_5796319 4 5796319 3.36679660470161e-05
S4_5796728 4 5796728 6.46144709518944e-06
S4_5870079 4 5870079 0.000221563907325471
S4_5870081 4 5870081 0.000221563907325471
S4_5896377 4 5896377 0.000430647268885442
S4_5902633 4 5902633 0.000143865140610532
S4_5913659 4 5913659 0.000255420044791357
S4_5917935 4 5917935 8.76693275200863e-06
S4_5921720 4 5921720 0.000450611950150475
S4_5923638 4 5923638 0.000261040715641286
S4_5926285 4 5926285 5.04876221417968e-05
S4_5926286 4 5926286 5.04876221418025e-05
S4_5937525 4 5937525 0.000646583064975998
S4_5950355 4 5950355 0.000557708759572125
S4_5990960 4 5990960 1.25667703360361e-05
S4_6011857 4 6011857 0.000279689415605727
S4_6031512 4 6031512 0.000317747720571376
S4_6052844 4 6052844 3.42297730432515e-05
S4_6091226 4 6091226 0.000732185600575867
S4_6091240 4 6091240 0.000732185600575867
S4_6091260 4 6091260 0.000647903825221095
S4_6112324 4 6112324 0.000469463429145365
S4_6123016 4 6123016 0.0001573483092311
S4_6130999 4 6130999 0.000212712574283196
S4_6131208 4 6131208 0.00017434666348671
S4_6158151 4 6158151 9.3111971928061e-05
S4_6158170 4 6158170 8.36897921033181e-05
S4_6158173 4 6158173 2.86759818750699e-07
S4_6158189 4 6158189 0.000539111205068428
S4_6158264 4 6158264 1.40951735917853e-05
S4_6167177 4 6167177 0.000808935214252539
S4_6167182 4 6167182 0.000808935214252539
S4_6167206 4 6167206 0.000808935214252539
S4_6173291 4 6173291 3.17632105628298e-06
S4_6190364 4 6190364 5.52492500290224e-11
S4_6212286 4 6212286 0.000181205725702681
S4_6234444 4 6234444 3.20993421974616e-05
S4_6252085 4 6252085 8.37045203522933e-05
S4_6252766 4 6252766 0.000503329764479895
S4_6256228 4 6256228 2.73445127814546e-05
S4_6282595 4 6282595 0.000390129810677209
S4_6289097 4 6289097 0.000178621364243337
S4_6293700 4 6293700 4.56457188488171e-05
S4_6293722 4 6293722 2.51748513605626e-06
S4_6327432 4 6327432 4.79520090317505e-05
S4_6352106 4 6352106 9.04281003282461e-05
S4_6352120 4 6352120 6.63118007064895e-06
S4_6353115 4 6353115 0.000166540509319114
S4_6355574 4 6355574 0.00056217769587025
S4_6366935 4 6366935 0.000657936242939202
S4_6366936 4 6366936 0.000657936242939202
S4_6410827 4 6410827 0.000563364324335742
S4_6426225 4 6426225 0.000629612465295462
S4_6431626 4 6431626 0.000466066240217953
S4_6439744 4 6439744 0.000146693332533658
S4_6456850 4 6456850 0.000204198076112663
S4_6456864 4 6456864 0.000204198076112663
S4_6461043 4 6461043 0.000959988179312929
S4_6461050 4 6461050 0.000236346900419548
S4_6461574 4 6461574 0.000431045141735282
S4_6461623 4 6461623 0.000187868098748305
S4_6461794 4 6461794 9.08327537084585e-05
S4_6461797 4 6461797 9.08327537084585e-05
S4_6466704 4 6466704 0.000592983881340679
S4_6466725 4 6466725 0.000592983881340679
S4_6503009 4 6503009 0.000619924053882424
S4_6532853 4 6532853 0.000239185242356622
S4_6548122 4 6548122 0.000240134869563727
S4_6640162 4 6640162 0.000388684315214073
S4_6645501 4 6645501 0.000329503503131577
S4_6680194 4 6680194 0.000352488853498458
S4_6792456 4 6792456 0.000498262808929639
S4_6792458 4 6792458 0.000498262808929639
S4_6817869 4 6817869 0.000240950015846941
S4_6878663 4 6878663 9.64120626290989e-05
S4_6882234 4 6882234 0.000151970373925326
S4_6904748 4 6904748 0.000963074722713266
S4_6904909 4 6904909 0.000859883737554134
S4_7025439 4 7025439 0.000433074695358153
S4_7059050 4 7059050 3.14829541613241e-08
S4_7072448 4 7072448 0.000435024731587063
S4_7075309 4 7075309 0.000174835171689172
S4_7095260 4 7095260 0.000742337300972767
S4_7102233 4 7102233 4.5002946305051e-08
S4_7127186 4 7127186 0.000570166175256832
S4_7159129 4 7159129 0.000721094179194942
S4_7164572 4 7164572 2.62856176543383e-09
S4_7164684 4 7164684 6.68500063978774e-08
S4_7164700 4 7164700 6.68500063978774e-08
S4_7164833 4 7164833 0.000178056390764474
S4_7221946 4 7221946 0.000112574125445257
S4_7237267 4 7237267 6.10771004819746e-05
S4_7280475 4 7280475 2.71677196045659e-06
S4_7353175 4 7353175 0.000556421734370357
S4_7353179 4 7353179 0.000556421734370357
S4_7353180 4 7353180 9.8682980673766e-09
S4_7353183 4 7353183 0.00019269937247539
S4_7373911 4 7373911 3.51657354462006e-10
S4_7374960 4 7374960 0.000181798633089064
S4_7380355 4 7380355 2.08557333444897e-05
S4_7381362 4 7381362 0.000312319489284157
S4_7381458 4 7381458 1.66520825543077e-11
S4_7381539 4 7381539 5.46553051888132e-05
S4_7488932 4 7488932 0.000855120967535785
S4_7502090 4 7502090 0.00015385258009628
S4_7522465 4 7522465 0.000881808884096115
S4_7551473 4 7551473 7.21404746725061e-06
S4_7607192 4 7607192 4.99006112548218e-06
S4_7607230 4 7607230 4.99006112548218e-06
S4_7691017 4 7691017 0.000154520434896208
S4_7923923 4 7923923 5.08271151225007e-05
S4_7930780 4 7930780 0.00024846358108456
S4_7948951 4 7948951 0.000913222638647204
S4_7949203 4 7949203 0.000445807733785844
S4_7975692 4 7975692 0.000109634811622159
S4_7975734 4 7975734 7.78337088350656e-05
S4_7976052 4 7976052 7.23667332865288e-05
S4_8022299 4 8022299 0.000402875290201364
S4_8066083 4 8066083 5.7143351700531e-05
S4_8080434 4 8080434 7.12868146477337e-06
S4_8153019 4 8153019 6.24170602826861e-05
S4_8196989 4 8196989 3.03487108595612e-06
S4_8321444 4 8321444 0.000250993674329923
S4_8580058 4 8580058 0.000395364983133836
S4_8584712 4 8584712 0.000400944077274602
S4_8619135 4 8619135 7.16110471546381e-05
S4_8661080 4 8661080 4.11578493139694e-09
S4_8733987 4 8733987 7.35606431343707e-06
S4_8736801 4 8736801 0.000891585635653578
S4_8740965 4 8740965 0.000106396871579395
S4_8792785 4 8792785 0.000207048448010725
S4_8797148 4 8797148 1.7316263927297e-05
S4_8889185 4 8889185 0.000419255831461281
S4_8889187 4 8889187 3.21975586489416e-10
S4_8893704 4 8893704 0.00035233595267345
S4_8918767 4 8918767 0.000143255278840788
S4_8921478 4 8921478 3.4644847186114e-05
S4_8925180 4 8925180 5.76960615986172e-05
S4_8926214 4 8926214 0.000163218615846992
S4_8976518 4 8976518 0.000862102557020813
S4_8976553 4 8976553 0.000883200868417593
S4_8977978 4 8977978 0.000212829346685574
S4_9005211 4 9005211 0.000308151170069392
S4_9120694 4 9120694 1.2033150780943e-05
S4_9164771 4 9164771 0.000777436298180114
S4_9164805 4 9164805 0.000169458265871828
S4_9167332 4 9167332 0.000700129313702456
S4_9167381 4 9167381 0.000838967638117811
S4_9167384 4 9167384 0.000300867488750216
S4_9167471 4 9167471 3.51338201677851e-06
S4_9311512 4 9311512 2.04869272296975e-05
S4_9339282 4 9339282 1.30654404094783e-06
S4_9340824 4 9340824 0.000209796093747727
S4_9362419 4 9362419 1.21332626716881e-08
S4_9371322 4 9371322 1.69936312092273e-05
S4_9392755 4 9392755 1.45724261934873e-07
S4_9417171 4 9417171 6.53518109650334e-06
S4_9428653 4 9428653 0.000489847067777833
S4_9435240 4 9435240 1.80047332239194e-05
S4_9437661 4 9437661 5.90267084156379e-08
S4_9500975 4 9500975 0.000264437667197307
S4_9510694 4 9510694 3.79004395694836e-06
S4_9541630 4 9541630 0.000373056884575946
S4_9541748 4 9541748 4.97181139352334e-08
S4_9579874 4 9579874 0.000822706491897862
S4_9593037 4 9593037 1.43012838771645e-05
S4_9640968 4 9640968 4.40123974278986e-06
S4_9640973 4 9640973 4.40123974278933e-06
S4_9644507 4 9644507 0.000194456387284245
S4_9644620 4 9644620 0.00064811086438803
S4_9668009 4 9668009 6.25546803196418e-05
S4_9668493 4 9668493 0.000580745140323942
S4_9748254 4 9748254 0.000280850401047269
S4_9750593 4 9750593 2.62428252260828e-05
S4_9779080 4 9779080 3.20553794845116e-05
S4_9779830 4 9779830 0.000317755898150323
S4_9787503 4 9787503 1.20130295963391e-05
S4_9789920 4 9789920 7.17815636474314e-05
S4_9789945 4 9789945 8.37441851869802e-05
S4_9889308 4 9889308 0.000105025551799668
S4_9913841 4 9913841 7.9035297777114e-05
S4_9955357 4 9955357 0.000993314934536397
S4_10116306 4 10116306 1.65485660754528e-05
S4_10179293 4 10179293 0.000384392138274471
S4_10204286 4 10204286 0.00073697176854638
S4_10306197 4 10306197 0.000624783288355838
S4_10391304 4 10391304 2.45081501220438e-05
S4_10394755 4 10394755 0.000477949212272096
S4_10394756 4 10394756 0.000477949212272096
S4_10394782 4 10394782 0.000477949212272096
S4_10396524 4 10396524 0.000286019184104883
S4_10468683 4 10468683 0.000471112104428428
S4_10486156 4 10486156 0.000734981132778804
S4_10677557 4 10677557 0.000749194195648992
S4_10703179 4 10703179 0.000176545375084438
S4_10709768 4 10709768 0.00041583131163232
S4_10727777 4 10727777 0.00027993443412936
S4_10808614 4 10808614 0.000763004173422477
S4_10808909 4 10808909 4.83127941574198e-05
S4_11011132 4 11011132 9.0450990143751e-05
S4_11011245 4 11011245 0.000558396314512774
S4_11018606 4 11018606 6.88575580060549e-05
S4_11022669 4 11022669 0.000797276136732259
S4_11067339 4 11067339 6.25327657724452e-05
S4_11067402 4 11067402 5.95648621522878e-06
S4_11125416 4 11125416 1.02107024367931e-05
S4_11241030 4 11241030 0.000348325006886608
S4_11252160 4 11252160 6.3568050501423e-05
S4_11255638 4 11255638 4.8892222705873e-06
S4_11273894 4 11273894 0.0006734427731565
S4_11273898 4 11273898 0.0006734427731565
S4_11292819 4 11292819 0.000997126004665206
S4_11301786 4 11301786 0.000317429250411139
S4_11333960 4 11333960 2.77579356705824e-06
S4_11348122 4 11348122 0.000157888028041581
S4_11379774 4 11379774 0.000935429488255488
S4_11394816 4 11394816 0.000354849687485134
S4_11628460 4 11628460 9.7261576045605e-05
S4_11667589 4 11667589 0.000239960617348027
S4_11682848 4 11682848 0.000388538155807375
S4_11703786 4 11703786 0.000598231967506613
S4_11703815 4 11703815 0.000598231967506613
S4_11784007 4 11784007 0.000164981585908809
S4_11784008 4 11784008 0.000164981585908809
S4_11826976 4 11826976 0.000248991419886266
S4_11978571 4 11978571 7.37981427703061e-06
S4_12060302 4 12060302 0.000952996995612909
S4_12141498 4 12141498 8.56760798318227e-05
S4_12172258 4 12172258 0.00063451899274576
S4_12186491 4 12186491 0.000429949552853933
S4_12200515 4 12200515 1.82941769404619e-05
S4_12200517 4 12200517 1.37324968580895e-05
S4_12268404 4 12268404 0.00010151118704497
S4_12453107 4 12453107 5.27154035791259e-05
S4_12498080 4 12498080 0.000203621016003874
S4_12528931 4 12528931 0.000647658042521084
S4_12559437 4 12559437 0.000183515960214365
S4_13494482 4 13494482 0.000156181571239283
S4_14111605 4 14111605 1.79210100993349e-08
S4_14111630 4 14111630 2.11677917050063e-08
S4_14111649 4 14111649 1.79210100993349e-08
S4_14201931 4 14201931 0.000641275390804266
S4_14836110 4 14836110 7.83718750599565e-08
S4_14909640 4 14909640 0.000488228160119143
S4_14983308 4 14983308 0.000141937911704763
S4_15027931 4 15027931 0.000362466594270404
S4_15028018 4 15028018 0.000718297180693592
S4_15036128 4 15036128 1.47647225443816e-05
S4_15036143 4 15036143 1.47647225443816e-05
S4_15103903 4 15103903 0.000817292655697264
S4_15134827 4 15134827 4.18489106881909e-06
S4_15215148 4 15215148 0.00027482592093667
S4_15608292 4 15608292 7.96947132241913e-05
S4_15626829 4 15626829 0.000438324834878407
S4_15650989 4 15650989 0.000114349166517364
S4_15713890 4 15713890 0.00059886480478533
S4_15764995 4 15764995 0.000400409245023149
S4_15857514 4 15857514 4.11800709358761e-06
S4_15857559 4 15857559 0.00071910269151153
S4_15900588 4 15900588 0.000150511513884692
S4_15909553 4 15909553 0.000247907188265016
S4_15935256 4 15935256 0.00049017982792178
S4_15939180 4 15939180 0.000101056029798833
S4_16263677 4 16263677 0.000398587526567559
S4_16263849 4 16263849 2.69982121495379e-05
S4_16304532 4 16304532 0.000283262598662666
S4_16414599 4 16414599 0.000336726300763347
S4_16575248 4 16575248 0.000447391901802483
S4_16605439 4 16605439 0.000212687749203721
S4_16606867 4 16606867 2.64979944529736e-06
S4_16732639 4 16732639 0.000610608630270523
S4_16776068 4 16776068 2.78624034175612e-05
S4_16797166 4 16797166 0.000193400239527456
S4_16833943 4 16833943 1.021916589608e-06
S4_17031697 4 17031697 0.000477970464511274
S4_17081402 4 17081402 6.08632494187522e-05
S4_17123033 4 17123033 1.16766066737362e-06
S4_17156451 4 17156451 1.09722901249681e-06
S4_17192872 4 17192872 1.48865996571839e-05
S4_17193366 4 17193366 1.12777354592239e-05
S4_17420848 4 17420848 2.13326971142636e-06
S4_17430304 4 17430304 5.55136509960262e-06
S4_17478918 4 17478918 6.39783874479215e-05
S4_17481714 4 17481714 8.36916186288408e-06
S4_17482030 4 17482030 7.73773050521684e-06
S4_17483684 4 17483684 1.33155211537598e-05
S4_17487617 4 17487617 0.000894522299305179
S4_17543323 4 17543323 2.85512835417912e-06
S4_17596533 4 17596533 6.209074057158e-06
S4_17621675 4 17621675 6.509151307167e-05
S4_17679869 4 17679869 5.92736672679297e-07
S4_17690627 4 17690627 0.000215591728688038
S4_17877998 4 17877998 1.79863440002623e-05
S4_17898496 4 17898496 8.53854343349016e-06
S4_18072995 4 18072995 1.75647626670623e-05
S4_18134462 4 18134462 1.69603674981876e-05
S4_18134786 4 18134786 6.94622540471779e-06
S4_18153745 4 18153745 0.000304035313665708
S4_18217249 4 18217249 1.41057488243186e-05
S4_18277232 4 18277232 0.000679037554170062
S4_18277244 4 18277244 6.74156829982423e-06
S4_18345288 4 18345288 0.000111187574829388
S4_18393279 4 18393279 7.58719340711775e-05
S4_18393683 4 18393683 2.11745795862913e-05
S4_18396500 4 18396500 0.000826421747346248
S4_18405086 4 18405086 2.58508390070059e-05
S4_18453724 4 18453724 8.41079478354129e-05
S4_18625279 4 18625279 3.33190864530945e-05
S4_18712627 4 18712627 1.26252784304257e-05
S4_18775003 4 18775003 7.78005734739267e-05
S4_18820393 4 18820393 6.5890811599031e-05
S4_18834114 4 18834114 2.94224425916993e-06
S4_18916819 4 18916819 5.35842627902103e-05
S4_18984197 4 18984197 9.8196972573013e-06
S4_19051924 4 19051924 8.69548288891076e-06
S4_19060527 4 19060527 8.1976070270032e-05
S4_19117837 4 19117837 8.77398052015402e-05
S4_19122015 4 19122015 2.44883678533854e-05
S4_19132876 4 19132876 5.0566323658842e-06
S4_19142434 4 19142434 8.09149716588296e-07
S4_19142449 4 19142449 9.00210878275678e-07
S4_19143744 4 19143744 4.95632714757525e-05
S4_19279610 4 19279610 1.09342440397571e-05
S4_19392475 4 19392475 1.14171065951246e-05
S4_19393404 4 19393404 3.57523757909458e-05
S4_19435400 4 19435400 4.78213394571297e-06
S4_19482673 4 19482673 1.0706248316113e-05
S4_19564513 4 19564513 1.20940642947513e-06
S4_19564542 4 19564542 1.04678279378299e-05
S4_19572548 4 19572548 2.90249098116966e-05
S4_19572799 4 19572799 3.56206633017766e-05
S4_19595406 4 19595406 0.000271295420183266
S4_19595409 4 19595409 0.000162727097125295
S4_19715832 4 19715832 0.000194029677890423
S4_19717650 4 19717650 1.82813265356081e-05
S4_19717782 4 19717782 7.87759104436891e-06
S4_19804224 4 19804224 0.000144189018097107
S4_19804230 4 19804230 0.000144189018097107
S4_19810878 4 19810878 5.49664384613431e-05
S4_19816034 4 19816034 1.35457434099449e-05
S4_19988130 4 19988130 0.000156639808502817
S4_20027418 4 20027418 0.000234879062079241
S4_20116197 4 20116197 5.61262523016477e-05
S4_20379042 4 20379042 4.95183865008728e-05
S4_20448289 4 20448289 3.73715464319248e-05
S4_20741690 4 20741690 4.14784066913758e-06
S4_21015016 4 21015016 0.000209107563216678
S4_21129304 4 21129304 0.000256073430176354
S4_21163214 4 21163214 4.4338420097267e-06
S4_21648048 4 21648048 2.19699318483906e-05
S4_21696333 4 21696333 5.67424733215195e-06
S4_21734710 4 21734710 7.17091926324816e-05
S4_22174304 4 22174304 0.000640063791237401
S4_22224654 4 22224654 0.000396835338741188
S4_22232359 4 22232359 0.000168769716564769
S4_22756180 4 22756180 0.000187331344737749
S4_23276058 4 23276058 0.000381695643411258
S4_23528947 4 23528947 8.53399423716587e-05
S4_24157370 4 24157370 3.68502217998509e-05
S4_24217822 4 24217822 0.000244740533315109
S4_25360024 4 25360024 4.02050866487833e-05
S4_25374333 4 25374333 0.000735017724468029
S4_25840109 4 25840109 0.000225218275107174
S4_26255245 4 26255245 0.000547900723222462
S4_26295224 4 26295224 0.000885116331260363
S4_26717852 4 26717852 0.000253490590389416
S4_26761104 4 26761104 2.4041377266146e-06
S4_27139067 4 27139067 7.67172380750708e-06
S4_27679019 4 27679019 2.17810977648766e-05
S4_32359410 4 32359410 9.68608414023906e-06
S4_32989507 4 32989507 1.81146735120792e-05
S4_33024088 4 33024088 0.000182729394908886
S4_33341779 4 33341779 0.000190718132247285
S4_33341830 4 33341830 0.000190718132247285
S4_33624979 4 33624979 7.95553745357061e-05
S4_33636291 4 33636291 0.000178570317110473
S4_33636306 4 33636306 0.00017653148156728
S4_33719149 4 33719149 0.00082121796217049
S4_33865166 4 33865166 0.000463838607818996
S4_34074608 4 34074608 0.000862799656639508
S4_34468172 4 34468172 0.000841761145819099
S4_34569792 4 34569792 5.84939016815732e-05
S4_34803894 4 34803894 6.18711417212674e-05
S4_35207350 4 35207350 0.000249809244005087
S4_35220165 4 35220165 0.000841112327474599
S4_35221588 4 35221588 0.000471437178163289
S4_35221665 4 35221665 1.8186941960186e-05
S4_35221717 4 35221717 0.000336509291519994
S4_35514937 4 35514937 0.000495308963343157
S4_35537888 4 35537888 0.00069559109557734
S4_35617994 4 35617994 0.000743016115002431
S4_35818287 4 35818287 0.000206041097824306
S4_35907935 4 35907935 0.000706713044238816
S4_35996779 4 35996779 0.000814471298999347
S4_36273267 4 36273267 0.000847505201348196
S4_36497019 4 36497019 0.000194596568522873
S4_36662944 4 36662944 0.000811290938668951
S4_36662960 4 36662960 0.000238540896507387
S4_36733443 4 36733443 0.000715121054747827
S4_36831868 4 36831868 0.000972120635785095
S4_36934720 4 36934720 0.000846229453206052
S4_36974192 4 36974192 0.000213452913952091
S4_37002223 4 37002223 0.000974498546641075
S4_37085112 4 37085112 0.000801662417833196
S4_37126868 4 37126868 0.000830462877766147
S4_37252126 4 37252126 0.000443819020705022
S4_37256923 4 37256923 7.28456035099625e-05
S4_37256946 4 37256946 7.28456035099625e-05
S4_37337746 4 37337746 0.000105001193511811
S4_37362024 4 37362024 6.1892085793999e-05
S4_37494925 4 37494925 0.000334955813015353
S4_37561954 4 37561954 0.000288344484872411
S4_37598899 4 37598899 0.000751552316874809
S4_37626520 4 37626520 5.13681714470871e-05
S4_37649201 4 37649201 0.000190489009860617
S4_37679780 4 37679780 0.00060183811244527
S4_37913028 4 37913028 0.00014924924526681
S4_37944998 4 37944998 0.000611342723008629
S4_37977162 4 37977162 0.000150936306032482
S4_38167522 4 38167522 0.000316724748677307
S4_38357280 4 38357280 0.000157593697654974
S4_38361479 4 38361479 0.000289931832072399
S4_38456906 4 38456906 0.000270450541456994
S4_38723132 4 38723132 9.02902672463905e-05
S4_38765691 4 38765691 0.000112275938731909
S4_39048614 4 39048614 8.55841944764274e-05
S4_39132075 4 39132075 0.000183524306580968
S4_39326247 4 39326247 0.000841302616965433
S4_39345188 4 39345188 3.44001573626706e-05
S4_39435133 4 39435133 0.000391066287515266
S4_39467181 4 39467181 8.08503561998914e-05
S4_39518289 4 39518289 0.000291932523600698
S4_39522670 4 39522670 0.000460136689198866
S4_39604381 4 39604381 0.000321049715703732
S4_39623021 4 39623021 0.000523579399097659
S4_39637263 4 39637263 3.18518982781729e-07
S4_39691723 4 39691723 0.000389907397634493
S4_40017170 4 40017170 0.000479277499588497
S4_40017445 4 40017445 6.28075341125746e-05
S4_40017918 4 40017918 3.37220080020534e-05
S4_40066041 4 40066041 0.000126602836044196
S4_40116354 4 40116354 0.000466843317086132
S4_40137874 4 40137874 1.83437687301926e-05
S4_40173786 4 40173786 1.38565183397426e-05
S4_40267407 4 40267407 0.000457763540974849
S4_40637648 4 40637648 8.8583044150775e-06
S4_40637718 4 40637718 4.97445163549997e-06
S4_40711487 4 40711487 7.77933932087506e-06
S4_40776929 4 40776929 6.50891766667359e-05
S4_40932328 4 40932328 1.72170592780839e-06
S4_40932368 4 40932368 1.72170592780863e-06
S4_40934452 4 40934452 3.02090981083274e-06
S4_40934489 4 40934489 0.000106694573208298
S4_40934602 4 40934602 0.000963106256437239
S4_40967966 4 40967966 2.16229774605057e-05
S4_40967983 4 40967983 1.90602790030152e-05
S4_40991677 4 40991677 7.82627835832472e-05
S4_41087246 4 41087246 8.08967316163427e-06
S4_41087290 4 41087290 8.40367427372622e-06
S4_41103972 4 41103972 4.42434513534547e-05
S4_41120913 4 41120913 3.91800178427778e-06
S4_41313603 4 41313603 0.000710265345110355
S4_41313929 4 41313929 0.000133065270882423
S4_41343038 4 41343038 8.76570863684716e-05
S4_41349820 4 41349820 2.96315217417547e-06
S4_41441414 4 41441414 2.20290014073971e-05
S4_41569676 4 41569676 0.000127191725275082
S4_41637401 4 41637401 5.7814595854716e-05
S4_41638074 4 41638074 8.55579478035376e-06
S4_41925934 4 41925934 2.1258118155573e-05
S4_41935476 4 41935476 6.78841706171512e-05
S4_41937867 4 41937867 0.000112408166950287
S4_42086473 4 42086473 8.75551234065443e-06
S4_42087654 4 42087654 4.55059270380217e-05
S4_42096835 4 42096835 0.000115693073278419
S4_42096978 4 42096978 7.26018989472451e-05
S4_42153019 4 42153019 6.35780676811198e-06
S4_42153041 4 42153041 4.22389261113476e-05
S4_42153197 4 42153197 5.14029984759086e-05
S4_42172064 4 42172064 3.16035659073132e-05
S4_42269537 4 42269537 1.57981142521176e-07
S4_42354958 4 42354958 4.42641240870616e-05
S4_42399698 4 42399698 1.28199442780384e-07
S4_42399812 4 42399812 1.2023728579687e-07
S4_42432982 4 42432982 2.21666833521006e-06
S4_42434430 4 42434430 0.000132811455253461
S4_42435165 4 42435165 1.0389958138975e-07
S4_42483419 4 42483419 6.21097042961868e-05
S4_42502943 4 42502943 0.000771962132390035
S4_42617574 4 42617574 5.67462012012672e-06
S4_42617575 4 42617575 5.6746201201259e-06
S4_42633614 4 42633614 2.94027564010226e-05
S4_42633620 4 42633620 7.54697566412944e-05
S4_42642388 4 42642388 2.85342029221584e-05
S4_42688793 4 42688793 0.000133338438687542
S4_42690428 4 42690428 0.000132867541358114
S4_42705609 4 42705609 0.000452924581889929
S4_42724740 4 42724740 0.000182528225944678
S4_42748425 4 42748425 7.52210431830907e-06
S4_42774340 4 42774340 3.07390055132333e-05
S4_42847606 4 42847606 0.000935362776866615
S4_42870656 4 42870656 1.02561628473644e-07
S4_43019196 4 43019196 6.54389373131794e-06
S4_43022256 4 43022256 0.000162213410831231
S4_43030351 4 43030351 0.000406269705726242
S4_43063446 4 43063446 9.19957182483135e-05
S4_43081765 4 43081765 5.18421721929923e-05
S4_43108898 4 43108898 0.000204095813626536
S4_43129540 4 43129540 0.000337852463512262
S4_43137824 4 43137824 9.91017783767401e-05
S4_43137846 4 43137846 0.000681226514737966
S4_43138719 4 43138719 9.01753575315244e-06
S4_43138750 4 43138750 9.01753575315244e-06
S4_43149961 4 43149961 1.28394205045148e-05
S4_43149962 4 43149962 1.28394205045148e-05
S4_43279512 4 43279512 2.21419360011356e-05
S4_43286333 4 43286333 5.08292165231316e-07
S4_43286629 4 43286629 0.000562867140059461
S4_43286651 4 43286651 0.000227114864436349
S4_43416751 4 43416751 0.000142358169358302
S4_43505268 4 43505268 0.000653481941451721
S4_43505322 4 43505322 8.17335919083437e-05
S4_43505361 4 43505361 1.29460071136915e-06
S4_43510063 4 43510063 0.000142041200607965
S4_43562258 4 43562258 6.14823984641865e-05
S4_43562272 4 43562272 6.14823984641865e-05
S4_43562618 4 43562618 0.000426965468187718
S4_43564701 4 43564701 0.000624032699666662
S4_43564767 4 43564767 0.000454953067914995
S4_43603961 4 43603961 0.00021324341433638
S4_43617487 4 43617487 3.22989877234744e-07
S4_43618238 4 43618238 4.05179097864233e-05
S4_43645859 4 43645859 0.000667979584441198
S4_43645897 4 43645897 3.53752823739267e-05
S4_43646486 4 43646486 4.23568805663278e-05
S4_43811724 4 43811724 7.29455911019022e-05
S4_43811733 4 43811733 0.000728832950830888
S4_43841395 4 43841395 0.000733007747503884
S4_43857583 4 43857583 0.000210400096069715
S4_43857642 4 43857642 3.0067903954836e-05
S4_43859293 4 43859293 0.000245990783684695
S4_43897845 4 43897845 0.000295772838285484
S4_43897960 4 43897960 1.89965578180916e-05
S4_43927231 4 43927231 2.61687261813625e-07
S4_43935093 4 43935093 0.000134930466804937
S4_43943436 4 43943436 0.000727751739553911
S4_43943442 4 43943442 0.000724163942437251
S4_43998182 4 43998182 2.75408463586371e-06
S4_44064749 4 44064749 2.98907286042276e-06
S4_44146614 4 44146614 0.000806636069058153
S4_44336793 4 44336793 2.12334480824491e-05
S4_44338134 4 44338134 7.99961886074634e-05
S4_44591920 4 44591920 1.11996962202958e-05
S4_44591963 4 44591963 1.77235751859975e-06
S4_44633380 4 44633380 0.000269101895244918
S4_44734794 4 44734794 6.23697740413063e-05
S4_44806205 4 44806205 0.000120590475495705
S4_44830864 4 44830864 0.000146989988045397
S4_44865425 4 44865425 3.2115153877809e-05
S4_44894959 4 44894959 9.16225136286399e-08
S4_44916663 4 44916663 6.55163158236776e-05
S4_44981661 4 44981661 4.07621881897765e-05
S4_45078803 4 45078803 7.4306111940489e-06
S4_45079025 4 45079025 7.35947784886371e-07
S4_45115568 4 45115568 6.66300538261432e-07
S4_45133404 4 45133404 0.000104618084740717
S4_45155758 4 45155758 0.000402357924325816
S4_45155793 4 45155793 0.000402357924325816
S4_45155794 4 45155794 0.000402357924325816
S4_45191960 4 45191960 9.69363968325382e-06
S4_45230082 4 45230082 4.68703218997458e-05
S4_45240463 4 45240463 0.000923855129000685
S4_45263410 4 45263410 0.000214270703515776
S4_45272546 4 45272546 2.78049995042887e-06
S4_45285526 4 45285526 5.63612423289943e-05
S4_45286598 4 45286598 4.82597091682211e-07
S4_45355786 4 45355786 0.000616818559740682
S4_45474622 4 45474622 0.000211088730108388
S4_45474624 4 45474624 0.00067869798410974
S4_45550211 4 45550211 0.000193396102301591
S4_45550228 4 45550228 2.59492903996883e-07
S4_45689455 4 45689455 0.000796231074908424
S4_45732128 4 45732128 1.24145269077559e-06
S4_45865956 4 45865956 3.11417786636749e-08
S4_45868408 4 45868408 0.000813956854369584
S4_45868422 4 45868422 0.000813956854369584
S4_45878188 4 45878188 6.3216903161459e-07
S4_45903747 4 45903747 1.58651827058023e-08
S4_45903795 4 45903795 2.58276001147756e-05
S4_46103666 4 46103666 5.73714390685557e-05
S4_46437839 4 46437839 2.04294238853611e-05
S4_46437878 4 46437878 8.05300288779569e-06
S4_46474970 4 46474970 1.5725438368422e-06
S4_46500088 4 46500088 0.000451731020212079
S4_46565336 4 46565336 0.000734942784073065
S4_46570476 4 46570476 0.000418655664192213
S4_46618678 4 46618678 3.02329597543815e-07
S4_46664879 4 46664879 3.06639814823057e-06
S4_46664988 4 46664988 2.20846416130361e-05
S4_46677001 4 46677001 0.000184664611130044
S4_46848298 4 46848298 0.000924994534148379
S4_46848315 4 46848315 0.000924994534148379
S4_46848833 4 46848833 0.000119551581223366
S4_46912128 4 46912128 0.000966221559144914
S4_46985454 4 46985454 0.00043925704213291
S4_47056930 4 47056930 0.000285005619108153
S4_47105164 4 47105164 0.000142329761812162
S4_47105837 4 47105837 0.000566603953620219
S4_47105849 4 47105849 0.000566603953620219
S4_47117868 4 47117868 0.000628817644209629
S4_47117988 4 47117988 0.000899392895419742
S4_47118031 4 47118031 0.000528584356104016
S4_47192353 4 47192353 0.000626439835947276
S4_47293571 4 47293571 0.000710332335722331
S4_47430787 4 47430787 4.21107736593365e-05
S4_47444712 4 47444712 0.000349011337869538
S4_47456622 4 47456622 0.000980227406261842
S4_47464847 4 47464847 0.000205620124942964
S4_47745917 4 47745917 0.000555343342242708
S4_47748907 4 47748907 7.0484031449783e-05
S4_47768263 4 47768263 0.000192115812644237
S4_47768265 4 47768265 0.000258759339462355
S4_47769786 4 47769786 0.000594945633663269
S4_48022771 4 48022771 0.000315895275933661
S4_48082442 4 48082442 0.00075280309392424
S4_48138235 4 48138235 0.000486461868728363
S4_48219371 4 48219371 0.000431505888635067
S4_48281909 4 48281909 0.000252243776871764
S4_48416444 4 48416444 3.59564500657504e-06
S4_48472996 4 48472996 2.28521771498872e-06
S4_48480684 4 48480684 0.00040369139715105
S4_48496235 4 48496235 0.000375311819090421
S4_48587017 4 48587017 0.000209682437817424
S4_48666249 4 48666249 0.000923566483786466
S4_48674774 4 48674774 0.000262114128768013
S4_48686685 4 48686685 0.000751207111373371
S4_48764568 4 48764568 6.79820920962101e-05
S4_48764575 4 48764575 6.79820920962101e-05
S4_48766776 4 48766776 9.885324964115e-05
S4_48801514 4 48801514 0.000205066964240667
S4_48831163 4 48831163 0.000104512787204405
S4_48837164 4 48837164 0.000614774237793455
S4_48891783 4 48891783 0.000247573155531966
S4_48891874 4 48891874 0.000563250642055096
S4_48891927 4 48891927 0.000577180924807289
S4_48919558 4 48919558 8.86485690753116e-05
S4_48920033 4 48920033 2.90614715014607e-05
S4_48932411 4 48932411 6.1884260090245e-05
S4_49051730 4 49051730 0.000533105975843622
S4_49069586 4 49069586 0.000322091797999611
S4_49147657 4 49147657 0.0001059211047498
S4_49378958 4 49378958 0.000390904781748077
S4_49436121 4 49436121 0.000478187059859546
S4_49458230 4 49458230 5.02618461946721e-06
S4_49493973 4 49493973 0.000169892897827856
S4_49642608 4 49642608 4.58808843689337e-05
S4_49648610 4 49648610 0.000173576712989076
S4_49775595 4 49775595 0.000834651642167334
S4_49779587 4 49779587 0.000321085581953875
S4_49779588 4 49779588 0.00029914875859114
S4_49786084 4 49786084 4.40034964235574e-05
S4_49798666 4 49798666 3.79749680172004e-05
S4_49812534 4 49812534 0.000288702544876815
S4_49812819 4 49812819 0.000185330106506576
S4_49831558 4 49831558 0.000457850140049087
S4_49831560 4 49831560 0.000457850140049087
S4_49835655 4 49835655 0.000474731450962839
S4_49842658 4 49842658 0.000110636672093049
S4_49842680 4 49842680 0.000110636672093027
S4_49842688 4 49842688 0.000110636672093049
S4_49862425 4 49862425 0.000602646732055881
S4_49862427 4 49862427 0.000636711829330732
S4_49862429 4 49862429 0.000436919407007134
S4_49965697 4 49965697 0.000667989072894129
S4_50071885 4 50071885 0.000996373534739455
S4_50167453 4 50167453 0.000237766270321951
S4_50281392 4 50281392 4.16302704391441e-08
S4_50488491 4 50488491 0.000144330985955582
S4_50648555 4 50648555 4.65864511998542e-05
S4_50705492 4 50705492 7.66642958194855e-05
S4_50727251 4 50727251 1.99438568381898e-05
S4_50727261 4 50727261 0.000195827308629273
S4_50813625 4 50813625 3.09295618493587e-06
S4_50892515 4 50892515 0.000315533703666829
S4_50949664 4 50949664 3.33341452127101e-05
S4_51108589 4 51108589 1.85302087649488e-05
S4_51167357 4 51167357 0.000942627231849422
S4_51167401 4 51167401 0.000755101379319729
S4_51340946 4 51340946 0.000265276913185662
S4_51387010 4 51387010 0.000364509387847678
S4_51431527 4 51431527 7.14281946352882e-05
S4_51449124 4 51449124 2.60083898612471e-05
S4_51449127 4 51449127 2.60083898612471e-05
S4_51449130 4 51449130 2.60083898612471e-05
S4_51449132 4 51449132 2.60083898612471e-05
S4_51504681 4 51504681 7.08578449538819e-06
S4_51523433 4 51523433 0.000494987716937949
S4_51534081 4 51534081 0.000134141370385416
S4_51534099 4 51534099 9.52948816156275e-05
S4_51540605 4 51540605 0.000249473078144903
S4_51540800 4 51540800 1.282577257289e-06
S4_51545342 4 51545342 0.000246441099674623
S4_51602183 4 51602183 0.000920367345130257
S4_51681249 4 51681249 0.00041295330423905
S4_51699249 4 51699249 0.000174051771189811
S4_51710305 4 51710305 0.00060191434281049
S4_51908138 4 51908138 0.00048223546261978
S4_52075204 4 52075204 3.08077477713293e-06
S4_52120248 4 52120248 4.81921328089937e-05
S4_52120321 4 52120321 4.59544173083559e-05
S4_52173561 4 52173561 0.000895456269947628
S4_52180101 4 52180101 0.00035401380739694
S4_52191293 4 52191293 1.07001208029951e-05
S4_52191303 4 52191303 4.58143210215641e-06
S4_52215386 4 52215386 0.000354988264425866
S4_52215388 4 52215388 0.000354988264425866
S4_52216721 4 52216721 1.62142936881087e-05
S4_52217307 4 52217307 0.000264307181547227
S4_52217741 4 52217741 0.000735025325333709
S4_52217770 4 52217770 0.000735025325333709
S4_52289358 4 52289358 0.000430664358118986
S4_52355011 4 52355011 0.000446678250601666
S4_52592448 4 52592448 0.000115635091502972
S4_52592498 4 52592498 0.000115635091502972
S4_52597628 4 52597628 0.000546788712313705
S4_52597659 4 52597659 0.000620963149237971
S4_52598539 4 52598539 7.63446657865253e-05
S4_52618849 4 52618849 0.000863479190066779
S4_52618852 4 52618852 0.000863479190066779
S4_52618854 4 52618854 0.000863479190066779
S4_52662075 4 52662075 5.6342966242449e-05
S4_52706676 4 52706676 0.000389603830636314
S4_52924956 4 52924956 0.000134739418782445
S4_53002623 4 53002623 3.32489024785485e-05
S4_53002649 4 53002649 3.32489024785485e-05
S4_53002672 4 53002672 3.32489024785452e-05
S4_53002717 4 53002717 0.000207244784658797
S4_53002726 4 53002726 5.2929897450104e-05
S4_53002747 4 53002747 0.000206620584082532
S4_53003097 4 53003097 8.18629415419113e-06
S4_53008395 4 53008395 7.89254637267915e-05
S4_53040874 4 53040874 0.000342021626158519
S4_53040876 4 53040876 0.000342021626158519
S4_53040878 4 53040878 0.000342021626158519
S4_53051558 4 53051558 0.000804853441856403
S4_53051606 4 53051606 0.000307221244110344
S4_53051633 4 53051633 0.000227623584863256
S4_53065944 4 53065944 0.000321243582273834
S4_53148762 4 53148762 4.96072771434194e-05
S4_53237695 4 53237695 3.9268909910387e-06
S4_53331633 4 53331633 3.88442888071052e-06
S4_53331666 4 53331666 0.000208887721163111
S4_53331667 4 53331667 0.000208887721163087
S4_53336015 4 53336015 0.000632344476384057
S4_53379380 4 53379380 0.000654828983148555
S4_53400279 4 53400279 0.000463467145324552
S4_53401546 4 53401546 1.90637128910696e-05
S4_53402833 4 53402833 0.000258121052310079
S4_53402850 4 53402850 0.000258121052310111
S4_53402863 4 53402863 0.000694044022030513
S4_53402864 4 53402864 0.000109890341948878
S4_53402867 4 53402867 0.000258121052310111
S4_53411048 4 53411048 0.000426162491347699
S4_53424850 4 53424850 1.71381651821919e-05
S4_53497626 4 53497626 0.000409373374484154
S4_53589541 4 53589541 0.000488802703390801
S4_53591486 4 53591486 0.000281171179529497
S4_53619842 4 53619842 0.000587009773660749
S4_53659300 4 53659300 0.000648902802427906
S4_53671495 4 53671495 0.000182512914943648
S4_53811614 4 53811614 0.000427293063266132
S4_53873704 4 53873704 0.000288060463514972
S4_53876815 4 53876815 1.5582695024941e-05
S4_53939463 4 53939463 0.000310807769009667
S4_53978302 4 53978302 0.000112038795131081
S4_54019693 4 54019693 0.000491741843155651
S4_54021699 4 54021699 0.000116202439509455
S4_54030942 4 54030942 1.66076743614156e-05
S4_54074286 4 54074286 0.000931668890774738
S4_54082131 4 54082131 0.000402273119690787
S4_54117544 4 54117544 0.000120099184918695
S4_54117545 4 54117545 0.000120099184918695
S4_54117549 4 54117549 0.000615229769835427
S4_54117552 4 54117552 0.000120099184918695
S4_54117553 4 54117553 0.000120099184918695
S4_54189115 4 54189115 0.000105815970557061
S4_54189131 4 54189131 0.000105815970557077
S4_54374776 4 54374776 4.41113453011966e-05
S4_54375236 4 54375236 0.000767021812704095
S4_54382928 4 54382928 5.50723388124071e-07
S4_54397452 4 54397452 0.000491622914669125
S4_54407701 4 54407701 0.000104605911939197
S4_54410637 4 54410637 0.000401058476965354
S4_54417860 4 54417860 2.44541395788123e-05
S4_54422875 4 54422875 0.000608889087907536
S4_54550443 4 54550443 0.000411875042949274
S4_54579580 4 54579580 0.000689750258366713
S4_54616913 4 54616913 0.000397814844028768
S4_54638997 4 54638997 0.000244077636054088
S4_54745034 4 54745034 5.44248959421566e-06
S4_54779488 4 54779488 2.30557541638505e-06
S4_54786999 4 54786999 0.000298061043052432
S4_54808516 4 54808516 1.43424188321991e-06
S4_54900163 4 54900163 0.000403113825143313
S4_54975585 4 54975585 0.000242656681380217
S4_54980390 4 54980390 9.73785078100068e-06
S4_54980424 4 54980424 9.73785078100068e-06
S4_54983011 4 54983011 3.49383334648949e-05
S4_54983021 4 54983021 3.49383334648949e-05
S4_54983032 4 54983032 3.41623117449827e-05
S4_54987091 4 54987091 1.4279602717804e-06
S4_55004382 4 55004382 0.000405701972922198
S4_55017790 4 55017790 9.80922973661071e-05
S4_55062487 4 55062487 2.08802194700563e-06
S4_55072801 4 55072801 0.000190496945131292
S4_55087399 4 55087399 0.000956631790801911
S4_55090149 4 55090149 0.000223224058209162
S4_55092738 4 55092738 0.000174713881613904
S4_55092758 4 55092758 0.000633779393005647
S4_55092759 4 55092759 0.000345391193621045
S4_55103632 4 55103632 0.000602553730314515
S4_55110968 4 55110968 0.000174663843645001
S4_55143179 4 55143179 0.000197696699449273
S4_55202634 4 55202634 0.000227285172398235
S4_55212803 4 55212803 0.000352000714962955
S4_55219292 4 55219292 0.000386128905832373
S4_55269698 4 55269698 0.000494649514490856
S4_55284559 4 55284559 0.000454035013778988
S4_55360589 4 55360589 0.000586475229590539
S4_55463334 4 55463334 0.000815863444647878
S4_55474122 4 55474122 9.74621777807997e-05
S4_55474495 4 55474495 0.00019905196204756
S4_55477059 4 55477059 0.000928606897640407
S4_55483821 4 55483821 0.000772059950842547
S4_55505196 4 55505196 0.000414423385228032
S4_55544608 4 55544608 6.84369482101884e-05
S4_55545480 4 55545480 0.00012402184779503
S4_55701100 4 55701100 5.27160747731252e-05
S4_55701364 4 55701364 0.000793730403771567
S4_55717890 4 55717890 0.00091653003993535
S4_55734102 4 55734102 2.80787298716923e-05
S4_55752659 4 55752659 0.00078978015652727
S4_55870557 4 55870557 5.23192146493133e-05
S4_55890731 4 55890731 0.000174106878543584
S4_55987331 4 55987331 9.14892779972435e-05
S4_56027117 4 56027117 0.000575623358080402
S4_56059547 4 56059547 0.000649891918013257
S4_56105112 4 56105112 0.000144200585449671
S4_56105397 4 56105397 0.000455172738813441
S4_56141593 4 56141593 0.000709312575261746
S4_56148944 4 56148944 0.000901649859915969
S4_56166466 4 56166466 9.61921205696434e-05
S4_56166488 4 56166488 0.000807743148017171
S4_56169871 4 56169871 0.000559140363046757
S4_56169958 4 56169958 0.000799586319691231
S4_56170016 4 56170016 0.000785007484275317
S4_56188481 4 56188481 8.88695427758123e-05
S4_56200445 4 56200445 3.66160799180459e-05
S4_56273954 4 56273954 9.5789398539376e-05
S4_56287086 4 56287086 0.000386071230961761
S4_56315508 4 56315508 0.000285716708958008
S4_56323904 4 56323904 3.56182391587212e-05
S4_56323916 4 56323916 3.56182391587212e-05
S4_56323941 4 56323941 3.56182391587212e-05
S4_56325625 4 56325625 0.00040235912952708
S4_56325695 4 56325695 0.000827087958132012
S4_56327971 4 56327971 0.000347154651273057
S4_56327989 4 56327989 6.74491221031381e-05
S4_56337469 4 56337469 0.000328413681883414
S4_56368284 4 56368284 5.28941851175866e-05
S4_56453136 4 56453136 4.02342414526722e-05
S4_56491096 4 56491096 0.00020020757169501
S4_56496956 4 56496956 0.000386573031015596
S4_56502860 4 56502860 0.000585350509576579
S4_56513918 4 56513918 1.85454059553382e-05
S4_56515286 4 56515286 1.54389465062716e-05
S4_56535074 4 56535074 0.000566584219279076
S4_56636487 4 56636487 0.000365877640646739
S4_56983925 4 56983925 0.000169131875720351
S4_56984414 4 56984414 0.000104691283803548
S4_57006369 4 57006369 0.000571680764048882
S4_57010174 4 57010174 0.000673415167724605
S4_57010710 4 57010710 6.1682510664871e-05
S4_57041354 4 57041354 0.000477508339822238
S4_57326730 4 57326730 0.000118230235741328
S4_57417759 4 57417759 3.24775648339769e-05
S4_57444817 4 57444817 0.000647487965850062
S4_57543660 4 57543660 0.000228915164523817
S4_57549889 4 57549889 3.47494081620654e-06
S4_57558803 4 57558803 3.01361881349122e-05
S4_57558804 4 57558804 3.01361881349122e-05
S4_57566408 4 57566408 1.78838995879955e-06
S4_57571164 4 57571164 1.51419729356434e-05
S4_57576831 4 57576831 0.000523968482420281
S4_57593706 4 57593706 0.000251426444402266
S4_57593743 4 57593743 0.000251426444402266
S4_57665599 4 57665599 3.65967572425606e-05
S4_57795752 4 57795752 0.000400740457260055
S4_57852421 4 57852421 0.000144707553761612
S4_57892337 4 57892337 0.000342330149118848
S4_57973673 4 57973673 4.37477601552056e-06
S4_58011165 4 58011165 2.56242059248278e-05
S4_58171619 4 58171619 4.3483801764615e-05
S4_58187312 4 58187312 0.000231967689341822
S4_58248634 4 58248634 5.80859090169122e-05
S4_58284870 4 58284870 0.000389568800819895
S4_58373276 4 58373276 7.78765138007667e-05
S4_58472358 4 58472358 5.32347806559982e-05
S4_58496768 4 58496768 0.000368045988183416
S4_58587317 4 58587317 0.000474518347183722
S4_58597482 4 58597482 0.000501512631530947
S4_58630278 4 58630278 0.000842288551248797
S4_58631186 4 58631186 0.000367420874755426
S4_58631231 4 58631231 0.000191152755354645
S4_58631241 4 58631241 0.000218430340095685
S4_58632066 4 58632066 0.000706654380849791
S4_58715861 4 58715861 0.000349821739347941
S4_58749111 4 58749111 7.74205333360893e-05
S4_58883662 4 58883662 0.00028787653175519
S4_58886187 4 58886187 0.000654776305073356
S4_58929529 4 58929529 5.25889443276923e-07
S4_58929587 4 58929587 0.000106066822732693
S4_58933888 4 58933888 0.000344774832075086
S4_58953328 4 58953328 0.00030470475715981
S4_58999684 4 58999684 3.18857642236021e-05
S4_58999890 4 58999890 0.00023445557831059
S4_59053653 4 59053653 0.000113353784568613
S4_59070783 4 59070783 0.000264831484593031
S4_59070803 4 59070803 0.000264831484593031
S4_59248479 4 59248479 0.000504920690482315
S4_59384172 4 59384172 5.95522877986994e-05
S4_59389156 4 59389156 0.000620270037857756
S4_59389176 4 59389176 0.000620270037857756
S4_59390093 4 59390093 0.0005313605096901
S4_59391745 4 59391745 0.000868219534280699
S4_59417734 4 59417734 5.2365165276357e-05
S4_59418554 4 59418554 0.000139130345186992
S4_59420671 4 59420671 0.000969229394655
S4_59428149 4 59428149 0.000709936930424454
S4_59428203 4 59428203 0.000709936930424454
S4_59469059 4 59469059 3.03945842695245e-05
S4_59479194 4 59479194 0.000107691151218478
S4_59494496 4 59494496 0.00068559811025624
S4_59528365 4 59528365 0.000241616670649234
S4_59534075 4 59534075 0.000262401288122748
S4_59584327 4 59584327 0.000432324133043032
S4_59584335 4 59584335 0.000185477448065626
S4_59587911 4 59587911 0.000297818630401768
S4_59709951 4 59709951 0.00032227500350714
S4_59776646 4 59776646 0.000240936917685791
S4_59788203 4 59788203 0.000467424802394365
S4_59794345 4 59794345 0.000265456486620243
S4_59796153 4 59796153 0.000546964682478574
S4_60008588 4 60008588 0.000969753753264228
S4_60016846 4 60016846 0.000798563056987893
S4_60018872 4 60018872 0.000261760683628817
S4_60020875 4 60020875 0.00097261125643119
S4_60026205 4 60026205 0.000482747396844613
S4_60032108 4 60032108 4.29677204659659e-05
S4_60065793 4 60065793 1.26016854430332e-06
S4_60066602 4 60066602 4.1996276256549e-05
S4_60066604 4 60066604 4.1996276256549e-05
S4_60066605 4 60066605 4.1996276256549e-05
S4_60066610 4 60066610 4.1996276256549e-05
S4_60068295 4 60068295 0.00011631380856189
S4_60069352 4 60069352 4.84747777288409e-05
S4_60077678 4 60077678 0.000753205801051092
S4_60097244 4 60097244 0.000635922588281036
S4_60109274 4 60109274 0.000256451933314664
S4_60116424 4 60116424 2.91596240691145e-06
S4_60118192 4 60118192 1.81469865133848e-05
S4_60152680 4 60152680 3.67467682667035e-05
S4_60156175 4 60156175 0.000312809185593919
S4_60160328 4 60160328 0.000464973538209355
S4_60160358 4 60160358 0.000459184345710364
S4_60160885 4 60160885 0.00077828125753862
S4_60205129 4 60205129 0.000426663854388687
S4_60357132 4 60357132 3.96375639725828e-05
S4_60361131 4 60361131 0.000683724154474921
S4_60361154 4 60361154 0.000683724154474869
S4_60361169 4 60361169 0.000683724154474869
S4_60409187 4 60409187 0.00021650369413977
S4_60410310 4 60410310 0.000594327902148737
S4_60415054 4 60415054 0.000895367903198027
S4_60421252 4 60421252 3.68896737959476e-05
S4_60430201 4 60430201 5.12733130006024e-06
S4_60431920 4 60431920 6.44108588896633e-05
S4_60438767 4 60438767 0.000130209818006645
S4_60474529 4 60474529 0.000266352067582088
S4_60513362 4 60513362 0.000845202364415378
S4_60551445 4 60551445 0.000112129834396269
S4_60553104 4 60553104 0.000453881753418919
S4_60555151 4 60555151 0.000180599374154571
S4_60555182 4 60555182 0.000386264408493983
S4_60591460 4 60591460 1.05809297024812e-05
S4_60691815 4 60691815 0.000702446130492801
S4_60708735 4 60708735 0.000710395516211374
S4_60751838 4 60751838 0.000170795069805962
S4_60766943 4 60766943 1.68275652174244e-05
S4_60798291 4 60798291 0.000739293083638924
S4_60883402 4 60883402 0.000302381743478001
S4_60883411 4 60883411 0.000272753068241802
S4_60883430 4 60883430 0.000660577096432805
S4_60885432 4 60885432 0.00077142510811229
S4_60983145 4 60983145 0.000705624857959761
S4_60983163 4 60983163 0.000763930678629364
S4_60983743 4 60983743 0.000197101722817775
S4_61049671 4 61049671 4.94461045208028e-06
S4_61049675 4 61049675 4.94461045207702e-06
S4_61049685 4 61049685 4.94461045208028e-06
S4_61100590 4 61100590 7.3212315810241e-06
S4_61170147 4 61170147 0.000777989555991206
S4_61305147 4 61305147 0.000348398990717651
S4_61323868 4 61323868 0.000558427922661607
S4_61398392 4 61398392 7.04301177290054e-05
S4_61481119 4 61481119 0.000124707622481128
S4_61526930 4 61526930 0.000807804279352431
S4_61578889 4 61578889 0.000892957533249094
S4_61591820 4 61591820 0.00036767957199715
S4_61620615 4 61620615 4.52526975994256e-07
S4_61645121 4 61645121 8.72240017319502e-05
S4_61660086 4 61660086 0.000182989404917651
S4_61700194 4 61700194 0.000136874102003287
S4_61756780 4 61756780 4.05802106793449e-05
S4_61789488 4 61789488 0.000301733929703919
S4_61800014 4 61800014 6.19579639355672e-05
S4_61813176 4 61813176 3.49138125578943e-05
S4_61853833 4 61853833 2.75009773589899e-05
S4_61874198 4 61874198 0.000584117852844128
S4_61907418 4 61907418 1.5631271894875e-05
S4_61907470 4 61907470 8.64355826395622e-05
S4_61953365 4 61953365 0.000436810551812585
S4_61999985 4 61999985 0.000619504620058272
S4_62046479 4 62046479 0.000169767727108226
S4_62046480 4 62046480 0.000169767727108226
S4_62046481 4 62046481 0.000169767727108226
S4_62047686 4 62047686 2.93872553471292e-07
S4_62073178 4 62073178 0.000187626608033169
S4_62192128 4 62192128 0.000801594516918153
S4_62200355 4 62200355 0.00032151686472063
S4_62266972 4 62266972 0.000334847384151174
S4_62352486 4 62352486 1.0281092062053e-05
S4_62352490 4 62352490 7.75622052298398e-05
S4_62556932 4 62556932 5.0577028710211e-05
S4_62725229 4 62725229 0.00079870850681124
S4_62725230 4 62725230 0.00079870850681124
S4_62725231 4 62725231 0.000798708506811347
S4_62800715 4 62800715 0.000330474112820217
S4_62800722 4 62800722 0.000204646591354044
S4_62801603 4 62801603 0.000931991246851877
S4_62801780 4 62801780 7.67797434560786e-05
S4_62861126 4 62861126 0.00073988614349805
S4_62878198 4 62878198 0.000257356641531392
S4_62900210 4 62900210 0.000183829590564966
S4_62966727 4 62966727 9.41959202837862e-05
S4_63064357 4 63064357 5.25928465126582e-06
S4_63064358 4 63064358 5.25928465126582e-06
S4_63064381 4 63064381 5.25928465126582e-06
S4_63071049 4 63071049 3.90307093417353e-06
S4_63177120 4 63177120 0.000119157959996773
S4_63452180 4 63452180 0.000632237825475224
S4_63458620 4 63458620 3.70849993703207e-05
S4_63465724 4 63465724 0.000968335623361368
S4_63493756 4 63493756 4.9166642032776e-05
S4_63634896 4 63634896 8.10362139475969e-06
S4_63634907 4 63634907 8.10362139476222e-06
S4_63701082 4 63701082 5.25374116356161e-05
S4_63725441 4 63725441 0.000285554979033399
S4_63771032 4 63771032 0.000748647517886445
S4_63771036 4 63771036 0.000747723052012881
S4_63827875 4 63827875 3.35642124484043e-05
S4_64084030 4 64084030 0.000161236220503142
S4_64195338 4 64195338 0.000780253269275465
S4_64420615 4 64420615 0.00059202899209786
S4_64518393 4 64518393 0.000696102365375
S4_64547608 4 64547608 0.0006628473649074
S4_64552950 4 64552950 2.39283645190762e-06
S4_64574871 4 64574871 0.00011893696777146
S4_64832027 4 64832027 0.000743759113738178
S4_64832028 4 64832028 0.000743759113738178
S4_64832038 4 64832038 0.000743759113738178
S4_64832081 4 64832081 0.000743759113738034
S4_64846455 4 64846455 4.15607045208135e-05
S4_64853835 4 64853835 0.000958768234562901
S4_64881785 4 64881785 0.000381613083337489
S4_64883080 4 64883080 0.000157649707312612
S4_64883081 4 64883081 0.000707597565409665
S4_64915250 4 64915250 0.000290535929595475
S4_64919774 4 64919774 7.29642147971332e-05
S4_64921336 4 64921336 0.000714322641901941
S4_64943853 4 64943853 0.000559561020470223
S4_64943872 4 64943872 0.000909629324622452
S4_64951573 4 64951573 0.000834129184615638
S4_64956647 4 64956647 0.000148057472726305
S4_64956702 4 64956702 0.000148057472726305
S4_64964668 4 64964668 0.000275913645706955
S4_65118059 4 65118059 0.000119578321354434
S4_65118080 4 65118080 4.77538469274694e-06
S4_65130514 4 65130514 0.000682951081759019
S4_65154600 4 65154600 6.31555987800554e-05
S4_65167827 4 65167827 0.000686608931791618
S4_65176337 4 65176337 9.65276940255899e-05
S4_65186496 4 65186496 0.000385789524134063
S4_65190707 4 65190707 0.000802766360202628
S4_65200746 4 65200746 8.59474086710061e-05
S4_65433934 4 65433934 0.000632584952388939
S4_65455523 4 65455523 4.72849307528071e-07
S4_65476349 4 65476349 5.94962969801345e-05
S4_65476350 4 65476350 5.94962969801345e-05
S4_65488717 4 65488717 0.000473227032188203
S4_65496258 4 65496258 0.000507725408737357
S4_65498099 4 65498099 0.00072833891508286
S4_65498885 4 65498885 0.000777899586884705
S4_65523883 4 65523883 2.11880870496684e-05
S4_65530341 4 65530341 8.97855858417726e-06
S4_65535720 4 65535720 0.000683111950159797
S4_65560467 4 65560467 2.341830541033e-05
S4_65592006 4 65592006 0.000780044768318104
S4_65593879 4 65593879 2.21085238650549e-05
S4_65604531 4 65604531 6.61872367194346e-05
S4_65691055 4 65691055 0.000243753966614053
S4_65708341 4 65708341 6.44511335575312e-05
S4_65717302 4 65717302 0.000101117229655431
S4_65717355 4 65717355 9.8006868286227e-05
S4_65780711 4 65780711 0.000244724276514132
S4_65815278 4 65815278 0.000171439032643227
S4_65817374 4 65817374 0.00049601712680269
S4_65817384 4 65817384 0.000296289033650124
S4_65865926 4 65865926 1.71882374913905e-05
S4_66285231 4 66285231 3.65163829508896e-05
S4_66285244 4 66285244 3.65163829508835e-05
S4_66285262 4 66285262 3.65163829508896e-05
S4_66375135 4 66375135 5.16935677157281e-05
S4_66650723 4 66650723 0.000332965021540008
S4_66667254 4 66667254 0.000560127611600857
S4_66704008 4 66704008 0.000184834230427359
S4_66833973 4 66833973 3.06552845549068e-05
S4_66833987 4 66833987 6.11561043534804e-05
S4_66848456 4 66848456 0.000548407954538411
S4_66855166 4 66855166 0.000716459994235278
S4_66865546 4 66865546 0.000989979169981595
S4_67048020 4 67048020 0.000262089239221657
S4_67088940 4 67088940 6.39211326034863e-06
S4_67144179 4 67144179 0.000306743762558238
S4_67178580 4 67178580 0.000713688480423171
S4_67179991 4 67179991 0.000897689418619522
S4_67180120 4 67180120 0.000836442281457473
S4_67210505 4 67210505 3.57341267073956e-05
S4_67210527 4 67210527 8.68637349246273e-05
S4_67210555 4 67210555 0.000108098686989276
S4_67210587 4 67210587 0.000111529868271615
S4_67219907 4 67219907 0.000789365291340918
S4_67219918 4 67219918 0.000102305879413743
S4_67222812 4 67222812 6.03859496613555e-05
S4_67224259 4 67224259 0.000214885722534174
S4_67224308 4 67224308 3.85351062798764e-05
S4_67242586 4 67242586 6.56141979484448e-05
S4_67256092 4 67256092 0.000200028871491233
S4_67320918 4 67320918 0.000553717347915205
S4_67345270 4 67345270 1.76182023985297e-08
S4_67355243 4 67355243 0.000261367009845563
S4_67355359 4 67355359 2.07091654173021e-05
S4_67362362 4 67362362 2.12217182897368e-05
S4_67370092 4 67370092 1.57844698235073e-08
S4_67370093 4 67370093 1.57844698235073e-08
S4_67386825 4 67386825 7.79972011160548e-07
S4_67406111 4 67406111 1.86962996081644e-07
S4_67411232 4 67411232 5.46308270197615e-07
S4_67439758 4 67439758 3.42694407968235e-05
S4_67472449 4 67472449 6.49153622933642e-09
S4_67472506 4 67472506 0.000224130976881937
S4_67486619 4 67486619 0.000448403153776172
S4_67553302 4 67553302 0.000267443801096651
S4_67646174 4 67646174 5.27306735094837e-05
S4_67646234 4 67646234 0.000136831681780299
S4_67744818 4 67744818 2.61021917209565e-05
S4_67771498 4 67771498 0.000703754488214357
S4_67963747 4 67963747 0.00096682928362397
