Marker Chr Pos p
S9_72163 9 72163 1.11457791269231e-08
S9_120584 9 120584 0.000645044644548829
S9_177352 9 177352 0.000783746283650138
S9_369302 9 369302 2.26779931717577e-09
S9_381878 9 381878 1.89796483402118e-06
S9_382034 9 382034 0.000264437848976641
S9_519639 9 519639 4.82919647842725e-10
S9_526737 9 526737 2.47391146231379e-06
S9_526753 9 526753 1.14603198711917e-05
S9_526791 9 526791 5.81245830897426e-06
S9_538813 9 538813 0.000137016991391936
S9_538826 9 538826 8.56114908089048e-05
S9_540864 9 540864 5.473645060799e-05
S9_546276 9 546276 5.68093471580304e-06
S9_546308 9 546308 5.68093471580304e-06
S9_553432 9 553432 4.81680665650545e-08
S9_553905 9 553905 6.0801861030783e-09
S9_553944 9 553944 0.000219763985403477
S9_553958 9 553958 0.0004046718660769
S9_554091 9 554091 1.16809001858935e-05
S9_554735 9 554735 6.02774691068157e-07
S9_554745 9 554745 6.02774691068157e-07
S9_554876 9 554876 8.19385755983171e-05
S9_554919 9 554919 0.00041903323101538
S9_557121 9 557121 7.28306508809701e-05
S9_561867 9 561867 2.68684068724438e-05
S9_566725 9 566725 1.20535479455469e-05
S9_567083 9 567083 0.000257564168853983
S9_590207 9 590207 1.0461928559714e-07
S9_1100880 9 1100880 0.000791956185875757
S9_1129749 9 1129749 3.18223168868949e-06
S9_1185263 9 1185263 0.000877570171244855
S9_1207831 9 1207831 0.000304299708156762
S9_1218795 9 1218795 0.000167721199259007
S9_1218806 9 1218806 0.000167721199259007
S9_1255315 9 1255315 0.000902420781384212
S9_1288729 9 1288729 0.000615994232848426
S9_1307243 9 1307243 1.06239288717481e-05
S9_1326179 9 1326179 0.000740189276480541
S9_1488420 9 1488420 0.000223837866212488
S9_1505021 9 1505021 0.000681303879644097
S9_1527994 9 1527994 0.000183694439724255
S9_1529366 9 1529366 0.000137986966892631
S9_1604865 9 1604865 3.13964334697558e-12
S9_1626290 9 1626290 3.33836721889703e-05
S9_1644981 9 1644981 2.4069222180845e-07
S9_1659255 9 1659255 0.000505236016300096
S9_1719466 9 1719466 8.17546619961835e-08
S9_1873577 9 1873577 3.20058464610438e-07
S9_1888184 9 1888184 4.32481301672028e-05
S9_2026059 9 2026059 2.30209125069115e-05
S9_2136759 9 2136759 0.000211346767670161
S9_2140178 9 2140178 2.06249967529629e-05
S9_2246723 9 2246723 0.000311402897177148
S9_2403232 9 2403232 2.52607405109157e-05
S9_2699437 9 2699437 5.32959003566496e-06
S9_2801015 9 2801015 5.94505326540454e-11
S9_2806677 9 2806677 0.000698966470831148
S9_2806695 9 2806695 0.000698966470831148
S9_2806713 9 2806713 0.000229906525305881
S9_2860956 9 2860956 5.04891879991759e-06
S9_2916066 9 2916066 4.34179519266715e-06
S9_2916088 9 2916088 0.000239742915072664
S9_2987513 9 2987513 0.000953185226909564
S9_3193516 9 3193516 0.000609838971780205
S9_3254601 9 3254601 0.000140486059558537
S9_3847329 9 3847329 9.20378677845551e-10
S9_4043323 9 4043323 5.57801394695402e-06
S9_4083635 9 4083635 0.000182082884071787
S9_4083674 9 4083674 0.00015523410958085
S9_4107016 9 4107016 0.000925479608710094
S9_4187074 9 4187074 1.96051824573662e-05
S9_4193624 9 4193624 2.71789044059622e-05
S9_4311149 9 4311149 3.31063826724686e-05
S9_4311157 9 4311157 3.3106382672474e-05
S9_4361419 9 4361419 0.000182837673449153
S9_4363187 9 4363187 4.34102256935281e-05
S9_4406912 9 4406912 0.000622070436435652
S9_4544852 9 4544852 0.000470026024659641
S9_4722719 9 4722719 4.50558028674959e-09
S9_4738442 9 4738442 3.70278103835313e-07
S9_4814497 9 4814497 4.73962980954408e-05
S9_4844542 9 4844542 0.000440868872453298
S9_4922342 9 4922342 1.29304500799745e-05
S9_5103645 9 5103645 9.75105944153569e-05
S9_5120833 9 5120833 0.000156741974571275
S9_5120850 9 5120850 0.000155820436370595
S9_5198432 9 5198432 0.000197671284626807
S9_5198678 9 5198678 2.83805036180222e-05
S9_5278679 9 5278679 0.000972776232094519
S9_5405069 9 5405069 7.4071945049971e-05
S9_5532641 9 5532641 6.5061615513015e-08
S9_5545556 9 5545556 0.000111087268429399
S9_5549030 9 5549030 5.74255807964265e-08
S9_5576202 9 5576202 0.00018999585447365
S9_5576205 9 5576205 0.000174239823627181
S9_5768406 9 5768406 2.8281935917731e-05
S9_5769231 9 5769231 5.10217050182787e-05
S9_5786406 9 5786406 1.97096541840028e-05
S9_5965181 9 5965181 5.54339133094011e-05
S9_6193483 9 6193483 4.00135849487566e-06
S9_6301029 9 6301029 0.000308519674348981
S9_6301894 9 6301894 0.000480798210202508
S9_6311983 9 6311983 1.31407976486412e-06
S9_6383350 9 6383350 0.000766723798386652
S9_6446313 9 6446313 0.000248694893337261
S9_6530109 9 6530109 0.000300685150723674
S9_6659136 9 6659136 8.14150184379774e-05
S9_6709562 9 6709562 0.000296167573533434
S9_6731987 9 6731987 9.67454391975558e-08
S9_6771502 9 6771502 1.45758415641621e-05
S9_6910741 9 6910741 4.76854975799712e-05
S9_6910784 9 6910784 4.76854975799712e-05
S9_6910788 9 6910788 4.76854975799712e-05
S9_6914166 9 6914166 0.000613181680589361
S9_6918603 9 6918603 8.24109858759135e-08
S9_6992705 9 6992705 0.000423197671881917
S9_6999683 9 6999683 0.000378815724255016
S9_7104892 9 7104892 3.45002605472146e-05
S9_7597152 9 7597152 0.000805425436573999
S9_7824876 9 7824876 5.02043107806128e-06
S9_7855672 9 7855672 3.58671058941539e-05
S9_7894430 9 7894430 8.89194399830526e-06
S9_8016443 9 8016443 7.79537436000783e-06
S9_8056386 9 8056386 7.20286844307338e-05
S9_8085926 9 8085926 7.62858346311041e-05
S9_8150324 9 8150324 3.80815451991048e-05
S9_8154080 9 8154080 0.00090195311738919
S9_8154105 9 8154105 2.18360089030911e-05
S9_8156608 9 8156608 1.83228588422482e-06
S9_8193113 9 8193113 7.28381470932903e-05
S9_8210453 9 8210453 0.000106057104136075
S9_8284183 9 8284183 0.000531100313057748
S9_8295688 9 8295688 0.000131673422186381
S9_8394766 9 8394766 0.000118058097064413
S9_8396064 9 8396064 0.000347858498120348
S9_8396122 9 8396122 0.000633525855998037
S9_8760171 9 8760171 0.000702115513562658
S9_8760184 9 8760184 0.000705229337118911
S9_8827149 9 8827149 8.77290923267146e-06
S9_8827594 9 8827594 3.25867376130968e-08
S9_8827666 9 8827666 0.000950172567102798
S9_8827677 9 8827677 0.000950172567102798
S9_9003421 9 9003421 7.0674134884436e-09
S9_9071657 9 9071657 6.21508716863556e-05
S9_9095063 9 9095063 0.000416957145955295
S9_9110115 9 9110115 1.60968262663533e-07
S9_9110121 9 9110121 1.60968262663533e-07
S9_9217295 9 9217295 0.000525917837352737
S9_9572510 9 9572510 0.000449421683530771
S9_9690483 9 9690483 0.00016383068803858
S9_9922451 9 9922451 0.000197084304302208
S9_10856202 9 10856202 0.000393733001899271
S9_11129603 9 11129603 0.000645636871410362
S9_11490279 9 11490279 0.000636115636363024
S9_11686593 9 11686593 0.000662225442530811
S9_11711166 9 11711166 3.82967927292031e-07
S9_11711183 9 11711183 3.82967927292031e-07
S9_12049030 9 12049030 0.000295806353701899
S9_12106550 9 12106550 2.38178345145229e-07
S9_12106556 9 12106556 2.38178345145269e-07
S9_12106577 9 12106577 2.38178345145229e-07
S9_12267044 9 12267044 0.000218516799765652
S9_13199406 9 13199406 9.46048113400843e-07
S9_13240849 9 13240849 0.000468119435370965
S9_13647252 9 13647252 3.67297926410821e-08
S9_13647289 9 13647289 7.78211662397959e-09
S9_13852608 9 13852608 2.49633181816728e-07
S9_14093768 9 14093768 1.92280940956031e-07
S9_14131968 9 14131968 4.06178864372435e-05
S9_14210070 9 14210070 0.000760927280628142
S9_14627776 9 14627776 1.93211771595929e-07
S9_14627788 9 14627788 1.93211771595929e-07
S9_14627809 9 14627809 1.91347830380836e-07
S9_15759730 9 15759730 2.64763709985887e-07
S9_15867243 9 15867243 2.22174294562699e-07
S9_17824278 9 17824278 0.000298285026324492
S9_18359834 9 18359834 9.57506882239338e-09
S9_18359838 9 18359838 0.000686449718124321
S9_21710448 9 21710448 2.8782079789407e-07
S9_21710484 9 21710484 1.50963981120931e-07
S9_22075968 9 22075968 2.33895622022958e-07
S9_24442772 9 24442772 2.79255831789954e-07
S9_24902676 9 24902676 0.000122725436442799
S9_25094050 9 25094050 2.42700768443506e-07
S9_25372615 9 25372615 0.000651260117992574
S9_25581226 9 25581226 2.3087854289396e-07
S9_26048958 9 26048958 2.53527243672805e-07
S9_26716538 9 26716538 2.55820683011135e-07
S9_26952042 9 26952042 1.28663230145892e-08
S9_32634862 9 32634862 0.00013225999324731
S9_35176629 9 35176629 2.67049266142099e-07
S9_35529876 9 35529876 3.85876635912953e-07
S9_36020483 9 36020483 0.000850429227361806
S9_36802625 9 36802625 0.000627786832545756
S9_37980762 9 37980762 2.61505807514044e-07
S9_38149822 9 38149822 2.76341048415964e-07
S9_38158018 9 38158018 0.000129293601609231
S9_38829137 9 38829137 2.47958127560262e-07
S9_40489147 9 40489147 2.46669485104637e-05
S9_41662421 9 41662421 1.12224739375037e-07
S9_42619655 9 42619655 0.000791859603244539
S9_43234257 9 43234257 8.24298254832689e-05
S9_44283008 9 44283008 6.11007495738774e-08
S9_44287518 9 44287518 0.00083215665752072
S9_44484395 9 44484395 0.000111217965855223
S9_44612270 9 44612270 4.78990210649755e-08
S9_44662870 9 44662870 0.000780212943922231
S9_44662877 9 44662877 0.000830220441542012
S9_44868290 9 44868290 2.05474890517138e-08
S9_45063145 9 45063145 0.000554532911602324
S9_45475029 9 45475029 2.66265266274917e-10
S9_45475502 9 45475502 4.62645687459058e-08
S9_45714078 9 45714078 1.65243360552251e-07
S9_45714169 9 45714169 1.22649628168965e-05
S9_46136401 9 46136401 7.70123949966008e-08
S9_46214491 9 46214491 9.50885239303085e-08
S9_46357790 9 46357790 3.26897559078399e-08
S9_46359720 9 46359720 4.23250954874283e-08
S9_46359729 9 46359729 2.22207399640018e-08
S9_46397016 9 46397016 6.15624809524749e-07
S9_46445847 9 46445847 0.000774352933104867
S9_46472239 9 46472239 9.49452706473899e-05
S9_46472278 9 46472278 9.49452706473899e-05
S9_46472279 9 46472279 9.49452706474083e-05
S9_46802066 9 46802066 1.09494746445687e-06
S9_46888279 9 46888279 1.28816429690831e-07
S9_47350083 9 47350083 3.73665478651464e-05
S9_47351515 9 47351515 5.6402914588283e-06
S9_47374051 9 47374051 3.62100569206539e-07
S9_47378984 9 47378984 2.53360530592901e-07
S9_47379014 9 47379014 2.53360530592901e-07
S9_47400122 9 47400122 3.79001674308494e-07
S9_47400123 9 47400123 3.79001674308494e-07
S9_47433980 9 47433980 5.4664858312095e-06
S9_47434001 9 47434001 5.4664858312095e-06
S9_47434005 9 47434005 5.4664858312095e-06
S9_47713681 9 47713681 5.227585336382e-07
S9_47721553 9 47721553 4.47718554573258e-10
S9_47987801 9 47987801 0.00051441524459435
S9_48143644 9 48143644 0.000166626794988525
S9_48311077 9 48311077 5.31776661720624e-05
S9_48414404 9 48414404 6.82285731968862e-05
S9_48476270 9 48476270 0.000558763598291252
S9_48476953 9 48476953 5.95700323594293e-09
S9_48477639 9 48477639 5.40808971508058e-06
S9_48478666 9 48478666 2.03990962076314e-14
S9_48570239 9 48570239 1.20754638466799e-09
S9_48570487 9 48570487 1.31948960148298e-09
S9_48586365 9 48586365 6.34812557881214e-10
S9_48702207 9 48702207 0.000126784520641404
S9_48835191 9 48835191 4.30767721424696e-07
S9_49125191 9 49125191 2.82252600394077e-09
S9_49135648 9 49135648 3.38324805822488e-09
S9_49217982 9 49217982 0.00046884750851327
S9_49262111 9 49262111 3.7626255802822e-05
S9_49372560 9 49372560 4.39272681221325e-10
S9_49420762 9 49420762 0.000289760141050943
S9_49423513 9 49423513 0.000530857514823235
S9_49442871 9 49442871 0.000162367292858354
S9_49545904 9 49545904 6.88294048735594e-06
S9_49545906 9 49545906 1.56552641794028e-06
S9_49545909 9 49545909 1.56552641794004e-06
S9_49545910 9 49545910 1.56552641794004e-06
S9_49545911 9 49545911 8.66170853507323e-06
S9_49545917 9 49545917 1.56552641794004e-06
S9_49554963 9 49554963 8.83044204874762e-05
S9_49555109 9 49555109 6.70791704638559e-05
S9_49587409 9 49587409 0.000258269972382315
S9_49589392 9 49589392 2.82654967419333e-07
S9_49643381 9 49643381 0.00046638542486578
S9_49750373 9 49750373 2.39137850209784e-06
S9_50543005 9 50543005 0.000220806875304553
S9_50559088 9 50559088 4.66894457351205e-05
S9_50652134 9 50652134 0.000911258266258807
S9_50727510 9 50727510 0.000628616622731033
S9_50727538 9 50727538 0.000513910161196725
S9_50727541 9 50727541 0.000320766858649967
S9_50744429 9 50744429 6.94267653366654e-07
S9_50744450 9 50744450 7.41879784350563e-07
S9_50744454 9 50744454 6.942676533666e-07
S9_50744458 9 50744458 6.94267653366654e-07
S9_51096948 9 51096948 0.000184047700131591
S9_51272425 9 51272425 0.000663742074852456
S9_51438911 9 51438911 0.000534540406600721
S9_51724777 9 51724777 0.000896045988630123
S9_51725747 9 51725747 0.000916493626872912
S9_51725783 9 51725783 0.000916493626872912
S9_51747070 9 51747070 7.8343955485481e-05
S9_51855887 9 51855887 7.84849123284699e-06
S9_51865834 9 51865834 0.000324520281187099
S9_51920493 9 51920493 0.000341000456591731
S9_52116845 9 52116845 0.000150763903405951
S9_52277025 9 52277025 0.000531367586144454
S9_52277053 9 52277053 0.000531367586144454
S9_52280912 9 52280912 0.000389814759866247
S9_52360610 9 52360610 0.00017793976462348
S9_52375245 9 52375245 2.15678539835789e-07
S9_52948373 9 52948373 0.000166020180937812
S9_53007496 9 53007496 0.000546054174552807
S9_53440974 9 53440974 0.000201279597899203
S9_53567622 9 53567622 0.000773116417354128
S9_53680866 9 53680866 1.34605215331998e-07
S9_53813654 9 53813654 0.000585934130309112
S9_53859074 9 53859074 1.89418535701902e-08
S9_53935173 9 53935173 0.000334891779154081
S9_54172610 9 54172610 0.000818767655706274
S9_54182486 9 54182486 3.27396812284062e-05
S9_54227119 9 54227119 1.03603914416977e-05
S9_54267013 9 54267013 1.94626499956768e-06
S9_54267014 9 54267014 1.91860306547349e-06
S9_54267015 9 54267015 0.00051468551078593
S9_54267016 9 54267016 1.91860306547349e-06
S9_54342294 9 54342294 0.000698000503048954
S9_54372071 9 54372071 0.000676075024703806
S9_54429496 9 54429496 0.000279657758700488
S9_54642098 9 54642098 0.000649698765497893
S9_54803142 9 54803142 0.00014475243857808
S9_54878536 9 54878536 1.02932142875074e-07
S9_55113585 9 55113585 1.30548167970681e-05
S9_55143778 9 55143778 0.000695617103509856
S9_55225686 9 55225686 0.000881360172433192
S9_55230722 9 55230722 0.000515980396068094
S9_55230728 9 55230728 0.000515980396068034
S9_55232023 9 55232023 1.37786249912933e-05
S9_55329306 9 55329306 2.0253301603376e-07
S9_55351430 9 55351430 0.000150504222784832
S9_55402878 9 55402878 0.000398998184789953
S9_55608139 9 55608139 0.000231102858762615
S9_55621414 9 55621414 0.000214166372339891
S9_55625653 9 55625653 0.000351186414195978
S9_55661465 9 55661465 5.78977445815003e-07
S9_55739291 9 55739291 1.67473067519516e-07
S9_55743100 9 55743100 0.000857851583464186
S9_55743111 9 55743111 7.52589060161729e-08
S9_55804298 9 55804298 0.000131097033367765
S9_56015633 9 56015633 0.000378612167772443
S9_56306490 9 56306490 0.000634289519984666
S9_56370286 9 56370286 1.51737558095198e-08
S9_56452723 9 56452723 9.82785493885121e-06
S9_56507978 9 56507978 5.08633025941453e-08
S9_56542781 9 56542781 0.00033727562445151
S9_56554332 9 56554332 6.77881584106961e-07
S9_56581209 9 56581209 5.27203084228391e-05
S9_56665794 9 56665794 2.94871581925303e-05
S9_56744914 9 56744914 7.17410579837981e-07
S9_56808225 9 56808225 1.86638864829421e-08
S9_57104021 9 57104021 6.99409427990118e-05
S9_57144489 9 57144489 0.000844476135165176
S9_57204605 9 57204605 0.000738899245619896
S9_57669263 9 57669263 0.000373777689573644
S9_57700455 9 57700455 1.36549208481734e-06
S9_57704155 9 57704155 0.000227485212651533
S9_57704163 9 57704163 0.000227485212651533
S9_57841251 9 57841251 6.62611332079633e-05
S9_57841299 9 57841299 1.99095559518475e-05
S9_57887921 9 57887921 2.12638029947807e-05
S9_57951786 9 57951786 6.60719674457978e-05
S9_57952240 9 57952240 0.000440138189459656
S9_58029552 9 58029552 0.000596456245904414
S9_58075819 9 58075819 0.000491738407756349
S9_58075820 9 58075820 0.000491738407756349
S9_58075920 9 58075920 0.000206266050962484
S9_58075948 9 58075948 0.000206266050962441
S9_58075965 9 58075965 0.000206266050962484
S9_58106594 9 58106594 9.56059117300445e-05
S9_58106626 9 58106626 9.74554820688982e-05
S9_58112859 9 58112859 2.2157463068612e-07
S9_58158233 9 58158233 8.01994281014447e-05
S9_58242534 9 58242534 0.000342438183480692
S9_58340266 9 58340266 0.000172639200920189
S9_58348308 9 58348308 0.000279642783840135
S9_58356849 9 58356849 5.92758161738189e-06
S9_58362394 9 58362394 8.16384854265758e-06
S9_58373463 9 58373463 5.94422891795654e-05
S9_58427200 9 58427200 1.62214346960977e-05
S9_58433049 9 58433049 0.000226610050746117
S9_58435617 9 58435617 4.40640850559172e-10
S9_58471244 9 58471244 4.64160129198848e-05
S9_58963472 9 58963472 3.74275221537063e-05
S9_59096739 9 59096739 0.000351136036951056
S9_59199472 9 59199472 6.37822110916176e-05
S9_59285765 9 59285765 1.13150107257469e-05
S9_59332549 9 59332549 0.000679596284305509
S9_59513608 9 59513608 0.000209837637720324
S9_59513626 9 59513626 0.000209837637720324
S9_59513893 9 59513893 1.21248857148732e-05
S9_59513906 9 59513906 1.21248857148727e-05
S9_59513908 9 59513908 1.21248857148732e-05
S9_59513915 9 59513915 6.51807258295798e-06
S9_59577736 9 59577736 0.000105101215123638
