Marker Chr Pos p
S7_29330 7 29330 0.000610907852318752
S7_78638 7 78638 1.87643199487893e-05
S7_128183 7 128183 6.84556392279802e-12
S7_131162 7 131162 0.000188170150885664
S7_147083 7 147083 9.90502602779916e-05
S7_153345 7 153345 4.20414102721841e-05
S7_281958 7 281958 0.000217816056385507
S7_324684 7 324684 0.000361795197607874
S7_324928 7 324928 0.000701056057372191
S7_346286 7 346286 5.62616172921931e-05
S7_403321 7 403321 3.45959775295528e-05
S7_415181 7 415181 0.000636740518133958
S7_466365 7 466365 0.000608437218785062
S7_480096 7 480096 0.000269861701697499
S7_496488 7 496488 0.000822500513572017
S7_510264 7 510264 0.000348739010004907
S7_539733 7 539733 4.5912644634673e-07
S7_539773 7 539773 3.94826144976711e-06
S7_539785 7 539785 0.00070161911609198
S7_542811 7 542811 0.00050235230244047
S7_543027 7 543027 7.381728774756e-06
S7_543144 7 543144 5.22778432037891e-07
S7_543177 7 543177 8.29982464768699e-06
S7_543189 7 543189 1.45155748830389e-05
S7_543424 7 543424 0.000108499719557007
S7_545627 7 545627 0.00024069210507027
S7_549092 7 549092 0.000875636068975885
S7_549120 7 549120 0.000875636068975885
S7_610566 7 610566 0.000289811203642829
S7_619623 7 619623 0.000992271066192891
S7_658425 7 658425 0.000107688996905387
S7_668774 7 668774 7.80173275118718e-05
S7_681479 7 681479 9.40249286463322e-10
S7_705297 7 705297 0.000148429464307567
S7_719704 7 719704 2.80321435601526e-08
S7_719719 7 719719 2.80321435601526e-08
S7_720399 7 720399 4.47352179308198e-06
S7_728042 7 728042 3.80283869865245e-06
S7_753942 7 753942 0.000295555339357018
S7_881641 7 881641 0.000947663945214832
S7_904419 7 904419 4.05940046745465e-05
S7_938962 7 938962 0.000137564734380968
S7_993122 7 993122 0.000586938574067832
S7_1008758 7 1008758 0.000502095760612319
S7_1142945 7 1142945 0.000423148367664267
S7_1149568 7 1149568 0.000102408202517423
S7_1157291 7 1157291 0.000518165976532962
S7_1169380 7 1169380 1.4492128060315e-05
S7_1171233 7 1171233 0.000182570074282797
S7_1171234 7 1171234 0.000182570074282797
S7_1171235 7 1171235 0.000182570074282797
S7_1171236 7 1171236 0.000182570074282797
S7_1173226 7 1173226 0.000254504819189392
S7_1173227 7 1173227 4.08560900917084e-05
S7_1178440 7 1178440 6.08626621830961e-05
S7_1187827 7 1187827 0.000993695639619456
S7_1187866 7 1187866 5.70059625095879e-05
S7_1187867 7 1187867 0.000993695639619456
S7_1197581 7 1197581 0.00032408088922226
S7_1222149 7 1222149 0.000985041482225461
S7_1236094 7 1236094 0.000418930357209296
S7_1236120 7 1236120 0.000418930357209237
S7_1236128 7 1236128 0.000418930357209237
S7_1249479 7 1249479 3.15412189105066e-05
S7_1249484 7 1249484 2.20568792570974e-05
S7_1249822 7 1249822 0.000745431681869796
S7_1249865 7 1249865 0.000801756995761692
S7_1249866 7 1249866 0.000801756995761692
S7_1266698 7 1266698 1.93823089252658e-07
S7_1266864 7 1266864 0.000817033051720616
S7_1330680 7 1330680 0.000400423792582658
S7_1338991 7 1338991 0.000361168886688834
S7_1339025 7 1339025 4.35151523626324e-05
S7_1339026 7 1339026 4.26918767805464e-05
S7_1360159 7 1360159 1.27296188306069e-05
S7_1414312 7 1414312 0.00017061308791826
S7_1463134 7 1463134 2.34109941745586e-11
S7_1468178 7 1468178 3.01776324430975e-06
S7_1556151 7 1556151 3.81572349695872e-05
S7_1587994 7 1587994 3.22723706212348e-05
S7_1592005 7 1592005 8.31271017022086e-07
S7_1607648 7 1607648 1.24052657389158e-05
S7_1608299 7 1608299 5.10104352572191e-05
S7_1639042 7 1639042 0.00022715080910845
S7_1658864 7 1658864 5.97947877002368e-07
S7_1674705 7 1674705 3.9294465781642e-05
S7_1741296 7 1741296 6.50514087832545e-06
S7_1780917 7 1780917 9.71121205755309e-05
S7_1790668 7 1790668 2.40104570946816e-05
S7_1790706 7 1790706 2.40104570946816e-05
S7_1995340 7 1995340 0.000163054065191275
S7_2008965 7 2008965 0.00071503385332592
S7_2008992 7 2008992 0.00071503385332592
S7_2008993 7 2008993 0.00071503385332592
S7_2009017 7 2009017 0.00071503385332592
S7_2009233 7 2009233 0.000442128456248072
S7_2010838 7 2010838 0.000134323991788083
S7_2016009 7 2016009 2.68296579866922e-05
S7_2061076 7 2061076 7.15875537187858e-06
S7_2074433 7 2074433 0.000894618821901918
S7_2074907 7 2074907 4.97167791961565e-08
S7_2075581 7 2075581 0.000894131302824328
S7_2084646 7 2084646 2.12835788637872e-05
S7_2108138 7 2108138 2.91678852757892e-05
S7_2113788 7 2113788 0.00026845007315567
S7_2123088 7 2123088 0.000968391851780188
S7_2125265 7 2125265 6.70754896866448e-09
S7_2190411 7 2190411 0.000349931786558608
S7_2199600 7 2199600 5.34407785515052e-08
S7_2212307 7 2212307 4.46325637968242e-07
S7_2225679 7 2225679 2.13532506792854e-05
S7_2303138 7 2303138 0.000289214301359498
S7_2323436 7 2323436 0.000559682755835832
S7_2332018 7 2332018 0.000551913469469377
S7_2375727 7 2375727 2.23105600261966e-06
S7_2384209 7 2384209 1.93516352099072e-09
S7_2384242 7 2384242 7.35005272819193e-09
S7_2402403 7 2402403 7.47985073352217e-06
S7_2402430 7 2402430 7.47985073352217e-06
S7_2428934 7 2428934 7.26499840114567e-05
S7_2530631 7 2530631 1.1195295083859e-05
S7_2536492 7 2536492 6.15526929509587e-05
S7_2578608 7 2578608 0.00070459935895751
S7_2608491 7 2608491 0.000608509015985167
S7_2609101 7 2609101 0.000694393044003421
S7_2609102 7 2609102 0.000694393044003512
S7_2611641 7 2611641 0.000199914870654083
S7_2612657 7 2612657 8.08156006250396e-06
S7_2612706 7 2612706 8.08156006250396e-06
S7_2612708 7 2612708 8.08156006250683e-06
S7_2674688 7 2674688 0.000356308392607195
S7_2681674 7 2681674 0.000481209667311209
S7_2682348 7 2682348 0.000655706357309988
S7_2686345 7 2686345 0.000239337068740728
S7_2742220 7 2742220 0.000176568754583711
S7_2834812 7 2834812 0.000511979051422803
S7_2858894 7 2858894 6.06607824438043e-05
S7_2858896 7 2858896 7.03220272192458e-05
S7_2868944 7 2868944 0.000714232942882741
S7_2899718 7 2899718 1.47923932548327e-13
S7_2900487 7 2900487 6.43849768587218e-08
S7_2903038 7 2903038 0.000363284216285894
S7_2903459 7 2903459 3.23969002623324e-06
S7_2903460 7 2903460 0.000754605516328859
S7_2905285 7 2905285 0.000107109884155026
S7_3064022 7 3064022 1.42809494949504e-05
S7_3064811 7 3064811 2.24277265773978e-06
S7_3065815 7 3065815 0.000164091414747115
S7_3086409 7 3086409 4.70322628348123e-10
S7_3089155 7 3089155 0.000132365392010407
S7_3094861 7 3094861 0.000139523129830266
S7_3094895 7 3094895 5.66132857858318e-07
S7_3134776 7 3134776 0.000267386053938054
S7_3285233 7 3285233 0.000275998003987853
S7_3285239 7 3285239 0.00084348292472203
S7_3341830 7 3341830 6.43786761600607e-07
S7_3353530 7 3353530 0.000262180236867117
S7_3363034 7 3363034 0.000314887209568105
S7_3363057 7 3363057 0.000314887209568105
S7_3363089 7 3363089 7.03545526126702e-06
S7_3363122 7 3363122 7.03545526126622e-06
S7_3370716 7 3370716 9.60653457271109e-05
S7_3375855 7 3375855 0.000902302397610914
S7_3420925 7 3420925 0.000471262862052365
S7_3441808 7 3441808 1.69888259348987e-05
S7_3441812 7 3441812 2.66427605713577e-05
S7_3464586 7 3464586 8.42319383623246e-05
S7_3501743 7 3501743 0.000183685728571971
S7_3537836 7 3537836 0.000184524558710568
S7_3579533 7 3579533 0.000464297584340238
S7_3582794 7 3582794 0.000501218641128612
S7_3604446 7 3604446 0.000577706124754606
S7_3605816 7 3605816 0.000884159648317402
S7_3615066 7 3615066 1.08060517257153e-06
S7_3619835 7 3619835 1.32479023250428e-07
S7_3619842 7 3619842 0.000108699908163787
S7_3619844 7 3619844 0.000108699908163787
S7_3619845 7 3619845 0.000108699908163787
S7_3619847 7 3619847 0.000108699908163787
S7_3619892 7 3619892 1.31099171768622e-06
S7_3620034 7 3620034 2.23642574078495e-05
S7_3661212 7 3661212 4.11970793804772e-05
S7_3671648 7 3671648 0.000432985638187863
S7_3675937 7 3675937 3.19237540980757e-05
S7_3722343 7 3722343 0.000441736826689835
S7_3739745 7 3739745 0.000878740313252935
S7_3740859 7 3740859 0.00088990334568372
S7_3740890 7 3740890 0.00088990334568372
S7_3741388 7 3741388 5.25270872633242e-05
S7_3750141 7 3750141 2.13519497631954e-05
S7_3750164 7 3750164 0.00030390927748789
S7_3766242 7 3766242 3.82268386157769e-08
S7_3770219 7 3770219 0.000211040177783364
S7_3770220 7 3770220 0.000211040177783364
S7_3770930 7 3770930 0.000311666193740979
S7_3779007 7 3779007 2.94741318662519e-06
S7_3785237 7 3785237 2.30215675153622e-05
S7_3811769 7 3811769 1.16967486486703e-07
S7_3823767 7 3823767 0.000106378030785197
S7_3832020 7 3832020 0.000922935723810639
S7_3832325 7 3832325 0.000521260769616604
S7_3832350 7 3832350 0.000521260769616604
S7_3833470 7 3833470 1.92661618333344e-05
S7_3834224 7 3834224 0.00093612485283827
S7_3834287 7 3834287 0.000751742029858179
S7_3846360 7 3846360 0.000106662254164959
S7_3846396 7 3846396 0.000106662254164959
S7_3846403 7 3846403 0.000106662254164959
S7_3856028 7 3856028 1.70756228339289e-05
S7_3856060 7 3856060 1.72769158039695e-05
S7_3863095 7 3863095 0.000163585478454751
S7_3863987 7 3863987 0.00084458619597465
S7_3864085 7 3864085 0.000822313827562383
S7_3864096 7 3864096 6.51334267623991e-05
S7_3866958 7 3866958 5.78908863253657e-05
S7_3866989 7 3866989 0.000131329933696775
S7_3867720 7 3867720 4.66370169484731e-05
S7_3867721 7 3867721 3.7125576842688e-05
S7_3867758 7 3867758 1.44323624722483e-05
S7_3867800 7 3867800 1.44323624722483e-05
S7_3867834 7 3867834 0.000525032168343265
S7_3867844 7 3867844 0.000290023114737729
S7_3867882 7 3867882 0.000101542763846269
S7_3867890 7 3867890 4.85837540332764e-05
S7_3901882 7 3901882 0.000265784570613276
S7_3901883 7 3901883 0.000265784570613266
S7_3937852 7 3937852 0.000221812266271941
S7_3996838 7 3996838 0.000342279701164893
S7_4068466 7 4068466 0.000854967680412711
S7_4068483 7 4068483 0.000854967680412711
S7_4068578 7 4068578 0.000105959487361797
S7_4080587 7 4080587 0.000489822815887246
S7_4081654 7 4081654 0.00058475777994584
S7_4119726 7 4119726 0.0006514994473443
S7_4138633 7 4138633 6.68415466626108e-05
S7_4149834 7 4149834 0.000167585470431262
S7_4205278 7 4205278 0.000815822847938634
S7_4206236 7 4206236 1.88167527383267e-07
S7_4218004 7 4218004 0.000940549997659484
S7_4218126 7 4218126 0.000415590312408827
S7_4223852 7 4223852 1.12061496429794e-05
S7_4225463 7 4225463 1.29779102832461e-05
S7_4225492 7 4225492 0.000923490392328241
S7_4225502 7 4225502 4.95254609689485e-05
S7_4241707 7 4241707 0.000856542251573605
S7_4242389 7 4242389 8.48071886362879e-07
S7_4254374 7 4254374 8.54533390447188e-05
S7_4259642 7 4259642 6.18377471325637e-07
S7_4367379 7 4367379 1.43998291509149e-06
S7_4367380 7 4367380 6.38359678752592e-07
S7_4445113 7 4445113 9.51412032893649e-06
S7_4461067 7 4461067 1.21168203825988e-05
S7_4461237 7 4461237 3.97005267280667e-06
S7_4461704 7 4461704 0.000111235626699311
S7_4462844 7 4462844 4.09658143614197e-05
S7_4466445 7 4466445 0.000315705481543357
S7_4480719 7 4480719 0.000629960615045791
S7_4501578 7 4501578 0.000156033285030285
S7_4501579 7 4501579 0.000156033285030285
S7_4501583 7 4501583 0.000156033285030285
S7_4502903 7 4502903 0.00062067590555797
S7_4539161 7 4539161 0.000787698004638159
S7_4594207 7 4594207 0.000174799061063547
S7_4696187 7 4696187 7.65709498557189e-07
S7_4701980 7 4701980 2.84456697495588e-07
S7_4702073 7 4702073 1.85103748943341e-07
S7_4710646 7 4710646 3.6253951293303e-07
S7_4710653 7 4710653 3.432187630159e-07
S7_4710769 7 4710769 0.000523619190857495
S7_4721934 7 4721934 0.000228067924752165
S7_4811507 7 4811507 3.15737986752236e-07
S7_4822372 7 4822372 0.000448938744749667
S7_4825662 7 4825662 0.00039969078016721
S7_4825755 7 4825755 0.000608794747803365
S7_4825785 7 4825785 0.000514191534737342
S7_4843877 7 4843877 0.000912463976674619
S7_4846417 7 4846417 4.19892691761907e-05
S7_4855213 7 4855213 0.000798906493614863
S7_4858795 7 4858795 7.3181767850608e-05
S7_4858828 7 4858828 0.000594741365323802
S7_4858829 7 4858829 0.000592116227150653
S7_4877673 7 4877673 9.8568850238381e-05
S7_4882108 7 4882108 0.000802529822316428
S7_4979920 7 4979920 0.000200483757620162
S7_5066092 7 5066092 9.73125418186636e-08
S7_5098408 7 5098408 1.72988897013126e-06
S7_5146763 7 5146763 2.18216280267942e-06
S7_5146764 7 5146764 2.18216280267942e-06
S7_5146766 7 5146766 2.18216280267942e-06
S7_5146786 7 5146786 2.18216280267942e-06
S7_5155562 7 5155562 6.88684135336193e-08
S7_5164362 7 5164362 9.58268236394693e-06
S7_5176250 7 5176250 6.75853103834233e-06
S7_5178998 7 5178998 0.000261243772623042
S7_5184151 7 5184151 4.31271186188703e-05
S7_5208166 7 5208166 4.76838854234806e-10
S7_5208292 7 5208292 0.000948293056245501
S7_5209783 7 5209783 6.83043704298008e-07
S7_5209912 7 5209912 0.000680504291686419
S7_5219977 7 5219977 0.000120214216315764
S7_5219981 7 5219981 0.000633125998382206
S7_5235079 7 5235079 7.78523527937224e-05
S7_5242217 7 5242217 3.0166145722795e-13
S7_5251350 7 5251350 1.93378325126958e-08
S7_5251351 7 5251351 9.64723943328236e-05
S7_5264828 7 5264828 0.000671490993361811
S7_5264829 7 5264829 0.000671490993361819
S7_5292148 7 5292148 5.66798491016132e-07
S7_5318592 7 5318592 2.91032769495995e-06
S7_5318615 7 5318615 2.91032769496031e-06
S7_5324291 7 5324291 1.10468945316619e-05
S7_5326204 7 5326204 1.35150830203224e-06
S7_5326228 7 5326228 1.05111330297343e-06
S7_5326290 7 5326290 4.22206008927642e-05
S7_5326371 7 5326371 3.40430712885925e-05
S7_5326485 7 5326485 8.51468895217187e-05
S7_5326523 7 5326523 2.16752279720239e-06
S7_5326741 7 5326741 9.75911943338109e-06
S7_5326955 7 5326955 3.15148210458294e-08
S7_5326959 7 5326959 3.15148210458294e-08
S7_5326968 7 5326968 3.15148210458294e-08
S7_5332190 7 5332190 0.000447040892490286
S7_5332201 7 5332201 0.000447040892490286
S7_5332217 7 5332217 0.000447040892490286
S7_5334526 7 5334526 0.000102018046951118
S7_5334547 7 5334547 0.00010201804695113
S7_5402626 7 5402626 0.000316803180573199
S7_5402628 7 5402628 0.000316803180573199
S7_5409857 7 5409857 0.00032294321586658
S7_5415110 7 5415110 1.84864255438992e-06
S7_5418403 7 5418403 0.00034952852788426
S7_5418920 7 5418920 0.00037883808408244
S7_5418975 7 5418975 4.70864468855096e-06
S7_5439349 7 5439349 1.83241042726124e-05
S7_5452026 7 5452026 1.46931338795157e-05
S7_5470946 7 5470946 0.000685568558050009
S7_5470982 7 5470982 0.000685568558050009
S7_5470985 7 5470985 0.000730359768820635
S7_5473940 7 5473940 1.92525590335467e-05
S7_5483426 7 5483426 3.12146599820273e-07
S7_5483608 7 5483608 0.000386290411218202
S7_5498494 7 5498494 2.05397461230988e-09
S7_5498786 7 5498786 6.74451382133507e-05
S7_5500395 7 5500395 0.000264631233201073
S7_5502476 7 5502476 1.07302424245365e-11
S7_5502671 7 5502671 3.446999268947e-05
S7_5503124 7 5503124 0.00035593750405461
S7_5507256 7 5507256 8.58560871687936e-11
S7_5509927 7 5509927 1.04086773645787e-06
S7_5510069 7 5510069 3.57325807710377e-13
S7_5510775 7 5510775 9.44849527756349e-06
S7_5511291 7 5511291 5.69859376903442e-09
S7_5511377 7 5511377 1.70923722437465e-10
S7_5517413 7 5517413 7.35672835578007e-06
S7_5518709 7 5518709 2.67917566481471e-05
S7_5519897 7 5519897 0.000146800336960815
S7_5547030 7 5547030 3.56060161249667e-11
S7_5547168 7 5547168 4.52846253315462e-12
S7_5547200 7 5547200 0.000112505683918289
S7_5547317 7 5547317 0.000426185332748444
S7_5548009 7 5548009 7.69253192763851e-05
S7_5548999 7 5548999 1.59920966637828e-05
S7_5553514 7 5553514 0.000704398778156604
S7_5566794 7 5566794 8.96996181181254e-05
S7_5566844 7 5566844 1.47824593149502e-06
S7_5567129 7 5567129 0.000125146116502788
S7_5570605 7 5570605 4.20795616502888e-05
S7_5570609 7 5570609 3.54581031985837e-05
S7_5570763 7 5570763 0.000149233912624005
S7_5573630 7 5573630 0.000446580806960288
S7_5573675 7 5573675 0.000242406961327629
S7_5575455 7 5575455 0.000614465876776979
S7_5607695 7 5607695 2.89332612793397e-09
S7_5612432 7 5612432 0.000362470042081839
S7_5614494 7 5614494 8.17127955116977e-09
S7_5624129 7 5624129 3.7397679562321e-06
S7_5625722 7 5625722 0.000168675500291589
S7_5641127 7 5641127 1.7320955277197e-07
S7_5645622 7 5645622 0.000149041869117731
S7_5646033 7 5646033 2.13447110554471e-06
S7_5646034 7 5646034 7.69319568587423e-08
S7_5646035 7 5646035 7.79988382065751e-07
S7_5646037 7 5646037 8.87478176004497e-07
S7_5657083 7 5657083 2.71797111746235e-09
S7_5665597 7 5665597 1.70864604776242e-05
S7_5666139 7 5666139 1.40283689081768e-05
S7_5669094 7 5669094 0.000403733275146111
S7_5685879 7 5685879 0.000392704670711439
S7_5743492 7 5743492 9.52056521895715e-10
S7_5778292 7 5778292 2.23967952124244e-11
S7_5812417 7 5812417 8.56540161872345e-10
S7_5812460 7 5812460 7.63032342473988e-10
S7_5819612 7 5819612 0.000318757362359742
S7_5821805 7 5821805 1.88570162767048e-06
S7_5827005 7 5827005 0.000403182840059958
S7_5844888 7 5844888 8.43663850885032e-05
S7_5859840 7 5859840 0.000472437507363021
S7_5860128 7 5860128 1.21841019144394e-05
S7_5870492 7 5870492 2.00123081736026e-05
S7_5870911 7 5870911 0.000920651484015142
S7_5870913 7 5870913 0.000920651484015142
S7_5886056 7 5886056 3.33459108325836e-05
S7_5886065 7 5886065 4.51358112321293e-05
S7_5886100 7 5886100 0.000390390208779808
S7_5886226 7 5886226 3.6327372598801e-05
S7_5917570 7 5917570 7.54169937393509e-05
S7_5923737 7 5923737 0.000141105128859954
S7_5927322 7 5927322 4.37293363794897e-05
S7_5929622 7 5929622 3.50769081422875e-07
S7_5934831 7 5934831 5.54423788930189e-07
S7_5935563 7 5935563 0.000181678590203857
S7_5935565 7 5935565 9.45436102934377e-05
S7_5935568 7 5935568 0.000202505929372147
S7_5935574 7 5935574 0.000224515057509432
S7_5939577 7 5939577 5.65097680132188e-05
S7_5939707 7 5939707 0.000385361251897979
S7_5952111 7 5952111 2.58560678616663e-06
S7_5957506 7 5957506 0.000144936172989336
S7_5959113 7 5959113 0.000457252748722571
S7_5977562 7 5977562 1.18367666766917e-06
S7_5986637 7 5986637 2.77469632293645e-05
S7_5986835 7 5986835 2.00488744133714e-05
S7_5990065 7 5990065 0.000392807392313066
S7_5990081 7 5990081 0.00029307864834797
S7_5990125 7 5990125 0.000122402316342936
S7_5990126 7 5990126 0.000122402316342936
S7_5990141 7 5990141 0.000115199746101012
S7_5990227 7 5990227 1.40835901420456e-05
S7_5990228 7 5990228 7.90303832724953e-06
S7_5990229 7 5990229 5.95827071430111e-06
S7_5990252 7 5990252 2.65183583567303e-06
S7_5990329 7 5990329 0.00068380453414465
S7_5996837 7 5996837 1.49565310310691e-06
S7_5997043 7 5997043 4.31164869078392e-07
S7_5997065 7 5997065 8.50141749617328e-07
S7_5997069 7 5997069 6.95851637166749e-07
S7_5997122 7 5997122 9.21989307879958e-07
S7_6030951 7 6030951 0.000557145779109851
S7_6048443 7 6048443 2.09210689966114e-07
S7_6048530 7 6048530 0.000798372886617683
S7_6055996 7 6055996 0.000112230248779941
S7_6056185 7 6056185 4.89243106015479e-05
S7_6277327 7 6277327 5.50163189099937e-09
S7_6277420 7 6277420 3.09797068758455e-06
S7_6277421 7 6277421 3.0979706875847e-06
S7_6304737 7 6304737 9.43490798974024e-05
S7_6306622 7 6306622 0.000807282362022237
S7_6312756 7 6312756 8.02093825495558e-06
S7_6329111 7 6329111 5.80758527123114e-06
S7_6428709 7 6428709 0.000146366324105399
S7_6474273 7 6474273 4.3124287097558e-05
S7_6474304 7 6474304 0.000206537286460088
S7_6481525 7 6481525 0.000412337840120467
S7_6481527 7 6481527 0.000412337840120467
S7_6481528 7 6481528 0.000412337840120467
S7_6481530 7 6481530 0.000412337840120548
S7_6487579 7 6487579 1.87040295844626e-06
S7_6495320 7 6495320 7.51529627519347e-08
S7_6500268 7 6500268 0.000775138777154125
S7_6520589 7 6520589 0.000925878403129932
S7_6523359 7 6523359 6.93858385028087e-05
S7_6524905 7 6524905 3.32987513490424e-10
S7_6535935 7 6535935 2.80243891973263e-09
S7_6535991 7 6535991 2.80243891973263e-09
S7_6535992 7 6535992 2.80243891973263e-09
S7_6535994 7 6535994 2.80243891973296e-09
S7_6560079 7 6560079 0.000104474338813835
S7_6562659 7 6562659 1.02166388407854e-08
S7_6572354 7 6572354 0.000513111483984515
S7_6651018 7 6651018 4.08980256465951e-07
S7_6678378 7 6678378 0.000356436574212857
S7_6726307 7 6726307 4.86045972598984e-09
S7_6738631 7 6738631 4.70531592728567e-10
S7_6740701 7 6740701 1.21583327685603e-06
S7_6740858 7 6740858 0.000424065103356289
S7_6745147 7 6745147 3.65514880256996e-11
S7_6765114 7 6765114 4.20785369059097e-13
S7_6778219 7 6778219 0.000431532693968715
S7_6786036 7 6786036 2.29239996789353e-09
S7_6823052 7 6823052 1.79742659438033e-05
S7_6852760 7 6852760 0.000734619314473577
S7_6865593 7 6865593 0.000245129300438114
S7_6868257 7 6868257 5.29060880412523e-06
S7_6893197 7 6893197 0.000436274046984839
S7_6933955 7 6933955 2.54754034663079e-06
S7_6935449 7 6935449 0.0004456342851408
S7_6935675 7 6935675 1.25959876145914e-05
S7_6935699 7 6935699 1.25959876145914e-05
S7_6937712 7 6937712 0.000608604016484965
S7_6961043 7 6961043 0.000726644441155344
S7_6977074 7 6977074 4.92027415420303e-05
S7_6977080 7 6977080 3.21970624478851e-06
S7_7012934 7 7012934 0.000249730483572194
S7_7012943 7 7012943 0.000249730483572194
S7_7037030 7 7037030 3.79071039282611e-05
S7_7082540 7 7082540 0.000763806166653729
S7_7103611 7 7103611 0.000909108223645537
S7_7103682 7 7103682 0.000414497258497626
S7_7108792 7 7108792 8.93697041141155e-05
S7_7143992 7 7143992 4.81267015236975e-05
S7_7162709 7 7162709 0.000248921660764048
S7_7338568 7 7338568 0.00035651067949634
S7_7354783 7 7354783 1.15304372041055e-07
S7_7362769 7 7362769 0.000171159725018577
S7_7367388 7 7367388 0.000708749840602484
S7_7411753 7 7411753 0.000313177782511532
S7_7411859 7 7411859 0.000135104122395633
S7_7411904 7 7411904 0.000484795715911915
S7_7474372 7 7474372 9.30905829130518e-06
S7_7482582 7 7482582 7.15078602712477e-05
S7_7489782 7 7489782 0.000462725903726893
S7_7492329 7 7492329 0.000285293266148539
S7_7492504 7 7492504 8.34637600943436e-09
S7_7492558 7 7492558 0.000198552453724858
S7_7502013 7 7502013 1.55710195164528e-10
S7_7596304 7 7596304 3.03203305509442e-05
S7_7596404 7 7596404 0.000948043067504998
S7_7629334 7 7629334 5.89680515128175e-05
S7_7629336 7 7629336 5.89680515128175e-05
S7_7699600 7 7699600 0.000380957944343775
S7_7724823 7 7724823 7.98610404580921e-06
S7_7725042 7 7725042 0.000490098935301942
S7_7725116 7 7725116 6.34058255900786e-05
S7_7743894 7 7743894 0.000364788403231794
S7_7744927 7 7744927 5.25789645687137e-09
S7_7759651 7 7759651 6.55337299920348e-08
S7_7822008 7 7822008 4.97949348057135e-06
S7_7822015 7 7822015 9.7926199059185e-05
S7_7825987 7 7825987 1.81265161009623e-08
S7_7865396 7 7865396 0.000522619800306446
S7_7866366 7 7866366 0.000535768360942537
S7_8016506 7 8016506 0.00025920180216426
S7_8182760 7 8182760 3.05789152545026e-05
S7_8197883 7 8197883 0.000113718752999884
S7_8248873 7 8248873 0.000556031037655098
S7_8338877 7 8338877 0.0004147122425561
S7_8350305 7 8350305 0.000997549078243632
S7_8435061 7 8435061 0.000696973392644052
S7_8621340 7 8621340 9.97816533685518e-08
S7_8637448 7 8637448 6.66327220132718e-06
S7_8637622 7 8637622 0.000815443180389263
S7_8663546 7 8663546 8.7376426792343e-05
S7_8773379 7 8773379 0.000144845671019776
S7_8837940 7 8837940 4.56141622664686e-08
S7_8871617 7 8871617 2.99965470509542e-05
S7_8879585 7 8879585 0.000254686552292793
S7_8879592 7 8879592 0.000123499659709511
S7_8895482 7 8895482 0.000273253222052242
S7_8951200 7 8951200 0.00038478972462159
S7_8979399 7 8979399 3.50849272589437e-05
S7_8979423 7 8979423 6.98052957713808e-05
S7_8979485 7 8979485 0.00057672672864845
S7_8998379 7 8998379 0.000484615729219525
S7_8998398 7 8998398 0.000484615729219525
S7_9005552 7 9005552 0.000695107158972049
S7_9005553 7 9005553 0.000695107158972049
S7_9005625 7 9005625 1.10779838151715e-05
S7_9086446 7 9086446 0.000506528070178789
S7_9151232 7 9151232 0.000575998044348359
S7_9151235 7 9151235 0.000575998044348359
S7_9153614 7 9153614 5.60545150727561e-05
S7_9153665 7 9153665 0.000347598698836413
S7_9209386 7 9209386 3.46780822839951e-05
S7_9224072 7 9224072 4.31122245233024e-05
S7_9235992 7 9235992 1.74794812939254e-05
S7_9239926 7 9239926 9.34165588301981e-05
S7_9316678 7 9316678 0.000446574374651633
S7_9316679 7 9316679 0.000457502856478797
S7_9316682 7 9316682 0.000336996672013231
S7_9316694 7 9316694 1.76597843111257e-05
S7_9339438 7 9339438 2.24424367529497e-06
S7_9352223 7 9352223 0.000721366554487809
S7_9352249 7 9352249 0.000721366554487809
S7_9465971 7 9465971 3.78592601433888e-06
S7_9605114 7 9605114 5.31939229297671e-06
S7_9605129 7 9605129 5.31939229297671e-06
S7_9605145 7 9605145 0.000170011865192335
S7_9615791 7 9615791 4.84449994614289e-07
S7_9615932 7 9615932 0.000188123165975587
S7_9616472 7 9616472 1.41562988556041e-05
S7_9625031 7 9625031 0.000626861906011437
S7_9663123 7 9663123 3.97432127629263e-06
S7_9663126 7 9663126 3.97432127629263e-06
S7_9663129 7 9663129 2.63686953197487e-06
S7_9717703 7 9717703 0.00038658020137611
S7_9855303 7 9855303 0.000496694943918463
S7_10030272 7 10030272 5.41484986966485e-10
S7_10036736 7 10036736 0.000361459401734046
S7_10036822 7 10036822 0.000115187547600772
S7_10072710 7 10072710 1.96994271896262e-07
S7_10126869 7 10126869 1.11205633068464e-09
S7_10171748 7 10171748 3.28115305217402e-06
S7_10178486 7 10178486 1.30314663047021e-08
S7_10192077 7 10192077 7.88122922972184e-05
S7_10192087 7 10192087 7.88122922972071e-05
S7_10251980 7 10251980 0.000123212439929956
S7_10449648 7 10449648 0.000530797169841237
S7_10454227 7 10454227 0.000267883973263809
S7_10489618 7 10489618 0.000105973438265769
S7_10497737 7 10497737 3.26316484597343e-05
S7_10750855 7 10750855 0.000391315194100562
S7_10771406 7 10771406 0.000396627012784583
S7_10771439 7 10771439 0.000252340589637146
S7_11120160 7 11120160 1.67458141828193e-06
S7_11120185 7 11120185 1.67458141828216e-06
S7_11120193 7 11120193 7.09284104881664e-07
S7_11120291 7 11120291 2.57917375692544e-13
S7_11120354 7 11120354 0.000222740795983502
S7_11120420 7 11120420 0.000384944746249047
S7_11120865 7 11120865 5.6731628663116e-08
S7_11170165 7 11170165 7.29756529958581e-07
S7_11173826 7 11173826 5.57624469148713e-18
S7_11184883 7 11184883 4.1046679011603e-08
S7_11191372 7 11191372 2.7909331924293e-10
S7_11212122 7 11212122 4.09981073267805e-08
S7_11237127 7 11237127 0.000941374806110234
S7_11237128 7 11237128 0.000941374806110234
S7_11239657 7 11239657 1.19418831411882e-10
S7_11243436 7 11243436 0.000241069795188053
S7_11243511 7 11243511 3.7166592529147e-09
S7_11247158 7 11247158 1.14191178146637e-06
S7_11248539 7 11248539 0.000177358168933638
S7_11252952 7 11252952 0.000641551627137366
S7_11257673 7 11257673 0.000321843468039136
S7_11258475 7 11258475 5.65126947588877e-08
S7_11258848 7 11258848 1.40845516925574e-07
S7_11261068 7 11261068 8.42074345196759e-10
S7_11265440 7 11265440 6.41544684438569e-12
S7_11265502 7 11265502 1.6606773528425e-11
S7_11305655 7 11305655 3.19290505461381e-10
S7_11305711 7 11305711 0.000400474223851006
S7_11380851 7 11380851 0.000164975333201381
S7_11410131 7 11410131 0.000930749812304239
S7_11456994 7 11456994 3.5956676786497e-12
S7_11467169 7 11467169 0.000581821238621146
S7_11467253 7 11467253 7.94849298988977e-07
S7_11488161 7 11488161 0.000226423288476219
S7_11584317 7 11584317 0.000835101004052038
S7_11584480 7 11584480 9.92557337181644e-11
S7_11590099 7 11590099 1.4263228546798e-07
S7_11669132 7 11669132 4.13627903117835e-09
S7_11773902 7 11773902 2.20758070188979e-05
S7_11823407 7 11823407 0.000683985049114253
S7_11929840 7 11929840 0.000191505001982533
S7_11994363 7 11994363 2.83951630230922e-05
S7_12014020 7 12014020 7.91710092212654e-06
S7_12014038 7 12014038 7.91710092212654e-06
S7_12048272 7 12048272 7.04480309680939e-06
S7_12050281 7 12050281 0.000304338385334154
S7_12088056 7 12088056 5.3295378682372e-11
S7_12142235 7 12142235 3.56383579976497e-06
S7_12205748 7 12205748 0.000140668128086137
S7_12216001 7 12216001 1.11266576123194e-05
S7_12217108 7 12217108 9.82405068190746e-06
S7_12218864 7 12218864 1.17797787779959e-05
S7_12254991 7 12254991 2.03571892021107e-06
S7_12265528 7 12265528 8.11869399406833e-05
S7_12371311 7 12371311 1.24203259100497e-05
S7_12373156 7 12373156 4.28879811894038e-08
S7_12427657 7 12427657 0.000472161501206894
S7_12588805 7 12588805 4.68134980862588e-06
S7_12630502 7 12630502 0.000357679677721344
S7_12662054 7 12662054 0.000284311694084942
S7_12711000 7 12711000 1.6422615381015e-11
S7_12711375 7 12711375 2.88054012965236e-05
S7_12712563 7 12712563 4.33623975556841e-05
S7_12729810 7 12729810 0.000631262429812177
S7_12792966 7 12792966 2.692865928259e-06
S7_12793039 7 12793039 4.68781284859011e-09
S7_12805496 7 12805496 0.000327065289620717
S7_12805525 7 12805525 0.000327065289620717
S7_12817933 7 12817933 0.000826290177623407
S7_12836658 7 12836658 5.05961485875352e-06
S7_12841259 7 12841259 1.44243902836573e-05
S7_12845357 7 12845357 1.6172776609555e-11
S7_12925035 7 12925035 0.000386181667235174
S7_12925056 7 12925056 6.43472705349432e-05
S7_12957969 7 12957969 0.000248082389706968
S7_13046343 7 13046343 0.000502018962624672
S7_13056890 7 13056890 8.46924956756396e-07
S7_13071609 7 13071609 9.90651128874067e-08
S7_13072450 7 13072450 2.33850058242058e-06
S7_13084879 7 13084879 7.51293502947474e-06
S7_13085004 7 13085004 6.13642965131118e-12
S7_13086535 7 13086535 1.26258230108457e-05
S7_13086538 7 13086538 6.0296573361466e-06
S7_13101568 7 13101568 7.61657195784944e-06
S7_13113362 7 13113362 1.28291564020139e-05
S7_13131976 7 13131976 1.40167516360027e-05
S7_13138861 7 13138861 4.85640747523615e-05
S7_13140982 7 13140982 6.12717248196697e-05
S7_13165323 7 13165323 7.24279701433527e-05
S7_13165329 7 13165329 7.24279701433527e-05
S7_13166030 7 13166030 3.65565493783002e-06
S7_13178423 7 13178423 0.000962039673730381
S7_13197247 7 13197247 2.62662209026562e-09
S7_13249341 7 13249341 3.51340858785996e-07
S7_13249835 7 13249835 7.45330045333638e-06
S7_13280262 7 13280262 7.75518459706576e-05
S7_13310195 7 13310195 8.01778689430723e-06
S7_13368872 7 13368872 7.9010421712863e-06
S7_13377673 7 13377673 5.94310737219287e-06
S7_13377722 7 13377722 3.05687817470888e-05
S7_13379961 7 13379961 1.66323213315397e-05
S7_13388830 7 13388830 6.20369366106352e-05
S7_13458991 7 13458991 5.63931175211348e-06
S7_13568561 7 13568561 0.000892094533429121
S7_13583764 7 13583764 0.000277988840211585
S7_13584446 7 13584446 0.000921632201710086
S7_13700318 7 13700318 0.000945903416529456
S7_13709254 7 13709254 8.82447297053143e-05
S7_13763821 7 13763821 0.000523779056840107
S7_13763853 7 13763853 0.000523779056840107
S7_13794676 7 13794676 0.000137227889356316
S7_13794939 7 13794939 1.88634042002835e-06
S7_13801876 7 13801876 0.00058919967231442
S7_13836410 7 13836410 0.00065076937368306
S7_13843212 7 13843212 0.000676218164032999
S7_13867010 7 13867010 4.88902441414159e-05
S7_13949657 7 13949657 0.000610246583296443
S7_13963334 7 13963334 0.000978253477895482
S7_13963337 7 13963337 0.000986637330350171
S7_13963441 7 13963441 0.000297779568896815
S7_13963710 7 13963710 0.000970654361181291
S7_13994458 7 13994458 0.000342738374749908
S7_13994633 7 13994633 0.000363269264570057
S7_14105791 7 14105791 1.01367301684953e-05
S7_14117464 7 14117464 0.000113466655549964
S7_14143241 7 14143241 5.25521190539172e-06
S7_14143330 7 14143330 0.000188739279256917
S7_14146046 7 14146046 8.9640165782245e-05
S7_14146080 7 14146080 0.000202163942705905
S7_14178186 7 14178186 0.000734095487844757
S7_14178212 7 14178212 0.000734095487844757
S7_14178723 7 14178723 0.000457637928330348
S7_14180672 7 14180672 0.000180959525524134
S7_14182603 7 14182603 6.22979963102243e-05
S7_14184108 7 14184108 2.19364955776611e-06
S7_14207813 7 14207813 5.17674645904864e-05
S7_14211165 7 14211165 0.000899016414538359
S7_14212057 7 14212057 7.23884647570675e-05
S7_14212261 7 14212261 4.06746213011138e-06
S7_14221192 7 14221192 0.000303509102755964
S7_14247229 7 14247229 7.41231558598263e-05
S7_14257455 7 14257455 0.000300508911582144
S7_14259778 7 14259778 8.72452460012555e-05
S7_14261825 7 14261825 0.000457416224160628
S7_14290940 7 14290940 0.00060002536688651
S7_14290997 7 14290997 9.12052686479324e-07
S7_14291010 7 14291010 0.000652200190497807
S7_14349325 7 14349325 9.50560855671957e-06
S7_14385062 7 14385062 2.29152994134697e-06
S7_14398259 7 14398259 0.000803300300047224
S7_14398641 7 14398641 0.000108323096940501
S7_14545616 7 14545616 3.87067645757364e-05
S7_14545719 7 14545719 0.000498052438635182
S7_14936639 7 14936639 0.000879863079303063
S7_14936672 7 14936672 0.000347725139860596
S7_15144563 7 15144563 0.000725006254915695
S7_15397653 7 15397653 0.000520590951089917
S7_15514181 7 15514181 0.000261610320083828
S7_15752826 7 15752826 0.000868997569414746
S7_15927897 7 15927897 0.000515508533007811
S7_15927898 7 15927898 0.000515508533007811
S7_16113846 7 16113846 0.000292299750975986
S7_16114476 7 16114476 0.000121174832143236
S7_16155850 7 16155850 0.000280884863877821
S7_16522109 7 16522109 5.49401751256784e-05
S7_16547732 7 16547732 0.000913619884334911
S7_16813166 7 16813166 0.000704477605504153
S7_17020840 7 17020840 0.000445126910846063
S7_17116397 7 17116397 8.28726728215612e-05
S7_17152977 7 17152977 0.000583372640689849
S7_17353760 7 17353760 0.000115902978190982
S7_17460106 7 17460106 0.00076150735272109
S7_17532940 7 17532940 0.000225731738402001
S7_17900662 7 17900662 0.000354536906426742
S7_17912814 7 17912814 0.000164725776460216
S7_17921134 7 17921134 0.000150057435867208
S7_18172194 7 18172194 0.000761828335783636
S7_18191787 7 18191787 5.36480187728703e-08
S7_18268261 7 18268261 0.00011549502511897
S7_18389437 7 18389437 0.000724798477854316
S7_18390417 7 18390417 3.15202495168139e-05
S7_18397231 7 18397231 0.000597342362334438
S7_18448134 7 18448134 3.15850514230257e-05
S7_18480918 7 18480918 3.22838048079532e-05
S7_18565595 7 18565595 0.00012635451567797
S7_18648893 7 18648893 0.000342918117188413
S7_18729849 7 18729849 0.000132562702403166
S7_18825659 7 18825659 0.000614823900999035
S7_18950156 7 18950156 0.000317113100033381
S7_18964398 7 18964398 0.000155029518751185
S7_19122282 7 19122282 0.000242268163735428
S7_19191493 7 19191493 0.000359867369826091
S7_19244536 7 19244536 0.000167352843966942
S7_19348232 7 19348232 0.000313806915240386
S7_19356500 7 19356500 0.000835913092953557
S7_19397314 7 19397314 0.000155396351858873
S7_19411344 7 19411344 0.00011601608397988
S7_19449890 7 19449890 0.000339473245020157
S7_19451073 7 19451073 0.000170947847389364
S7_19451135 7 19451135 0.000551018010741533
S7_19457484 7 19457484 0.000100741422747767
S7_19459262 7 19459262 0.000587201790290564
S7_19471833 7 19471833 0.000505252097409455
S7_19538791 7 19538791 0.000338840101696456
S7_19561460 7 19561460 0.000131704215103218
S7_19572890 7 19572890 0.000198941344224491
S7_19593018 7 19593018 6.37819909567227e-05
S7_19593067 7 19593067 6.37819909567227e-05
S7_19637538 7 19637538 0.000328341761518102
S7_19669083 7 19669083 0.000136245758074863
S7_19669108 7 19669108 0.000136245758074863
S7_19938701 7 19938701 0.000220279188188581
S7_19938735 7 19938735 2.11864857354467e-05
S7_20116319 7 20116319 0.000462707810404641
S7_20566148 7 20566148 0.000827325619088344
S7_20570702 7 20570702 0.000596008949982754
S7_20571092 7 20571092 6.20925383663433e-05
S7_20761702 7 20761702 0.000543299280194696
S7_20761749 7 20761749 0.000282506977188989
S7_20992665 7 20992665 0.000154220158295998
S7_20992691 7 20992691 0.000156470951479102
S7_20992721 7 20992721 0.000166615292900056
S7_21006467 7 21006467 0.000600706435463343
S7_21144549 7 21144549 1.89776875052132e-05
S7_21208471 7 21208471 0.000184650088343997
S7_21314150 7 21314150 0.000115374872036377
S7_21314263 7 21314263 0.000171147495543787
S7_21327688 7 21327688 0.000423528994766665
S7_21345252 7 21345252 2.94728582574463e-05
S7_21365879 7 21365879 0.000256982410215707
S7_21766662 7 21766662 8.03672735584226e-05
S7_21875844 7 21875844 0.000144159749931686
S7_21941955 7 21941955 0.00090963365932385
S7_22054171 7 22054171 0.000246812211333774
S7_22098988 7 22098988 5.91667463265366e-05
S7_22320990 7 22320990 0.000516579393809809
S7_22346533 7 22346533 0.000883765682450272
S7_22346547 7 22346547 0.000883765682450272
S7_22499178 7 22499178 0.000918977031463138
S7_23242607 7 23242607 0.000348864177691826
S7_23727383 7 23727383 0.000739615652607831
S7_26267213 7 26267213 6.07307622264657e-05
S7_27213023 7 27213023 2.70249644634989e-06
S7_27403296 7 27403296 0.000165553980873438
S7_28672240 7 28672240 4.78420251650861e-05
S7_30355256 7 30355256 7.74273570743773e-05
S7_35408536 7 35408536 0.000783543705486588
S7_35697869 7 35697869 0.000769310191979249
S7_35836285 7 35836285 0.000815246766587109
S7_36015285 7 36015285 0.000136990078801376
S7_36097181 7 36097181 0.000139794711868992
S7_36275359 7 36275359 2.85344926888545e-06
S7_36439355 7 36439355 0.000845743055351828
S7_36520915 7 36520915 0.000509375163283829
S7_37461107 7 37461107 0.00040438413057669
S7_37509243 7 37509243 0.000147689116799931
S7_37509261 7 37509261 0.000191036353035078
S7_37858529 7 37858529 0.000508916382111583
S7_37908761 7 37908761 0.000144047724289904
S7_37929575 7 37929575 7.89496870407754e-05
S7_38388354 7 38388354 1.20085178112868e-05
S7_38740032 7 38740032 0.000854491735369857
S7_38773622 7 38773622 0.000470414084758398
S7_38987085 7 38987085 0.000120993437144768
S7_41099023 7 41099023 9.34494165083288e-06
S7_42582088 7 42582088 2.52780702138532e-05
S7_46561957 7 46561957 5.58191585080275e-05
S7_46561971 7 46561971 5.58191585080275e-05
S7_47564091 7 47564091 0.00013526095677078
S7_48173253 7 48173253 0.000458322232777216
S7_48176546 7 48176546 9.24465284577301e-05
S7_48182949 7 48182949 1.19002186815679e-05
S7_48183155 7 48183155 0.000259778527204033
S7_48343290 7 48343290 2.20773337377753e-06
S7_48357060 7 48357060 2.34729003892513e-05
S7_48372296 7 48372296 1.88165154915836e-08
S7_48373532 7 48373532 2.69496009099483e-06
S7_48454787 7 48454787 6.98477173177027e-05
S7_48463893 7 48463893 4.66880680728194e-06
S7_48474817 7 48474817 5.23374815738593e-05
S7_48750685 7 48750685 3.31133512114666e-06
S7_48750686 7 48750686 1.95648459052641e-05
S7_48790302 7 48790302 1.15185357881834e-06
S7_48803443 7 48803443 7.89909302187861e-06
S7_48820974 7 48820974 0.000754548535264818
S7_48849600 7 48849600 5.64733892261697e-05
S7_48853190 7 48853190 0.000186923034137371
S7_48880235 7 48880235 7.24935511293001e-06
S7_48945919 7 48945919 2.73062390042893e-05
S7_48988060 7 48988060 0.00012061439842209
S7_48988890 7 48988890 1.86874082994429e-05
S7_48989445 7 48989445 1.17740754169892e-06
S7_48991085 7 48991085 2.66606759301287e-05
S7_49048599 7 49048599 2.78709559158214e-06
S7_49048812 7 49048812 1.04029612412175e-06
S7_49155824 7 49155824 0.000320355573202518
S7_49261455 7 49261455 0.000723743224407577
S7_49267318 7 49267318 0.000238115049465363
S7_49295392 7 49295392 1.06455072406215e-05
S7_49311601 7 49311601 5.93535012405161e-05
S7_49318069 7 49318069 5.99872518579234e-06
S7_49442962 7 49442962 4.59937611482142e-09
S7_49449501 7 49449501 5.3508844813217e-05
S7_49535593 7 49535593 6.00727476214086e-05
S7_49554401 7 49554401 2.84958259095918e-06
S7_49557072 7 49557072 2.82312923264448e-07
S7_49626116 7 49626116 0.000390947225351623
S7_50601857 7 50601857 0.000200240225530228
S7_50684820 7 50684820 0.000314265995124653
S7_50684959 7 50684959 0.000300604868489334
S7_50731462 7 50731462 0.000172963784165801
S7_50821800 7 50821800 0.000474227040189183
S7_50901169 7 50901169 5.07423634008005e-05
S7_50901667 7 50901667 0.000282797291380453
S7_50913441 7 50913441 0.000358031446097015
S7_50913450 7 50913450 0.000358031446097057
S7_50913451 7 50913451 0.000358031446097057
S7_50935739 7 50935739 0.000909993150499583
S7_50940255 7 50940255 7.93826103748542e-05
S7_50940259 7 50940259 0.000350954530168182
S7_50940987 7 50940987 0.000894568577688756
S7_50941323 7 50941323 0.000196709321956949
S7_51075908 7 51075908 2.29523728108146e-06
S7_51110069 7 51110069 0.000676861510053363
S7_51110093 7 51110093 0.000676861510053277
S7_51147982 7 51147982 0.000523665621524292
S7_51272521 7 51272521 0.000678745176346177
S7_51272559 7 51272559 0.000678745176346177
S7_51389414 7 51389414 0.000901637212174794
S7_51447189 7 51447189 0.000964384081157741
S7_51520524 7 51520524 0.000679833707991797
S7_51568578 7 51568578 0.000326367685089533
S7_51598671 7 51598671 0.000489813511777584
S7_51661954 7 51661954 0.000336441318442126
S7_51939551 7 51939551 0.000131081168750304
S7_51982713 7 51982713 0.000115955981400902
S7_51982762 7 51982762 0.000115955981400902
S7_51999005 7 51999005 0.000424353345925566
S7_52006261 7 52006261 8.77217552929363e-05
S7_52006268 7 52006268 8.51228950809813e-05
S7_52011988 7 52011988 0.000424436988931318
S7_52055169 7 52055169 5.35670471482152e-05
S7_52057476 7 52057476 5.06430341231563e-05
S7_52057478 7 52057478 5.06430341231563e-05
S7_52146530 7 52146530 1.04669955908929e-09
S7_52157702 7 52157702 0.000183540438631035
S7_52320422 7 52320422 0.000559107777054076
S7_52343102 7 52343102 5.19684559638493e-09
S7_52364349 7 52364349 0.000539213406236333
S7_52376142 7 52376142 5.87971081940342e-05
S7_52420469 7 52420469 1.79574947018571e-07
S7_52482795 7 52482795 0.00056639384429714
S7_52586300 7 52586300 0.000464324371527945
S7_52621145 7 52621145 0.000200372853514586
S7_52639349 7 52639349 8.02720077580818e-06
S7_52640744 7 52640744 1.46673598504516e-06
S7_52642815 7 52642815 7.81462998426936e-06
S7_52642837 7 52642837 3.16970619106403e-06
S7_52647807 7 52647807 2.9260848937515e-06
S7_52699812 7 52699812 0.000347661259648315
S7_52761049 7 52761049 3.16425402954364e-06
S7_52779524 7 52779524 0.000301858423306669
S7_52789063 7 52789063 3.44460746173977e-06
S7_52856918 7 52856918 3.04818369694823e-10
S7_52856993 7 52856993 4.32397939576502e-06
S7_52856994 7 52856994 4.80479013035839e-06
S7_52856995 7 52856995 0.00051342294986747
S7_52859551 7 52859551 3.33176066768374e-08
S7_52859677 7 52859677 3.82907060051702e-09
S7_52859692 7 52859692 2.87468191079877e-09
S7_52860304 7 52860304 5.60453442023833e-09
S7_52921693 7 52921693 9.66985692248385e-05
S7_52921981 7 52921981 2.36897177166984e-06
S7_52962527 7 52962527 0.000651480048752703
S7_52983810 7 52983810 4.31427653806143e-09
S7_52989205 7 52989205 5.3329794940775e-08
S7_52989229 7 52989229 1.03550893509458e-08
S7_52989408 7 52989408 2.52213134892852e-10
S7_53050708 7 53050708 9.84274957971282e-10
S7_53058305 7 53058305 1.1203306141348e-05
S7_53058318 7 53058318 1.1203306141348e-05
S7_53066524 7 53066524 0.00012655888074967
S7_53066554 7 53066554 3.05275361821628e-06
S7_53066655 7 53066655 6.69002642137684e-05
S7_53081573 7 53081573 0.000119642431516349
S7_53092009 7 53092009 1.29036973343287e-08
S7_53107060 7 53107060 0.000737161316244743
S7_53120958 7 53120958 6.32083250123942e-07
S7_53124413 7 53124413 1.95442543143553e-06
S7_53130416 7 53130416 0.000451416300934154
S7_53130427 7 53130427 0.00073467258785463
S7_53130510 7 53130510 5.05448069845158e-05
S7_53164601 7 53164601 6.68239140968542e-06
S7_53167716 7 53167716 6.21469358304647e-06
S7_53168702 7 53168702 0.000240774923287639
S7_53168704 7 53168704 0.00023877193158188
S7_53170200 7 53170200 0.000735145640171742
S7_53170207 7 53170207 0.000735145640171742
S7_53207671 7 53207671 0.000554594067833482
S7_53207673 7 53207673 0.000554594067833482
S7_53264603 7 53264603 0.000340102642146626
S7_53264616 7 53264616 0.000340102642146626
S7_53283165 7 53283165 1.09917734683647e-05
S7_53284553 7 53284553 2.5679177790431e-05
S7_53284557 7 53284557 2.5679177790431e-05
S7_53284560 7 53284560 2.5679177790431e-05
S7_53288372 7 53288372 0.000400831309142532
S7_53288410 7 53288410 0.000436987285560007
S7_53312115 7 53312115 0.00027988556153571
S7_53312547 7 53312547 0.000125092739854305
S7_53312693 7 53312693 0.000906696421073627
S7_53312702 7 53312702 0.000906696421073627
S7_53312732 7 53312732 0.000906696421073627
S7_53313131 7 53313131 0.000603580341183855
S7_53331497 7 53331497 4.6126061202397e-05
S7_53331702 7 53331702 7.05266687994731e-10
S7_53332489 7 53332489 2.82517427722957e-05
S7_53355934 7 53355934 0.000325548191827851
S7_53355959 7 53355959 0.000417677274974583
S7_53355964 7 53355964 0.000417677274974583
S7_53360457 7 53360457 4.83111789719659e-06
S7_53365794 7 53365794 0.000164527885743698
S7_53366157 7 53366157 1.22367100946922e-05
S7_53456441 7 53456441 1.280351140834e-05
S7_53464976 7 53464976 5.289512145843e-05
S7_53466277 7 53466277 2.24484007095903e-05
S7_53608419 7 53608419 0.000389231174513644
S7_53608429 7 53608429 5.01140682727881e-05
S7_53618509 7 53618509 6.81822059832462e-08
S7_53701923 7 53701923 3.20127461834253e-05
S7_53970838 7 53970838 8.10646327278951e-06
S7_54022039 7 54022039 0.000634494406330432
S7_54333754 7 54333754 0.000570760085514274
S7_54409336 7 54409336 0.000176602191068407
S7_54409337 7 54409337 0.00016228225022267
S7_54409338 7 54409338 0.00016228225022265
S7_54518458 7 54518458 0.000780856160713532
S7_54519896 7 54519896 0.000877271947014099
S7_54541999 7 54541999 0.000915335677732702
S7_54547703 7 54547703 0.000940252486245399
S7_54573186 7 54573186 2.45550897706693e-05
S7_54702567 7 54702567 7.8160864568947e-05
S7_54703627 7 54703627 5.7657755735884e-06
S7_54726920 7 54726920 4.27410193194113e-05
S7_54727116 7 54727116 6.71873198469473e-05
S7_54732377 7 54732377 0.000387776971959739
S7_54732417 7 54732417 4.39089595263282e-05
S7_54736221 7 54736221 4.83506560917302e-05
S7_54737352 7 54737352 0.00022661101461265
S7_54738620 7 54738620 0.000248622275614212
S7_54751485 7 54751485 1.46723549876988e-05
S7_54755565 7 54755565 0.000638171805081749
S7_54760986 7 54760986 5.04579636627144e-05
S7_54763104 7 54763104 5.07874083997743e-06
S7_54778890 7 54778890 0.000224726852465582
S7_54811210 7 54811210 0.000639477031383944
S7_54853014 7 54853014 2.49094810305781e-06
S7_54909737 7 54909737 3.5045584640757e-06
S7_54915420 7 54915420 0.000919679036222042
S7_54942909 7 54942909 0.000836344100600442
S7_54988551 7 54988551 0.000542597891830373
S7_54989358 7 54989358 4.24870737656393e-06
S7_54989360 7 54989360 4.24870737656439e-06
S7_54989461 7 54989461 2.0910204223814e-09
S7_54989561 7 54989561 0.000551834992767081
S7_54989564 7 54989564 0.000794184095893233
S7_54989566 7 54989566 0.00022554721145599
S7_54996897 7 54996897 4.08835523267824e-07
S7_55026382 7 55026382 4.24046797910026e-05
S7_55086967 7 55086967 1.86020070933771e-05
S7_55130907 7 55130907 0.000325861691095637
S7_55130952 7 55130952 0.000137797618826399
S7_55181640 7 55181640 7.56638291250491e-06
S7_55181664 7 55181664 1.02936087505277e-06
S7_55193744 7 55193744 3.92242254864766e-05
S7_55196222 7 55196222 5.58325716338109e-06
S7_55208155 7 55208155 4.52137048138225e-06
S7_55208424 7 55208424 0.000146695559341013
S7_55220277 7 55220277 2.36644470441063e-07
S7_55220381 7 55220381 1.42919888929456e-05
S7_55222693 7 55222693 5.50212276364743e-06
S7_55223089 7 55223089 3.14509202477554e-05
S7_55228991 7 55228991 0.000198923050809665
S7_55228995 7 55228995 0.000231493342141347
S7_55229387 7 55229387 1.25599657828943e-06
S7_55229462 7 55229462 0.000684927440381102
S7_55229500 7 55229500 0.000729535260527861
S7_55235656 7 55235656 0.000355153622559909
S7_55237714 7 55237714 5.06239108987885e-07
S7_55237715 7 55237715 2.97642821119971e-07
S7_55237755 7 55237755 3.5040223159637e-05
S7_55237792 7 55237792 4.37264068657717e-07
S7_55237829 7 55237829 1.9711767154874e-07
S7_55238199 7 55238199 0.000367785218478645
S7_55242122 7 55242122 0.000829745076174963
S7_55242125 7 55242125 0.00082658942359098
S7_55242126 7 55242126 0.000630861760988668
S7_55242128 7 55242128 0.000796974206140031
S7_55242287 7 55242287 0.000222723050325609
S7_55249397 7 55249397 4.78354469373745e-06
S7_55253515 7 55253515 0.00095489943101667
S7_55253635 7 55253635 0.000117428460565499
S7_55253775 7 55253775 8.11400452342538e-05
S7_55255853 7 55255853 9.61744498657374e-05
S7_55256690 7 55256690 0.000255331249564971
S7_55269489 7 55269489 6.36068803380394e-05
S7_55269520 7 55269520 0.000208038998666128
S7_55272483 7 55272483 0.000950772256248619
S7_55272486 7 55272486 0.000712595177012589
S7_55272489 7 55272489 0.000967653966537966
S7_55281348 7 55281348 0.000737735698909541
S7_55307497 7 55307497 1.8253726784227e-05
S7_55307503 7 55307503 1.89195709905427e-05
S7_55309374 7 55309374 0.00010902140235944
S7_55319595 7 55319595 2.85888330395492e-06
S7_55319596 7 55319596 2.85888330395507e-06
S7_55330491 7 55330491 0.00041937539977186
S7_55332294 7 55332294 0.000827094258505303
S7_55332296 7 55332296 4.01022248655878e-05
S7_55332336 7 55332336 4.01022248655878e-05
S7_55332352 7 55332352 4.01022248655878e-05
S7_55336457 7 55336457 0.000104114226274758
S7_55336466 7 55336466 8.09443814396753e-05
S7_55336481 7 55336481 9.15328724021009e-05
S7_55336547 7 55336547 0.00032255701742854
S7_55337288 7 55337288 0.000265730318294371
S7_55338837 7 55338837 0.000435899353961162
S7_55341020 7 55341020 0.000976787209563322
S7_55341021 7 55341021 0.000415690483627821
S7_55343757 7 55343757 0.000132484679984803
S7_55346491 7 55346491 0.000769887894132062
S7_55352888 7 55352888 0.000337552011021702
S7_55367841 7 55367841 3.79982229941761e-06
S7_55379541 7 55379541 0.000447305708744643
S7_55380574 7 55380574 0.000852417504637418
S7_55382538 7 55382538 5.36752584501307e-05
S7_55384786 7 55384786 0.000338307899397571
S7_55395056 7 55395056 1.32856773219711e-05
S7_55445488 7 55445488 3.16262136921121e-05
S7_55700965 7 55700965 1.7033758980044e-05
S7_55777451 7 55777451 2.73327987379824e-05
S7_55777478 7 55777478 2.16856094212533e-05
S7_55857801 7 55857801 0.000262420425604486
S7_55882037 7 55882037 0.000789427238215491
S7_55894463 7 55894463 0.000355517300439013
S7_55904596 7 55904596 2.93732351584331e-06
S7_55934158 7 55934158 0.000455502597815812
S7_55938632 7 55938632 0.000463576339357047
S7_55979825 7 55979825 0.000333289448599294
S7_55979826 7 55979826 0.000333289448599294
S7_56000992 7 56000992 0.000986674511256149
S7_56001055 7 56001055 0.000508426638848321
S7_56002807 7 56002807 0.00026593800817972
S7_56002813 7 56002813 7.49781276166802e-08
S7_56002843 7 56002843 0.000421252678080245
S7_56027827 7 56027827 0.000129010901731283
S7_56061399 7 56061399 1.80503265089656e-05
S7_56061853 7 56061853 3.09521681759834e-11
S7_56061866 7 56061866 2.9682018274759e-11
S7_56061867 7 56061867 2.96820182747632e-11
S7_56061868 7 56061868 2.9682018274759e-11
S7_56061873 7 56061873 2.9682018274759e-11
S7_56126471 7 56126471 0.000840379293778217
S7_56144816 7 56144816 6.64293420618378e-10
S7_56145246 7 56145246 1.31454914836852e-05
S7_56191104 7 56191104 0.0003252424293252
S7_56191160 7 56191160 2.44569255142483e-05
S7_56196770 7 56196770 1.47664541365514e-08
S7_56196783 7 56196783 1.47664541365514e-08
S7_56201309 7 56201309 0.00029556605868025
S7_56211509 7 56211509 5.79351051905883e-06
S7_56211510 7 56211510 5.79351051905883e-06
S7_56211663 7 56211663 3.31441598014069e-06
S7_56211686 7 56211686 0.000948505615553933
S7_56216127 7 56216127 7.51028853882164e-05
S7_56216132 7 56216132 0.000172481266592021
S7_56216135 7 56216135 0.000746171137710216
S7_56223036 7 56223036 7.92437416835394e-05
S7_56233221 7 56233221 9.29839663849108e-07
S7_56233373 7 56233373 0.00016140918222605
S7_56233379 7 56233379 0.00016140918222605
S7_56238288 7 56238288 5.83408048916224e-05
S7_56271180 7 56271180 1.27129018037925e-05
S7_56287056 7 56287056 7.34267020251181e-07
S7_56303690 7 56303690 0.00046909530123571
S7_56303691 7 56303691 3.53598691931362e-05
S7_56303708 7 56303708 3.53598691931362e-05
S7_56303751 7 56303751 0.000616480840908411
S7_56315882 7 56315882 0.00036647808397391
S7_56327582 7 56327582 1.0063395201199e-05
S7_56357503 7 56357503 0.000953326579929118
S7_56357534 7 56357534 0.000947697570083556
S7_56357604 7 56357604 7.00874237435291e-05
S7_56363165 7 56363165 3.91811608118195e-09
S7_56370939 7 56370939 7.02482677107462e-05
S7_56373931 7 56373931 0.000136327974713102
S7_56378249 7 56378249 5.32197511207186e-05
S7_56380300 7 56380300 1.77316488354169e-05
S7_56380303 7 56380303 1.77316488354169e-05
S7_56380477 7 56380477 0.00021292445347522
S7_56420972 7 56420972 1.10840353954129e-05
S7_56421015 7 56421015 1.10840353954129e-05
S7_56519870 7 56519870 0.000521978885709515
S7_56641137 7 56641137 0.000954340146211447
S7_56746148 7 56746148 3.44318115046045e-05
S7_56748009 7 56748009 0.000159816101769598
S7_56807143 7 56807143 6.40846401604893e-05
S7_56813595 7 56813595 0.000660413213748288
S7_56820276 7 56820276 0.000461762998377011
S7_56890574 7 56890574 0.000818737200785885
S7_56893437 7 56893437 0.000586096937191248
S7_56893452 7 56893452 0.000586096937191248
S7_56913022 7 56913022 0.000231398743920019
S7_56913174 7 56913174 3.3191811069448e-05
S7_56914588 7 56914588 0.000341499301978347
S7_56914678 7 56914678 2.77192047408285e-05
S7_57075682 7 57075682 0.00015615576755422
S7_57259351 7 57259351 3.97759721623158e-05
S7_57259942 7 57259942 1.52012210591084e-07
S7_57259960 7 57259960 3.83029885679972e-07
S7_57261449 7 57261449 5.12173402575697e-06
S7_57265110 7 57265110 3.49923395038695e-10
S7_57265878 7 57265878 4.18387194863067e-07
S7_57269644 7 57269644 3.50326086932363e-05
S7_57279280 7 57279280 0.000501596965421963
S7_57283498 7 57283498 0.000343345875204766
S7_57308200 7 57308200 1.55259157686581e-07
S7_57334310 7 57334310 7.76262217798031e-06
S7_57345687 7 57345687 0.000763293727810252
S7_57362869 7 57362869 7.99505543338138e-05
S7_57362918 7 57362918 7.99505543338138e-05
S7_57362919 7 57362919 7.99505543338138e-05
S7_57438271 7 57438271 7.02048483731683e-06
S7_57455329 7 57455329 6.78684172090216e-06
S7_57462251 7 57462251 0.000478949775689764
S7_57558999 7 57558999 4.06700034289523e-05
S7_57559048 7 57559048 1.73035593456129e-06
S7_57561669 7 57561669 1.41044088241483e-05
S7_57569915 7 57569915 1.88899197181906e-05
S7_57626261 7 57626261 1.182557478641e-06
S7_57626280 7 57626280 1.07772924874794e-05
S7_57626293 7 57626293 3.25433692820173e-05
S7_57627283 7 57627283 0.000546515188342593
S7_57629998 7 57629998 1.43363056020114e-05
S7_57630006 7 57630006 4.86138179336214e-07
S7_57633027 7 57633027 2.55693759690372e-07
S7_57633046 7 57633046 2.55693759690372e-07
S7_57633047 7 57633047 2.55693759690384e-07
S7_57633048 7 57633048 4.85931252750412e-07
S7_57633049 7 57633049 2.58509684416004e-07
S7_57633216 7 57633216 4.93497267577879e-05
S7_57633225 7 57633225 4.93497267577879e-05
S7_57633252 7 57633252 4.93497267577879e-05
S7_57633255 7 57633255 4.93497267577879e-05
S7_57633323 7 57633323 0.0001252406449022
S7_57639924 7 57639924 0.000517047123675497
S7_57667424 7 57667424 0.000242451394809234
S7_57667587 7 57667587 4.67747691967268e-10
S7_57667588 7 57667588 4.36619363715885e-10
S7_57668343 7 57668343 5.50991953759497e-06
S7_57735218 7 57735218 2.84598412780512e-05
S7_57761372 7 57761372 6.84293455900502e-08
S7_57768157 7 57768157 5.52680992004604e-05
S7_57806240 7 57806240 0.000596201237669698
S7_57818253 7 57818253 1.79361059642834e-05
S7_57821269 7 57821269 3.41638269835822e-05
S7_57833899 7 57833899 7.52595253686689e-06
S7_57834880 7 57834880 0.000240495710060509
S7_57876443 7 57876443 0.000590229242872428
S7_57876458 7 57876458 1.41063802020318e-05
S7_57877616 7 57877616 0.000249002721949169
S7_57885722 7 57885722 1.3724778775732e-06
S7_57901973 7 57901973 3.74075073003421e-05
S7_57989491 7 57989491 6.43329203696442e-06
S7_58003866 7 58003866 0.000338460651077412
S7_58003888 7 58003888 0.000481847733960035
S7_58003914 7 58003914 3.75198778110596e-05
S7_58005398 7 58005398 1.27245185328115e-05
S7_58005882 7 58005882 7.8442466608796e-05
S7_58005934 7 58005934 6.67570283531396e-05
S7_58006257 7 58006257 0.000665302711332386
S7_58026887 7 58026887 0.000254368715548301
S7_58026904 7 58026904 0.000354795355308527
S7_58026936 7 58026936 0.000419410909135694
S7_58026958 7 58026958 0.00029912669336483
S7_58028151 7 58028151 0.000192192166996094
S7_58028383 7 58028383 0.000328845341755091
S7_58033083 7 58033083 0.000513564235877759
S7_58033085 7 58033085 0.000513564235877759
S7_58033097 7 58033097 0.000513564235877759
S7_58040668 7 58040668 0.000438363308065359
S7_58058601 7 58058601 0.000862168893522691
S7_58058681 7 58058681 3.16084553867028e-05
S7_58205332 7 58205332 2.24245686403284e-07
S7_58223882 7 58223882 0.000201864458845649
S7_58386351 7 58386351 0.000196574066359074
S7_58397363 7 58397363 0.00036448258933996
S7_58574982 7 58574982 0.000318590919881852
S7_58590688 7 58590688 1.78740490625088e-12
S7_58707164 7 58707164 0.000852859127088204
S7_58741300 7 58741300 0.00014915855541097
S7_58741310 7 58741310 0.000404179190553869
S7_58744297 7 58744297 1.87360419479698e-14
S7_58766129 7 58766129 1.91827399056509e-15
S7_58774464 7 58774464 5.90752197466022e-11
S7_58790826 7 58790826 0.000795679859983467
S7_58790838 7 58790838 0.000795679859983467
S7_58791144 7 58791144 0.000694402863174455
S7_58791145 7 58791145 0.000694402863174455
S7_58791146 7 58791146 0.000687871249788506
S7_58793255 7 58793255 0.000812140449718867
S7_58794463 7 58794463 1.71165731496748e-07
S7_58794632 7 58794632 0.000182679210756551
S7_58795364 7 58795364 1.35147125974586e-06
S7_58795431 7 58795431 1.52479516737432e-06
S7_58811682 7 58811682 0.000134548129906552
S7_58834007 7 58834007 2.75144884454008e-07
S7_58913639 7 58913639 0.00029395622179878
S7_58924500 7 58924500 6.28794656237643e-05
S7_58926079 7 58926079 0.000866558619194083
S7_58931258 7 58931258 1.25524428029754e-05
S7_58940760 7 58940760 5.09016055738329e-06
S7_58954259 7 58954259 0.000483919508696019
S7_58967885 7 58967885 0.000433195660838162
S7_59003904 7 59003904 0.000464882722512741
S7_59014328 7 59014328 9.7163745241509e-06
S7_59057850 7 59057850 0.000158918106840438
S7_59081484 7 59081484 3.75634541218313e-05
S7_59081503 7 59081503 0.000948980666320616
S7_59082001 7 59082001 0.000221601909279042
S7_59092272 7 59092272 0.000149878123311734
S7_59171031 7 59171031 1.13788060959488e-09
S7_59179199 7 59179199 0.000140018267257934
S7_59183181 7 59183181 0.000399804535097957
S7_59198201 7 59198201 8.45788309971666e-05
S7_59208204 7 59208204 0.000696565172135755
S7_59228090 7 59228090 0.000306242345142681
S7_59228091 7 59228091 0.000306242345142681
S7_59242065 7 59242065 0.000810400776256655
S7_59242203 7 59242203 3.31797428787759e-05
S7_59242210 7 59242210 7.36405885254703e-05
S7_59274657 7 59274657 2.99883612172981e-06
S7_59279835 7 59279835 3.89435026880703e-05
S7_59340338 7 59340338 0.000115556010089621
S7_59352640 7 59352640 0.000404979481055341
S7_59357168 7 59357168 0.000818013097057097
S7_59359151 7 59359151 7.60027334632441e-06
S7_59361464 7 59361464 0.000386166796615666
S7_59361500 7 59361500 1.04561168879886e-05
S7_59419105 7 59419105 0.00072343437790038
S7_59423281 7 59423281 0.000225725137779615
S7_59428741 7 59428741 2.28533854607442e-15
S7_59433042 7 59433042 1.07765886238951e-05
S7_59440690 7 59440690 0.000184292366491701
S7_59443781 7 59443781 1.96995003018148e-07
S7_59451743 7 59451743 1.37204249882205e-07
S7_59451974 7 59451974 0.00014266143724914
S7_59451976 7 59451976 8.79787497721283e-07
S7_59477284 7 59477284 2.44467774622067e-05
S7_59481630 7 59481630 0.000164606566850854
S7_59482926 7 59482926 1.63050229839065e-05
S7_59483342 7 59483342 0.00092160842997716
S7_59483390 7 59483390 0.000926251472120948
S7_59506632 7 59506632 0.000723874346337643
S7_59520081 7 59520081 6.4974539026968e-05
S7_59520105 7 59520105 6.4974539026968e-05
S7_59520620 7 59520620 0.000540912874597722
S7_59520672 7 59520672 0.000968022511768039
S7_59523050 7 59523050 3.03360001130596e-05
S7_59523095 7 59523095 3.03360001130596e-05
S7_59531311 7 59531311 0.000798034570620281
S7_59531367 7 59531367 0.000142095522950615
S7_59531376 7 59531376 0.000192166631876084
S7_59531379 7 59531379 0.000192166631876096
S7_59531456 7 59531456 0.00016123224024507
S7_59531460 7 59531460 0.000111136246440343
S7_59531762 7 59531762 0.000749642719723482
S7_59531782 7 59531782 0.000749642719723482
S7_59533160 7 59533160 0.00021843150407024
S7_59533242 7 59533242 0.000999593654365725
S7_59534487 7 59534487 0.000779199598686829
S7_59564310 7 59564310 1.87055845955179e-08
S7_59584157 7 59584157 0.000264032710284875
S7_59585153 7 59585153 3.50945727409816e-05
S7_59585163 7 59585163 0.000868778860593487
S7_59602365 7 59602365 7.95259088890102e-05
S7_59629331 7 59629331 0.000204784193998832
S7_59648459 7 59648459 4.95374197983319e-07
S7_59660824 7 59660824 5.60769552806056e-10
S7_59660836 7 59660836 2.74999155396598e-08
S7_59695557 7 59695557 9.85195957160451e-07
S7_59712121 7 59712121 0.000401320428430349
S7_59714071 7 59714071 6.54446477132647e-06
S7_59715383 7 59715383 3.01122032919648e-06
S7_59715818 7 59715818 0.000243507780996473
S7_59727207 7 59727207 0.000681939962735639
S7_59740354 7 59740354 0.000500605164474756
S7_59740379 7 59740379 3.57165212833428e-05
S7_59749554 7 59749554 1.91505095678975e-06
S7_59751741 7 59751741 6.80280183724707e-10
S7_59751963 7 59751963 0.000158366258019368
S7_59752015 7 59752015 1.0980096497897e-05
S7_59773085 7 59773085 0.000347543972549731
S7_59773516 7 59773516 0.000349888362256969
S7_59783044 7 59783044 6.04566726957272e-05
S7_59794133 7 59794133 1.3306237495548e-05
S7_59794358 7 59794358 6.12870343840131e-06
S7_59794917 7 59794917 1.73497102431727e-07
S7_59794940 7 59794940 2.19080381456007e-07
S7_59794942 7 59794942 1.73497102431727e-07
S7_59799395 7 59799395 7.86083026050942e-09
S7_59799410 7 59799410 2.08779291512894e-06
S7_59799444 7 59799444 2.08779291512894e-06
S7_59804156 7 59804156 3.09084821015293e-07
S7_59808590 7 59808590 3.32632002877917e-07
S7_59814081 7 59814081 2.18960768753457e-06
S7_59848115 7 59848115 1.10688104268486e-05
S7_59848119 7 59848119 1.59239524666257e-08
S7_59848150 7 59848150 1.68902809694512e-05
S7_59848153 7 59848153 0.000174748547835844
S7_59864703 7 59864703 6.27735001022653e-05
S7_59864853 7 59864853 2.63349804226701e-05
S7_59864856 7 59864856 2.63349804226701e-05
S7_59864866 7 59864866 5.26787364347758e-06
S7_59865694 7 59865694 1.54682644109864e-06
S7_59866848 7 59866848 0.000850906424717889
S7_59872103 7 59872103 1.40073805077011e-08
S7_59872115 7 59872115 9.61994241051824e-09
S7_59872154 7 59872154 9.61994241051824e-09
S7_59872189 7 59872189 1.18846946091896e-06
S7_59872196 7 59872196 2.04042577289505e-06
S7_59872233 7 59872233 1.96157873327599e-07
S7_59872272 7 59872272 0.000685963766357805
S7_59872278 7 59872278 4.26348303510205e-08
S7_59872285 7 59872285 1.85074383869939e-08
S7_59872383 7 59872383 3.68918344799698e-09
S7_59872403 7 59872403 2.81882526391707e-08
S7_59877436 7 59877436 0.000189724731875562
S7_59877450 7 59877450 0.000189724731875562
S7_59877464 7 59877464 0.000189724731875562
S7_59877465 7 59877465 0.000189724731875562
S7_59881293 7 59881293 3.21839218989762e-06
S7_59881294 7 59881294 2.90532130467484e-06
S7_59881439 7 59881439 0.000385357163813892
S7_59881494 7 59881494 0.000385357163813892
S7_59882040 7 59882040 5.83980956986365e-05
S7_59888719 7 59888719 6.09099206326869e-05
S7_59894790 7 59894790 1.29204267822466e-05
S7_59894795 7 59894795 1.29204267822449e-05
S7_59895246 7 59895246 0.000124985037874785
S7_59895672 7 59895672 9.76474919816393e-05
S7_59904530 7 59904530 1.10371224935341e-09
S7_59904534 7 59904534 1.10371224935341e-09
S7_59904582 7 59904582 6.52413198226793e-05
S7_59915849 7 59915849 4.33613170326614e-09
S7_59915883 7 59915883 2.50058734973833e-10
S7_59921688 7 59921688 5.7027753542928e-05
S7_59928856 7 59928856 0.000664152851825708
S7_59938384 7 59938384 2.4937858744689e-06
S7_59987243 7 59987243 0.000671092760610057
S7_59987673 7 59987673 1.33249219117917e-06
S7_59987676 7 59987676 8.41850770589513e-07
S7_59987677 7 59987677 6.26049679223663e-07
S7_59993368 7 59993368 4.4105706802397e-05
S7_59993376 7 59993376 4.4105706802397e-05
S7_59995824 7 59995824 5.02520074492174e-05
S7_60010605 7 60010605 6.46265432176633e-08
S7_60010650 7 60010650 7.72584844269938e-05
S7_60011773 7 60011773 2.08197510186976e-05
S7_60013906 7 60013906 0.000214255223749137
S7_60013913 7 60013913 0.000214255223749137
S7_60020617 7 60020617 9.51063781432149e-06
S7_60030864 7 60030864 5.97018713210933e-05
S7_60031143 7 60031143 0.000526502610108425
S7_60031237 7 60031237 6.84111922794231e-11
S7_60047562 7 60047562 0.00025789030750607
S7_60051005 7 60051005 7.94167351695552e-05
S7_60051021 7 60051021 9.04116099200506e-05
S7_60057525 7 60057525 2.30840486522434e-09
S7_60107666 7 60107666 2.45419483269662e-06
S7_60140465 7 60140465 0.000116654901109795
S7_60146031 7 60146031 1.29534595576592e-09
S7_60154894 7 60154894 1.96474379760685e-06
S7_60154905 7 60154905 1.46909736661217e-06
S7_60154927 7 60154927 7.45487010969522e-06
S7_60155419 7 60155419 0.000832935592236437
S7_60158723 7 60158723 0.000120595805094815
S7_60163277 7 60163277 4.52916762142712e-08
S7_60182711 7 60182711 1.21570450212568e-05
S7_60182714 7 60182714 1.16921184912335e-05
S7_60197311 7 60197311 8.61545242271575e-05
S7_60197819 7 60197819 0.000601021815137903
S7_60224392 7 60224392 2.65616166187283e-05
S7_60244370 7 60244370 0.000600851428713663
S7_60245954 7 60245954 0.000527235857456163
S7_60253998 7 60253998 4.96635160211218e-10
S7_60254019 7 60254019 3.99670377876295e-08
S7_60255831 7 60255831 0.000136356208206491
S7_60255833 7 60255833 0.000184019918272038
S7_60258122 7 60258122 7.12666549048816e-08
S7_60267811 7 60267811 2.48530896907016e-05
S7_60353908 7 60353908 0.000282738500530292
S7_60358160 7 60358160 2.7170367672754e-05
S7_60362366 7 60362366 2.57777285603687e-09
S7_60382587 7 60382587 0.000692292388506966
S7_60389257 7 60389257 1.36777276155188e-05
S7_60418256 7 60418256 3.33255352207274e-05
S7_60418596 7 60418596 8.14972635750759e-06
S7_60426792 7 60426792 3.3183801596185e-08
S7_60460195 7 60460195 3.55818855044818e-07
S7_60486148 7 60486148 5.2314359167868e-06
S7_60493187 7 60493187 0.000541574206261382
S7_60560439 7 60560439 0.000188119420840936
S7_60580873 7 60580873 0.000244206099584451
S7_60583530 7 60583530 0.000231885087073258
S7_60583540 7 60583540 6.35424103584996e-05
S7_60583841 7 60583841 0.000390324180711284
S7_60649860 7 60649860 0.000244235392832772
S7_60649874 7 60649874 0.000244235392832772
S7_60695877 7 60695877 0.000720105000778252
S7_60695878 7 60695878 0.000719406649766268
S7_60704505 7 60704505 0.000280136875687048
S7_60716342 7 60716342 0.000949872999412013
S7_60716349 7 60716349 0.000857701299808564
S7_60722534 7 60722534 0.000625503612358448
S7_60731437 7 60731437 3.77044211832646e-05
S7_60776463 7 60776463 1.46342939367342e-05
S7_60851616 7 60851616 3.94704942292475e-09
S7_60865447 7 60865447 0.000439463366628972
S7_60939359 7 60939359 0.000329952581148682
S7_60976076 7 60976076 0.000485769462665396
S7_60980641 7 60980641 0.000101894312098697
S7_60980829 7 60980829 6.04182430930872e-05
S7_60983518 7 60983518 0.00092570468307199
S7_60983553 7 60983553 0.00092570468307199
S7_60984004 7 60984004 0.000436434455775564
S7_61119986 7 61119986 6.90626586824746e-05
S7_61125621 7 61125621 8.08511946226394e-05
S7_61125644 7 61125644 0.000332674313284162
S7_61126307 7 61126307 0.000468472800123996
S7_61136011 7 61136011 0.000539685442008714
S7_61138539 7 61138539 0.000702647320948776
S7_61138568 7 61138568 4.18445477333008e-06
S7_61172560 7 61172560 0.000468873758032684
S7_61233660 7 61233660 2.52860411456494e-08
S7_61233662 7 61233662 2.60502291387876e-08
S7_61243277 7 61243277 1.61140615436247e-14
S7_61279027 7 61279027 0.000334465362075434
S7_61279055 7 61279055 0.000334465362075434
S7_61279065 7 61279065 0.000334465362075434
S7_61282610 7 61282610 0.000163277140414919
S7_61283778 7 61283778 3.17469428126272e-08
S7_61459656 7 61459656 0.000347541700614923
S7_61620031 7 61620031 0.000243570468802582
S7_61643717 7 61643717 0.000327005522209604
S7_61655384 7 61655384 1.02354743481345e-07
S7_61655397 7 61655397 0.000244853666595678
S7_61670691 7 61670691 0.000878787324205468
S7_61678445 7 61678445 0.000330075173445715
S7_61686054 7 61686054 0.000545038916427349
S7_61688354 7 61688354 0.000903322210636623
S7_61729252 7 61729252 0.000409306784624651
S7_61741077 7 61741077 0.000481790332844525
S7_61741078 7 61741078 0.000481790332844525
S7_61741082 7 61741082 0.000481790332844525
S7_61768701 7 61768701 0.000360471040716306
S7_61768705 7 61768705 0.000360471040716306
S7_61772727 7 61772727 0.000937536602347579
S7_61772730 7 61772730 0.000988779607062413
S7_61813551 7 61813551 0.000561464392812575
S7_61843374 7 61843374 8.81654620693828e-06
S7_61845778 7 61845778 1.13217125676871e-07
S7_61920847 7 61920847 0.000368444045413889
S7_61988142 7 61988142 0.000222181171844986
S7_62027971 7 62027971 5.13077951108806e-07
S7_62027993 7 62027993 5.34350913247178e-06
S7_62069194 7 62069194 1.45291581751925e-05
S7_62079043 7 62079043 8.26567495745398e-05
S7_62079238 7 62079238 1.35806839402988e-07
S7_62079241 7 62079241 1.35806839402988e-07
S7_62079438 7 62079438 0.00048059626920082
S7_62079519 7 62079519 3.67014585107634e-05
S7_62079530 7 62079530 3.67014585107634e-05
S7_62084272 7 62084272 9.49632782314881e-07
S7_62085742 7 62085742 1.04203103508434e-08
S7_62086176 7 62086176 2.08567815992993e-05
S7_62123829 7 62123829 0.000184272393347918
S7_62225460 7 62225460 6.71454428782831e-08
S7_62258436 7 62258436 0.000834148102038681
S7_62303062 7 62303062 3.43405824988613e-05
S7_62330699 7 62330699 0.000214903970079961
S7_62348232 7 62348232 8.38955846113324e-05
S7_62348571 7 62348571 0.000354864829688462
S7_62350657 7 62350657 1.31091841380502e-05
S7_62353657 7 62353657 0.00016066753357448
S7_62363965 7 62363965 7.61375430817023e-06
S7_62363966 7 62363966 7.61375430817105e-06
S7_62364515 7 62364515 3.01057245733734e-05
S7_62364532 7 62364532 3.37576986395809e-05
S7_62364533 7 62364533 4.3160421610606e-05
S7_62364534 7 62364534 4.14091103906549e-05
S7_62364535 7 62364535 4.3160421610606e-05
S7_62374128 7 62374128 1.25208219055257e-05
S7_62374227 7 62374227 0.000272453830415724
S7_62374265 7 62374265 7.10438443038228e-05
S7_62380625 7 62380625 0.000163909089115505
S7_62382471 7 62382471 0.000127686934440732
S7_62383962 7 62383962 3.13333834752094e-05
S7_62411210 7 62411210 4.00570023389628e-05
S7_62438587 7 62438587 0.000236281733820559
S7_62454724 7 62454724 7.68173104064227e-05
S7_62455311 7 62455311 1.7402576357549e-05
S7_62456631 7 62456631 8.87936218762066e-05
S7_62473757 7 62473757 4.79884051886436e-06
S7_62485144 7 62485144 0.000798874802645881
S7_62485145 7 62485145 0.00074194115360615
S7_62489229 7 62489229 1.65500791298498e-06
S7_62504549 7 62504549 3.31950134180889e-05
S7_62508270 7 62508270 0.000567281176509422
S7_62512337 7 62512337 0.000152517475487671
S7_62513155 7 62513155 0.000169327973374313
S7_62548335 7 62548335 8.48668249158566e-05
S7_62553227 7 62553227 1.92329406193993e-07
S7_62560882 7 62560882 0.000392629217231118
S7_62568848 7 62568848 0.000243530592334949
S7_62579439 7 62579439 0.000112690161585024
S7_62600229 7 62600229 2.3120913448945e-07
S7_62604154 7 62604154 0.00039114926576713
S7_62628574 7 62628574 0.000722517888996299
S7_62681195 7 62681195 0.000494401345333789
S7_62740127 7 62740127 1.86706000742418e-05
S7_62801492 7 62801492 0.00025773590765067
S7_62804902 7 62804902 1.37431491756735e-05
S7_62805058 7 62805058 0.000229000384534765
S7_62805122 7 62805122 0.000325903427593514
S7_62805124 7 62805124 0.000321900759643112
S7_62805125 7 62805125 0.000222988905546497
S7_62805356 7 62805356 2.02852107524215e-05
S7_62823137 7 62823137 0.000369642622834389
S7_62823142 7 62823142 0.000369642622834389
S7_62835991 7 62835991 7.43442416018115e-06
S7_62838329 7 62838329 3.99855409956234e-05
S7_62838381 7 62838381 6.55029836428493e-06
S7_62839027 7 62839027 0.000492806101704033
S7_62844088 7 62844088 1.0244927173135e-07
S7_62850261 7 62850261 3.18348219320489e-05
S7_62851218 7 62851218 1.38302859116234e-05
S7_62856751 7 62856751 1.63674223185037e-10
S7_62861226 7 62861226 1.04786028425399e-06
S7_62862232 7 62862232 1.66223193961191e-06
S7_62862303 7 62862303 7.85497531340848e-06
S7_62867868 7 62867868 1.42156262632746e-05
S7_62868115 7 62868115 2.94319086542413e-05
S7_62870076 7 62870076 0.000375141780077886
S7_62870087 7 62870087 0.000375141780077886
S7_62870195 7 62870195 0.000147019793003685
S7_62870205 7 62870205 0.000147019793003685
S7_62873244 7 62873244 0.000139778886303737
S7_62873245 7 62873245 0.000139778886303737
S7_62873246 7 62873246 0.000139778886303737
S7_62873250 7 62873250 0.000139778886303737
S7_62873298 7 62873298 4.73406821118482e-06
S7_62873307 7 62873307 3.617782768788e-06
S7_62873345 7 62873345 0.000268849693057768
S7_62873349 7 62873349 0.000163056702280321
S7_62873370 7 62873370 0.000341279209010724
S7_62873811 7 62873811 2.96524394985086e-05
S7_62873821 7 62873821 1.87564389692325e-05
S7_62881267 7 62881267 0.000883853998835147
S7_62882042 7 62882042 3.73570453833781e-05
S7_62907275 7 62907275 1.88209101986175e-06
S7_62907345 7 62907345 0.000139188004266407
S7_62910459 7 62910459 0.000745329121404245
S7_62910737 7 62910737 0.000901005765376974
S7_62913923 7 62913923 4.25437311765752e-05
S7_62913925 7 62913925 4.25437311765752e-05
S7_62916303 7 62916303 6.28555434349181e-05
S7_62929934 7 62929934 5.60208198244064e-05
S7_62929950 7 62929950 0.000113431455095105
S7_62947665 7 62947665 1.35447138486162e-12
S7_62964345 7 62964345 5.7359323956188e-11
S7_62965607 7 62965607 4.77975809518381e-16
S7_62965608 7 62965608 8.09934385105873e-16
S7_62981799 7 62981799 0.000942562502525746
S7_62981809 7 62981809 0.000942562502525746
S7_62984825 7 62984825 0.000147709310247318
S7_62984838 7 62984838 0.000147709310247318
S7_62984849 7 62984849 0.000147709310247333
S7_62984885 7 62984885 5.81111873654001e-05
S7_62984916 7 62984916 5.81111873653963e-05
S7_62993886 7 62993886 0.000545421236038387
S7_62993918 7 62993918 0.000545421236038387
S7_62999061 7 62999061 6.9269943526591e-09
S7_63036143 7 63036143 2.38178301111782e-07
S7_63106051 7 63106051 0.000297530287625346
S7_63118171 7 63118171 0.000240806486046693
S7_63118172 7 63118172 1.58512305876728e-10
S7_63121919 7 63121919 2.92255199934782e-07
S7_63122296 7 63122296 0.00035560121267954
S7_63123173 7 63123173 4.37763662109754e-05
S7_63136021 7 63136021 0.000110801537849125
S7_63137639 7 63137639 0.000201674839730737
S7_63137667 7 63137667 0.00019819884123303
S7_63153227 7 63153227 1.57180427074017e-06
S7_63154346 7 63154346 0.000134561392669823
S7_63158254 7 63158254 0.000715219037325741
S7_63158302 7 63158302 0.000345455572386569
S7_63158307 7 63158307 0.000475066543448607
S7_63174683 7 63174683 4.68395386058003e-06
S7_63181028 7 63181028 9.45565535725921e-07
S7_63209942 7 63209942 0.00010672701323264
S7_63209971 7 63209971 0.00010672701323264
S7_63210717 7 63210717 0.000701163570276049
S7_63216502 7 63216502 0.000172868331757469
S7_63221951 7 63221951 8.00020983333205e-06
S7_63222514 7 63222514 2.34798581646446e-05
S7_63222537 7 63222537 0.000153013138048137
S7_63222660 7 63222660 0.000680393131650235
S7_63227409 7 63227409 6.60215904554035e-05
S7_63227476 7 63227476 9.54022709461222e-07
S7_63248606 7 63248606 5.90779855316191e-05
S7_63253756 7 63253756 3.46431754857417e-07
S7_63253796 7 63253796 7.3038633153725e-05
S7_63259295 7 63259295 9.83790851355791e-06
S7_63261892 7 63261892 1.57594558806708e-05
S7_63261962 7 63261962 0.000119875958715164
S7_63264740 7 63264740 0.000576097868325564
S7_63280407 7 63280407 0.000229011928604271
S7_63280408 7 63280408 0.000229011928604271
S7_63280410 7 63280410 0.000229011928604271
S7_63280411 7 63280411 0.000229011928604271
S7_63280412 7 63280412 0.000229011928604271
S7_63280534 7 63280534 1.87506348387943e-05
S7_63282834 7 63282834 0.000194899571676706
S7_63284638 7 63284638 9.98980854712275e-10
S7_63286140 7 63286140 1.02977488365708e-05
S7_63286263 7 63286263 0.000388800289180752
S7_63312783 7 63312783 0.000750908068660756
S7_63312785 7 63312785 0.000750908068660756
S7_63320218 7 63320218 5.19179722654982e-13
S7_63320220 7 63320220 4.75404375476431e-13
S7_63320223 7 63320223 4.29956519836684e-13
S7_63320299 7 63320299 2.0447204537431e-09
S7_63320527 7 63320527 1.5343187706054e-06
S7_63320854 7 63320854 0.000130438661552852
S7_63320863 7 63320863 0.000105428729981838
S7_63327116 7 63327116 4.72436019970063e-05
S7_63351388 7 63351388 3.66340399818131e-14
S7_63351857 7 63351857 0.000472245621163107
S7_63352049 7 63352049 0.000678438738963464
S7_63368334 7 63368334 0.000143114982609141
S7_63370393 7 63370393 2.91071036928558e-13
S7_63370765 7 63370765 1.03735377432995e-08
S7_63370817 7 63370817 1.03735377433005e-08
S7_63371114 7 63371114 2.26897600011631e-05
S7_63371163 7 63371163 3.01098761293759e-11
S7_63371353 7 63371353 6.27348913677076e-12
S7_63371374 7 63371374 6.56041889424918e-13
S7_63394597 7 63394597 0.000504351261772401
S7_63465766 7 63465766 8.28629240527053e-11
S7_63476024 7 63476024 1.50952674306051e-08
S7_63482437 7 63482437 0.000185093624488424
S7_63487846 7 63487846 1.78753887414302e-05
S7_63515121 7 63515121 8.85492455940087e-05
S7_63531873 7 63531873 0.000174476233858354
S7_63531909 7 63531909 0.000386780555692521
S7_63538606 7 63538606 5.24908427254e-05
S7_63547619 7 63547619 0.000307737411672545
S7_63744425 7 63744425 0.000628610038504238
S7_63783335 7 63783335 1.36153788084259e-05
S7_63890317 7 63890317 0.000168309131798784
S7_63898937 7 63898937 0.000978139027428415
S7_63898945 7 63898945 0.000878691501559338
S7_63898947 7 63898947 0.000878691501559428
S7_63898954 7 63898954 0.000878691501559428
S7_63955171 7 63955171 0.000138272670320566
