Marker Chr Pos p
S4_162076 4 162076 0.000968914705768639
S4_572843 4 572843 5.05033411004571e-05
S4_886669 4 886669 0.00081493573587628
S4_1026843 4 1026843 0.000190825905475184
S4_1027105 4 1027105 0.000359440873591425
S4_1027141 4 1027141 0.000717100856480649
S4_1027201 4 1027201 0.00040816978394496
S4_1029088 4 1029088 0.000682106099570605
S4_1029202 4 1029202 0.000716489821771898
S4_1055316 4 1055316 0.00011160077193178
S4_1055371 4 1055371 0.000111600771931767
S4_1121425 4 1121425 0.000954038032157622
S4_1121455 4 1121455 0.000954038032157622
S4_1209693 4 1209693 0.000404990246309117
S4_1216829 4 1216829 4.29280251395584e-05
S4_1269945 4 1269945 0.00087990525042983
S4_1389120 4 1389120 0.000859409128637693
S4_1389140 4 1389140 0.000817186869380136
S4_1664568 4 1664568 4.24169636506443e-05
S4_1665078 4 1665078 0.000217872014910884
S4_1665365 4 1665365 0.000118845117006043
S4_1974970 4 1974970 0.000657509880925501
S4_1987190 4 1987190 0.000396314971520932
S4_2297336 4 2297336 0.000422845643132608
S4_2467085 4 2467085 0.000772979137878079
S4_2777308 4 2777308 0.00023696853941266
S4_2777376 4 2777376 0.00032142793596455
S4_2868318 4 2868318 5.80150908899582e-05
S4_3058507 4 3058507 0.000157040216424641
S4_3559057 4 3559057 0.000546513916485085
S4_3808395 4 3808395 0.000217065864423589
S4_3869632 4 3869632 0.000683183069900057
S4_3869704 4 3869704 0.000861791685354972
S4_3869715 4 3869715 0.000861791685354972
S4_3873096 4 3873096 0.000726095878385889
S4_4005336 4 4005336 0.000295180942368823
S4_4227019 4 4227019 0.000338964852329957
S4_4251089 4 4251089 0.000365601383422699
S4_4547729 4 4547729 0.000746812469626645
S4_4838828 4 4838828 0.000532337074777737
S4_4853353 4 4853353 0.000577054402835622
S4_4853356 4 4853356 0.000577054402835622
S4_4878076 4 4878076 1.59309776192745e-05
S4_5076153 4 5076153 5.93389443422982e-05
S4_5103375 4 5103375 1.01526448816819e-05
S4_5131027 4 5131027 7.26556565905226e-05
S4_5445452 4 5445452 0.000125774795222111
S4_5644780 4 5644780 0.000490241156579159
S4_5796433 4 5796433 0.000672184774340487
S4_5829151 4 5829151 0.00042972123444724
S4_5832683 4 5832683 5.71316531741312e-05
S4_5986144 4 5986144 0.000958007844192893
S4_6004254 4 6004254 0.000479061127234396
S4_6213968 4 6213968 0.000274079338602147
S4_6353122 4 6353122 0.000814835805885374
S4_6439556 4 6439556 1.79908438111075e-06
S4_6450105 4 6450105 1.61502279940979e-05
S4_6461574 4 6461574 0.000391312349159748
S4_6461794 4 6461794 0.000206581203951164
S4_6461797 4 6461797 0.000206581203951164
S4_6728954 4 6728954 0.000846843702802182
S4_6817926 4 6817926 0.000195435871675851
S4_6898676 4 6898676 0.000120714927987681
S4_6981988 4 6981988 0.000429216748156395
S4_6981994 4 6981994 0.000429216748156395
S4_6982015 4 6982015 3.53114001585356e-05
S4_6996587 4 6996587 0.000793900982866797
S4_7008922 4 7008922 1.76702592973142e-06
S4_7065718 4 7065718 0.000887153798770726
S4_7124372 4 7124372 0.00067862171617256
S4_7124395 4 7124395 0.00084103148198142
S4_7237032 4 7237032 0.000315859088245044
S4_7237033 4 7237033 0.000315859088245044
S4_7258258 4 7258258 0.000146764224426273
S4_7375935 4 7375935 5.96974405601677e-05
S4_7381362 4 7381362 0.000493802214193555
S4_7466555 4 7466555 7.4617722222963e-05
S4_7487102 4 7487102 0.000804564468629028
S4_7503757 4 7503757 0.000641678595250491
S4_7503759 4 7503759 0.000806350375117074
S4_7522318 4 7522318 1.47324956539124e-05
S4_7524853 4 7524853 1.12325748316534e-06
S4_8013340 4 8013340 0.00066052627619986
S4_8013346 4 8013346 0.00066052627619986
S4_8018906 4 8018906 0.00051630489964412
S4_8018939 4 8018939 8.52429350248346e-05
S4_8022109 4 8022109 0.000867094069678863
S4_8022264 4 8022264 0.000561672979518188
S4_8022269 4 8022269 0.000561672979518188
S4_8157057 4 8157057 0.000464887229829263
S4_8214060 4 8214060 0.000991009805468265
S4_8257769 4 8257769 6.26687003339652e-05
S4_8260225 4 8260225 0.000502586723434345
S4_8291957 4 8291957 0.000103103701589891
S4_8293390 4 8293390 3.7634026292391e-05
S4_8293912 4 8293912 2.63210811469604e-05
S4_8293952 4 8293952 4.79481078332758e-05
S4_8294327 4 8294327 1.61351144347319e-05
S4_8308684 4 8308684 0.0006701452139893
S4_8335154 4 8335154 0.000893309634806984
S4_8335194 4 8335194 0.000312902919287466
S4_8356606 4 8356606 0.000519512826111379
S4_8400797 4 8400797 0.000569291467432224
S4_8412899 4 8412899 0.000868520906706217
S4_8670509 4 8670509 6.48361122535202e-06
S4_8896521 4 8896521 0.000313593395331399
S4_9216380 4 9216380 4.09948478052049e-05
S4_9982582 4 9982582 0.000197676935204831
S4_10264384 4 10264384 1.76018633712356e-05
S4_10264555 4 10264555 2.79629225182099e-09
S4_10265270 4 10265270 0.000216011240034936
S4_10265294 4 10265294 0.000252079199862704
S4_10269415 4 10269415 0.000819686548906847
S4_10306197 4 10306197 7.92993911312368e-07
S4_10800628 4 10800628 0.000920216038204598
S4_11067348 4 11067348 0.00094031408686518
S4_11150479 4 11150479 0.00031755488224114
S4_11150484 4 11150484 0.00031755488224114
S4_12172283 4 12172283 0.000219253916834573
S4_12284964 4 12284964 0.000919384616535513
S4_12353095 4 12353095 0.000815924958396087
S4_12439630 4 12439630 0.000132374675004926
S4_12457420 4 12457420 3.39962289754169e-05
S4_12484775 4 12484775 0.000943367910978386
S4_12581642 4 12581642 0.000403186895129266
S4_12670044 4 12670044 1.76622794075153e-05
S4_13583853 4 13583853 3.77555073098179e-05
S4_13745561 4 13745561 0.000503315568559717
S4_14029733 4 14029733 0.000765564894183696
S4_14971534 4 14971534 8.3727877756431e-06
S4_20452384 4 20452384 0.000597173317292559
S4_21129296 4 21129296 5.145802857698e-06
S4_24115869 4 24115869 0.000638041679023561
S4_24116729 4 24116729 0.000427698501280895
S4_24157370 4 24157370 0.000189044576928677
S4_25644295 4 25644295 1.19382878540504e-05
S4_38348026 4 38348026 0.000167791167729847
S4_40894767 4 40894767 1.56743136206536e-05
S4_42748188 4 42748188 6.30845721390409e-05
S4_45550177 4 45550177 0.000273554785367455
S4_45579948 4 45579948 0.000152455333223062
S4_45579959 4 45579959 0.000152455333223062
S4_45579981 4 45579981 0.000162117552319794
S4_45717485 4 45717485 1.05309181357104e-05
S4_46652119 4 46652119 0.000916647250257716
S4_47184727 4 47184727 0.000204435541993014
S4_47197759 4 47197759 0.000840292771194379
S4_47456484 4 47456484 0.000924373869272558
S4_47475448 4 47475448 7.01794865613953e-06
S4_47476558 4 47476558 0.000129641080723463
S4_47705934 4 47705934 0.000142931858779905
S4_47748907 4 47748907 1.27266548345376e-05
S4_47750507 4 47750507 7.62829911066967e-05
S4_47750510 4 47750510 7.62829911066967e-05
S4_47752145 4 47752145 0.000140648121806808
S4_47769499 4 47769499 6.90440816839759e-05
S4_47786818 4 47786818 0.000233135917496973
S4_47863856 4 47863856 0.00033041588527245
S4_47866970 4 47866970 0.000762922202900538
S4_47889530 4 47889530 0.000558882505587184
S4_47889628 4 47889628 0.0008862085943876
S4_47969380 4 47969380 0.000238249898177436
S4_47976831 4 47976831 2.17849780496967e-07
S4_47982256 4 47982256 9.85878423652839e-05
S4_47982383 4 47982383 3.78585286189677e-05
S4_47982480 4 47982480 0.0007688997634839
S4_47982529 4 47982529 0.000552175844206111
S4_47982777 4 47982777 2.83176333935717e-06
S4_48022725 4 48022725 3.00456649920292e-05
S4_48062173 4 48062173 8.0942721116366e-05
S4_48214511 4 48214511 9.70655348285181e-05
S4_48487069 4 48487069 0.000708046165725329
S4_48500089 4 48500089 2.60628478975309e-05
S4_48919517 4 48919517 0.000953307822761218
S4_49069586 4 49069586 0.00027667199515654
S4_49646151 4 49646151 5.53633582878473e-05
S4_49779587 4 49779587 1.02147987763814e-06
S4_49779588 4 49779588 1.07165957055313e-06
S4_49886331 4 49886331 1.46406007404446e-05
S4_50074941 4 50074941 0.000568313834507843
S4_50224133 4 50224133 0.000769902053152886
S4_50281745 4 50281745 0.000162532618976779
S4_50488491 4 50488491 0.000104578048164134
S4_50504767 4 50504767 0.000972114284628553
S4_50509181 4 50509181 2.51237469960818e-06
S4_50511565 4 50511565 0.000147445429039344
S4_50511898 4 50511898 6.05040183732161e-05
S4_50569111 4 50569111 0.000348736437359625
S4_50569147 4 50569147 0.000348736437359648
S4_50708752 4 50708752 0.000504741283993258
S4_50725047 4 50725047 0.000200493486289473
S4_50725071 4 50725071 0.000991314972056819
S4_50749126 4 50749126 0.000967846339434506
S4_51036252 4 51036252 0.000667238200410102
S4_51070458 4 51070458 0.000931654008963715
S4_51131344 4 51131344 0.000782986064072713
S4_51151889 4 51151889 0.000594442646467671
S4_51176334 4 51176334 0.000243631448346056
S4_51221789 4 51221789 4.088107534503e-05
S4_51221793 4 51221793 4.08810753450357e-05
S4_51249693 4 51249693 4.51836492298921e-05
S4_51303481 4 51303481 0.000272850826003476
S4_51428639 4 51428639 0.000470262188899872
S4_51449134 4 51449134 0.000292967059470821
S4_51449136 4 51449136 0.000223197924536936
S4_51502008 4 51502008 0.000319258157062999
S4_51582933 4 51582933 0.000559177138178246
S4_51659194 4 51659194 6.26944861744571e-05
S4_51691402 4 51691402 7.64364914520914e-05
S4_51691439 4 51691439 7.64364914520914e-05
S4_51705879 4 51705879 2.27271116518188e-05
S4_51712352 4 51712352 0.000365988349703459
S4_51846387 4 51846387 0.000596367861299932
S4_52076995 4 52076995 0.000815180721079094
S4_52116482 4 52116482 0.000693902019707558
S4_52116503 4 52116503 0.000665267381403158
S4_52116530 4 52116530 0.000693902019707558
S4_52116606 4 52116606 0.000882536870406748
S4_53081863 4 53081863 3.46631390962249e-07
S4_53103576 4 53103576 1.13026115455376e-05
S4_53157367 4 53157367 0.000736440607546505
S4_53157378 4 53157378 0.000736440607546505
S4_53157380 4 53157380 0.000736440607546477
S4_53172648 4 53172648 3.39215320038977e-05
S4_53191164 4 53191164 0.000724953607667144
S4_53206634 4 53206634 0.000575729700134116
S4_53317547 4 53317547 0.000245809058512704
S4_53317548 4 53317548 0.000113658497409521
S4_53331668 4 53331668 0.000771760084769943
S4_53356251 4 53356251 0.000558911680203003
S4_53356259 4 53356259 0.000558911680203003
S4_53362636 4 53362636 5.93216609646155e-05
S4_53363117 4 53363117 5.27524613964406e-05
S4_53371510 4 53371510 0.00016662986153958
S4_53401653 4 53401653 0.000602168208246593
S4_53414434 4 53414434 7.7222392398602e-05
S4_53414447 4 53414447 7.7222392398602e-05
S4_53417141 4 53417141 0.00081205738361555
S4_53417142 4 53417142 0.000818517110853425
S4_53490111 4 53490111 0.000113176957525659
S4_53532899 4 53532899 0.00064457314513401
S4_53536620 4 53536620 0.000614726844113318
S4_53545293 4 53545293 0.000188707068968859
S4_53686568 4 53686568 8.62512697930667e-05
S4_53747195 4 53747195 0.000638868665648606
S4_53899332 4 53899332 0.000743332346086011
S4_53941880 4 53941880 0.000301546960495212
S4_53941891 4 53941891 0.000301546960495252
S4_54183461 4 54183461 0.000544014823369309
S4_54335873 4 54335873 0.000185000211049313
S4_54833370 4 54833370 0.00070568028425645
S4_55646944 4 55646944 7.18016507936755e-06
S4_55761792 4 55761792 8.59322264445756e-06
S4_55890731 4 55890731 0.000835022390115518
S4_56168914 4 56168914 2.23496042224681e-06
S4_56168926 4 56168926 2.23496042224681e-06
S4_56168929 4 56168929 2.23496042224692e-06
S4_56240081 4 56240081 0.000480446764843577
S4_56487058 4 56487058 0.000904479891055137
S4_57377905 4 57377905 0.000272388001405907
S4_57527991 4 57527991 0.000140538898554386
S4_57528017 4 57528017 0.000140538898554416
S4_57543645 4 57543645 0.000156619510636537
S4_57636426 4 57636426 0.000508693663842221
S4_57636427 4 57636427 0.000508693663842283
S4_57636428 4 57636428 0.000508693663842221
S4_57636429 4 57636429 0.000508693663842283
S4_57656999 4 57656999 3.01056665805278e-05
S4_57852408 4 57852408 7.20733969935628e-06
S4_58368035 4 58368035 0.000517728591995937
S4_58373276 4 58373276 0.000303218689292604
S4_58446791 4 58446791 0.000563723473962019
S4_58460524 4 58460524 0.000322925863178447
S4_58460771 4 58460771 0.000980871488396063
S4_58472358 4 58472358 0.000241660273189608
S4_58473565 4 58473565 4.83109340466039e-05
S4_58474736 4 58474736 0.000319643665089825
S4_58479445 4 58479445 0.000217968321606069
S4_58499643 4 58499643 0.000842752094286489
S4_58499658 4 58499658 0.000843738248061978
S4_58528948 4 58528948 0.000633123021908739
S4_58528955 4 58528955 0.000633123021908739
S4_58528982 4 58528982 0.000633123021908739
S4_58693428 4 58693428 0.000533546518896814
S4_58886071 4 58886071 0.000963821626056362
S4_58901649 4 58901649 1.5873850921301e-05
S4_59265835 4 59265835 0.000127987828002048
S4_59765808 4 59765808 4.9542196292722e-05
S4_60338383 4 60338383 0.000887340277282307
S4_60361131 4 60361131 0.000163143096971815
S4_60361154 4 60361154 0.000163143096971827
S4_60361169 4 60361169 0.000163143096971827
S4_60409187 4 60409187 1.63277386488264e-05
S4_60411771 4 60411771 0.000982626061281721
S4_60523820 4 60523820 0.000241872242118121
S4_60523865 4 60523865 0.000241872242118121
S4_60523870 4 60523870 0.000556160928418801
S4_60637397 4 60637397 0.000469633137868333
S4_60703385 4 60703385 0.000848988097206662
S4_60982496 4 60982496 0.000906588353966272
S4_60991154 4 60991154 0.000190960112685984
S4_61147640 4 61147640 0.000223144765650806
S4_61415315 4 61415315 0.000813012008462336
S4_61452067 4 61452067 0.00026828726573956
S4_61482001 4 61482001 0.000774730326675797
S4_61555948 4 61555948 2.08424247018931e-05
S4_61556109 4 61556109 0.00016151761758576
S4_61556209 4 61556209 0.000316602406313633
S4_61568063 4 61568063 5.54054064622254e-05
S4_61568271 4 61568271 0.00031292194371408
S4_61578741 4 61578741 0.0001505580743731
S4_61578752 4 61578752 0.0001505580743731
S4_61579673 4 61579673 0.000246728270803511
S4_61733678 4 61733678 0.000353567622183003
S4_61733713 4 61733713 0.000219308240362865
S4_61740625 4 61740625 0.000184971113587114
S4_61741601 4 61741601 0.000278522756192451
S4_61741606 4 61741606 0.000278522756192451
S4_61744586 4 61744586 0.000938512703586866
S4_61744603 4 61744603 0.000938512703586866
S4_61744612 4 61744612 0.000938512703586952
S4_61749186 4 61749186 0.000148840088420271
S4_61763239 4 61763239 0.000272654991526832
S4_61765931 4 61765931 0.000518604615908433
S4_61799909 4 61799909 0.000531064120901766
S4_61955218 4 61955218 0.000609884929563569
S4_62139076 4 62139076 3.55295905151002e-05
S4_62187545 4 62187545 0.00098197232726359
S4_62208810 4 62208810 0.00084674661941484
S4_62229299 4 62229299 0.000803811161250394
S4_62229328 4 62229328 0.000803811161250394
S4_62229329 4 62229329 0.000803811161250394
S4_62274455 4 62274455 0.000606632089700715
S4_62404864 4 62404864 0.000103832366097623
S4_62525354 4 62525354 2.33744027200863e-06
S4_62751273 4 62751273 0.000463592086512808
S4_62786708 4 62786708 4.82301429327077e-05
S4_62864295 4 62864295 0.000412981746713453
S4_63129221 4 63129221 4.58583886663716e-07
S4_63697312 4 63697312 0.000538315524003093
S4_63725673 4 63725673 0.00041293104794639
S4_63725931 4 63725931 0.000774995159220043
S4_63758527 4 63758527 9.49045152056218e-06
S4_63847845 4 63847845 0.000981558189154055
S4_63949139 4 63949139 6.37020751806973e-05
S4_63971659 4 63971659 5.43102644544973e-05
S4_63986600 4 63986600 1.68291260086516e-05
S4_64033757 4 64033757 1.52805374847476e-06
S4_64816565 4 64816565 5.76964485259358e-07
S4_64823879 4 64823879 1.0276824024796e-05
S4_65443989 4 65443989 0.000724706418618169
S4_65569741 4 65569741 0.000662910182732735
S4_65589461 4 65589461 0.000338392261171821
S4_65589465 4 65589465 0.000743342868318081
S4_65627568 4 65627568 0.000121965371113276
S4_65637917 4 65637917 1.2181621966759e-05
S4_65666555 4 65666555 0.000500461198732262
S4_65666561 4 65666561 0.000500461198732262
S4_65666594 4 65666594 0.000500461198732262
S4_65666942 4 65666942 0.000881820600675937
S4_65666960 4 65666960 0.000900624741506566
S4_65666997 4 65666997 0.000659561100553704
S4_65672987 4 65672987 8.58603292037275e-05
S4_65690109 4 65690109 9.20579465058354e-06
S4_66252363 4 66252363 0.000796313493915092
S4_66808923 4 66808923 0.000757607126610957
S4_67120918 4 67120918 0.000262460392371781
S4_67158794 4 67158794 0.000793433601243689
S4_67158816 4 67158816 0.000793433601243613
S4_67158825 4 67158825 0.000793433601243613
S4_67158828 4 67158828 0.000868731166708949
S4_67178580 4 67178580 0.00073522442741899
S4_67179991 4 67179991 0.000880670376055363
S4_67259093 4 67259093 0.000155559969750478
S4_67259095 4 67259095 2.88073063053322e-05
S4_67259096 4 67259096 0.000315626348137317
S4_67259110 4 67259110 0.00016537453276881
S4_67292343 4 67292343 0.000975623400691044
S4_67437775 4 67437775 0.000228659556720957
S4_67474274 4 67474274 0.00022659359183708
S4_67963747 4 67963747 6.91550989653109e-05
