Marker Chr Pos p
S4_111455 4 111455 2.68893911654723e-05
S4_140543 4 140543 9.35431467747396e-08
S4_180789 4 180789 1.39172079198982e-05
S4_187523 4 187523 0.000364112991395225
S4_187570 4 187570 0.000364112991395181
S4_206588 4 206588 0.000578524865114684
S4_218999 4 218999 3.45490268658365e-05
S4_219375 4 219375 0.000565272399166092
S4_295567 4 295567 0.000194067619445648
S4_295987 4 295987 0.000157143877537317
S4_298820 4 298820 0.000115467127642898
S4_299662 4 299662 6.24428540748934e-06
S4_354683 4 354683 3.96708353042249e-05
S4_406675 4 406675 0.00011993412245979
S4_406691 4 406691 0.000119934122459776
S4_550248 4 550248 0.000675796275433013
S4_698729 4 698729 0.000297710432858385
S4_765793 4 765793 0.000525484302974617
S4_792720 4 792720 0.000487442786519866
S4_793412 4 793412 7.85594262910752e-05
S4_866903 4 866903 0.000348620382065666
S4_894107 4 894107 4.84110936290893e-07
S4_967014 4 967014 0.000134250495229176
S4_1004023 4 1004023 0.000302364558323262
S4_1026133 4 1026133 5.35478328829354e-06
S4_1077035 4 1077035 8.85890963798072e-05
S4_1123395 4 1123395 0.000987611797612631
S4_1156549 4 1156549 0.000495388379129209
S4_1156550 4 1156550 0.000495388379129209
S4_1166644 4 1166644 4.37407004509715e-05
S4_1194230 4 1194230 0.000143592069038638
S4_1205148 4 1205148 0.000590894638902602
S4_1209693 4 1209693 0.000875170678800149
S4_1213588 4 1213588 0.000347521105341503
S4_1216845 4 1216845 0.000678738278159973
S4_1223493 4 1223493 0.000362228510919117
S4_1234355 4 1234355 1.30711406927347e-05
S4_1242425 4 1242425 0.000501915689614015
S4_1276329 4 1276329 0.000191787509112345
S4_1389140 4 1389140 1.65578273806172e-15
S4_1442206 4 1442206 1.24787012960824e-05
S4_1467507 4 1467507 0.000910221978151462
S4_1528858 4 1528858 0.000535413270354324
S4_1571978 4 1571978 0.00073556080792423
S4_1601910 4 1601910 0.000755499909191705
S4_1620853 4 1620853 9.99840036663553e-05
S4_1622116 4 1622116 0.000277007411098654
S4_1622150 4 1622150 0.000695049915506195
S4_1626275 4 1626275 4.95737495571577e-06
S4_1626311 4 1626311 1.83488931068095e-05
S4_1627290 4 1627290 8.26373792834885e-05
S4_1628474 4 1628474 8.04476820717093e-05
S4_1658231 4 1658231 0.000981587521368439
S4_1664568 4 1664568 0.000391080632046038
S4_1682742 4 1682742 0.000128306654178391
S4_1682753 4 1682753 0.000248893418188643
S4_1688155 4 1688155 1.71469033995587e-05
S4_1741263 4 1741263 0.000368476010303587
S4_1773714 4 1773714 0.000650231720411791
S4_1779404 4 1779404 0.000253831896555904
S4_1880818 4 1880818 0.000208105029354268
S4_1920277 4 1920277 0.000348100641386848
S4_2010383 4 2010383 8.29600539848257e-05
S4_2070164 4 2070164 0.000304888348275985
S4_2152850 4 2152850 0.000335843962954982
S4_2152852 4 2152852 0.000335843962954982
S4_2152853 4 2152853 0.000335843962954996
S4_2152854 4 2152854 0.000335843962954996
S4_2152855 4 2152855 0.000339173779647971
S4_2216435 4 2216435 0.000899380513833062
S4_2257828 4 2257828 0.000804733725205081
S4_2287738 4 2287738 0.000718417352128028
S4_2302623 4 2302623 0.0005537779760955
S4_2364696 4 2364696 0.000951586247304429
S4_2364974 4 2364974 1.8381317627523e-05
S4_2365603 4 2365603 9.76972087013919e-05
S4_2365623 4 2365623 0.00089838417088687
S4_2368121 4 2368121 9.26769948232642e-05
S4_2368404 4 2368404 5.93529698712156e-05
S4_2372901 4 2372901 4.31852882724688e-05
S4_2400575 4 2400575 2.7115948496798e-06
S4_2571295 4 2571295 0.000368942438274174
S4_2575780 4 2575780 4.37118816187987e-07
S4_2623258 4 2623258 0.000936027225152462
S4_2855978 4 2855978 0.000713836262090949
S4_2866424 4 2866424 0.000986176939098392
S4_2886014 4 2886014 0.000401968700629423
S4_2889509 4 2889509 2.78793800233619e-06
S4_2906533 4 2906533 0.000405421472559974
S4_2970800 4 2970800 8.06205769164312e-06
S4_2976716 4 2976716 1.95913260316713e-06
S4_3005536 4 3005536 0.000849803002464808
S4_3005609 4 3005609 0.000146616320489862
S4_3005610 4 3005610 0.000126059438940214
S4_3005611 4 3005611 0.000125124774348815
S4_3005613 4 3005613 0.000126059438940214
S4_3005614 4 3005614 0.000126059438940208
S4_3005616 4 3005616 0.000126059438940208
S4_3118605 4 3118605 3.80911094110641e-05
S4_3127587 4 3127587 6.42403965110833e-05
S4_3131652 4 3131652 0.000106172706730668
S4_3182395 4 3182395 3.18352423668446e-05
S4_3192456 4 3192456 7.26366307015654e-05
S4_3192477 4 3192477 5.67812221428721e-05
S4_3311103 4 3311103 7.39312297069428e-05
S4_3311104 4 3311104 7.39312297069428e-05
S4_3509809 4 3509809 2.12474137156313e-07
S4_3559057 4 3559057 5.876253563496e-05
S4_3596478 4 3596478 1.49914166398881e-07
S4_3639686 4 3639686 0.000387617878515612
S4_3639699 4 3639699 0.000335423682889377
S4_3671219 4 3671219 0.000349830633719122
S4_3711849 4 3711849 0.000376096340503677
S4_3712125 4 3712125 0.000138629422444579
S4_3808395 4 3808395 1.09995027641102e-13
S4_3810924 4 3810924 0.000314088958346759
S4_3913998 4 3913998 0.000211327335509523
S4_3929285 4 3929285 3.97056505193027e-05
S4_3974672 4 3974672 2.53785248297618e-06
S4_4004451 4 4004451 0.000159857103796232
S4_4004601 4 4004601 0.000115479236656983
S4_4129822 4 4129822 0.000773150142812235
S4_4222919 4 4222919 8.60700129771786e-05
S4_4250889 4 4250889 0.000728182625783312
S4_4342041 4 4342041 2.41675535030857e-05
S4_4393174 4 4393174 0.000163047410177669
S4_4446752 4 4446752 0.000270696285372193
S4_4477572 4 4477572 0.000580796763235885
S4_4480455 4 4480455 8.03927135196369e-07
S4_4516429 4 4516429 6.83828977983217e-05
S4_4541271 4 4541271 4.52054392581824e-08
S4_4547729 4 4547729 2.89576297165266e-06
S4_4547730 4 4547730 1.76245476542892e-06
S4_4595576 4 4595576 0.000269816620787597
S4_4603578 4 4603578 3.61339130342755e-06
S4_4644758 4 4644758 3.76909866477307e-05
S4_4644762 4 4644762 3.62527801269068e-06
S4_4644765 4 4644765 4.05410477841127e-09
S4_4776360 4 4776360 0.000290953580946705
S4_5042376 4 5042376 0.000637982830824382
S4_5103375 4 5103375 0.000359097329319715
S4_5179505 4 5179505 0.000718937376987207
S4_5232786 4 5232786 0.000739768622866997
S4_5234953 4 5234953 0.000186424065425314
S4_5240203 4 5240203 0.000400562749332454
S4_5240352 4 5240352 0.000922969018925668
S4_5240378 4 5240378 0.000922969018925704
S4_5242402 4 5242402 1.11150678170097e-05
S4_5243002 4 5243002 0.000408246432349353
S4_5255279 4 5255279 7.95627512245049e-07
S4_5320940 4 5320940 0.000186426512938968
S4_5353076 4 5353076 0.000218490870284855
S4_5353469 4 5353469 1.29992502946587e-05
S4_5377682 4 5377682 0.000549815299702722
S4_5377917 4 5377917 0.000544218674447066
S4_5385556 4 5385556 0.000335181458526023
S4_5385705 4 5385705 0.000277543762199736
S4_5385815 4 5385815 2.80406741666541e-06
S4_5385816 4 5385816 2.80406741666555e-06
S4_5385817 4 5385817 2.80406741666541e-06
S4_5400279 4 5400279 2.74938279651125e-05
S4_5408050 4 5408050 1.69845461263527e-11
S4_5408054 4 5408054 2.88028708580653e-05
S4_5408131 4 5408131 6.95866295512686e-07
S4_5408144 4 5408144 7.33565143155015e-07
S4_5435357 4 5435357 2.81379568795506e-06
S4_5457074 4 5457074 0.000467407172877412
S4_5473838 4 5473838 0.000724668144057857
S4_5473842 4 5473842 0.000724668144057857
S4_5484630 4 5484630 7.82878507838867e-05
S4_5488335 4 5488335 0.000258201903659253
S4_5607465 4 5607465 0.000180562973619575
S4_5646585 4 5646585 0.00020371461777879
S4_5679211 4 5679211 6.81683885269747e-06
S4_5679968 4 5679968 5.80362386037886e-11
S4_5723712 4 5723712 0.000217539806491358
S4_5723722 4 5723722 0.000217539806491349
S4_5723735 4 5723735 0.000217539806491349
S4_5723985 4 5723985 0.000886099514240831
S4_5730455 4 5730455 0.000409847510461835
S4_5730497 4 5730497 0.00018866687933025
S4_5730498 4 5730498 0.000188666879330222
S4_5732421 4 5732421 0.00012375192259024
S4_5732696 4 5732696 0.000161721310685306
S4_5732709 4 5732709 0.000152564732308223
S4_5732726 4 5732726 0.000152564732308223
S4_5829954 4 5829954 0.000213217970615318
S4_5896377 4 5896377 4.82368436578737e-06
S4_5897984 4 5897984 0.00043345710586185
S4_5917935 4 5917935 0.00054322251644803
S4_5923638 4 5923638 4.64984309039862e-05
S4_6091226 4 6091226 0.000166748845381396
S4_6091240 4 6091240 0.000166748845381396
S4_6091260 4 6091260 0.000363740346828103
S4_6091899 4 6091899 2.44912119031987e-05
S4_6091919 4 6091919 2.44912119031987e-05
S4_6122576 4 6122576 9.70058193359469e-13
S4_6158151 4 6158151 0.000149703734864482
S4_6158170 4 6158170 0.000118582927611091
S4_6158301 4 6158301 0.000369417743623047
S4_6190364 4 6190364 0.000486150906542485
S4_6209289 4 6209289 0.000717495379252482
S4_6213968 4 6213968 8.30803329579513e-05
S4_6236392 4 6236392 0.000890546358331631
S4_6248627 4 6248627 3.56722289048157e-06
S4_6251900 4 6251900 0.000603787283741171
S4_6252085 4 6252085 0.000984045010746827
S4_6252766 4 6252766 2.46173176174733e-06
S4_6274394 4 6274394 0.000258131645016488
S4_6286134 4 6286134 3.55375967635593e-05
S4_6288672 4 6288672 0.000246767799467313
S4_6293663 4 6293663 0.000267682151574508
S4_6295698 4 6295698 8.30862683417267e-05
S4_6327197 4 6327197 0.000136156070501264
S4_6327255 4 6327255 0.000113798325565094
S4_6328099 4 6328099 0.000769520185196033
S4_6328100 4 6328100 0.000769520185196033
S4_6328102 4 6328102 0.000769520185196033
S4_6328103 4 6328103 0.000769520185196033
S4_6328104 4 6328104 0.000769520185196033
S4_6328105 4 6328105 0.000769520185196033
S4_6328106 4 6328106 0.000769520185196033
S4_6328107 4 6328107 0.000769520185196033
S4_6329084 4 6329084 5.27776339384166e-16
S4_6334823 4 6334823 0.000468459290083737
S4_6352119 4 6352119 8.04918058397532e-06
S4_6355574 4 6355574 0.000467674955736452
S4_6416474 4 6416474 0.000818156948115971
S4_6439556 4 6439556 5.90382317433721e-07
S4_6450105 4 6450105 2.53219796438178e-08
S4_6456899 4 6456899 0.000280659483091466
S4_6456924 4 6456924 0.000411569715762483
S4_6459464 4 6459464 3.59638364568579e-05
S4_6459476 4 6459476 3.59638364568579e-05
S4_6705208 4 6705208 1.03401634220856e-05
S4_6715770 4 6715770 0.000243725973367753
S4_6715771 4 6715771 0.000341837547031922
S4_6724796 4 6724796 0.000195837812544398
S4_6749168 4 6749168 0.000981450423456903
S4_6749171 4 6749171 0.000923639712541586
S4_6901489 4 6901489 0.000928485577189852
S4_6945732 4 6945732 0.000597769873926162
S4_7025363 4 7025363 1.9891265594855e-05
S4_7073165 4 7073165 0.000487777446244576
S4_7095260 4 7095260 0.000816426025028968
S4_7127186 4 7127186 0.000426110105728513
S4_7145760 4 7145760 7.09545442854959e-05
S4_7165876 4 7165876 0.000128285642729749
S4_7237078 4 7237078 2.66488436985691e-06
S4_7252016 4 7252016 0.000923148356558825
S4_7375049 4 7375049 3.55404638338358e-06
S4_7375058 4 7375058 0.000206793230197956
S4_7375059 4 7375059 0.000170295136244202
S4_7380355 4 7380355 1.56134166413113e-06
S4_7381362 4 7381362 3.8865351153374e-05
S4_7381458 4 7381458 7.63677228686259e-07
S4_7381539 4 7381539 1.06987091342876e-07
S4_7442695 4 7442695 1.36516364875147e-08
S4_7497983 4 7497983 4.89985265433066e-05
S4_7514538 4 7514538 6.29643381675085e-05
S4_7521911 4 7521911 0.000636546895417691
S4_7593561 4 7593561 1.37446565502705e-05
S4_7607192 4 7607192 0.000124350640609455
S4_7607230 4 7607230 0.000124350640609455
S4_7610649 4 7610649 2.29682257284654e-05
S4_7640353 4 7640353 4.79124253472332e-06
S4_7656301 4 7656301 0.000963931019956778
S4_7685472 4 7685472 0.000832178411628985
S4_7685499 4 7685499 6.59908501217882e-07
S4_7816399 4 7816399 0.00011234640461701
S4_7832122 4 7832122 6.76838892235312e-08
S4_7867465 4 7867465 1.40415870040938e-06
S4_7872478 4 7872478 0.000233395801041742
S4_7872482 4 7872482 0.000233395801041742
S4_7953060 4 7953060 4.66781654274886e-05
S4_7972127 4 7972127 6.79563163620929e-06
S4_7982556 4 7982556 2.28931138387595e-12
S4_8022230 4 8022230 2.78243660647092e-06
S4_8030186 4 8030186 1.51759478040897e-05
S4_8030195 4 8030195 1.46357767592917e-05
S4_8066083 4 8066083 0.000227215374670117
S4_8111906 4 8111906 0.000202697292837945
S4_8114120 4 8114120 0.000432414123454066
S4_8127420 4 8127420 2.45980180077472e-08
S4_8132632 4 8132632 4.26614149648813e-06
S4_8152781 4 8152781 0.000305833956784612
S4_8153019 4 8153019 0.000120503054074177
S4_8165349 4 8165349 1.23534994362849e-09
S4_8321444 4 8321444 0.000658575557881239
S4_8372281 4 8372281 2.9104375734655e-05
S4_8372290 4 8372290 2.9104375734655e-05
S4_8372314 4 8372314 2.91043757346559e-05
S4_8458580 4 8458580 4.76526705206443e-05
S4_8651548 4 8651548 0.000180558778953681
S4_8651551 4 8651551 0.000175445252042291
S4_8652029 4 8652029 9.91894869854053e-05
S4_8662646 4 8662646 0.00011364324581972
S4_8856533 4 8856533 0.000486012694400081
S4_8893321 4 8893321 6.17664434886636e-05
S4_8893326 4 8893326 6.17664434886636e-05
S4_9029538 4 9029538 1.75457303781524e-05
S4_9120694 4 9120694 0.000312142537859219
S4_9551764 4 9551764 9.32312351514382e-05
S4_9551765 4 9551765 9.32312351514423e-05
S4_9748254 4 9748254 0.000284534649997884
S4_9795376 4 9795376 0.000590930251357638
S4_9955357 4 9955357 0.000495000932298092
S4_9969809 4 9969809 0.000159636164355914
S4_9978295 4 9978295 0.000225688132649973
S4_10027868 4 10027868 0.000363599582114574
S4_10116306 4 10116306 4.35937202158558e-05
S4_10363681 4 10363681 0.000531135191174732
S4_10363827 4 10363827 0.000919313685393538
S4_10424568 4 10424568 0.000229654131017576
S4_10433790 4 10433790 0.000111762639280899
S4_10433794 4 10433794 0.000111762639280899
S4_10433798 4 10433798 0.000111762639280899
S4_10547581 4 10547581 0.000119370168993185
S4_10547582 4 10547582 5.37503325032574e-05
S4_10547584 4 10547584 5.37503325032548e-05
S4_10547585 4 10547585 0.00021647614930363
S4_11064879 4 11064879 8.18187334532248e-08
S4_11067846 4 11067846 4.13007578056795e-05
S4_11125416 4 11125416 0.000508597978568646
S4_11150425 4 11150425 3.55817240565875e-10
S4_11216329 4 11216329 0.000629029781778785
S4_11252160 4 11252160 1.11656605416602e-05
S4_11292819 4 11292819 0.000123541302638519
S4_11348122 4 11348122 0.000241859523627013
S4_11394816 4 11394816 5.66027184121851e-05
S4_11596007 4 11596007 0.000585231873889446
S4_11596086 4 11596086 0.000597467353330964
S4_11596185 4 11596185 0.000107199630295856
S4_11628460 4 11628460 1.72013809677571e-05
S4_11628666 4 11628666 0.000912409507039266
S4_11628675 4 11628675 2.64291073801406e-08
S4_11683641 4 11683641 0.000477930726877106
S4_11764091 4 11764091 0.000405949345336602
S4_11832142 4 11832142 5.52156948906532e-05
S4_11977618 4 11977618 0.000532116688651758
S4_12004894 4 12004894 1.08008471605998e-07
S4_12070588 4 12070588 7.23849596480205e-05
S4_12147600 4 12147600 9.90456403582958e-06
S4_12302977 4 12302977 0.000716860811963929
S4_12584353 4 12584353 0.000169302741352681
S4_12672351 4 12672351 6.59844065821768e-05
S4_13113150 4 13113150 0.0005440325452947
S4_13476525 4 13476525 0.000269022981028939
S4_13883933 4 13883933 2.21322461674944e-10
S4_14536411 4 14536411 0.000489566317576378
S4_14971154 4 14971154 0.000234087005066811
S4_14971155 4 14971155 0.000546108821385933
S4_14971157 4 14971157 0.000715945408317565
S4_15013781 4 15013781 2.32554693072955e-05
S4_15028018 4 15028018 0.000464416489990799
S4_15085678 4 15085678 0.000655654248143655
S4_15231804 4 15231804 2.19865843376182e-06
S4_15727601 4 15727601 0.00053546505124873
S4_15727618 4 15727618 0.000231493325668112
S4_15727634 4 15727634 0.000231493325668112
S4_15760430 4 15760430 0.000554691213831497
S4_15857559 4 15857559 0.000238346486024311
S4_15924602 4 15924602 2.04882017887176e-06
S4_15927150 4 15927150 0.000310074323505559
S4_16033376 4 16033376 0.000180703887517488
S4_16033408 4 16033408 0.000178968081781558
S4_16732639 4 16732639 0.000991892171177548
S4_16797166 4 16797166 0.000973197792119645
S4_16833943 4 16833943 0.000680202169755324
S4_17056655 4 17056655 0.000322566395033902
S4_17081402 4 17081402 0.00085322572081115
S4_18244686 4 18244686 0.000256794178418624
S4_18970961 4 18970961 3.19930423013051e-07
S4_18976785 4 18976785 0.000385157368043749
S4_19164802 4 19164802 0.000560780541944448
S4_19894269 4 19894269 0.000181277898167187
S4_20056883 4 20056883 0.000165894185353042
S4_20077747 4 20077747 0.000149035621768162
S4_20996430 4 20996430 0.000565230457813497
S4_22248670 4 22248670 1.87912178595736e-05
S4_23106237 4 23106237 0.0008800782488758
S4_23292415 4 23292415 1.77364166568434e-09
S4_23292416 4 23292416 1.92871499695302e-09
S4_24206789 4 24206789 0.00065004645297751
S4_24548867 4 24548867 0.000685156602977164
S4_26743163 4 26743163 1.75677610689709e-05
S4_27084159 4 27084159 0.000296602129025425
S4_33062622 4 33062622 0.000507603686720247
S4_34149572 4 34149572 0.000423208590887664
S4_35221566 4 35221566 0.00091325068409215
S4_37364179 4 37364179 1.00787571657782e-05
S4_38882554 4 38882554 0.000694601927871945
S4_39518470 4 39518470 1.31888256673013e-10
S4_40775285 4 40775285 0.000711886319916176
S4_40775299 4 40775299 0.000711886319916176
S4_41345936 4 41345936 0.000168066512342918
S4_41720179 4 41720179 1.71979132951255e-08
S4_42435253 4 42435253 9.05070401401254e-08
S4_43279716 4 43279716 2.93973552922632e-05
S4_43618180 4 43618180 0.000186317462927605
S4_44318140 4 44318140 4.90785972851189e-05
S4_44591920 4 44591920 0.000601082713127042
S4_44992538 4 44992538 0.000137430392296254
S4_45005485 4 45005485 1.27182933879609e-05
S4_45005644 4 45005644 0.000265107235594894
S4_45055581 4 45055581 8.92721075818491e-05
S4_45055593 4 45055593 6.60131779161343e-05
S4_45263410 4 45263410 0.000662995852690829
S4_45416820 4 45416820 3.78853603070288e-06
S4_45558509 4 45558509 6.70536703599509e-05
S4_45565228 4 45565228 5.49049957102569e-06
S4_46848298 4 46848298 2.27828741180095e-06
S4_46848315 4 46848315 2.27828741180095e-06
S4_47106157 4 47106157 2.10449589053235e-05
S4_47444695 4 47444695 5.82133791178232e-05
S4_47444752 4 47444752 0.000481183695915188
S4_47464787 4 47464787 6.95368797646154e-05
S4_47722865 4 47722865 0.000910415888630329
S4_47769786 4 47769786 0.00025809267247482
S4_48069542 4 48069542 4.67039685528598e-06
S4_48073925 4 48073925 3.9203144628476e-10
S4_48082442 4 48082442 0.000583734432146823
S4_48169578 4 48169578 0.000156614000153302
S4_48480684 4 48480684 0.000445658553413551
S4_48666249 4 48666249 0.000416557621951146
S4_48674808 4 48674808 0.000218253281813145
S4_48686685 4 48686685 0.000308476786148546
S4_48801514 4 48801514 0.000860030343849229
S4_48831163 4 48831163 0.000137013331650195
S4_48838237 4 48838237 0.00029280807949151
S4_48919558 4 48919558 0.00031875316297448
S4_49051730 4 49051730 0.00062798274602942
S4_49134466 4 49134466 4.96389896819174e-05
S4_49139963 4 49139963 0.000125257560731111
S4_49140287 4 49140287 2.72108119979879e-05
S4_49140389 4 49140389 0.0005097668744168
S4_49302407 4 49302407 0.000620092573302587
S4_49424871 4 49424871 0.000784150234269165
S4_49424939 4 49424939 5.85986479286307e-05
S4_49435995 4 49435995 0.000198759501071323
S4_49436121 4 49436121 5.38245794376104e-05
S4_49440463 4 49440463 0.000192089511491873
S4_49442718 4 49442718 4.28588808362861e-06
S4_49618675 4 49618675 1.29494971067165e-05
S4_49775595 4 49775595 3.13690485502548e-05
S4_49786084 4 49786084 0.000701462934376139
S4_49815810 4 49815810 0.00020534076785504
S4_49831553 4 49831553 0.000782948778770147
S4_49831558 4 49831558 0.000286070773762426
S4_49831560 4 49831560 0.000286070773762426
S4_49959713 4 49959713 0.00089659765470264
S4_49959740 4 49959740 0.00089659765470264
S4_50003766 4 50003766 0.000511947421289651
S4_50158863 4 50158863 1.54183775447275e-05
S4_50368813 4 50368813 0.000285706571448271
S4_50368814 4 50368814 0.000285706571448287
S4_50381087 4 50381087 0.000251142309839824
S4_50467879 4 50467879 1.7402331251444e-11
S4_50648339 4 50648339 0.000572734105908113
S4_50721038 4 50721038 6.51649847364854e-05
S4_50788739 4 50788739 0.000796032791056815
S4_50791800 4 50791800 3.85235814784545e-05
S4_50846048 4 50846048 5.63232184026071e-05
S4_50856918 4 50856918 5.62902044475898e-05
S4_50952449 4 50952449 1.10459691699308e-05
S4_51015931 4 51015931 1.38768766510571e-05
S4_51018634 4 51018634 0.000190104027091617
S4_51035947 4 51035947 0.000800241107301009
S4_51176235 4 51176235 0.000361541547752601
S4_51217317 4 51217317 1.81509529153503e-05
S4_51386930 4 51386930 7.8081114623335e-05
S4_51423424 4 51423424 0.000856453811205996
S4_51428889 4 51428889 0.000232986959566582
S4_51504681 4 51504681 7.30866988523773e-07
S4_51534081 4 51534081 0.00018598327296766
S4_51534099 4 51534099 0.000186218507680466
S4_51535929 4 51535929 1.03056349913305e-07
S4_51536144 4 51536144 0.000561489679104328
S4_51536145 4 51536145 0.000561489679104328
S4_51540605 4 51540605 4.98021523629147e-07
S4_51540800 4 51540800 1.07632128120065e-08
S4_51545342 4 51545342 5.35432930177362e-05
S4_51645460 4 51645460 0.000115915614414783
S4_51645462 4 51645462 0.000115915614414783
S4_51645463 4 51645463 0.000115915614414783
S4_51645464 4 51645464 9.57718519115246e-05
S4_51846426 4 51846426 0.000359522538166741
S4_51908582 4 51908582 0.000628407115968055
S4_51918144 4 51918144 1.11503519913774e-05
S4_52003942 4 52003942 2.82259479238903e-05
S4_52003943 4 52003943 2.27942247971874e-10
S4_52003944 4 52003944 2.27942247971874e-10
S4_52003949 4 52003949 3.97550845665871e-11
S4_52049758 4 52049758 0.00034150972467257
S4_52077021 4 52077021 4.80475703359844e-05
S4_52120248 4 52120248 9.29282374954739e-05
S4_52120321 4 52120321 0.000777627157048168
S4_52173561 4 52173561 0.000239290148338296
S4_52177531 4 52177531 6.34962159089573e-06
S4_52180101 4 52180101 8.76227787984761e-06
S4_52213094 4 52213094 0.000251588951761074
S4_52216904 4 52216904 0.000663914261922276
S4_52217741 4 52217741 0.000230823002004247
S4_52217770 4 52217770 0.000230823002004247
S4_52289019 4 52289019 2.8167319889652e-05
S4_52381239 4 52381239 2.72053494559759e-05
S4_52579433 4 52579433 4.05469736409828e-07
S4_52620802 4 52620802 0.000202144631691821
S4_52651955 4 52651955 0.000586848950813835
S4_52714172 4 52714172 0.000512635992177521
S4_52736577 4 52736577 4.49526350452476e-06
S4_53002623 4 53002623 3.67808623101241e-06
S4_53002649 4 53002649 3.67808623101241e-06
S4_53002672 4 53002672 3.67808623101241e-06
S4_53002717 4 53002717 0.000140195916967965
S4_53002726 4 53002726 0.000340253390486322
S4_53002747 4 53002747 0.000138564914597169
S4_53008395 4 53008395 0.00014381784761477
S4_53040874 4 53040874 0.000274145774458349
S4_53040876 4 53040876 0.000274145774458349
S4_53040878 4 53040878 0.000274145774458349
S4_53182301 4 53182301 0.000141583403367182
S4_53293055 4 53293055 4.56140067686678e-13
S4_53372026 4 53372026 0.000971504854119856
S4_53497626 4 53497626 0.000142631177990609
S4_53619842 4 53619842 4.53365314114589e-05
S4_53726963 4 53726963 0.000153492673515058
S4_53840430 4 53840430 0.000314958801475969
S4_54009574 4 54009574 0.000240410724898384
S4_54374776 4 54374776 0.000362797021742084
S4_54382928 4 54382928 4.17665430090356e-05
S4_54389829 4 54389829 0.000462296513590989
S4_54397452 4 54397452 9.14130602432066e-06
S4_54410637 4 54410637 9.3352492207522e-05
S4_54417860 4 54417860 1.63409298267496e-05
S4_54422306 4 54422306 6.95382810108717e-05
S4_54422685 4 54422685 0.000749734890762903
S4_54422875 4 54422875 1.90244321557285e-05
S4_54423142 4 54423142 0.000154993623938335
S4_54424312 4 54424312 3.26634113783409e-05
S4_54459897 4 54459897 2.64452261517784e-06
S4_54493561 4 54493561 0.000108444502213827
S4_54538862 4 54538862 0.000779667508497475
S4_54541042 4 54541042 2.59510694482145e-05
S4_54555458 4 54555458 0.000194599951014196
S4_54616913 4 54616913 4.52331929002221e-06
S4_54818742 4 54818742 0.000186762245667502
S4_54825006 4 54825006 0.000910955418066005
S4_54898690 4 54898690 2.02212947768704e-07
S4_54923635 4 54923635 0.000154420283555143
S4_54926045 4 54926045 2.39384430585816e-05
S4_54983366 4 54983366 3.15219357687227e-09
S4_55082417 4 55082417 2.23955414549159e-05
S4_55099232 4 55099232 1.25373732144682e-07
S4_55237709 4 55237709 1.61383232473282e-05
S4_55238553 4 55238553 1.06099856210818e-05
S4_55359984 4 55359984 3.42684896464755e-05
S4_55359987 4 55359987 5.52167467163478e-05
S4_55359995 4 55359995 3.42684896464755e-05
S4_55416147 4 55416147 0.000517532972878748
S4_55474122 4 55474122 6.344962069827e-05
S4_55476921 4 55476921 2.71447123549455e-08
S4_55477201 4 55477201 2.30069105505398e-06
S4_55488570 4 55488570 4.44681929631912e-07
S4_55682140 4 55682140 0.000472190642796215
S4_55686565 4 55686565 7.23698392535252e-05
S4_55689063 4 55689063 3.67309804353033e-06
S4_55689495 4 55689495 6.86379800877806e-05
S4_55689637 4 55689637 0.000325316993346287
S4_55703084 4 55703084 6.1502271928862e-06
S4_55710493 4 55710493 0.000669084164880499
S4_55717890 4 55717890 0.000747497962605597
S4_55734584 4 55734584 0.000962316462534037
S4_55754271 4 55754271 2.35746220087728e-06
S4_55756618 4 55756618 0.000145437707380102
S4_55759529 4 55759529 0.000241838434737514
S4_55773375 4 55773375 0.000542828450635503
S4_55854829 4 55854829 2.49282146253523e-10
S4_55854830 4 55854830 2.49282146253552e-10
S4_55854832 4 55854832 2.49282146253523e-10
S4_55855051 4 55855051 1.64352473537564e-09
S4_55858603 4 55858603 2.70268832413444e-06
S4_55858613 4 55858613 2.70268832413444e-06
S4_55874407 4 55874407 0.000507285972974006
S4_55902787 4 55902787 0.000314316782110102
S4_55902854 4 55902854 9.74273310939363e-07
S4_56022916 4 56022916 0.000965521887721025
S4_56024994 4 56024994 0.00039438132737018
S4_56106087 4 56106087 0.000358446653384318
S4_56118997 4 56118997 0.000806375237566639
S4_56170889 4 56170889 2.22922707484747e-06
S4_56204156 4 56204156 0.000306898375066117
S4_56332228 4 56332228 1.36549215799814e-12
S4_56332244 4 56332244 1.36549215799814e-12
S4_56337469 4 56337469 9.19815505287734e-06
S4_56381584 4 56381584 0.000179811025443475
S4_56493545 4 56493545 1.62667526467469e-09
S4_56494610 4 56494610 0.000488435062370974
S4_56502758 4 56502758 0.000634134397303653
S4_56502762 4 56502762 0.000625095220302309
S4_56502763 4 56502763 0.000625095220302309
S4_56502860 4 56502860 1.97749259245104e-06
S4_56510305 4 56510305 6.55532247024748e-05
S4_56514082 4 56514082 9.55873378904609e-06
S4_56515595 4 56515595 0.000200746650748682
S4_56523403 4 56523403 4.25956341940002e-09
S4_56545862 4 56545862 9.79433527207391e-07
S4_56783664 4 56783664 0.000316111145168995
S4_56860985 4 56860985 1.81404767846159e-06
S4_57011108 4 57011108 0.000366596035735281
S4_57044935 4 57044935 0.000119813187177007
S4_57157363 4 57157363 0.000207176224368333
S4_57157371 4 57157371 0.000207176224368333
S4_57255031 4 57255031 0.000254239337629688
S4_57282059 4 57282059 0.000590955586371226
S4_57444742 4 57444742 0.00064555322031296
S4_57619635 4 57619635 2.9335402276519e-05
S4_57642455 4 57642455 0.000174982100110003
S4_57656674 4 57656674 0.00086177748908256
S4_57656999 4 57656999 0.000718170951167135
S4_57723431 4 57723431 0.000812610047742944
S4_57748698 4 57748698 1.40135057082024e-05
S4_57821175 4 57821175 2.54263600251141e-12
S4_57824182 4 57824182 1.06328751188995e-05
S4_57877383 4 57877383 0.000819814883686602
S4_57980862 4 57980862 0.000108651415692006
S4_58052537 4 58052537 1.95335392122423e-06
S4_58094413 4 58094413 2.59355189004468e-07
S4_58284870 4 58284870 9.56314983503402e-05
S4_58378631 4 58378631 0.000751896147017164
S4_58383045 4 58383045 4.27687821738253e-08
S4_58451090 4 58451090 0.00023050361682337
S4_58473169 4 58473169 0.000283062891395491
S4_58473195 4 58473195 0.000997781909540054
S4_58473284 4 58473284 8.56246461143015e-06
S4_58473411 4 58473411 4.6484725156124e-06
S4_58498073 4 58498073 0.000116234653284229
S4_58509881 4 58509881 0.000895839082160965
S4_58510878 4 58510878 0.000240639724474742
S4_58510900 4 58510900 0.000240639724474742
S4_58510919 4 58510919 1.06228889851187e-10
S4_58510968 4 58510968 1.8405252567534e-05
S4_58549263 4 58549263 0.000184185990757544
S4_58584734 4 58584734 5.911211825883e-05
S4_58587317 4 58587317 1.21193528313228e-05
S4_58603730 4 58603730 1.7092183915897e-05
S4_58632117 4 58632117 1.07217809333859e-08
S4_58660337 4 58660337 0.00072556530028554
S4_58666532 4 58666532 0.000859035596346299
S4_58666608 4 58666608 0.000642068602360288
S4_58690403 4 58690403 0.000921301766952781
S4_58693493 4 58693493 1.44454049603236e-05
S4_58703987 4 58703987 6.40348668783676e-05
S4_58704499 4 58704499 3.85895667011239e-05
S4_58864208 4 58864208 0.000127605505188489
S4_58864221 4 58864221 7.4224914999222e-08
S4_58999940 4 58999940 0.000535593513674548
S4_59009744 4 59009744 0.000181362870596456
S4_59045807 4 59045807 0.000278392094213985
S4_59045808 4 59045808 0.000278392094213985
S4_59053922 4 59053922 6.79893159669313e-06
S4_59063750 4 59063750 0.000672762222910546
S4_59071280 4 59071280 0.000669194970781081
S4_59073142 4 59073142 1.25113254890996e-12
S4_59265842 4 59265842 5.30272065728481e-05
S4_59584834 4 59584834 2.60793692617191e-06
S4_59752525 4 59752525 1.9634672028948e-06
S4_59752533 4 59752533 8.6482971342731e-08
S4_59794393 4 59794393 0.000399780864638134
S4_59833924 4 59833924 1.382505949106e-06
S4_59915495 4 59915495 1.01768700152592e-11
S4_59924293 4 59924293 0.000874387228451334
S4_60008588 4 60008588 0.000193786952540227
S4_60076136 4 60076136 0.000656541497622471
S4_60085279 4 60085279 3.55070666736988e-07
S4_60113982 4 60113982 8.88595734702711e-07
S4_60113994 4 60113994 1.97704446960567e-08
S4_60114007 4 60114007 9.21992450312291e-07
S4_60173355 4 60173355 8.31956963581798e-14
S4_60190271 4 60190271 6.48760325230946e-05
S4_60404007 4 60404007 2.53745743625749e-07
S4_60430201 4 60430201 0.000379509264500105
S4_60491640 4 60491640 3.44411616385909e-05
S4_60504691 4 60504691 0.000332151785206634
S4_60692016 4 60692016 0.000440255999588038
S4_60702490 4 60702490 2.45565178838132e-06
S4_60703385 4 60703385 4.56144119274125e-05
S4_60734347 4 60734347 2.50375606131921e-07
S4_60734350 4 60734350 1.20268317647338e-06
S4_60791091 4 60791091 0.000751499606682257
S4_60794725 4 60794725 0.000522581726357561
S4_60986951 4 60986951 1.5511667885592e-06
S4_61082979 4 61082979 3.47752070132094e-06
S4_61100590 4 61100590 9.15009788540203e-05
S4_61159487 4 61159487 0.000126095801667201
S4_61159505 4 61159505 0.000126095801667201
S4_61159712 4 61159712 8.90808174295997e-06
S4_61178656 4 61178656 4.8303102645337e-07
S4_61179958 4 61179958 6.85320381779276e-06
S4_61210106 4 61210106 8.60229008746556e-05
S4_61231085 4 61231085 0.00022064556307883
S4_61236645 4 61236645 0.000679719280839449
S4_61263962 4 61263962 0.000136659246285707
S4_61264012 4 61264012 0.000123870949294727
S4_61265040 4 61265040 5.174088667154e-08
S4_61308980 4 61308980 0.000279557586756356
S4_61328808 4 61328808 4.94222775666081e-05
S4_61363057 4 61363057 3.52282905631923e-06
S4_61375607 4 61375607 0.00014243581679493
S4_61416537 4 61416537 0.000683944232622404
S4_61418662 4 61418662 0.000291986530668997
S4_61419129 4 61419129 2.06340343716052e-07
S4_61430856 4 61430856 0.000188679631167173
S4_61440489 4 61440489 0.000377372267428573
S4_61451888 4 61451888 9.07669207628144e-06
S4_61481914 4 61481914 6.50583160838106e-05
S4_61490397 4 61490397 0.000110661501344145
S4_61496158 4 61496158 0.000106683494410508
S4_61496203 4 61496203 0.00028421573458753
S4_61496521 4 61496521 6.72851082475655e-06
S4_61496524 4 61496524 6.71991553740632e-06
S4_61496527 4 61496527 6.72851082475655e-06
S4_61496528 4 61496528 6.72851082475655e-06
S4_61502991 4 61502991 0.000815817233176054
S4_61502998 4 61502998 0.000815817233176054
S4_61503023 4 61503023 0.000815817233176054
S4_61537423 4 61537423 1.96983161645127e-05
S4_61543966 4 61543966 2.74151132965469e-06
S4_61545041 4 61545041 0.000327581333064131
S4_61545051 4 61545051 0.000327581333064131
S4_61555190 4 61555190 0.000338211819279998
S4_61555322 4 61555322 0.000125708784062211
S4_61555364 4 61555364 0.000609728007705108
S4_61555377 4 61555377 0.000325392664636063
S4_61579806 4 61579806 0.000417443369354572
S4_61586926 4 61586926 1.66629065792295e-05
S4_61599358 4 61599358 2.67561286710082e-05
S4_61599849 4 61599849 0.000132947191412925
S4_61642227 4 61642227 0.000174695789936672
S4_61658411 4 61658411 8.07622158083528e-05
S4_61658647 4 61658647 0.000157725975521218
S4_61658753 4 61658753 0.000661025142991503
S4_61660179 4 61660179 2.32496012927318e-05
S4_61711508 4 61711508 1.55356130598918e-06
S4_61733517 4 61733517 0.00053320747224958
S4_61741381 4 61741381 1.14640000126778e-06
S4_61742818 4 61742818 1.63103242375214e-07
S4_61742826 4 61742826 1.63103242375054e-07
S4_61742858 4 61742858 7.39133515274792e-08
S4_61744656 4 61744656 0.000131192511503558
S4_61776580 4 61776580 0.000672323220838727
S4_61780252 4 61780252 6.99855691519234e-06
S4_61780262 4 61780262 6.99855691519234e-06
S4_61799937 4 61799937 0.000602639593964729
S4_61835734 4 61835734 0.000227332548528114
S4_61842887 4 61842887 0.000103876028668701
S4_61867544 4 61867544 0.000848939318923311
S4_61873407 4 61873407 4.24085508788088e-05
S4_61915598 4 61915598 0.000216177903436399
S4_61953350 4 61953350 0.000165049816861568
S4_61970934 4 61970934 0.000637077547761007
S4_61971422 4 61971422 6.06112250747196e-05
S4_61971423 4 61971423 0.000309716499525779
S4_61977658 4 61977658 0.0003996930341436
S4_62008261 4 62008261 0.000692743358191419
S4_62008753 4 62008753 4.75614252589209e-05
S4_62020738 4 62020738 0.000615135299303942
S4_62020885 4 62020885 9.71194738702832e-05
S4_62025037 4 62025037 0.000465191714325312
S4_62047608 4 62047608 8.8858518656492e-06
S4_62139076 4 62139076 8.17791349797329e-05
S4_62182052 4 62182052 6.86597027416446e-05
S4_62188471 4 62188471 6.657120963409e-05
S4_62200226 4 62200226 0.000343947575531806
S4_62211951 4 62211951 0.000404615759552022
S4_62211953 4 62211953 9.62236212639288e-05
S4_62220646 4 62220646 0.000376649043546145
S4_62226579 4 62226579 5.74890250360629e-05
S4_62226580 4 62226580 5.74890250360629e-05
S4_62227583 4 62227583 9.80712349515129e-12
S4_62320162 4 62320162 0.000855133290917253
S4_62383829 4 62383829 0.00042437746339714
S4_62384453 4 62384453 0.000119032761846622
S4_62500499 4 62500499 0.000343363028867674
S4_62532285 4 62532285 7.56345114255548e-05
S4_62562096 4 62562096 2.12624900414323e-06
S4_62661372 4 62661372 3.34216295943333e-05
S4_62661380 4 62661380 3.34216295943351e-05
S4_62661400 4 62661400 0.000114943821417116
S4_62663567 4 62663567 3.96744514012797e-05
S4_62665268 4 62665268 1.52461880069572e-11
S4_62665273 4 62665273 1.99171511970296e-11
S4_62716480 4 62716480 0.000193320686332587
S4_62716533 4 62716533 8.07584885787508e-05
S4_62716534 4 62716534 1.23751239016771e-05
S4_62769255 4 62769255 0.000153489566550855
S4_62775386 4 62775386 2.73588058672838e-11
S4_62802114 4 62802114 0.000188273040584601
S4_62831116 4 62831116 7.38268195744991e-05
S4_62862068 4 62862068 4.94021614494634e-06
S4_62877635 4 62877635 5.60869944648524e-06
S4_62883866 4 62883866 0.000644465747786903
S4_62887402 4 62887402 1.26228074659803e-05
S4_62887492 4 62887492 0.000232191920224331
S4_62887507 4 62887507 0.000232191920224331
S4_62887912 4 62887912 6.97013792190934e-06
S4_62888151 4 62888151 4.22173177177584e-05
S4_63018765 4 63018765 1.65569473070781e-06
S4_63030006 4 63030006 0.000511402144311199
S4_63071568 4 63071568 0.000287615423747632
S4_63153070 4 63153070 1.52801578014619e-06
S4_63221166 4 63221166 0.00013687708509343
S4_63252034 4 63252034 0.000867229172484492
S4_63301129 4 63301129 6.06356253017801e-08
S4_63325145 4 63325145 0.000452852953246184
S4_63339375 4 63339375 4.22977926125854e-05
S4_63355139 4 63355139 1.82807683030268e-05
S4_63389277 4 63389277 3.09130239027151e-10
S4_63389295 4 63389295 3.09130239027176e-10
S4_63468723 4 63468723 3.77742940581052e-11
S4_63468727 4 63468727 3.77742940581007e-11
S4_63468729 4 63468729 3.77742940581007e-11
S4_63483856 4 63483856 1.01194350663569e-06
S4_63700513 4 63700513 1.80951574892536e-09
S4_63725371 4 63725371 5.97921534842539e-08
S4_63795251 4 63795251 0.000885934979964765
S4_63848161 4 63848161 6.65635983357224e-05
S4_63850829 4 63850829 0.000463822145967916
S4_63857205 4 63857205 1.69134244976845e-05
S4_63874061 4 63874061 0.00016740776627715
S4_63874119 4 63874119 5.02977323042536e-06
S4_63874120 4 63874120 4.76894893377789e-06
S4_63882804 4 63882804 0.000193236322249651
S4_63899617 4 63899617 4.37337054590153e-05
S4_63901549 4 63901549 0.000981346900075717
S4_63971837 4 63971837 3.59389230151731e-06
S4_64056069 4 64056069 8.03059054730545e-07
S4_64070066 4 64070066 6.75552060593275e-06
S4_64114796 4 64114796 7.01220881352384e-05
S4_64192393 4 64192393 0.000772891527351942
S4_64195338 4 64195338 0.000593377194202715
S4_64202890 4 64202890 2.32051273823649e-08
S4_64213616 4 64213616 0.000189682459743722
S4_64228943 4 64228943 6.03522608088264e-11
S4_64253645 4 64253645 5.61961467514414e-06
S4_64253658 4 64253658 7.16022469456324e-05
S4_64338469 4 64338469 0.000681070495215291
S4_64340162 4 64340162 2.70498120536793e-09
S4_64356214 4 64356214 0.00026746229923683
S4_64574726 4 64574726 9.61318512510297e-05
S4_64583195 4 64583195 8.00243248855713e-05
S4_64583237 4 64583237 8.00243248855713e-05
S4_64616417 4 64616417 7.08910849292925e-05
S4_64617692 4 64617692 0.00096421209441558
S4_64626999 4 64626999 0.000561987007131889
S4_64631933 4 64631933 0.000986155505578265
S4_64631962 4 64631962 0.000986155505578265
S4_64635330 4 64635330 1.62975572005885e-05
S4_64639441 4 64639441 1.5692423683962e-12
S4_64670421 4 64670421 0.000159128709303165
S4_64673869 4 64673869 0.000176511281921252
S4_64680586 4 64680586 9.66294438997357e-05
S4_64680682 4 64680682 1.29699688106159e-05
S4_64680724 4 64680724 0.000449179033055685
S4_64680852 4 64680852 0.000135155178521542
S4_64680856 4 64680856 0.000135155178521542
S4_64681478 4 64681478 0.000955902723619039
S4_64689004 4 64689004 0.000100024667095183
S4_64692444 4 64692444 5.67685043260162e-05
S4_64702340 4 64702340 0.000977631019338475
S4_64702353 4 64702353 0.000847220489750896
S4_64702358 4 64702358 0.000423940041093109
S4_64702761 4 64702761 6.74643371743752e-05
S4_64703059 4 64703059 0.000182684184946588
S4_64703080 4 64703080 0.000182684184946588
S4_64704686 4 64704686 2.10552719943058e-06
S4_64705850 4 64705850 0.000560027732511378
S4_64705902 4 64705902 0.000128990251121422
S4_64705903 4 64705903 0.000130905505223557
S4_64705910 4 64705910 0.000128990251121434
S4_64755619 4 64755619 0.00066536250002607
S4_64805631 4 64805631 4.83486179051705e-05
S4_64850520 4 64850520 0.000117557528795807
S4_64850938 4 64850938 4.03607270004763e-05
S4_64859583 4 64859583 0.000904706436808456
S4_64869347 4 64869347 1.18653460542153e-05
S4_64877128 4 64877128 7.48998179049043e-06
S4_64913850 4 64913850 8.20587665933178e-06
S4_64915267 4 64915267 0.000464990733128296
S4_64919739 4 64919739 8.00068288936769e-06
S4_64921646 4 64921646 0.000654681861611098
S4_64921647 4 64921647 0.000430098083771256
S4_64921669 4 64921669 0.000629400272323528
S4_64924058 4 64924058 3.23170619011838e-05
S4_64924088 4 64924088 1.57575278425756e-05
S4_64924145 4 64924145 0.000466614161146485
S4_64924175 4 64924175 3.44047515831736e-05
S4_64924855 4 64924855 0.000364060156431689
S4_64928507 4 64928507 0.000431234074831429
S4_64928508 4 64928508 0.00043123407483139
S4_64936703 4 64936703 3.62996118941417e-05
S4_64939470 4 64939470 0.000524580248573524
S4_64951573 4 64951573 8.70019766153032e-08
S4_64954099 4 64954099 5.86813153248877e-05
S4_64977425 4 64977425 1.62316157208637e-05
S4_64987986 4 64987986 0.000252588639813115
S4_64989172 4 64989172 0.000166083444290709
S4_65039456 4 65039456 0.00082640447361004
S4_65042296 4 65042296 8.005569001629e-05
S4_65042572 4 65042572 1.38671580540375e-06
S4_65071751 4 65071751 0.000298262775659992
S4_65072507 4 65072507 0.000201755950933239
S4_65073958 4 65073958 0.000871193566354222
S4_65074887 4 65074887 9.7580491911664e-07
S4_65074890 4 65074890 9.75804919116461e-07
S4_65078919 4 65078919 0.000172111734561266
S4_65091343 4 65091343 0.000685592966925755
S4_65102672 4 65102672 0.000792345405219567
S4_65128964 4 65128964 0.000574667451353886
S4_65163795 4 65163795 0.00023855780004615
S4_65163810 4 65163810 0.000226882589033792
S4_65163811 4 65163811 0.000316919954579306
S4_65163819 4 65163819 0.000316919954579306
S4_65167827 4 65167827 0.000125294797025512
S4_65176190 4 65176190 1.87214844964399e-12
S4_65178796 4 65178796 0.000941348132604107
S4_65196523 4 65196523 5.8323210128639e-07
S4_65200746 4 65200746 5.8802423844126e-06
S4_65226678 4 65226678 0.000415409378338227
S4_65227667 4 65227667 0.000719293760536981
S4_65231858 4 65231858 0.000366364390453132
S4_65232841 4 65232841 0.000690323129570676
S4_65328502 4 65328502 0.000537010143354697
S4_65411831 4 65411831 0.000540251325177565
S4_65418816 4 65418816 0.000245729500452161
S4_65464465 4 65464465 0.000266114428448525
S4_65470756 4 65470756 0.000110899371940592
S4_65477771 4 65477771 0.000147579328389962
S4_65477786 4 65477786 7.53106331395971e-05
S4_65483470 4 65483470 4.87898264971227e-05
S4_65486404 4 65486404 0.000377824730563443
S4_65501803 4 65501803 0.000774936524643447
S4_65517819 4 65517819 1.94893799524542e-05
S4_65520221 4 65520221 4.01291173348124e-06
S4_65520222 4 65520222 4.01291173348124e-06
S4_65520223 4 65520223 4.01291173348124e-06
S4_65520224 4 65520224 3.46106037479867e-06
S4_65520229 4 65520229 0.00032985041860607
S4_65520232 4 65520232 0.00032985041860607
S4_65520235 4 65520235 0.00032985041860607
S4_65523151 4 65523151 0.00080309757096264
S4_65526406 4 65526406 9.419370129682e-05
S4_65526411 4 65526411 0.000402370014963572
S4_65558151 4 65558151 0.000162409563950291
S4_65558162 4 65558162 0.000166534872371706
S4_65603587 4 65603587 0.000267558759912101
S4_65604058 4 65604058 0.000255882007568732
S4_65637917 4 65637917 7.26150096546132e-05
S4_65686823 4 65686823 1.97346494488579e-09
S4_65771504 4 65771504 6.3622067922743e-05
S4_65815278 4 65815278 3.57887149053727e-06
S4_65817374 4 65817374 2.41783765369771e-05
S4_65817384 4 65817384 3.10843420166727e-05
S4_65865926 4 65865926 1.02298586819386e-05
S4_65884466 4 65884466 0.00013093062380165
S4_65887841 4 65887841 0.000848540565893251
S4_65887850 4 65887850 0.000848540565893251
S4_65887856 4 65887856 0.000848540565893251
S4_65887908 4 65887908 0.000888189203582976
S4_65887956 4 65887956 0.000888189203582976
S4_65887958 4 65887958 0.000888189203582976
S4_65889615 4 65889615 0.000262411838703106
S4_65966167 4 65966167 8.40358895458532e-11
S4_66009771 4 66009771 0.000767216906776151
S4_66009775 4 66009775 0.000767216906776074
S4_66053298 4 66053298 1.01396726538032e-05
S4_66053334 4 66053334 9.86567947777775e-06
S4_66145453 4 66145453 0.000232970301940826
S4_66355169 4 66355169 0.000102626629281276
S4_66355184 4 66355184 0.000162734481030072
S4_66363931 4 66363931 0.000114322981974874
S4_66375135 4 66375135 0.000103902654305711
S4_66378414 4 66378414 2.22016076109116e-06
S4_66397707 4 66397707 3.23699094160531e-07
S4_66433258 4 66433258 0.00077102540278007
S4_66742847 4 66742847 3.74704775172617e-11
S4_66773445 4 66773445 0.000377200876629073
S4_66773446 4 66773446 0.000377200876629073
S4_66773447 4 66773447 0.000377200876629073
S4_66773449 4 66773449 0.000377200876629073
S4_66886789 4 66886789 3.31168361107535e-06
S4_66957175 4 66957175 0.00077393683520817
S4_66992020 4 66992020 2.00337204654714e-06
S4_67014610 4 67014610 0.000400077705175112
S4_67021933 4 67021933 1.62462397051002e-05
S4_67037066 4 67037066 0.000707690252010337
S4_67069060 4 67069060 0.000355714996863034
S4_67098270 4 67098270 1.47309274830828e-05
S4_67105451 4 67105451 0.000161601960156165
S4_67136404 4 67136404 0.000530344534312328
S4_67153233 4 67153233 0.000611367128348405
S4_67154583 4 67154583 0.000724712874147223
S4_67164817 4 67164817 4.74693037794725e-10
S4_67226791 4 67226791 1.62356520434403e-05
S4_67242462 4 67242462 0.000644328848321701
S4_67345270 4 67345270 0.0005220467232676
S4_67440777 4 67440777 7.17335645474273e-06
S4_67455664 4 67455664 0.00037277430070502
S4_67774761 4 67774761 7.38570154540952e-05
S4_67834170 4 67834170 0.000359494017231536
