Marker Chr Pos p
S8_432840 8 432840 0.000252253626451872
S8_511888 8 511888 2.41421049690022e-09
S8_749399 8 749399 0.000142008522835613
S8_878350 8 878350 0.000455012857290425
S8_878351 8 878351 0.000455012857290425
S8_881914 8 881914 0.000926233198414478
S8_975649 8 975649 0.00040454278056239
S8_1061136 8 1061136 0.000880664371128166
S8_1274509 8 1274509 0.000897776429202178
S8_1292456 8 1292456 0.000240725002801035
S8_1292461 8 1292461 0.000240725002801035
S8_1377850 8 1377850 0.000602901091114588
S8_1436728 8 1436728 3.11275699855145e-06
S8_1615310 8 1615310 0.000588724165620401
S8_1688741 8 1688741 1.18699322337635e-05
S8_1690899 8 1690899 0.00029308543063734
S8_1694324 8 1694324 3.78620166177298e-05
S8_1743983 8 1743983 0.000599354880141904
S8_1829212 8 1829212 0.000586853091976613
S8_1829226 8 1829226 0.000586853091976613
S8_1892094 8 1892094 0.000690773086429491
S8_2010090 8 2010090 3.81749652031856e-05
S8_2010139 8 2010139 3.39641922058621e-05
S8_2010755 8 2010755 0.000907552283961436
S8_2124109 8 2124109 0.000676828743166388
S8_2124386 8 2124386 0.000391582858379217
S8_2236927 8 2236927 0.000866448256125191
S8_2691793 8 2691793 0.000172074283987974
S8_2691811 8 2691811 0.000634303436869006
S8_2701297 8 2701297 0.000978588198240614
S8_2701304 8 2701304 0.000501146979518557
S8_2770479 8 2770479 0.00061337711473961
S8_2770491 8 2770491 0.000583849755060396
S8_2991057 8 2991057 4.26791952489212e-07
S8_3274095 8 3274095 0.000796836070500641
S8_3284640 8 3284640 0.00035702767217983
S8_3655345 8 3655345 0.000104681513003518
S8_3655349 8 3655349 0.000112148071319635
S8_3681702 8 3681702 5.49249304157848e-05
S8_3839455 8 3839455 1.29202289878277e-07
S8_3920755 8 3920755 2.07737656243224e-07
S8_3920756 8 3920756 2.07737656243224e-07
S8_3920757 8 3920757 2.07737656243224e-07
S8_3920758 8 3920758 2.07737656243229e-07
S8_3922834 8 3922834 0.000130456497646432
S8_4021922 8 4021922 0.000111656258244603
S8_4125167 8 4125167 0.00046639808588077
S8_4125170 8 4125170 0.000466398085880785
S8_4125173 8 4125173 0.00046639808588077
S8_4125174 8 4125174 0.000466398085880785
S8_4172345 8 4172345 0.000668394696973539
S8_4243789 8 4243789 0.000263393301018326
S8_4769352 8 4769352 0.000554723030276275
S8_5326457 8 5326457 4.35533479288455e-05
S8_5444604 8 5444604 0.000159816726315403
S8_5453051 8 5453051 0.000399542929704152
S8_5468260 8 5468260 0.000913190264020028
S8_5476482 8 5476482 0.000138934223390284
S8_5476819 8 5476819 0.000987938231930072
S8_5476974 8 5476974 0.00032187306691244
S8_5592379 8 5592379 0.0005807805472555
S8_5691902 8 5691902 5.9313074600394e-05
S8_6356737 8 6356737 0.000268232918801599
S8_6601720 8 6601720 0.000760786098617467
S8_6616572 8 6616572 0.000182301058481492
S8_7052172 8 7052172 8.56380650739636e-05
S8_8209036 8 8209036 0.000687664962582847
S8_9760442 8 9760442 0.000711446574205687
S8_9859682 8 9859682 0.000675067087852157
S8_9859687 8 9859687 0.000863113003080916
S8_10332825 8 10332825 0.000410725129424911
S8_11197924 8 11197924 1.17455903499614e-05
S8_11922706 8 11922706 5.04700995168035e-06
S8_13986150 8 13986150 2.27360910320038e-05
S8_14073283 8 14073283 7.98181822409927e-06
S8_14150404 8 14150404 2.53867278222971e-05
S8_14218198 8 14218198 0.000467276871294673
S8_14548565 8 14548565 6.80725816864634e-05
S8_15647802 8 15647802 8.68402540613187e-05
S8_16208133 8 16208133 1.68498905958575e-05
S8_17451505 8 17451505 1.92372037069298e-06
S8_17831368 8 17831368 0.000147120005752235
S8_24484726 8 24484726 4.45984868325777e-06
S8_28314959 8 28314959 2.29991267169864e-06
S8_31052844 8 31052844 0.000181265179011017
S8_31053208 8 31053208 6.52025757541734e-05
S8_31067692 8 31067692 0.00071543037672253
S8_31067706 8 31067706 0.00071543037672253
S8_31067964 8 31067964 6.24410413773247e-05
S8_31071331 8 31071331 0.000174401515561961
S8_31097174 8 31097174 0.000309487378719884
S8_31108431 8 31108431 9.02280079288751e-05
S8_31156370 8 31156370 1.22449155617879e-05
S8_31500734 8 31500734 3.65722744661315e-05
S8_31549115 8 31549115 0.000228496760157457
S8_31755997 8 31755997 0.000104309370283168
S8_31806343 8 31806343 0.000271990172549408
S8_31828198 8 31828198 3.15959236336278e-05
S8_31861629 8 31861629 0.000878446907596165
S8_31924587 8 31924587 6.6881646926781e-05
S8_31925756 8 31925756 8.39840530441135e-05
S8_31925768 8 31925768 0.000303170272019373
S8_31942944 8 31942944 6.79949773272539e-05
S8_31948948 8 31948948 0.00036965427505072
S8_32049912 8 32049912 8.98890767290848e-05
S8_32087554 8 32087554 0.000113783357176703
S8_32106022 8 32106022 0.000443823962499766
S8_32110260 8 32110260 0.000246407151527256
S8_32111273 8 32111273 0.000130100692447413
S8_32155978 8 32155978 8.89838087075792e-05
S8_32261603 8 32261603 0.000179387472491386
S8_32263281 8 32263281 0.000777313278334305
S8_32270416 8 32270416 0.000481088444214896
S8_32271957 8 32271957 5.32626915061118e-05
S8_32311990 8 32311990 0.000270750095544971
S8_32380632 8 32380632 5.6063748070043e-05
S8_32434527 8 32434527 0.000146165167950157
S8_32438190 8 32438190 7.38180687991409e-05
S8_32438338 8 32438338 0.000897757018726427
S8_32468847 8 32468847 0.000204171663556421
S8_32482637 8 32482637 0.00018383577370052
S8_32482638 8 32482638 4.62643858691373e-05
S8_32482641 8 32482641 0.000378549758878139
S8_32493127 8 32493127 0.000111766292398086
S8_32493128 8 32493128 0.000111766292398086
S8_32576680 8 32576680 0.000226522742113902
S8_32591339 8 32591339 0.000541077144986991
S8_32835211 8 32835211 8.3702846126279e-05
S8_33061446 8 33061446 0.000159136251692489
S8_33270302 8 33270302 0.0003193781350586
S8_33272759 8 33272759 0.000351646656123247
S8_33316463 8 33316463 0.000236667437297352
S8_33727702 8 33727702 0.000130553758567744
S8_33769083 8 33769083 0.000471721022229959
S8_34149980 8 34149980 3.06769408333896e-05
S8_34230326 8 34230326 4.09755049407581e-05
S8_34256184 8 34256184 0.000127501600523278
S8_34550720 8 34550720 0.000450287563311458
S8_34633465 8 34633465 0.000535252689968763
S8_34780854 8 34780854 0.000200218967973526
S8_34829463 8 34829463 4.88473847185263e-05
S8_35164435 8 35164435 0.000762381332643098
S8_35249719 8 35249719 0.000116317386380371
S8_35584383 8 35584383 9.493488386197e-05
S8_35584543 8 35584543 0.000232528001445541
S8_35605504 8 35605504 0.000289109216748594
S8_35695141 8 35695141 0.000693724177991189
S8_35875652 8 35875652 0.000549792706619836
S8_35964582 8 35964582 3.3550376260638e-05
S8_35966221 8 35966221 8.13247203798769e-05
S8_35977518 8 35977518 5.81488512350729e-05
S8_35989190 8 35989190 0.000158640932187213
S8_35993643 8 35993643 0.000126122599030591
S8_36040528 8 36040528 0.000276901906292037
S8_36076471 8 36076471 0.000350333552752228
S8_36167798 8 36167798 0.000673003859271634
S8_36251936 8 36251936 0.000125301571759459
S8_36345172 8 36345172 0.000101093619198389
S8_36378434 8 36378434 7.81080219403694e-05
S8_36444220 8 36444220 0.000152718666569136
S8_36551421 8 36551421 7.90895863697998e-05
S8_36901504 8 36901504 0.000838359670440729
S8_37510775 8 37510775 0.000257608560262076
S8_37591603 8 37591603 5.86379882537635e-05
S8_37945394 8 37945394 4.12144073161946e-05
S8_38299743 8 38299743 0.000852019811465962
S8_38558134 8 38558134 0.000206871726297286
S8_38561731 8 38561731 0.000207773782035826
S8_38884347 8 38884347 0.000709570240575161
S8_40957374 8 40957374 0.000321001084042797
S8_41159275 8 41159275 3.07574545813358e-06
S8_41180417 8 41180417 0.000147047788684946
S8_41208461 8 41208461 0.000766803909213556
S8_41280392 8 41280392 0.000362499569753551
S8_41316504 8 41316504 5.71340210022789e-05
S8_41445648 8 41445648 1.63692757612007e-07
S8_41489529 8 41489529 0.000156404133931482
S8_41837028 8 41837028 0.000380045971614653
S8_41837072 8 41837072 0.000380045971614653
S8_41903672 8 41903672 0.000544549701678638
S8_41914504 8 41914504 0.000288138574035469
S8_41962303 8 41962303 0.000731664238573442
S8_42485127 8 42485127 0.000194265239254379
S8_42695602 8 42695602 0.000871402675610914
S8_43243883 8 43243883 0.000550858074884396
S8_43532980 8 43532980 0.000724984389266561
S8_43555108 8 43555108 0.000722632581604023
S8_43988039 8 43988039 6.22786985748184e-06
S8_45074046 8 45074046 0.000524856805367312
S8_45105301 8 45105301 8.29139670127428e-05
S8_45795378 8 45795378 0.000186266144254348
S8_45994297 8 45994297 0.000325314955222088
S8_46028367 8 46028367 0.000529290121215024
S8_46028390 8 46028390 0.000499589041494662
S8_46295212 8 46295212 0.000623396786322585
S8_46296510 8 46296510 8.03009709820697e-05
S8_46308323 8 46308323 7.18567294408671e-05
S8_46313354 8 46313354 0.000891236817843664
S8_46335913 8 46335913 0.000854698190624874
S8_46335921 8 46335921 0.000189822657548604
S8_46343940 8 46343940 7.34129124650848e-05
S8_46345672 8 46345672 0.000246685700227336
S8_46362652 8 46362652 7.61684203316405e-05
S8_46428398 8 46428398 0.000130732834601917
S8_46453970 8 46453970 1.66808272005335e-05
S8_46514870 8 46514870 4.59033670414334e-06
S8_46514872 8 46514872 5.207343808034e-06
S8_46560448 8 46560448 0.000669809402347915
S8_46572988 8 46572988 7.98519659281739e-05
S8_46749344 8 46749344 9.26909968087467e-05
S8_46756569 8 46756569 4.42145920212071e-05
S8_46869482 8 46869482 0.000321791781931914
S8_46871553 8 46871553 7.58966799553951e-05
S8_47395056 8 47395056 0.000114843309257657
S8_47395058 8 47395058 0.000114843309257657
S8_47459881 8 47459881 2.89351480579326e-05
S8_47461115 8 47461115 0.000191122334255305
S8_47461134 8 47461134 8.13452061473952e-05
S8_47461196 8 47461196 0.00027454406700502
S8_47461198 8 47461198 0.000274119620602895
S8_47472307 8 47472307 0.00057992649111286
S8_47481747 8 47481747 1.09724381936963e-05
S8_47502805 8 47502805 8.91798887251511e-06
S8_47503192 8 47503192 5.49822534709107e-06
S8_47595647 8 47595647 0.000871556834796695
S8_47861320 8 47861320 0.000346185206246494
S8_47861321 8 47861321 0.000346185206246494
S8_47878131 8 47878131 0.000261792275614356
S8_47913989 8 47913989 0.000768053779877202
S8_48140962 8 48140962 0.000324095733788539
S8_48141361 8 48141361 0.000414740433155342
S8_48170100 8 48170100 2.30987415710612e-05
S8_48313535 8 48313535 0.000102817738611672
S8_48350323 8 48350323 0.000226382074015774
S8_48468518 8 48468518 0.000819137220702246
S8_48494238 8 48494238 1.35570271401025e-05
S8_48494241 8 48494241 1.35570271401025e-05
S8_48548337 8 48548337 8.1082233305581e-05
S8_48613068 8 48613068 0.00055893827486656
S8_48791404 8 48791404 2.63055795964518e-07
S8_48791616 8 48791616 9.19162665467548e-08
S8_48850595 8 48850595 0.000241623572620039
S8_48850612 8 48850612 0.000241623572620039
S8_48979030 8 48979030 4.82554549798418e-08
S8_48979047 8 48979047 5.49325190716113e-09
S8_48979099 8 48979099 9.32848201185284e-08
S8_48979121 8 48979121 9.32848201185284e-08
S8_49047663 8 49047663 0.00080782498851858
S8_49057857 8 49057857 0.000285783422367517
S8_49189512 8 49189512 0.000511556706962973
S8_49199284 8 49199284 0.000831123825364865
S8_49271455 8 49271455 0.000275065554252559
S8_49284464 8 49284464 3.22407778971885e-06
S8_49340824 8 49340824 0.000484880787593566
S8_49340836 8 49340836 0.000484880787593591
S8_49367061 8 49367061 6.58024472960489e-06
S8_49423992 8 49423992 0.000779938616301625
S8_49431859 8 49431859 0.000876838818183974
S8_49480984 8 49480984 0.000494321025485479
S8_49524531 8 49524531 0.000887772765059561
S8_49792750 8 49792750 6.92774194889348e-06
S8_49792771 8 49792771 6.66321610199524e-06
S8_49792801 8 49792801 0.000685235494285224
S8_49792804 8 49792804 0.0002526041158018
S8_49893693 8 49893693 0.000889861572897031
S8_49899797 8 49899797 0.00062545531370153
S8_50119602 8 50119602 0.000212452301327174
S8_50120041 8 50120041 8.76345359152677e-06
S8_50120098 8 50120098 0.000901416685217788
S8_50200292 8 50200292 0.000985787889472484
S8_50253422 8 50253422 0.000509947030379643
S8_50255750 8 50255750 0.000101405964018403
S8_50255962 8 50255962 8.22264879581362e-05
S8_50255974 8 50255974 7.24491682621871e-05
S8_50256008 8 50256008 0.00046761030607403
S8_50256105 8 50256105 0.000106169734338458
S8_50256118 8 50256118 0.000106169734338458
S8_50263770 8 50263770 0.000171480600878267
S8_50263784 8 50263784 4.11574045891985e-05
S8_50312096 8 50312096 6.47621204278863e-06
S8_50345029 8 50345029 0.00014445339845879
S8_50345101 8 50345101 0.000215549545088133
S8_50345106 8 50345106 0.000215549545088107
S8_50368079 8 50368079 6.96506204310162e-05
S8_50396182 8 50396182 0.000670324667000992
S8_50425886 8 50425886 0.000161154095777646
S8_50425892 8 50425892 0.000161154095777646
S8_50429544 8 50429544 0.000515562519775114
S8_50694930 8 50694930 0.000802515707357159
S8_50695026 8 50695026 0.000475610872477696
S8_50709984 8 50709984 0.000933703533748481
S8_50735023 8 50735023 0.000758205526525841
S8_50735038 8 50735038 0.000758205526525634
S8_50735047 8 50735047 0.000758205526525841
S8_50816200 8 50816200 1.32847862708118e-06
S8_50830142 8 50830142 0.000455111155627218
S8_50860061 8 50860061 0.000331390035814797
S8_50861646 8 50861646 3.25676505820282e-05
S8_50912293 8 50912293 0.000546932219024395
S8_51013980 8 51013980 0.00025079082949638
S8_51014171 8 51014171 0.000247037973321708
S8_51014173 8 51014173 0.000247037973321708
S8_51014217 8 51014217 0.000247037973321708
S8_51022641 8 51022641 4.06691817334422e-05
S8_51023070 8 51023070 0.000534106569733682
S8_51180684 8 51180684 0.00070270044301279
S8_51186454 8 51186454 0.000480318468257951
S8_51295310 8 51295310 4.96593621015746e-07
S8_51430186 8 51430186 0.000733758904514309
S8_51618828 8 51618828 0.000229614290152778
S8_51747305 8 51747305 0.000647062426210932
S8_51826635 8 51826635 0.000109422389531692
S8_51902472 8 51902472 0.000665630660955624
S8_52117347 8 52117347 3.55207808355519e-05
S8_52404770 8 52404770 0.000741601994252106
S8_52407502 8 52407502 0.000457656555677683
S8_52413002 8 52413002 0.000194668576648359
S8_52460490 8 52460490 0.000694018519246533
S8_52466394 8 52466394 0.000205841050614315
S8_52511395 8 52511395 0.000336680553334335
S8_52532599 8 52532599 0.00027785585868151
S8_52772500 8 52772500 0.000581843651104051
S8_52832716 8 52832716 1.13861623461376e-05
S8_52879833 8 52879833 0.00035014438174739
S8_52913972 8 52913972 0.000115372961317964
S8_52916220 8 52916220 0.000432374161212158
S8_53068825 8 53068825 0.000908180308662627
S8_53098121 8 53098121 0.000349524843295476
S8_53134438 8 53134438 9.23443030646149e-05
S8_53649835 8 53649835 3.79928391139804e-05
S8_53674662 8 53674662 5.98247293859082e-05
S8_53741277 8 53741277 0.000156001060107423
S8_53741278 8 53741278 2.94608536289727e-05
S8_53741547 8 53741547 0.000279807495740737
S8_53860429 8 53860429 0.000751596982311311
S8_54000115 8 54000115 3.96911732465224e-05
S8_54122819 8 54122819 4.8688778178004e-05
S8_54124289 8 54124289 2.30126783939666e-05
S8_54124298 8 54124298 2.30126783939666e-05
S8_54162192 8 54162192 0.000314484978233986
S8_54177969 8 54177969 2.06399036238915e-05
S8_54346217 8 54346217 0.000585278134171144
S8_54647466 8 54647466 0.000793046398721604
S8_54870782 8 54870782 2.77548347291991e-06
S8_54876292 8 54876292 2.75064514079504e-05
S8_54876294 8 54876294 1.41050048467399e-05
S8_54876298 8 54876298 0.000115409590856211
S8_54889095 8 54889095 0.000333078810690633
S8_54890352 8 54890352 8.06312716828989e-06
S8_55080673 8 55080673 5.16914895311172e-06
S8_55234593 8 55234593 0.000433324451761693
S8_55234633 8 55234633 0.000433324451761693
S8_55344344 8 55344344 9.02951434256755e-05
S8_55439691 8 55439691 2.8597511519643e-05
