Marker Chr Pos p
S6_54807 6 54807 0.000414791458815008
S6_54808 6 54808 0.000414791458815008
S6_72442 6 72442 0.000352332921723143
S6_304007 6 304007 0.000190573137599527
S6_324143 6 324143 0.000474957735427674
S6_324148 6 324148 0.000744222467591831
S6_329876 6 329876 0.000880839661314259
S6_504759 6 504759 0.000783418946308088
S6_531171 6 531171 0.000621118274749256
S6_1075104 6 1075104 0.000394917602323949
S6_1292047 6 1292047 1.30380151010975e-05
S6_1406811 6 1406811 7.44170098212206e-06
S6_1493146 6 1493146 0.000569549181570281
S6_1537343 6 1537343 0.000509377219001839
S6_1537372 6 1537372 0.000525607821062753
S6_1699612 6 1699612 0.000641908998185478
S6_1961178 6 1961178 0.000888439814353489
S6_2050581 6 2050581 0.000507023618287268
S6_2086902 6 2086902 2.24583110341388e-09
S6_2093401 6 2093401 0.000369392338665573
S6_2682234 6 2682234 0.000269593427080862
S6_2682245 6 2682245 0.000269593427080862
S6_2682250 6 2682250 0.000269593427080862
S6_2896161 6 2896161 0.000511405733441684
S6_2911607 6 2911607 3.32440705421689e-05
S6_2931332 6 2931332 0.000275713017177168
S6_2939710 6 2939710 6.6995507021298e-06
S6_2959450 6 2959450 0.000110282108325198
S6_2974766 6 2974766 0.000132754476822408
S6_3245571 6 3245571 0.000885290063522502
S6_3245602 6 3245602 0.000374536349415663
S6_4049911 6 4049911 0.000144092798624867
S6_4378018 6 4378018 1.14533396758131e-05
S6_4442852 6 4442852 0.000456982556319979
S6_4442874 6 4442874 0.000416257099071567
S6_4442919 6 4442919 0.000227998529262867
S6_5520603 6 5520603 0.000651929260753785
S6_5615149 6 5615149 0.000748409701334856
S6_5870600 6 5870600 0.000188147750185262
S6_5878175 6 5878175 0.000195479302054472
S6_5878252 6 5878252 0.000877093195084347
S6_5885277 6 5885277 5.35198357933843e-05
S6_5885491 6 5885491 0.000577708218090295
S6_5904350 6 5904350 5.50980954363301e-05
S6_5910030 6 5910030 0.000565410482058063
S6_6022908 6 6022908 1.42019936307049e-05
S6_6118446 6 6118446 0.000910540020742127
S6_6229725 6 6229725 0.000919304894048932
S6_6293941 6 6293941 0.000672784738987925
S6_6439515 6 6439515 0.000433338470512242
S6_6439517 6 6439517 0.000433338470512242
S6_6453039 6 6453039 0.000341790485760391
S6_6689011 6 6689011 0.000230040853535682
S6_7131038 6 7131038 0.000144892828033193
S6_7141487 6 7141487 0.000574571088124011
S6_7144313 6 7144313 0.000254391065498736
S6_7144538 6 7144538 7.00842954923981e-05
S6_7749196 6 7749196 4.80000370144517e-05
S6_8064362 6 8064362 0.000733753011451109
S6_8164010 6 8164010 0.000835943169900552
S6_8196103 6 8196103 7.98452942080515e-06
S6_8202157 6 8202157 4.42229293915219e-05
S6_8218473 6 8218473 1.68430526064021e-05
S6_8218689 6 8218689 2.43843322684959e-05
S6_8222682 6 8222682 1.47292249619893e-05
S6_8225907 6 8225907 9.01449717886533e-06
S6_8294522 6 8294522 2.17993575987786e-05
S6_8296246 6 8296246 0.000215745955904012
S6_8322488 6 8322488 1.00108445433891e-07
S6_8322526 6 8322526 7.75101494021571e-06
S6_8333616 6 8333616 3.84248134422208e-06
S6_8336676 6 8336676 3.6365424656643e-05
S6_8478213 6 8478213 1.39351439450503e-05
S6_8529891 6 8529891 2.36495849100485e-05
S6_8544974 6 8544974 8.53510863072558e-06
S6_8544977 6 8544977 8.53510863072706e-06
S6_8551649 6 8551649 8.92086012485762e-06
S6_8551650 6 8551650 8.92086012485762e-06
S6_8551669 6 8551669 2.25294674736215e-05
S6_8554101 6 8554101 1.74514593406407e-05
S6_8554203 6 8554203 4.22933990065374e-05
S6_8557999 6 8557999 4.1221650338089e-06
S6_8577901 6 8577901 2.91227715898423e-05
S6_8632149 6 8632149 1.68020002204395e-05
S6_8647968 6 8647968 7.68149043634567e-05
S6_8647999 6 8647999 0.000144497099819432
S6_9039856 6 9039856 1.9293366367572e-05
S6_9198040 6 9198040 0.000194499901604242
S6_9201984 6 9201984 0.000625649877918005
S6_9202453 6 9202453 0.000823541307468184
S6_9202460 6 9202460 0.000823541307468184
S6_9354186 6 9354186 0.000548937126512668
S6_9373970 6 9373970 0.000602509086011626
S6_9421361 6 9421361 0.000509759996647761
S6_9431566 6 9431566 6.41012951115913e-05
S6_9609074 6 9609074 0.000722325091248187
S6_9687359 6 9687359 4.94945424788536e-05
S6_9770240 6 9770240 0.00058339338253279
S6_9806945 6 9806945 0.0004204593942543
S6_9807041 6 9807041 0.000421556824064494
S6_9807050 6 9807050 0.000421556824064494
S6_9807054 6 9807054 0.000421556824064494
S6_9807057 6 9807057 0.000421556824064494
S6_9807403 6 9807403 0.000539272264057859
S6_9808518 6 9808518 0.000666559007881284
S6_10275408 6 10275408 0.000588102592496392
S6_10277236 6 10277236 7.24045513201771e-05
S6_10277380 6 10277380 0.000112536865184986
S6_10352229 6 10352229 0.000924017082910624
S6_10352282 6 10352282 5.36663731018786e-07
S6_10383266 6 10383266 0.000584004713651292
S6_10395979 6 10395979 0.000831207585618857
S6_10425530 6 10425530 0.000174404942957461
S6_10427504 6 10427504 9.97078134598795e-05
S6_10432178 6 10432178 0.000162659451925348
S6_10529412 6 10529412 5.83164913984399e-05
S6_10546738 6 10546738 0.00015797243393767
S6_10550161 6 10550161 0.00014367683293344
S6_10553682 6 10553682 0.000458339499923272
S6_10553728 6 10553728 0.000202662846154636
S6_10553879 6 10553879 1.14433739570759e-05
S6_10554082 6 10554082 0.000718333336560547
S6_10557991 6 10557991 0.000104459860768908
S6_10558274 6 10558274 9.15292045568721e-05
S6_10558751 6 10558751 0.000436821101208979
S6_10567605 6 10567605 0.000924135913425236
S6_10575198 6 10575198 9.59481802244942e-05
S6_10625289 6 10625289 0.000113982122795776
S6_10625295 6 10625295 0.000113982122795776
S6_10626153 6 10626153 0.000326409796725783
S6_10626156 6 10626156 0.00032640979672584
S6_10668609 6 10668609 0.000959010706105702
S6_10671255 6 10671255 5.93874385749931e-05
S6_10813784 6 10813784 7.81690114156307e-05
S6_10866927 6 10866927 7.69747362419232e-05
S6_10866938 6 10866938 7.69747362419232e-05
S6_10867030 6 10867030 7.8949319059046e-05
S6_10891386 6 10891386 0.000246264127633463
S6_11049080 6 11049080 0.000331000699211854
S6_11082094 6 11082094 0.000203948518997416
S6_11082683 6 11082683 0.000564817228754479
S6_11083040 6 11083040 2.44652516713211e-06
S6_11188017 6 11188017 0.000158014954922468
S6_11201065 6 11201065 0.000545591817297557
S6_11224263 6 11224263 3.91981527551584e-05
S6_11342121 6 11342121 3.12518909539823e-05
S6_11346385 6 11346385 7.26363860120691e-05
S6_11425775 6 11425775 0.000135296647889286
S6_11431003 6 11431003 4.69157131193229e-06
S6_11519841 6 11519841 1.5253071490187e-05
S6_11554620 6 11554620 0.000152572050651899
S6_11554647 6 11554647 0.000128999778562801
S6_11593727 6 11593727 0.000655554008079071
S6_11606585 6 11606585 0.000149696439729566
S6_11606899 6 11606899 0.000667294109855182
S6_11618290 6 11618290 0.000583397317147974
S6_11634204 6 11634204 0.000433160013734583
S6_11658742 6 11658742 2.65998508958114e-06
S6_11658756 6 11658756 7.42156978086171e-06
S6_11658791 6 11658791 0.000408245709835607
S6_11663071 6 11663071 3.30279761734635e-05
S6_11663347 6 11663347 0.000335864546819312
S6_11663431 6 11663431 0.000310131629217648
S6_11701409 6 11701409 6.99282250037703e-05
S6_12290386 6 12290386 0.000225371948452512
S6_12459897 6 12459897 0.000468215975709529
S6_12674315 6 12674315 3.42190310173918e-05
S6_12974597 6 12974597 6.4556145831632e-05
S6_13072090 6 13072090 3.24146598887106e-05
S6_13192732 6 13192732 6.64115695399729e-05
S6_13208116 6 13208116 4.7451834102393e-05
S6_13220521 6 13220521 1.26128446572305e-05
S6_13599378 6 13599378 0.000298229462229673
S6_13608714 6 13608714 0.000804304072903087
S6_13610716 6 13610716 0.000244768728048139
S6_13676659 6 13676659 8.9985433664554e-05
S6_13724491 6 13724491 5.15070228956246e-05
S6_13777145 6 13777145 0.000113419029258413
S6_13777207 6 13777207 3.51333280631646e-06
S6_13842744 6 13842744 7.50689592155055e-05
S6_13843452 6 13843452 7.70354323243904e-05
S6_13881236 6 13881236 7.42345037280849e-05
S6_13955127 6 13955127 2.90621290658186e-05
S6_14002915 6 14002915 0.000768812329907806
S6_14093535 6 14093535 0.000538662956705631
S6_14106339 6 14106339 0.000437006439789258
S6_14119312 6 14119312 0.000129881817497211
S6_14374957 6 14374957 0.000191374301098274
S6_14375115 6 14375115 0.000406725647495386
S6_14468659 6 14468659 0.000407244640854726
S6_14475868 6 14475868 0.000268186853665499
S6_14483887 6 14483887 0.000245946452784027
S6_14513377 6 14513377 0.000370752458433538
S6_14514497 6 14514497 0.000409199151378618
S6_14514913 6 14514913 0.000909002497541462
S6_14517127 6 14517127 0.000599164372720741
S6_14536594 6 14536594 0.000531469022647782
S6_14536859 6 14536859 8.08713649465305e-05
S6_14536909 6 14536909 0.000170793473289367
S6_15043459 6 15043459 0.000109846311689481
S6_15045450 6 15045450 0.000127550571431639
S6_15048176 6 15048176 0.000298496869224388
S6_15076521 6 15076521 0.00037270212223661
S6_15080760 6 15080760 0.000145362675437969
S6_15102067 6 15102067 0.000194175870056566
S6_15125344 6 15125344 0.000792275104297097
S6_15321026 6 15321026 0.000550435417326994
S6_15360028 6 15360028 1.97698173459451e-05
S6_15360031 6 15360031 4.58511275474435e-06
S6_15475678 6 15475678 0.000422856429412944
S6_15475740 6 15475740 3.91914972246321e-05
S6_15657585 6 15657585 0.000541733091207186
S6_15760392 6 15760392 0.000157893110350685
S6_16017371 6 16017371 6.30895894655059e-05
S6_16020234 6 16020234 3.107365824341e-05
S6_17275684 6 17275684 0.000141992031173433
S6_18391909 6 18391909 0.000833015218309026
S6_19390782 6 19390782 0.000953659265780924
S6_25341430 6 25341430 0.000958306378463221
S6_25509575 6 25509575 0.000505581426338729
S6_25857347 6 25857347 0.000251743940272193
S6_25857352 6 25857352 0.000251743940272193
S6_25881674 6 25881674 0.000104511475015705
S6_25948076 6 25948076 0.000793632704594338
S6_26070440 6 26070440 0.000398464249594704
S6_26073333 6 26073333 0.000162754785667304
S6_26136272 6 26136272 0.000226465861937513
S6_26258666 6 26258666 0.000777962103153158
S6_26293278 6 26293278 0.000196912763602202
S6_26569705 6 26569705 0.000124473584510138
S6_26768120 6 26768120 3.27194784280274e-05
S6_27013511 6 27013511 0.000172437952394433
S6_27184332 6 27184332 0.000216602765510994
S6_27407468 6 27407468 0.00020275657619772
S6_27430138 6 27430138 0.00025464734725579
S6_27658528 6 27658528 0.000192083440087151
S6_27706867 6 27706867 0.000252294679682251
S6_27739708 6 27739708 0.000190572240268497
S6_27833726 6 27833726 0.000685288552304117
S6_27928967 6 27928967 0.000240315391110648
S6_28557665 6 28557665 0.000251481137236701
S6_28557670 6 28557670 0.000251481137236701
S6_28557756 6 28557756 0.000225495526577247
S6_28671905 6 28671905 0.000209145504088748
S6_29259792 6 29259792 0.000168317053836981
S6_29316711 6 29316711 0.000152770051462556
S6_29335353 6 29335353 0.000136338499548687
S6_29514089 6 29514089 0.000114394611648396
S6_30202347 6 30202347 0.000227101584185625
S6_30311542 6 30311542 0.000125669685728179
S6_30897933 6 30897933 0.000426559883257435
S6_30900024 6 30900024 0.000179530603589815
S6_31053977 6 31053977 0.000737094882199235
S6_31071037 6 31071037 0.000182867400482457
S6_31216221 6 31216221 0.000329663306449964
S6_31249849 6 31249849 0.000957504089608614
S6_31309221 6 31309221 3.55284839554644e-05
S6_31461936 6 31461936 1.53949127168068e-05
S6_31604495 6 31604495 0.00044682546567353
S6_31604496 6 31604496 0.00044682546567353
S6_31704544 6 31704544 9.56091528420538e-05
S6_31973322 6 31973322 0.000728753239994053
S6_32654120 6 32654120 0.000405945341046268
S6_32680107 6 32680107 4.86887000158016e-05
S6_32748815 6 32748815 0.000791682426755051
S6_33774799 6 33774799 0.000587036604816279
S6_33774802 6 33774802 0.000587036604816279
S6_34366111 6 34366111 0.00044742808713103
S6_35272013 6 35272013 0.000202375659651655
S6_35478080 6 35478080 0.000245802853496305
S6_35498013 6 35498013 0.000162678639552343
S6_35660860 6 35660860 0.000174149133373938
S6_35838023 6 35838023 0.000231251169595034
S6_35844905 6 35844905 3.27581123044469e-05
S6_35844936 6 35844936 3.27581123044469e-05
S6_35844945 6 35844945 3.27581123044469e-05
S6_35879500 6 35879500 0.000508053914374097
S6_36009543 6 36009543 0.000359150052607424
S6_36017857 6 36017857 0.000342303045258911
S6_36040089 6 36040089 0.000974310260689636
S6_36209419 6 36209419 0.000518092825591593
S6_36209482 6 36209482 0.000661184311266806
S6_36330779 6 36330779 0.00038607109120758
S6_36373285 6 36373285 4.31607233995773e-05
S6_36373301 6 36373301 4.31607233995732e-05
S6_36388419 6 36388419 8.31402087247514e-05
S6_36487234 6 36487234 0.000239813784383701
S6_36487282 6 36487282 0.000239813784383701
S6_36508507 6 36508507 0.000261097853670258
S6_36545485 6 36545485 0.000921857761890233
S6_36910200 6 36910200 0.000185549195523304
S6_37362475 6 37362475 0.000510368682393598
S6_37419168 6 37419168 0.000485688332661606
S6_37419192 6 37419192 0.000485688332661464
S6_37455686 6 37455686 0.000497059697020088
S6_37502325 6 37502325 0.000879822096836882
S6_37525193 6 37525193 0.00020782326209341
S6_37883330 6 37883330 3.45420500372422e-05
S6_38849064 6 38849064 0.000776007393417126
S6_38909228 6 38909228 0.000571516554406371
S6_38994774 6 38994774 0.000283638602313708
S6_39105814 6 39105814 0.000195227756894473
S6_39105922 6 39105922 8.71634064085408e-06
S6_39106643 6 39106643 0.000326174299115583
S6_39106683 6 39106683 0.00020996207009838
S6_39311729 6 39311729 0.000173672591356559
S6_40069300 6 40069300 1.20543952442113e-07
S6_40544335 6 40544335 1.05898535980814e-05
S6_41074653 6 41074653 1.45067217609084e-06
S6_41553213 6 41553213 0.000967618620589877
S6_41614611 6 41614611 0.000756011630965013
S6_41614627 6 41614627 0.000756011630965013
S6_41614878 6 41614878 0.00042240854470042
S6_41614909 6 41614909 0.000264128425491391
S6_41759502 6 41759502 0.000178623461683925
S6_42311647 6 42311647 1.62607439533446e-06
S6_42775996 6 42775996 0.000259954089051684
S6_42776009 6 42776009 0.000205376735491361
S6_44184792 6 44184792 0.000195077807209951
S6_44532540 6 44532540 0.00040548558248218
S6_44564624 6 44564624 2.6886988772088e-05
S6_44906810 6 44906810 0.000273997835483892
S6_44906815 6 44906815 7.01722237622675e-05
S6_44906818 6 44906818 7.0172223762295e-05
S6_44914293 6 44914293 5.5076537451928e-06
S6_44939725 6 44939725 0.000476820170858403
S6_45302983 6 45302983 3.72444542801549e-06
S6_45323626 6 45323626 0.000460562849216063
S6_45338106 6 45338106 0.000306466613339231
S6_45351775 6 45351775 0.000414292877953887
S6_45432782 6 45432782 0.000965869686672974
S6_46189346 6 46189346 0.000614473201169248
S6_46194191 6 46194191 2.0807586500203e-05
S6_46341554 6 46341554 0.000227376345677661
S6_46488309 6 46488309 0.000242589349921533
S6_46988590 6 46988590 3.41119843710291e-05
S6_46991422 6 46991422 0.000148731121337941
S6_46991465 6 46991465 0.000128567756929488
S6_47410997 6 47410997 0.000298389911510609
S6_47411010 6 47411010 0.000370969267084227
S6_47484719 6 47484719 0.000445986555407705
S6_47548955 6 47548955 5.69528178041389e-08
S6_47594618 6 47594618 0.000456665376373843
S6_47614993 6 47614993 3.75072461403861e-08
S6_47615278 6 47615278 0.000691398100107269
S6_47682613 6 47682613 0.000360274893462819
S6_47957394 6 47957394 0.00010746311758352
S6_47957399 6 47957399 0.00010746311758352
S6_47969685 6 47969685 0.000230112129546275
S6_48010215 6 48010215 0.000303734560617017
S6_48023921 6 48023921 1.80587165735715e-05
S6_48023941 6 48023941 0.000979767959211682
S6_48028618 6 48028618 3.80418482553845e-05
S6_48099768 6 48099768 0.000476593094157014
S6_48226182 6 48226182 0.000568619164498503
S6_48262161 6 48262161 2.56726623067956e-06
S6_48297864 6 48297864 0.000168132231641508
S6_48323197 6 48323197 0.000152653035837799
S6_48328199 6 48328199 0.000489873346441777
S6_48380303 6 48380303 0.000112313071571951
S6_48380430 6 48380430 0.000305615697583809
S6_48415491 6 48415491 9.46778165528174e-08
S6_48431966 6 48431966 1.72908229678955e-06
S6_48467371 6 48467371 0.000400317327050277
S6_48476506 6 48476506 0.000317826830503973
S6_48477891 6 48477891 7.56512686113249e-05
S6_48548716 6 48548716 6.52751428803744e-06
S6_48551062 6 48551062 5.84594344931434e-05
S6_48556237 6 48556237 0.000525829649049105
S6_48556365 6 48556365 0.000230839325413574
S6_48587660 6 48587660 0.000110624619464314
S6_48590497 6 48590497 2.45446056640419e-05
S6_48597881 6 48597881 0.000640285506558836
S6_48597900 6 48597900 0.000640285506558836
S6_48618603 6 48618603 0.000817611342097357
S6_48618615 6 48618615 0.000817611342097357
S6_48662970 6 48662970 0.000168655785028841
S6_48665826 6 48665826 4.97948912334755e-06
S6_48666386 6 48666386 1.50030312759718e-05
S6_48670092 6 48670092 4.56963154833109e-05
S6_48671257 6 48671257 0.000117589700398536
S6_48684176 6 48684176 0.0007531084036587
S6_48703599 6 48703599 0.000277894494691015
S6_48712306 6 48712306 0.000659208315521539
S6_48724463 6 48724463 4.39200816925007e-05
S6_48726175 6 48726175 0.000305109026784696
S6_48727864 6 48727864 0.000170721269437768
S6_48727865 6 48727865 0.000195809139474234
S6_48782491 6 48782491 0.000488674861565095
S6_48784523 6 48784523 0.000520580038460495
S6_48784547 6 48784547 0.000520580038460495
S6_48831160 6 48831160 0.00067895162475343
S6_48848876 6 48848876 0.000719069860244593
S6_48851423 6 48851423 0.00059521152213197
S6_48851804 6 48851804 0.000888357107952686
S6_48853768 6 48853768 5.69097463491617e-05
S6_48853771 6 48853771 0.000173125444821051
S6_48861045 6 48861045 0.000761590452037901
S6_48861075 6 48861075 0.000557016885482762
S6_49071890 6 49071890 0.000888305574338645
S6_49073039 6 49073039 0.000964562089098621
S6_49078484 6 49078484 0.000748807908430096
S6_49151503 6 49151503 9.12376186954383e-05
S6_49478172 6 49478172 0.000152780436732355
S6_49485491 6 49485491 0.0005327228871278
S6_49961420 6 49961420 0.000955832038672284
S6_50076927 6 50076927 0.000309916489110141
S6_50076930 6 50076930 0.000411567597638575
S6_50077462 6 50077462 0.000106577985281516
S6_50165616 6 50165616 0.000343168843980984
S6_50365862 6 50365862 7.01097927439538e-05
S6_50385265 6 50385265 0.000391423301814468
S6_50562575 6 50562575 0.000467473683980458
S6_50610972 6 50610972 3.26219240813855e-05
S6_50740531 6 50740531 0.000160284454129027
S6_50761007 6 50761007 0.000587521968846905
S6_50761031 6 50761031 0.000587521968846905
S6_50777901 6 50777901 0.000841750029563256
S6_50812510 6 50812510 0.000810456906192555
S6_50834537 6 50834537 9.93707632093707e-05
S6_50834567 6 50834567 4.68513175373198e-05
S6_50834591 6 50834591 0.000178216827053506
S6_51101293 6 51101293 0.000300937981868307
S6_51102145 6 51102145 3.73405118128696e-05
S6_51176672 6 51176672 0.000479981735491105
S6_51186612 6 51186612 0.000475045459710345
S6_51396684 6 51396684 5.41083221302035e-05
S6_51476031 6 51476031 0.000453462363644036
S6_51486513 6 51486513 2.30291734411903e-08
S6_51492399 6 51492399 4.09184085777783e-08
S6_51499987 6 51499987 0.000714451617929985
S6_51586241 6 51586241 0.000203551550316731
S6_51587279 6 51587279 0.000593636235748072
S6_51589411 6 51589411 0.000729289550682658
S6_51609453 6 51609453 5.31305814870892e-06
S6_51621981 6 51621981 3.71530245599558e-05
S6_51644323 6 51644323 0.000922004966807565
S6_51703937 6 51703937 1.6937314049518e-05
S6_51704035 6 51704035 0.000197881047455741
S6_51756307 6 51756307 0.000268949065281706
S6_52019172 6 52019172 0.000236303279458243
S6_52148120 6 52148120 0.000804434591619809
S6_52195082 6 52195082 2.18053683555126e-07
S6_52196250 6 52196250 6.21008318094827e-08
S6_52204515 6 52204515 2.66002534657911e-13
S6_52224910 6 52224910 0.000135252200480924
S6_52227540 6 52227540 0.00088155127942553
S6_52246460 6 52246460 1.37462019215158e-07
S6_52287462 6 52287462 0.000754733342915776
S6_52349041 6 52349041 0.00033997642485339
S6_52353786 6 52353786 0.000509255073281104
S6_52355502 6 52355502 0.000311857278892841
S6_52355511 6 52355511 0.000297798795503055
S6_52386409 6 52386409 0.000324431823495733
S6_52386412 6 52386412 0.000324431823495733
S6_52405253 6 52405253 0.000246064172679527
S6_52408471 6 52408471 0.000776740881889356
S6_52431505 6 52431505 0.000637284325470149
S6_52531987 6 52531987 6.64474218882178e-06
S6_52700179 6 52700179 0.000305835979721309
S6_52715998 6 52715998 0.000727176143391422
S6_52736064 6 52736064 0.000113180871917993
S6_52745272 6 52745272 0.000278149368805938
S6_52745298 6 52745298 5.64797391038999e-05
S6_52776999 6 52776999 0.000934472749882612
S6_52800675 6 52800675 0.000822548409915771
S6_52800676 6 52800676 0.00090319951520131
S6_52812842 6 52812842 3.1278564531992e-05
S6_52816340 6 52816340 1.77799304758817e-05
S6_52844576 6 52844576 1.04974625877393e-05
S6_52853689 6 52853689 0.000697795487305368
S6_52854320 6 52854320 6.81315024803355e-05
S6_52914630 6 52914630 0.000442978267454796
S6_52993337 6 52993337 0.000110420021529452
S6_52993782 6 52993782 0.000521963378797115
S6_53002322 6 53002322 0.000381258194911616
S6_53029491 6 53029491 0.000479030241298704
S6_53029572 6 53029572 0.000819291300801271
S6_53029644 6 53029644 0.000173888459838038
S6_53029646 6 53029646 0.000173888459838038
S6_53029686 6 53029686 0.000173888459838018
S6_53127844 6 53127844 0.000112579779553456
S6_53131201 6 53131201 2.47594961058826e-05
S6_53131202 6 53131202 2.47594961058826e-05
S6_53131203 6 53131203 2.47594961058826e-05
S6_53134581 6 53134581 0.000123180228550558
S6_53137436 6 53137436 0.00047349853586586
S6_53254615 6 53254615 2.186578715736e-05
S6_53393951 6 53393951 8.48460942043437e-05
S6_53446205 6 53446205 6.359017879618e-06
S6_53497151 6 53497151 3.97228469654311e-05
S6_53497152 6 53497152 3.97228469654311e-05
S6_53497153 6 53497153 3.97228469654311e-05
S6_53497154 6 53497154 3.97228469654311e-05
S6_53497155 6 53497155 3.97228469654311e-05
S6_53497156 6 53497156 3.97228469654311e-05
S6_53502179 6 53502179 0.00014748763772073
S6_53512061 6 53512061 0.00019832456969694
S6_53531910 6 53531910 0.000234674885544087
S6_53596715 6 53596715 8.92591041008436e-05
S6_53649616 6 53649616 0.00029028803434783
S6_53664888 6 53664888 4.45621625531358e-07
S6_53678740 6 53678740 1.98861219127196e-07
S6_53694602 6 53694602 0.000506340190014726
S6_53694637 6 53694637 4.62136472366369e-06
S6_53694750 6 53694750 0.00018138585578483
S6_53694760 6 53694760 0.000181385855784844
S6_53705319 6 53705319 0.000136031617068033
S6_53705326 6 53705326 7.36762845600517e-05
S6_53748115 6 53748115 1.42045125289131e-07
S6_53748126 6 53748126 1.42045125289131e-07
S6_53748128 6 53748128 1.42045125289123e-07
S6_53748292 6 53748292 4.85456588216265e-05
S6_53748302 6 53748302 3.95009409085225e-12
S6_53748318 6 53748318 1.55344837539053e-06
S6_53750922 6 53750922 9.85688099930862e-07
S6_53750945 6 53750945 9.85688099930594e-07
S6_53753634 6 53753634 5.24134079948433e-06
S6_53758896 6 53758896 0.000453699091885178
S6_53772905 6 53772905 1.07282736410615e-07
S6_53775338 6 53775338 2.72740628578652e-08
S6_53776912 6 53776912 2.9342079962111e-06
S6_53776983 6 53776983 3.98194439510351e-05
S6_53783579 6 53783579 0.000151653679423704
S6_53786145 6 53786145 0.000510095360022842
S6_53787091 6 53787091 2.08393974912931e-06
S6_53787136 6 53787136 0.000352984266532596
S6_53797320 6 53797320 4.71896732077099e-06
S6_53798821 6 53798821 6.01335579550522e-05
S6_53800269 6 53800269 0.000446706231542287
S6_53812028 6 53812028 9.38599665409717e-05
S6_53839018 6 53839018 1.90035750431636e-05
S6_54162518 6 54162518 8.7449556681653e-07
S6_54230977 6 54230977 0.000135368996689985
S6_54230997 6 54230997 0.000110631056917362
S6_54243331 6 54243331 0.000684873452918081
S6_54243333 6 54243333 0.000684873452917978
S6_54268214 6 54268214 0.000342742015435061
S6_54538681 6 54538681 0.000242228196870579
S6_54598897 6 54598897 0.000130026627678926
S6_54691943 6 54691943 0.000176569247622492
S6_54691982 6 54691982 0.000809144560989473
S6_54697223 6 54697223 0.000685813191735634
S6_54756717 6 54756717 0.000768942472865967
S6_54796317 6 54796317 2.56991331855424e-06
S6_54825545 6 54825545 1.48989148078837e-05
S6_54834209 6 54834209 0.00094135962033705
S6_54857433 6 54857433 0.000689379400722545
S6_54857438 6 54857438 0.000689379400722545
S6_54857467 6 54857467 0.000689379400722545
S6_54910615 6 54910615 4.59326338593944e-09
S6_54981785 6 54981785 2.31046743319193e-05
S6_55026261 6 55026261 1.22250018740593e-06
S6_55027640 6 55027640 0.000842317520095938
S6_55045487 6 55045487 0.000464592975546582
S6_55058915 6 55058915 4.18615848031932e-05
S6_55120874 6 55120874 1.66026074303098e-05
S6_55126607 6 55126607 0.000178246805994826
S6_55151162 6 55151162 0.000357227786016781
S6_55269437 6 55269437 0.000230374064420666
S6_55282389 6 55282389 0.000771031883459065
S6_55282390 6 55282390 0.000626215484697776
S6_55285533 6 55285533 1.12661244803092e-05
S6_55285544 6 55285544 1.12661244803092e-05
S6_55285573 6 55285573 1.12661244803092e-05
S6_55285656 6 55285656 5.74861815187017e-06
S6_55285662 6 55285662 3.18419397976171e-06
S6_55387662 6 55387662 9.46038650830417e-06
S6_55389659 6 55389659 2.66306192324873e-08
S6_55412769 6 55412769 0.000127674262553795
S6_55427332 6 55427332 0.000714656015863095
S6_55427381 6 55427381 1.65788126335975e-10
S6_55427539 6 55427539 4.22389419314161e-05
S6_55427541 6 55427541 0.000168087430306376
S6_55483800 6 55483800 0.000316965387214866
S6_55484237 6 55484237 0.00024193008068583
S6_55496989 6 55496989 1.70909320780751e-09
S6_55505760 6 55505760 0.000612881563091307
S6_55506083 6 55506083 0.000966277885847406
S6_55539086 6 55539086 2.50513755290838e-08
S6_55539969 6 55539969 0.000142605252295442
S6_55540215 6 55540215 0.000816497624189412
S6_55540428 6 55540428 0.000387598622566367
S6_55550620 6 55550620 6.16178263598739e-05
S6_55551603 6 55551603 3.21029627557812e-05
S6_55563407 6 55563407 2.03203195781819e-07
S6_55691596 6 55691596 0.000795131783938877
S6_55694443 6 55694443 3.3636368967006e-05
S6_55714728 6 55714728 0.000651589088500802
S6_55714762 6 55714762 0.000651589088500802
S6_55724387 6 55724387 8.78027771362173e-05
S6_55731799 6 55731799 7.69339354446131e-09
S6_55846394 6 55846394 0.00025661320334035
S6_55867550 6 55867550 2.74728313652736e-05
S6_55871617 6 55871617 0.000241246187513829
S6_55877515 6 55877515 0.000732497396744161
S6_55885516 6 55885516 5.29348817270439e-07
S6_55952181 6 55952181 1.8977697369671e-06
S6_55954352 6 55954352 0.000946838679365388
S6_55961881 6 55961881 0.000934174967882158
S6_55989117 6 55989117 0.000515962949540774
S6_56158631 6 56158631 0.000263625965518798
S6_56231469 6 56231469 3.77015057941541e-05
S6_56234122 6 56234122 0.000400280532181202
S6_56235635 6 56235635 0.000124978590887823
S6_56235636 6 56235636 0.000124978590887823
S6_56291416 6 56291416 0.000210106775374853
S6_56309642 6 56309642 0.000173911986299235
S6_56342588 6 56342588 5.68602269954182e-05
S6_56429588 6 56429588 0.000100156301568883
S6_56433303 6 56433303 1.80727074551407e-05
S6_56443794 6 56443794 1.11312681454045e-06
S6_56473364 6 56473364 9.63198155358754e-05
S6_56491761 6 56491761 0.000972643600900145
S6_56491867 6 56491867 0.00021284897675968
S6_56530507 6 56530507 1.53422629118077e-08
S6_56530561 6 56530561 8.85320231280553e-06
S6_56532047 6 56532047 0.000381732124631262
S6_56582325 6 56582325 0.000493889195256207
S6_56609214 6 56609214 0.000407475021642436
S6_56609216 6 56609216 0.000365242808672754
S6_56610730 6 56610730 0.000241121613593594
S6_56642201 6 56642201 0.000271675737071296
S6_56698714 6 56698714 0.000568546758937771
S6_56712332 6 56712332 0.000100474179027257
S6_57066258 6 57066258 0.000884202063655851
S6_57125186 6 57125186 3.19257909810125e-06
S6_57133072 6 57133072 0.000904196749315202
S6_57202154 6 57202154 0.000240317518723178
S6_57212039 6 57212039 2.10004895940773e-05
S6_57212064 6 57212064 2.10004895940697e-05
S6_57257296 6 57257296 0.000224812748435405
S6_57395337 6 57395337 0.000368672103553929
S6_57421255 6 57421255 3.29752978475274e-05
S6_57482383 6 57482383 0.000184083333051492
S6_57690257 6 57690257 0.000124424823157487
S6_58109956 6 58109956 1.23397387513662e-05
S6_58119687 6 58119687 0.000181606553745141
S6_58230324 6 58230324 5.77090449113916e-06
S6_58259094 6 58259094 0.000932775307682214
S6_58263011 6 58263011 0.000845426459267027
S6_58263044 6 58263044 0.000845426459267027
S6_58281135 6 58281135 0.000196302026997605
S6_58410316 6 58410316 0.00094895840605899
S6_58410677 6 58410677 0.000530157657213001
S6_58411857 6 58411857 2.45856030909922e-05
S6_58420241 6 58420241 1.61656734390599e-05
S6_58423670 6 58423670 0.000299060789877416
S6_58428419 6 58428419 0.000985359019205034
S6_58433314 6 58433314 0.000470644033291245
S6_58498695 6 58498695 0.000297012717685696
S6_58513820 6 58513820 0.000973490932120415
S6_58536884 6 58536884 0.000173156756116664
S6_58576351 6 58576351 9.29831432409286e-06
S6_58581422 6 58581422 4.65012260837022e-05
S6_58733514 6 58733514 9.20670821832939e-05
S6_58808072 6 58808072 2.27146229231707e-09
S6_58809755 6 58809755 9.21557079236143e-09
S6_58963015 6 58963015 0.000297365525057377
S6_58963042 6 58963042 0.000425332122750421
S6_59096666 6 59096666 3.67174241128397e-09
S6_59114248 6 59114248 0.000166905436146665
S6_59241864 6 59241864 0.000249475532812733
S6_59247870 6 59247870 0.000947271772344676
S6_59270370 6 59270370 0.000127603616239564
S6_59270377 6 59270377 0.000127603616239564
S6_59273148 6 59273148 6.01472827462533e-05
S6_59273170 6 59273170 5.94032748918579e-05
S6_59290876 6 59290876 9.89082360017011e-06
S6_59290894 6 59290894 9.8908236001713e-06
S6_59294403 6 59294403 0.000638880874826087
S6_59296021 6 59296021 0.000493368568854578
S6_59466077 6 59466077 7.07425022400035e-06
S6_59466961 6 59466961 0.000119739827218058
S6_59466963 6 59466963 0.000119739827218058
S6_59466964 6 59466964 0.000119739827218058
S6_59484476 6 59484476 0.000195200514533636
S6_59504520 6 59504520 0.000126365893715145
S6_59580972 6 59580972 0.000318290526324436
S6_59595095 6 59595095 8.05006402903764e-07
S6_59641383 6 59641383 0.000146835954980809
S6_59739175 6 59739175 3.86211998927399e-06
S6_59739184 6 59739184 3.86211998927399e-06
S6_59739227 6 59739227 0.000321969944700835
S6_59739236 6 59739236 0.000321969944700835
S6_59741770 6 59741770 1.63202833816842e-05
S6_59741771 6 59741771 1.63202833816842e-05
S6_59741774 6 59741774 4.14497739399961e-05
S6_59746641 6 59746641 0.000816443857837619
S6_59746646 6 59746646 0.000410216739203902
S6_59746754 6 59746754 0.000422696670772548
S6_59746755 6 59746755 0.000422696670772548
S6_59785177 6 59785177 8.75033968318877e-05
S6_59839337 6 59839337 1.65891996230317e-07
S6_59843378 6 59843378 0.000599617472336472
S6_59843413 6 59843413 5.71738354338687e-05
S6_59843432 6 59843432 5.71738354338687e-05
S6_59843478 6 59843478 0.000207080422389367
S6_59845434 6 59845434 0.000798134897537587
S6_59847405 6 59847405 0.000198288070888062
S6_59847415 6 59847415 0.000139380634074123
S6_59875822 6 59875822 0.000250838057948841
S6_59917255 6 59917255 0.000860482276846001
S6_59980948 6 59980948 6.86123941513595e-05
S6_60012325 6 60012325 0.000780778564643652
S6_60014901 6 60014901 9.80004250101199e-05
S6_60014966 6 60014966 8.16440058731599e-05
S6_60021593 6 60021593 6.22069405066056e-05
S6_60171332 6 60171332 0.000223924808331325
S6_60254195 6 60254195 0.000224757286251854
S6_60255062 6 60255062 0.000955656108272814
S6_60255064 6 60255064 0.000512455705129859
S6_60255119 6 60255119 0.000620384358089214
S6_60268153 6 60268153 4.09794752195484e-05
S6_60268177 6 60268177 6.05004840130138e-05
S6_60268294 6 60268294 8.26384278299703e-06
S6_60342694 6 60342694 0.000698632927423851
S6_60344481 6 60344481 0.000103395460407028
S6_60352752 6 60352752 1.01577977634169e-06
S6_60461860 6 60461860 6.11744430731218e-05
S6_60515015 6 60515015 0.000259797731682982
S6_60519299 6 60519299 1.77659524353554e-05
S6_60545423 6 60545423 0.000171378456167791
S6_60551923 6 60551923 0.000276970074933672
S6_60575331 6 60575331 7.42240444710627e-06
S6_60602407 6 60602407 9.79470537991093e-05
S6_60608834 6 60608834 0.000416533037021234
S6_60611740 6 60611740 0.000179494995358309
S6_60613767 6 60613767 3.52423849099958e-06
S6_60659887 6 60659887 0.000306612093202999
S6_60659888 6 60659888 0.000306612093202999
S6_60707860 6 60707860 0.000544948174151886
S6_60773252 6 60773252 0.00011414505691757
S6_60781810 6 60781810 0.000799151020041648
S6_60828878 6 60828878 0.000528634415285478
S6_60928890 6 60928890 0.000442064260628794
S6_61020261 6 61020261 0.000634530993387679
S6_61239782 6 61239782 0.000119514935469904
S6_61323858 6 61323858 0.000751533244829429
S6_61460369 6 61460369 7.89670405450624e-05
S6_61460375 6 61460375 7.89670405450436e-05
S6_61968458 6 61968458 2.5063829122897e-06
