Marker Chr Pos p
S8_142703 8 142703 0.000305678878737523
S8_423876 8 423876 0.000655554541766128
S8_423927 8 423927 0.000517211256179786
S8_436669 8 436669 0.000531858991015833
S8_438935 8 438935 0.000884778104518929
S8_511888 8 511888 1.1987143644482e-07
S8_515563 8 515563 1.59261302008061e-06
S8_515600 8 515600 1.59261302008061e-06
S8_567260 8 567260 0.000150290828663611
S8_630026 8 630026 0.000255096592890014
S8_630076 8 630076 0.00067858807149745
S8_630172 8 630172 0.000812283559471468
S8_746745 8 746745 4.91082871626093e-05
S8_747072 8 747072 0.000956342397073264
S8_747348 8 747348 0.000181687381717567
S8_878350 8 878350 0.000241027160049955
S8_878351 8 878351 0.000241027160049955
S8_880467 8 880467 0.000469847235763182
S8_881914 8 881914 0.00028204829802205
S8_943570 8 943570 6.9866358322619e-05
S8_958009 8 958009 1.92833039733891e-05
S8_958010 8 958010 1.92833039733876e-05
S8_973623 8 973623 0.000785546740056991
S8_1018743 8 1018743 0.000784677048282115
S8_1019516 8 1019516 0.000972652136056606
S8_1086651 8 1086651 0.000453916446014189
S8_1148131 8 1148131 0.000801188757105108
S8_1148134 8 1148134 0.000462603016413756
S8_1151519 8 1151519 8.41924496220507e-05
S8_1166314 8 1166314 0.000546844978993999
S8_1215095 8 1215095 5.25263671349068e-07
S8_1215231 8 1215231 4.85361935171077e-06
S8_1221019 8 1221019 0.000415946618197086
S8_1225628 8 1225628 0.000746677945362456
S8_1255457 8 1255457 0.000125792420735698
S8_1257253 8 1257253 0.000750385917885103
S8_1260571 8 1260571 0.000113184639712046
S8_1261697 8 1261697 0.000620066709450155
S8_1261807 8 1261807 1.11819331789924e-05
S8_1261861 8 1261861 2.48345910012451e-05
S8_1261862 8 1261862 2.48345910012485e-05
S8_1292144 8 1292144 0.000208628018626944
S8_1292148 8 1292148 0.000780712401870205
S8_1292456 8 1292456 6.17714010843872e-06
S8_1292461 8 1292461 1.11640337469849e-06
S8_1307079 8 1307079 1.29404941535106e-05
S8_1307838 8 1307838 9.89383013764713e-05
S8_1307846 8 1307846 9.89383013764713e-05
S8_1307907 8 1307907 3.14312248977589e-10
S8_1327899 8 1327899 0.000134559641250807
S8_1330805 8 1330805 7.14621336143001e-05
S8_1360300 8 1360300 0.000270320829409936
S8_1360342 8 1360342 0.00026522663082492
S8_1360359 8 1360359 0.000265226630824955
S8_1377777 8 1377777 0.000164974752468816
S8_1377794 8 1377794 0.000164974752468842
S8_1377821 8 1377821 0.000188094676871972
S8_1377849 8 1377849 0.000239968849704897
S8_1377852 8 1377852 0.000228160837616703
S8_1377907 8 1377907 0.000239968849704897
S8_1378402 8 1378402 0.000246075883752197
S8_1393775 8 1393775 7.80482752429527e-05
S8_1397774 8 1397774 0.000366956178193882
S8_1397808 8 1397808 0.000366956178193882
S8_1408250 8 1408250 0.000486595738394038
S8_1436728 8 1436728 1.63390722096908e-06
S8_1507453 8 1507453 0.000752510053889294
S8_1583062 8 1583062 0.000139113135787661
S8_1590411 8 1590411 0.000460758932477271
S8_1590434 8 1590434 0.000460758932477271
S8_1610586 8 1610586 0.000581240219943726
S8_1618428 8 1618428 0.00060543988376991
S8_1642423 8 1642423 0.000575592198026283
S8_1642428 8 1642428 0.000293280493107001
S8_1642432 8 1642432 0.000293280493107001
S8_1642436 8 1642436 0.000575592198026365
S8_1644391 8 1644391 0.000786905000398606
S8_1667974 8 1667974 4.24195960500207e-07
S8_1674611 8 1674611 9.21237868639737e-05
S8_1678084 8 1678084 0.00011231963202437
S8_1681506 8 1681506 0.000512827739999601
S8_1682266 8 1682266 5.8429466106897e-05
S8_1682274 8 1682274 5.8429466106897e-05
S8_1682424 8 1682424 0.000892349147268202
S8_1689636 8 1689636 0.000273202689520284
S8_1689717 8 1689717 1.84863598427113e-06
S8_1689780 8 1689780 0.000134899967601146
S8_1694324 8 1694324 0.000361472480102295
S8_1706975 8 1706975 0.000338975833911994
S8_1707100 8 1707100 3.5069802937832e-05
S8_1707143 8 1707143 1.06589408228331e-05
S8_1709082 8 1709082 0.000791198799189431
S8_1717949 8 1717949 0.000361053033012195
S8_1717953 8 1717953 0.000368065960041895
S8_1800989 8 1800989 0.000483656093562064
S8_1801226 8 1801226 0.000882093509108471
S8_1801366 8 1801366 0.000154021331953882
S8_1856094 8 1856094 1.89245155509952e-07
S8_1869332 8 1869332 0.00056013377145809
S8_1884007 8 1884007 4.04845791352996e-05
S8_2045587 8 2045587 4.42420638691856e-05
S8_2117281 8 2117281 0.0004092934544112
S8_2122085 8 2122085 0.000907532550090398
S8_2124452 8 2124452 1.7839892135355e-06
S8_2226649 8 2226649 1.30050738664513e-05
S8_2226779 8 2226779 3.65282735047499e-07
S8_2260250 8 2260250 0.000259567141362283
S8_2285276 8 2285276 0.000499448743371238
S8_2285278 8 2285278 0.000499448743371238
S8_2345925 8 2345925 0.000417331971907768
S8_2345930 8 2345930 0.000417331971907768
S8_2345956 8 2345956 0.000166274246137145
S8_2373213 8 2373213 4.37121919599e-06
S8_2376328 8 2376328 0.000291050807324988
S8_2401276 8 2401276 3.79938535433934e-06
S8_2401378 8 2401378 0.000490450238878758
S8_2430011 8 2430011 0.000185173164830186
S8_2430036 8 2430036 0.000185173164830186
S8_2432549 8 2432549 0.000592459624769511
S8_2440173 8 2440173 0.000125223304849827
S8_2440185 8 2440185 0.000243680494753561
S8_2450358 8 2450358 2.0105767330103e-05
S8_2455969 8 2455969 0.000186744486107022
S8_2455978 8 2455978 0.000194057575960184
S8_2482893 8 2482893 3.06563364506638e-06
S8_2483291 8 2483291 4.8841623750789e-05
S8_2484367 8 2484367 3.35823788496891e-05
S8_2485071 8 2485071 5.60178668421047e-05
S8_2490087 8 2490087 0.000222710559613425
S8_2507375 8 2507375 0.000650983600929335
S8_2508156 8 2508156 1.28610828275335e-07
S8_2508186 8 2508186 0.000298151392319333
S8_2508364 8 2508364 1.70504521675207e-05
S8_2508392 8 2508392 0.000181299390735259
S8_2508554 8 2508554 0.00080101295525823
S8_2508591 8 2508591 1.38144556550582e-05
S8_2508614 8 2508614 1.38144556550582e-05
S8_2512896 8 2512896 0.000674751482854108
S8_2513136 8 2513136 3.5821524797496e-06
S8_2528768 8 2528768 1.66399473071883e-05
S8_2528799 8 2528799 1.67375117544198e-05
S8_2588068 8 2588068 0.000486926010022789
S8_2632602 8 2632602 0.000553934816827823
S8_2742536 8 2742536 9.8665078946027e-05
S8_2742540 8 2742540 0.00034875286692504
S8_2796263 8 2796263 0.00048620364451351
S8_2796313 8 2796313 2.82578383718222e-06
S8_2957287 8 2957287 0.000377513857927982
S8_2957289 8 2957289 0.000377513857927982
S8_2957290 8 2957290 0.000377513857927982
S8_2983155 8 2983155 2.68526734655319e-05
S8_2983823 8 2983823 0.000424407470363813
S8_2983825 8 2983825 0.000424407470363813
S8_2983830 8 2983830 0.000424407470363813
S8_2983839 8 2983839 0.000424407470363813
S8_3146602 8 3146602 5.4531276098431e-05
S8_3153979 8 3153979 5.92626286162828e-05
S8_3173873 8 3173873 3.08544676615633e-05
S8_3176432 8 3176432 0.000624391628894981
S8_3176485 8 3176485 0.000682752009251649
S8_3250970 8 3250970 0.000712192331476154
S8_3250975 8 3250975 5.67275776264351e-05
S8_3250976 8 3250976 2.00700044053474e-05
S8_3273549 8 3273549 0.000159984858125721
S8_3274343 8 3274343 5.65939140671939e-06
S8_3584812 8 3584812 7.58841802413327e-08
S8_3699212 8 3699212 0.000616256909851114
S8_3725573 8 3725573 0.000626203065532476
S8_3725950 8 3725950 0.000292201500486124
S8_3725972 8 3725972 3.43305283029975e-07
S8_3839455 8 3839455 1.22000540223452e-06
S8_3919480 8 3919480 6.48883917261504e-06
S8_3919492 8 3919492 6.41111289542793e-06
S8_3920755 8 3920755 1.35135537780177e-05
S8_3920756 8 3920756 1.35135537780177e-05
S8_3920757 8 3920757 1.35135537780177e-05
S8_3920758 8 3920758 1.35135537780194e-05
S8_4064129 8 4064129 0.000675794096695115
S8_4095606 8 4095606 0.000572125209113849
S8_4149331 8 4149331 0.000617678574346625
S8_4172345 8 4172345 0.000439855095155086
S8_4230497 8 4230497 0.000362051469454322
S8_4234625 8 4234625 0.000641177671555154
S8_4234798 8 4234798 0.00052605903709331
S8_4235012 8 4235012 1.24821038251739e-06
S8_4235042 8 4235042 1.16489690942938e-06
S8_4305445 8 4305445 8.32393364922606e-05
S8_4389454 8 4389454 7.10002810014047e-05
S8_4389459 8 4389459 7.10002810014047e-05
S8_4445167 8 4445167 5.37230558355904e-06
S8_4578209 8 4578209 7.2375177654621e-06
S8_4697902 8 4697902 5.85825625402373e-06
S8_4739459 8 4739459 0.000492771131116702
S8_4739460 8 4739460 0.00076758643070665
S8_4769257 8 4769257 0.000365454746304003
S8_4816922 8 4816922 0.000561945883949789
S8_4826453 8 4826453 0.000829906071324239
S8_4848440 8 4848440 0.000614998221746967
S8_4850330 8 4850330 0.000445575225583415
S8_4850333 8 4850333 0.000444387750495762
S8_4850414 8 4850414 1.18839897619337e-05
S8_4860722 8 4860722 0.000454896815592866
S8_4890608 8 4890608 0.000700090236016041
S8_4890624 8 4890624 0.000700090236015849
S8_4947371 8 4947371 6.18166968854896e-06
S8_4956892 8 4956892 0.000324728135521009
S8_5025171 8 5025171 0.000130349338720895
S8_5190534 8 5190534 0.000412656961854235
S8_5267052 8 5267052 6.68995645626702e-06
S8_5277310 8 5277310 1.05784234108432e-07
S8_5277325 8 5277325 0.00057765591576616
S8_5287306 8 5287306 6.74412383091088e-05
S8_5288265 8 5288265 1.70839361226848e-05
S8_5296206 8 5296206 0.000411655986883889
S8_5296998 8 5296998 0.000838768701156948
S8_5301537 8 5301537 9.08554600073579e-06
S8_5344479 8 5344479 6.87733806090351e-05
S8_5400458 8 5400458 2.98245078575801e-05
S8_5519221 8 5519221 1.18250798352867e-05
S8_5552498 8 5552498 0.000220740398285565
S8_6222528 8 6222528 0.000823525094575769
S8_6244670 8 6244670 2.49899484028475e-05
S8_6373082 8 6373082 0.000529867730875857
S8_6453987 8 6453987 0.000222507613364838
S8_7943011 8 7943011 0.000178315562749884
S8_8000418 8 8000418 0.000592973330888997
S8_8158435 8 8158435 6.49098216397986e-05
S8_8545077 8 8545077 0.00082640973981403
S8_8545138 8 8545138 0.000670569093114287
S8_10156641 8 10156641 0.000141648957693328
S8_10176214 8 10176214 2.09071349689081e-05
S8_10226098 8 10226098 0.000110314415855817
S8_10267346 8 10267346 0.000179759415815218
S8_10341181 8 10341181 3.7514351783386e-05
S8_10366458 8 10366458 0.000549204562856468
S8_10398616 8 10398616 8.63898176842356e-05
S8_10403108 8 10403108 0.000231129424857093
S8_10410787 8 10410787 0.000231738278165811
S8_10513363 8 10513363 6.33786506917176e-05
S8_10518934 8 10518934 0.000208258858684389
S8_10518935 8 10518935 4.53817578688569e-06
S8_10525905 8 10525905 0.000110063349862533
S8_10540250 8 10540250 0.00022906689467054
S8_10579877 8 10579877 0.000168839854222041
S8_10635883 8 10635883 8.59382190001326e-05
S8_10819731 8 10819731 3.80833543811234e-05
S8_12213906 8 12213906 0.00099167495403673
S8_14211637 8 14211637 0.000662055953581317
S8_14250042 8 14250042 2.17337279605944e-05
S8_14250043 8 14250043 2.17337279605944e-05
S8_14250044 8 14250044 3.86280999863307e-05
S8_14484792 8 14484792 0.000336915595993327
S8_14926842 8 14926842 2.44689626825593e-05
S8_15827259 8 15827259 0.000911550278259614
S8_15995124 8 15995124 4.15366743906185e-05
S8_15998667 8 15998667 0.000234465332481357
S8_16036051 8 16036051 7.28807812305997e-05
S8_16052172 8 16052172 0.000952125117621317
S8_16056828 8 16056828 6.19818428416417e-05
S8_16158156 8 16158156 0.000130351843822109
S8_16185576 8 16185576 0.000324671927623663
S8_16334364 8 16334364 0.000667378737962029
S8_16347370 8 16347370 0.000797567498775317
S8_16437735 8 16437735 3.45473155317125e-05
S8_16464544 8 16464544 2.12076618502074e-05
S8_16502607 8 16502607 3.56149454619178e-05
S8_16619197 8 16619197 3.29709792867771e-06
S8_16764831 8 16764831 6.03234340374241e-07
S8_16854135 8 16854135 0.000209706668405504
S8_16938933 8 16938933 0.000818771773443925
S8_16950010 8 16950010 0.000412626407556521
S8_16952183 8 16952183 0.000784624832195848
S8_16997873 8 16997873 3.9240839073728e-05
S8_17160185 8 17160185 4.97347803735368e-05
S8_17173562 8 17173562 0.000935928052565911
S8_17387350 8 17387350 0.000749338173525796
S8_17484035 8 17484035 0.000519358376084883
S8_17600118 8 17600118 5.54674413107123e-05
S8_17694864 8 17694864 0.000306272688728206
S8_17696441 8 17696441 1.97532543397165e-05
S8_17988627 8 17988627 7.48248686258174e-05
S8_18027608 8 18027608 0.000159711664885254
S8_18038666 8 18038666 0.000403151350641376
S8_18068469 8 18068469 5.31519022805624e-05
S8_18116350 8 18116350 8.91053329038089e-05
S8_18117021 8 18117021 4.80847534367147e-05
S8_18227647 8 18227647 0.000149258040926706
S8_18268317 8 18268317 0.000856398411341595
S8_23013231 8 23013231 0.000772604536327143
S8_24089486 8 24089486 4.98798820567023e-05
S8_24143688 8 24143688 1.70161755514826e-05
S8_29646227 8 29646227 0.000361088445361609
S8_31136793 8 31136793 0.000581184673862057
S8_31164930 8 31164930 0.000677816562365175
S8_31549066 8 31549066 0.00075535479997776
S8_31756052 8 31756052 0.000781080049835816
S8_32198804 8 32198804 0.000299321284630716
S8_32310879 8 32310879 0.000849024897821288
S8_33038750 8 33038750 0.000397155702993853
S8_33061446 8 33061446 1.1306220698866e-05
S8_33198573 8 33198573 4.2082867586254e-07
S8_33435069 8 33435069 0.000391981851436895
S8_33463176 8 33463176 0.000906223207587529
S8_33518441 8 33518441 0.000281188041815352
S8_33518536 8 33518536 0.000921346442355185
S8_33518574 8 33518574 0.00051129663848009
S8_33625959 8 33625959 0.000259435020330643
S8_33707468 8 33707468 0.000729731156991818
S8_33728254 8 33728254 0.000750755629590803
S8_33838905 8 33838905 0.000371302721516455
S8_34150932 8 34150932 0.000617744460563882
S8_34185298 8 34185298 0.000430478278680765
S8_34238487 8 34238487 0.000774517835707095
S8_34515893 8 34515893 0.000309538096276664
S8_34540405 8 34540405 0.00078901347921492
S8_34679403 8 34679403 0.00070333189501862
S8_34679411 8 34679411 0.000729827104284976
S8_34693558 8 34693558 0.000836144342804399
S8_34735776 8 34735776 0.000827041688508365
S8_34758410 8 34758410 0.000809899242670102
S8_34813882 8 34813882 0.000180166781445119
S8_34813894 8 34813894 0.000180166781445119
S8_34829440 8 34829440 0.000759813422127356
S8_35129698 8 35129698 0.000753537006355934
S8_35129752 8 35129752 0.00096958471337422
S8_35149066 8 35149066 0.000313321364873771
S8_35196694 8 35196694 0.000732543162070845
S8_35249746 8 35249746 0.000659072950631219
S8_35255426 8 35255426 0.000644305083318461
S8_35392783 8 35392783 0.000824494684318944
S8_35806137 8 35806137 0.00085544979370668
S8_35875636 8 35875636 0.000533962430784604
S8_36018373 8 36018373 0.000693444381519274
S8_36143162 8 36143162 0.000467544370789369
S8_36251572 8 36251572 0.000802652855774655
S8_36256451 8 36256451 0.000559579693261321
S8_36415995 8 36415995 0.000768549307961286
S8_36416066 8 36416066 0.000859429749441323
S8_36458089 8 36458089 0.000154128649342038
S8_36585154 8 36585154 0.000132963641575192
S8_36846016 8 36846016 4.56116727548013e-06
S8_36846105 8 36846105 9.17910972617254e-06
S8_36866708 8 36866708 6.19393775482819e-05
S8_36944611 8 36944611 0.000744878562767322
S8_36968669 8 36968669 5.59424802191531e-05
S8_36978083 8 36978083 4.2924493371874e-07
S8_36979457 8 36979457 6.10485792746327e-06
S8_36979530 8 36979530 9.13470396639335e-05
S8_37033726 8 37033726 3.96902565463911e-05
S8_37056423 8 37056423 4.97803354752883e-05
S8_37057815 8 37057815 1.27605804275602e-05
S8_37058330 8 37058330 0.000472805366343915
S8_37058593 8 37058593 0.000122865880230908
S8_37103177 8 37103177 6.23937505238779e-07
S8_37147785 8 37147785 3.83842019797262e-05
S8_37198269 8 37198269 1.68308419656907e-06
S8_37212268 8 37212268 3.74516227059652e-05
S8_37212388 8 37212388 0.000587940528326273
S8_37227524 8 37227524 1.44819541968163e-05
S8_37230970 8 37230970 0.00014594503550308
S8_37261490 8 37261490 1.05527050058469e-05
S8_37261606 8 37261606 0.00037031623645365
S8_37318712 8 37318712 4.93494764954886e-06
S8_37366525 8 37366525 0.000317306499436378
S8_37378742 8 37378742 0.000174210166480904
S8_37381147 8 37381147 2.43637852924046e-06
S8_37396871 8 37396871 0.000393731601387847
S8_37408452 8 37408452 0.000815112001384563
S8_37413574 8 37413574 0.000328754247559136
S8_37422686 8 37422686 0.000473053477663482
S8_37615071 8 37615071 0.000499596048604154
S8_37735289 8 37735289 8.7275731288598e-08
S8_37784195 8 37784195 0.0003917126934023
S8_37798721 8 37798721 3.38107881866516e-07
S8_38020855 8 38020855 4.15518409568192e-05
S8_38088841 8 38088841 0.000730678427190748
S8_38124289 8 38124289 0.000235857278843141
S8_38128416 8 38128416 6.0566011781241e-06
S8_38433769 8 38433769 9.22153111821906e-07
S8_38527634 8 38527634 1.85559063726631e-06
S8_38533601 8 38533601 1.97638776092679e-05
S8_38533616 8 38533616 1.97638776092715e-05
S8_38535444 8 38535444 0.000686697197434893
S8_38537052 8 38537052 0.000382526351062423
S8_38558134 8 38558134 7.42048999658064e-06
S8_38558139 8 38558139 6.76336092731478e-06
S8_38558238 8 38558238 5.64084729232033e-06
S8_38559035 8 38559035 1.18728830082946e-06
S8_38559057 8 38559057 1.18728830082946e-06
S8_38559940 8 38559940 9.16917409113334e-05
S8_38560328 8 38560328 1.24838154341371e-07
S8_38560359 8 38560359 2.9296444469147e-05
S8_38561731 8 38561731 4.61920343879575e-05
S8_38674769 8 38674769 0.000956020006604638
S8_38681952 8 38681952 0.000128108472491187
S8_38684241 8 38684241 7.59013327995852e-05
S8_38724322 8 38724322 4.49195145093481e-05
S8_38724449 8 38724449 0.000471126248064917
S8_39111345 8 39111345 4.42299109853077e-07
S8_39111354 8 39111354 5.22777961055389e-07
S8_39111357 8 39111357 4.42299109853077e-07
S8_39655417 8 39655417 0.000629431401309831
S8_39664277 8 39664277 0.000216160749958867
S8_40798370 8 40798370 0.000299556450061556
S8_41145937 8 41145937 2.96230208376588e-05
S8_41145947 8 41145947 2.96230208376588e-05
S8_41145953 8 41145953 2.96230208376588e-05
S8_41178608 8 41178608 0.000929419173539055
S8_41365352 8 41365352 0.000343340134233873
S8_41831085 8 41831085 0.00081044948101813
S8_41831177 8 41831177 0.000104798505466475
S8_41831796 8 41831796 0.000133683783836766
S8_41837028 8 41837028 4.7356342382446e-05
S8_41837072 8 41837072 4.7356342382446e-05
S8_41841507 8 41841507 0.000443387941616324
S8_41841527 8 41841527 0.000443387941616324
S8_41851064 8 41851064 0.000794531691456685
S8_41851065 8 41851065 0.000794531691456685
S8_41853521 8 41853521 6.52698779254536e-05
S8_41873226 8 41873226 0.000439514684098623
S8_41874976 8 41874976 0.000543271083691317
S8_41912596 8 41912596 0.000361923048674997
S8_41914477 8 41914477 0.000727312704459508
S8_41914500 8 41914500 0.000727312704459508
S8_41914504 8 41914504 4.24515777473534e-05
S8_41914528 8 41914528 0.000727312704459508
S8_41962303 8 41962303 4.60970673167225e-06
S8_42000093 8 42000093 1.19308861652655e-05
S8_42295726 8 42295726 5.66607178452592e-05
S8_42372182 8 42372182 6.34992897814685e-05
S8_42485127 8 42485127 4.31056939339862e-08
S8_42486812 8 42486812 0.000726930049273805
S8_42553593 8 42553593 0.000239370915026958
S8_42554392 8 42554392 1.25134419104031e-05
S8_42602810 8 42602810 2.21630407270254e-05
S8_42622872 8 42622872 5.06218638841211e-05
S8_42657670 8 42657670 7.22687790091359e-05
S8_42695655 8 42695655 1.35180798235549e-06
S8_42774340 8 42774340 3.86428373907111e-07
S8_42774401 8 42774401 0.000382777174670931
S8_42782162 8 42782162 0.000606475219922785
S8_42793950 8 42793950 0.000467729230520666
S8_42864403 8 42864403 2.43500902304399e-05
S8_42864404 8 42864404 2.43500902304399e-05
S8_42976094 8 42976094 0.000356289447878379
S8_43205714 8 43205714 6.44652703540572e-05
S8_43256788 8 43256788 5.82981154560628e-08
S8_43307311 8 43307311 9.60940405542584e-07
S8_43353084 8 43353084 1.98122743166002e-05
S8_43369910 8 43369910 9.92537248072465e-06
S8_43429581 8 43429581 1.46784864572648e-09
S8_43523695 8 43523695 6.19897907848751e-06
S8_43532980 8 43532980 2.70509813722549e-11
S8_43555108 8 43555108 3.64754306507467e-11
S8_43660723 8 43660723 3.27116516278914e-05
S8_43759357 8 43759357 0.000106830506729488
S8_43844722 8 43844722 9.44737246395224e-05
S8_43914122 8 43914122 5.58677740888217e-05
S8_43973762 8 43973762 8.66577208406222e-05
S8_43980427 8 43980427 9.3215503092751e-05
S8_44004999 8 44004999 0.000108397235866781
S8_44175678 8 44175678 8.16829000581745e-06
S8_44228127 8 44228127 2.88363352938641e-05
S8_44316973 8 44316973 2.23497132900071e-05
S8_44537816 8 44537816 2.21891682156664e-05
S8_44676189 8 44676189 0.000325411217816503
S8_44867983 8 44867983 0.000189032647766613
S8_45198748 8 45198748 1.43353211688376e-05
S8_45198892 8 45198892 0.000317287483533161
S8_45213180 8 45213180 4.02815997153451e-05
S8_45321570 8 45321570 5.20900550570667e-06
S8_45336928 8 45336928 0.000644478734286255
S8_45363853 8 45363853 0.000433880669126169
S8_45533574 8 45533574 3.52732795499379e-05
S8_45533625 8 45533625 3.52732795499379e-05
S8_45616670 8 45616670 1.72830761572761e-05
S8_45728246 8 45728246 0.000403107982321444
S8_45761869 8 45761869 0.000368402276781889
S8_46106706 8 46106706 0.000804058364896231
S8_46173284 8 46173284 0.000764376111441992
S8_46227370 8 46227370 0.000330181004437654
S8_46304232 8 46304232 0.000640023008815921
S8_46471326 8 46471326 0.00091187316451302
S8_46505999 8 46505999 3.0222700984396e-05
S8_46514871 8 46514871 0.000429284043776023
S8_46551886 8 46551886 0.000603002979304206
S8_46686064 8 46686064 0.00064489890404909
S8_46757871 8 46757871 0.000712126695569498
S8_46826296 8 46826296 0.000107628114804346
S8_46842012 8 46842012 3.30590193313436e-05
S8_46868230 8 46868230 4.27838755545576e-05
S8_46871553 8 46871553 6.28747354415484e-09
S8_46873483 8 46873483 2.6276803561643e-11
S8_46887888 8 46887888 2.0889550183064e-08
S8_46888542 8 46888542 0.000753317301062385
S8_46891144 8 46891144 2.82123412272712e-08
S8_46939512 8 46939512 0.000910738521636103
S8_46976923 8 46976923 0.000429332492307658
S8_46997924 8 46997924 1.46648555042156e-07
S8_47063696 8 47063696 5.23798962497016e-08
S8_47163826 8 47163826 0.000550932116886273
S8_47226209 8 47226209 0.000966616673468578
S8_47226371 8 47226371 0.000148926721285006
S8_47422458 8 47422458 1.88448135016062e-06
S8_47441015 8 47441015 7.3531068647165e-06
S8_47452835 8 47452835 3.56310053482178e-05
S8_47459881 8 47459881 1.67510038174254e-13
S8_47459909 8 47459909 7.02665789785659e-08
S8_47461115 8 47461115 8.44895785226245e-10
S8_47461134 8 47461134 4.67311743553189e-10
S8_47461196 8 47461196 9.63363775235654e-06
S8_47461198 8 47461198 7.69888450646541e-06
S8_47472307 8 47472307 7.07849301538409e-09
S8_47502805 8 47502805 3.93640671896338e-09
S8_47503192 8 47503192 5.66405326011137e-13
S8_47595647 8 47595647 2.81087979337913e-08
S8_47636904 8 47636904 0.000498037571476941
S8_47655647 8 47655647 8.38711560330796e-05
S8_47665131 8 47665131 4.47985344466084e-05
S8_47932366 8 47932366 0.000566951472536591
S8_48140962 8 48140962 1.69247823114181e-05
S8_48159649 8 48159649 3.4295101983918e-05
S8_48170100 8 48170100 0.000468583675933727
S8_48218041 8 48218041 0.000427469683530179
S8_48251770 8 48251770 1.96554058666197e-05
S8_48294850 8 48294850 0.000295211495964803
S8_48313535 8 48313535 0.000571937142013309
S8_48360113 8 48360113 0.000646822724251578
S8_48372542 8 48372542 7.61386540178784e-05
S8_48450191 8 48450191 0.000753848923090274
S8_48450204 8 48450204 0.000753848923090274
S8_48468518 8 48468518 6.86319772320834e-05
S8_48548337 8 48548337 0.000390914422828746
S8_48640880 8 48640880 0.000243888965560627
S8_48791404 8 48791404 1.84699807231874e-05
S8_48791616 8 48791616 9.3601309084984e-06
S8_48831289 8 48831289 2.98751639903262e-05
S8_48915414 8 48915414 0.000440792626141764
S8_48946643 8 48946643 0.000761595974775299
S8_48946652 8 48946652 0.000761595974775036
S8_48979047 8 48979047 0.00060752403431428
S8_48979099 8 48979099 0.000358283800814533
S8_48979121 8 48979121 0.000358283800814533
S8_48981750 8 48981750 4.40162782180854e-05
S8_49045296 8 49045296 1.94409686894437e-05
S8_49254669 8 49254669 0.000707540760316185
S8_49283509 8 49283509 0.000722543782219518
S8_49366498 8 49366498 0.000229149579805471
S8_49638188 8 49638188 0.000421600449892886
S8_49784463 8 49784463 0.000741557164394247
S8_49790468 8 49790468 0.000217522092329143
S8_49790470 8 49790470 0.000214709856329524
S8_49792750 8 49792750 0.000402235371899901
S8_49792801 8 49792801 0.00042855831142943
S8_49792804 8 49792804 0.000653991447244974
S8_49818056 8 49818056 0.000660675079824352
S8_49818072 8 49818072 0.000660675079824352
S8_49835789 8 49835789 0.00034208470702056
S8_49883350 8 49883350 0.00041011788250186
S8_49892289 8 49892289 0.000303388178255369
S8_50111815 8 50111815 0.000160608658208577
S8_50111818 8 50111818 0.000607820207924337
S8_50111873 8 50111873 0.000607820207924414
S8_50194835 8 50194835 0.00073449440648987
S8_50238634 8 50238634 0.000878429076011137
S8_50331034 8 50331034 4.85818926560621e-05
S8_50621682 8 50621682 0.000112141217291575
S8_50621698 8 50621698 0.000112141217291575
S8_50687976 8 50687976 1.61975016501257e-05
S8_50687979 8 50687979 1.61975016501257e-05
S8_50752701 8 50752701 1.72358621330282e-05
S8_50752704 8 50752704 1.72358621330282e-05
S8_50752707 8 50752707 1.72358621330257e-05
S8_50752710 8 50752710 1.72358621330282e-05
S8_50757645 8 50757645 1.44581667478662e-07
S8_50816200 8 50816200 6.21385617149515e-05
S8_50847846 8 50847846 6.69481503501608e-05
S8_50847847 8 50847847 6.69481503501608e-05
S8_51012833 8 51012833 0.000209660993281207
S8_51022641 8 51022641 4.30772717192165e-06
S8_51046611 8 51046611 0.000916914069461929
S8_51204426 8 51204426 0.000711215479953562
S8_51295310 8 51295310 0.000733133156194539
S8_51429867 8 51429867 0.000532772096975018
S8_51502591 8 51502591 5.36084527513848e-05
S8_51502598 8 51502598 3.10193968052055e-05
S8_51517958 8 51517958 0.000117936857519717
S8_51520800 8 51520800 0.000222827384361304
S8_51520801 8 51520801 0.000222827384361304
S8_51520802 8 51520802 0.000222827384361304
S8_51521074 8 51521074 0.00015155993004017
S8_51634854 8 51634854 6.6779420500551e-05
S8_51697387 8 51697387 0.000159228627445116
S8_51701717 8 51701717 0.000983450713727126
S8_51704356 8 51704356 0.000121537199117889
S8_51707697 8 51707697 0.000816002070896512
S8_51729922 8 51729922 0.000541001755921143
S8_51761094 8 51761094 0.000454187490128633
S8_51761124 8 51761124 0.000454187490128633
S8_51761228 8 51761228 0.000599075443970205
S8_51762042 8 51762042 0.000221315306744665
S8_51806246 8 51806246 1.30752741259954e-06
S8_51816602 8 51816602 0.000113010323048545
S8_51865334 8 51865334 0.00070426296700898
S8_51865357 8 51865357 0.000654530863296813
S8_51870041 8 51870041 0.000166525212267684
S8_51934475 8 51934475 0.000156871611523623
S8_51934478 8 51934478 0.000156871611523612
S8_51979953 8 51979953 0.000403733848564593
S8_51983562 8 51983562 0.000171597032685106
S8_51999115 8 51999115 0.000268297606593335
S8_52046047 8 52046047 3.59696769416863e-06
S8_52116784 8 52116784 0.000281008913335303
S8_52172603 8 52172603 0.000236009907966276
S8_52172883 8 52172883 7.41778295925262e-05
S8_52172884 8 52172884 0.00028827852381048
S8_52172947 8 52172947 7.37783074100988e-05
S8_52181102 8 52181102 0.000350178597239034
S8_52183300 8 52183300 1.21541478654697e-05
S8_52191788 8 52191788 7.53305101281289e-06
S8_52216184 8 52216184 0.000221929218393042
S8_52239880 8 52239880 0.000125204742975064
S8_52239942 8 52239942 0.000149786226032616
S8_52240530 8 52240530 0.000859522657047434
S8_52240939 8 52240939 1.86608821522882e-05
S8_52240955 8 52240955 5.44428533720967e-05
S8_52240965 8 52240965 0.000225312877488252
S8_52241088 8 52241088 0.000591179016269439
S8_52241121 8 52241121 0.000634425845616016
S8_52241284 8 52241284 0.000161567672971288
S8_52245293 8 52245293 0.000123439421224871
S8_52245326 8 52245326 0.000154743939343694
S8_52245336 8 52245336 5.93074428751852e-05
S8_52245472 8 52245472 0.000208363401338236
S8_52245564 8 52245564 7.56961016807485e-05
S8_52245853 8 52245853 8.51416267394328e-06
S8_52248689 8 52248689 0.00029779852646284
S8_52248695 8 52248695 0.000848369441461876
S8_52248696 8 52248696 0.000579970499888115
S8_52248701 8 52248701 0.000678337267242986
S8_52263734 8 52263734 0.000661277960089221
S8_52275183 8 52275183 3.95675863346182e-05
S8_52275215 8 52275215 3.95675863346182e-05
S8_52281218 8 52281218 0.000433407158182223
S8_52282492 8 52282492 1.78021570753397e-07
S8_52303416 8 52303416 0.000716290546181093
S8_52303419 8 52303419 4.6492342686495e-05
S8_52303479 8 52303479 0.00051218228422728
S8_52304100 8 52304100 0.000239286907811635
S8_52318588 8 52318588 0.000429312513636154
S8_52460490 8 52460490 8.62425376897778e-06
S8_52731034 8 52731034 0.000238233276698548
S8_52913874 8 52913874 0.000393962399569617
S8_52913972 8 52913972 0.000390227631337638
S8_52968783 8 52968783 0.000175067073969035
S8_53048805 8 53048805 0.000243984301556213
S8_53061492 8 53061492 5.54824125134919e-07
S8_53061496 8 53061496 5.54824125134919e-07
S8_53068259 8 53068259 2.48636085054413e-06
S8_53068264 8 53068264 2.48636085054413e-06
S8_53068282 8 53068282 2.48636085054413e-06
S8_53068301 8 53068301 2.48636085054413e-06
S8_53068599 8 53068599 0.000316966450557347
S8_53070998 8 53070998 0.000352438975366041
S8_53101827 8 53101827 6.63820784471611e-06
S8_53104226 8 53104226 3.37888726297196e-05
S8_53104253 8 53104253 3.37888726297196e-05
S8_53104276 8 53104276 5.71037264823869e-05
S8_53106042 8 53106042 2.09509075090319e-05
S8_53106051 8 53106051 0.000116978523394824
S8_53106272 8 53106272 1.51785010713282e-05
S8_53106560 8 53106560 4.15375354344258e-06
S8_53116690 8 53116690 0.000310842815101588
S8_53118781 8 53118781 0.000514103141404532
S8_53118813 8 53118813 0.000459766600201312
S8_53338102 8 53338102 0.000693480162108552
S8_53404531 8 53404531 0.000348823018578512
S8_53705782 8 53705782 0.000246329510691275
S8_53754556 8 53754556 0.00013800869401707
S8_54000311 8 54000311 0.000412694339321441
S8_54004151 8 54004151 0.000775738563878067
S8_54034838 8 54034838 1.19668137921643e-05
S8_54075987 8 54075987 0.000331462553767651
S8_54076018 8 54076018 8.02859316560798e-05
S8_54076019 8 54076019 8.02859316560798e-05
S8_54076020 8 54076020 0.000311862765342613
S8_54251156 8 54251156 0.000730783498876818
S8_54286038 8 54286038 4.51359131527889e-05
S8_54286039 8 54286039 4.51359131527889e-05
S8_54296362 8 54296362 0.000755799330406285
S8_54674226 8 54674226 1.88135894950474e-05
S8_54749188 8 54749188 0.000679487135528815
S8_54870782 8 54870782 0.000191072608785125
S8_54876298 8 54876298 0.000980016373747565
S8_54918963 8 54918963 0.00028231179608556
S8_54967878 8 54967878 0.000706762507760207
S8_54967879 8 54967879 0.000706762507760207
S8_54969500 8 54969500 0.000697732457948712
S8_54969508 8 54969508 0.000697732457948611
S8_54989554 8 54989554 9.61741271894108e-05
S8_55007466 8 55007466 1.79449199339056e-05
S8_55026198 8 55026198 0.000672528515841918
S8_55041719 8 55041719 0.000122296586535378
S8_55073460 8 55073460 1.34923143871429e-06
S8_55150759 8 55150759 0.000379491282717726
S8_55172999 8 55172999 0.000296164364102446
S8_55269460 8 55269460 0.000738980557210386
