Marker Chr Pos p
S3_22457 3 22457 0.000188205742465279
S3_125058 3 125058 3.38860059919407e-05
S3_193522 3 193522 0.000753620641024288
S3_238087 3 238087 0.000654004934978383
S3_309321 3 309321 1.9591121484471e-05
S3_309765 3 309765 0.000199478258398528
S3_316610 3 316610 0.000139519542412303
S3_421232 3 421232 7.43435705769391e-05
S3_427898 3 427898 4.26882750543908e-07
S3_549638 3 549638 0.00036401148757615
S3_551887 3 551887 8.17655173839694e-05
S3_552758 3 552758 3.72546311190123e-05
S3_642511 3 642511 4.33293503374161e-05
S3_696802 3 696802 0.000924126223961959
S3_732896 3 732896 0.000540730927755178
S3_849534 3 849534 0.000272870087716102
S3_850085 3 850085 1.01217657706114e-06
S3_859938 3 859938 0.00040284352769677
S3_887714 3 887714 0.000291068528932599
S3_891646 3 891646 7.44467576592387e-06
S3_891756 3 891756 0.000556278850992938
S3_913646 3 913646 6.09154040651231e-05
S3_913651 3 913651 6.5162350422887e-05
S3_931333 3 931333 4.32544402369731e-05
S3_942468 3 942468 0.000840042096043484
S3_942718 3 942718 0.000586745021034323
S3_943311 3 943311 0.000439106233261979
S3_943450 3 943450 0.000128588909579029
S3_943555 3 943555 0.000340100006899681
S3_964973 3 964973 0.000106866684249495
S3_969096 3 969096 1.80426003710502e-05
S3_977034 3 977034 0.000138977675225881
S3_977684 3 977684 8.89281384143182e-06
S3_977693 3 977693 1.20845708413626e-05
S3_977694 3 977694 1.99017733926612e-05
S3_977811 3 977811 0.00026315084205826
S3_977813 3 977813 0.000175274729394184
S3_977816 3 977816 0.000175274729394184
S3_977850 3 977850 0.000128943181874838
S3_977854 3 977854 0.000128943181874838
S3_977876 3 977876 0.000128943181874838
S3_977882 3 977882 0.000128943181874838
S3_979525 3 979525 3.50571386378749e-08
S3_979526 3 979526 3.50571386378749e-08
S3_979527 3 979527 3.50571386378749e-08
S3_979528 3 979528 1.39908753237508e-10
S3_979668 3 979668 0.000213921471793194
S3_979892 3 979892 1.60954346911612e-06
S3_996825 3 996825 0.000103580141935983
S3_1004373 3 1004373 0.000324667223766415
S3_1005976 3 1005976 7.27030486124612e-05
S3_1010309 3 1010309 5.24220122404493e-05
S3_1010351 3 1010351 5.24220122404493e-05
S3_1010359 3 1010359 5.24220122404493e-05
S3_1017547 3 1017547 0.000182563547578247
S3_1051444 3 1051444 0.000514937515108678
S3_1064059 3 1064059 9.35916290075103e-05
S3_1081808 3 1081808 0.00013715519817405
S3_1083866 3 1083866 0.000591024553888084
S3_1083895 3 1083895 0.000281238503057802
S3_1084122 3 1084122 0.000423483713314911
S3_1084541 3 1084541 0.00051981517796257
S3_1084678 3 1084678 3.82685797643538e-05
S3_1091106 3 1091106 1.73994618672967e-05
S3_1098890 3 1098890 0.000301374833958729
S3_1128189 3 1128189 1.56035053836426e-05
S3_1128354 3 1128354 0.000259566185863727
S3_1130510 3 1130510 0.000658366863857373
S3_1134356 3 1134356 4.83947750886568e-06
S3_1135772 3 1135772 1.77646253794446e-05
S3_1135792 3 1135792 1.48289086595974e-05
S3_1135800 3 1135800 5.61961071630808e-05
S3_1136149 3 1136149 9.42806902044773e-06
S3_1137361 3 1137361 0.000223979907058601
S3_1138179 3 1138179 0.000117321701666375
S3_1138180 3 1138180 0.000177763995267032
S3_1138391 3 1138391 0.000308035572756319
S3_1158034 3 1158034 7.60160252175669e-06
S3_1201510 3 1201510 0.000273332925587555
S3_1218301 3 1218301 0.000104709277679017
S3_1218302 3 1218302 9.81230618293361e-05
S3_1221220 3 1221220 3.27630650096667e-05
S3_1223685 3 1223685 0.000170592124664845
S3_1223715 3 1223715 0.000170592124664845
S3_1223721 3 1223721 0.000170592124664845
S3_1240416 3 1240416 2.92781604317618e-05
S3_1305453 3 1305453 0.000301420199946161
S3_1320507 3 1320507 1.91535107492378e-05
S3_1336441 3 1336441 0.000290921926762621
S3_1375785 3 1375785 0.000472810554503395
S3_1408015 3 1408015 9.67805050838641e-07
S3_1421760 3 1421760 0.000249785552075902
S3_1443246 3 1443246 1.91136002310151e-09
S3_1461581 3 1461581 7.45368374586196e-06
S3_1462792 3 1462792 0.000191745528064827
S3_1462818 3 1462818 0.000191745528064827
S3_1479175 3 1479175 0.000369021971922632
S3_1479201 3 1479201 0.000369021971922632
S3_1479859 3 1479859 1.61328332201778e-08
S3_1486010 3 1486010 6.65313850975041e-06
S3_1540919 3 1540919 0.000272356920961217
S3_1642552 3 1642552 0.000203784679491882
S3_1708551 3 1708551 1.58907389025432e-05
S3_1719749 3 1719749 6.07021659133589e-05
S3_1725331 3 1725331 9.93762562357856e-06
S3_1747465 3 1747465 0.000850414019857265
S3_1825798 3 1825798 0.000180250663341998
S3_1825799 3 1825799 0.000172394584446341
S3_1825820 3 1825820 0.000170330906735964
S3_1826041 3 1826041 8.10901880715061e-08
S3_1903479 3 1903479 0.000391219156139354
S3_1912865 3 1912865 6.68884950483147e-07
S3_1959962 3 1959962 6.47009292142442e-05
S3_2005410 3 2005410 0.000397021487444434
S3_2087194 3 2087194 0.000503677859343348
S3_2098818 3 2098818 0.000258113232442439
S3_2099513 3 2099513 0.000983374531418641
S3_2099527 3 2099527 0.000983374531418641
S3_2099539 3 2099539 0.000983374531418641
S3_2102039 3 2102039 7.21242886180141e-05
S3_2114800 3 2114800 0.000292716557841634
S3_2115333 3 2115333 1.722448359432e-05
S3_2156405 3 2156405 0.000563311951280748
S3_2183250 3 2183250 0.000124815822149451
S3_2212387 3 2212387 3.94565799687795e-06
S3_2216560 3 2216560 7.91333821850344e-05
S3_2230285 3 2230285 0.000125995155916729
S3_2246037 3 2246037 0.000935753684973965
S3_2250862 3 2250862 0.000402732852102671
S3_2251784 3 2251784 0.000122659477204062
S3_2260060 3 2260060 0.000286787495070734
S3_2378371 3 2378371 0.000390106194713801
S3_2390044 3 2390044 0.00095672255412343
S3_2410286 3 2410286 0.000300550578319597
S3_2416138 3 2416138 0.000241267334696278
S3_2472908 3 2472908 0.000767715460066241
S3_2480793 3 2480793 0.000434242649754233
S3_2480807 3 2480807 0.000550442139755071
S3_2556295 3 2556295 0.000369804438511345
S3_2650799 3 2650799 0.00051378928276115
S3_2711783 3 2711783 6.38082950707319e-06
S3_2714145 3 2714145 2.50485539671824e-05
S3_2761105 3 2761105 0.000510355987683227
S3_2762856 3 2762856 0.000217064741202254
S3_2814957 3 2814957 0.000241245208965723
S3_2864146 3 2864146 0.000122068263345163
S3_2934054 3 2934054 0.000865520177009549
S3_2949989 3 2949989 0.000287387248617243
S3_2979797 3 2979797 0.000924392278229691
S3_2986141 3 2986141 0.000821251738901802
S3_2997749 3 2997749 0.000203815920913458
S3_3006705 3 3006705 0.000117009282991922
S3_3009135 3 3009135 0.000390769227836458
S3_3023823 3 3023823 0.000621802552148156
S3_3023836 3 3023836 0.000621802552148156
S3_3079184 3 3079184 0.000182382494283559
S3_3118751 3 3118751 0.000197549814393215
S3_3118773 3 3118773 0.000197549814393181
S3_3134074 3 3134074 0.000148038712551303
S3_3134080 3 3134080 8.49642678387454e-05
S3_3135240 3 3135240 2.80311210558584e-05
S3_3135259 3 3135259 2.73250401739157e-05
S3_3135548 3 3135548 0.000455544195432422
S3_3137511 3 3137511 0.00026206346681175
S3_3137599 3 3137599 0.000135539958713533
S3_3137930 3 3137930 0.000356428710952133
S3_3145456 3 3145456 0.000329850215136526
S3_3186104 3 3186104 0.000289982486190785
S3_3189020 3 3189020 0.00048259384888888
S3_3189023 3 3189023 0.00048259384888888
S3_3189037 3 3189037 0.000152761783426823
S3_3189049 3 3189049 0.00048259384888888
S3_3195069 3 3195069 0.000160218160242173
S3_3201394 3 3201394 1.09225789413413e-06
S3_3203732 3 3203732 0.000950450616810554
S3_3206860 3 3206860 0.000907616940962054
S3_3206885 3 3206885 0.000907616940962054
S3_3207666 3 3207666 0.000511360953260534
S3_3219999 3 3219999 3.71026555338779e-06
S3_3220000 3 3220000 2.69754547169304e-06
S3_3220001 3 3220001 3.23268449156517e-06
S3_3220002 3 3220002 2.69754547169304e-06
S3_3220003 3 3220003 2.69754547169304e-06
S3_3220248 3 3220248 0.000631331227552051
S3_3222978 3 3222978 4.41339765614242e-05
S3_3243668 3 3243668 0.000196384972275743
S3_3251434 3 3251434 0.000965075689623178
S3_3279330 3 3279330 2.95704003906737e-05
S3_3296667 3 3296667 0.000878353449309919
S3_3299185 3 3299185 1.27779096087266e-08
S3_3344550 3 3344550 0.000130025983360404
S3_3362434 3 3362434 8.32164993587619e-05
S3_3367026 3 3367026 6.97186443097987e-06
S3_3379317 3 3379317 0.000565091417334999
S3_3493459 3 3493459 1.58972711766344e-05
S3_3496386 3 3496386 0.000891008505996958
S3_3496387 3 3496387 0.000864350361599289
S3_3537693 3 3537693 0.000224582777076314
S3_3668983 3 3668983 1.6059843311847e-08
S3_3691560 3 3691560 0.0002564817082027
S3_3714412 3 3714412 8.5181679288237e-07
S3_3763435 3 3763435 0.000974597783717482
S3_3768361 3 3768361 0.000109610702625501
S3_3775573 3 3775573 0.000578036602920264
S3_3828732 3 3828732 0.000376277414756594
S3_3830154 3 3830154 0.000709349286371782
S3_3830160 3 3830160 0.000716255123735055
S3_3843327 3 3843327 0.000364096645963268
S3_3865110 3 3865110 0.000447255196357655
S3_3870549 3 3870549 6.92263205245314e-05
S3_3875679 3 3875679 0.000440061967745312
S3_3901764 3 3901764 0.000175840176686296
S3_3909316 3 3909316 0.000453159656343047
S3_3928349 3 3928349 0.000103794352477973
S3_3959384 3 3959384 3.70167639570303e-05
S3_3969147 3 3969147 0.000940752284797461
S3_4067169 3 4067169 7.94030281974248e-06
S3_4101692 3 4101692 0.000272016604066983
S3_4159255 3 4159255 4.13042778299954e-05
S3_4261960 3 4261960 0.00085327371304903
S3_4275911 3 4275911 0.000568248290011321
S3_4275912 3 4275912 0.000568248290011321
S3_4295649 3 4295649 7.38137699322702e-05
S3_4340593 3 4340593 0.000823233095459019
S3_4343147 3 4343147 0.000239981464259625
S3_4354628 3 4354628 0.000140891728454026
S3_4387231 3 4387231 0.000344823307085612
S3_4450963 3 4450963 0.000191704115559938
S3_4495139 3 4495139 9.11631877159889e-06
S3_4495140 3 4495140 9.11631877159889e-06
S3_4495141 3 4495141 9.11631877159889e-06
S3_4495142 3 4495142 9.11631877159889e-06
S3_4495143 3 4495143 9.11631877159889e-06
S3_4495144 3 4495144 9.11631877159889e-06
S3_4495145 3 4495145 9.11631877159889e-06
S3_4495146 3 4495146 9.11631877159889e-06
S3_4495147 3 4495147 9.11631877159889e-06
S3_4524499 3 4524499 0.000806851565043418
S3_4590428 3 4590428 7.39742683144621e-06
S3_4597503 3 4597503 0.000244609570691256
S3_4597538 3 4597538 0.000264461778873295
S3_4638877 3 4638877 9.56461025495976e-05
S3_4675804 3 4675804 0.000186181884276618
S3_4745096 3 4745096 0.000373391663390071
S3_4794496 3 4794496 0.000402774020775546
S3_4797046 3 4797046 9.6473500718046e-06
S3_4801715 3 4801715 0.000828775425680119
S3_4809970 3 4809970 1.05842387280306e-05
S3_4829426 3 4829426 0.000815714395520896
S3_4829429 3 4829429 0.000815714395521013
S3_4936708 3 4936708 0.000455537163630844
S3_5032469 3 5032469 5.58421261606931e-05
S3_5041861 3 5041861 9.25211109358239e-05
S3_5123086 3 5123086 0.000841067358675912
S3_5264942 3 5264942 0.000482801841665591
S3_5269583 3 5269583 0.000156104651862007
S3_5275696 3 5275696 0.000764830725702472
S3_5407702 3 5407702 5.15042816229539e-06
S3_5458317 3 5458317 9.70869986840414e-05
S3_5466651 3 5466651 4.68826124294809e-05
S3_5470079 3 5470079 0.000397409951282182
S3_5476623 3 5476623 0.000368914598685647
S3_5498750 3 5498750 0.000809438718080434
S3_5598062 3 5598062 0.000856521875638978
S3_5662314 3 5662314 0.000177753404603207
S3_5678825 3 5678825 2.7444283306234e-05
S3_5678894 3 5678894 0.000104466133915744
S3_5687713 3 5687713 5.22991443084369e-06
S3_5696174 3 5696174 0.000412529879141516
S3_5696417 3 5696417 0.00025229166462273
S3_5696514 3 5696514 0.000410818465962279
S3_5702051 3 5702051 0.00088867995464314
S3_5702372 3 5702372 0.000456899383910518
S3_5706399 3 5706399 0.000134580830075904
S3_5719463 3 5719463 2.67525224133584e-05
S3_5719679 3 5719679 0.00058588862199503
S3_5769301 3 5769301 0.000912622550506167
S3_5784363 3 5784363 8.06492199885905e-12
S3_5793308 3 5793308 0.000219143299132127
S3_5818009 3 5818009 9.83760148920573e-07
S3_5825993 3 5825993 0.000181699624338596
S3_5945949 3 5945949 0.000985093550778194
S3_6018767 3 6018767 0.000227836199045416
S3_6049557 3 6049557 3.46516536323918e-07
S3_6086359 3 6086359 0.000199843343282902
S3_6086590 3 6086590 1.11882173396744e-05
S3_6263989 3 6263989 9.85989623738587e-06
S3_6265646 3 6265646 1.421067017847e-05
S3_6321108 3 6321108 2.13783512666779e-06
S3_6342597 3 6342597 0.000110229860401131
S3_6342611 3 6342611 0.000110229860401131
S3_6342628 3 6342628 0.000102933987685766
S3_6342639 3 6342639 7.34014667571322e-05
S3_6465505 3 6465505 0.0003699769302413
S3_6465520 3 6465520 0.000362381620860718
S3_6486540 3 6486540 0.000368589789553238
S3_6535444 3 6535444 7.35830752749151e-06
S3_6565403 3 6565403 0.000895977224281653
S3_6569332 3 6569332 0.000655650747949179
S3_6716855 3 6716855 2.46744651433401e-05
S3_6861660 3 6861660 0.000423563793309742
S3_6898654 3 6898654 0.000261469373629427
S3_7018442 3 7018442 0.000173540952155657
S3_7054729 3 7054729 0.000722066959570965
S3_7057269 3 7057269 1.9082884897915e-07
S3_7061228 3 7061228 5.84762322122198e-05
S3_7062022 3 7062022 0.00019765831496888
S3_7065968 3 7065968 2.99261793971376e-05
S3_7070655 3 7070655 2.71447297317443e-05
S3_7070667 3 7070667 2.01032257829172e-05
S3_7070695 3 7070695 1.98965941863268e-05
S3_7120017 3 7120017 0.000128838354500095
S3_7134195 3 7134195 0.000147766734570175
S3_7134197 3 7134197 0.000147766734570163
S3_7168726 3 7168726 0.000996511904461641
S3_7170922 3 7170922 2.19328799805881e-05
S3_7170963 3 7170963 6.75242643173088e-05
S3_7178493 3 7178493 1.51718296208764e-05
S3_7178518 3 7178518 0.000462435019718113
S3_7178520 3 7178520 7.68516145251425e-05
S3_7178623 3 7178623 5.59491480688977e-07
S3_7196784 3 7196784 0.000786932221028353
S3_7206538 3 7206538 7.09387165667839e-05
S3_7211981 3 7211981 9.55542032588178e-05
S3_7221781 3 7221781 0.00031129956406553
S3_7221847 3 7221847 6.00564696893941e-06
S3_7221851 3 7221851 6.00564696893941e-06
S3_7221884 3 7221884 6.00564696893941e-06
S3_7222075 3 7222075 1.09067615869387e-06
S3_7223710 3 7223710 2.50469869415448e-06
S3_7223748 3 7223748 4.72429807048739e-08
S3_7224850 3 7224850 8.61616343634205e-06
S3_7225042 3 7225042 1.13735603328167e-06
S3_7236468 3 7236468 0.000321149537717822
S3_7254383 3 7254383 4.69976905622335e-05
S3_7258120 3 7258120 0.000983527203833519
S3_7266890 3 7266890 0.000300643752610432
S3_7270990 3 7270990 0.000295115142259694
S3_7420564 3 7420564 0.000309520734994749
S3_7458591 3 7458591 0.000747500991599977
S3_7469402 3 7469402 7.89791899712041e-06
S3_7496873 3 7496873 6.21938281059366e-05
S3_7536816 3 7536816 3.31578125281384e-06
S3_7586217 3 7586217 1.94053669487976e-05
S3_7587095 3 7587095 6.42888266950383e-08
S3_7624563 3 7624563 0.000209279626731285
S3_7698808 3 7698808 0.00073130103476037
S3_7783746 3 7783746 0.000110449310242092
S3_7812694 3 7812694 0.000736839464842685
S3_7892345 3 7892345 0.000136848954126744
S3_7923638 3 7923638 0.000700540527147376
S3_7923654 3 7923654 0.000700540527147376
S3_7923666 3 7923666 0.000700540527147376
S3_7929596 3 7929596 0.000775832879728667
S3_7929703 3 7929703 0.000193564954041427
S3_7929967 3 7929967 6.7098161633553e-05
S3_7948463 3 7948463 0.000116552925135732
S3_7960533 3 7960533 0.000315655754925947
S3_7965637 3 7965637 6.22268919856835e-05
S3_7965638 3 7965638 2.59867862583813e-05
S3_8002961 3 8002961 0.000124732750615641
S3_8036558 3 8036558 0.000406937954286174
S3_8072864 3 8072864 5.59976634904823e-05
S3_8099067 3 8099067 0.000664483862966451
S3_8109924 3 8109924 5.23591155527586e-05
S3_8109925 3 8109925 3.89055461342393e-06
S3_8143702 3 8143702 3.30824561399021e-08
S3_8147290 3 8147290 0.000435490590197601
S3_8151283 3 8151283 2.95329299211594e-06
S3_8156308 3 8156308 0.000800439497337867
S3_8163275 3 8163275 0.000610522494684318
S3_8228616 3 8228616 0.000761726132321289
S3_8228618 3 8228618 0.000761726132321289
S3_8253863 3 8253863 0.00014202125999984
S3_8270446 3 8270446 0.000247937417888291
S3_8297039 3 8297039 9.04957556071938e-06
S3_8316144 3 8316144 6.11067783780595e-05
S3_8393647 3 8393647 0.000466994838411733
S3_8446472 3 8446472 1.14567461290798e-05
S3_8446983 3 8446983 0.000340175933312204
S3_8467602 3 8467602 1.81665840727759e-05
S3_8468623 3 8468623 0.000851894476986166
S3_8500974 3 8500974 0.00028199955520056
S3_8518180 3 8518180 0.000470075257457915
S3_8523781 3 8523781 0.000401195243786256
S3_8626296 3 8626296 0.000671178056434931
S3_8626298 3 8626298 0.000671178056434724
S3_8626328 3 8626328 0.000671178056434931
S3_8673713 3 8673713 0.000594354362542694
S3_8767291 3 8767291 1.06667281180354e-05
S3_8779251 3 8779251 0.000646636827909141
S3_8781653 3 8781653 0.000445378218861916
S3_8798095 3 8798095 4.03263759003971e-06
S3_8867448 3 8867448 0.000179926951189841
S3_8870420 3 8870420 0.000167095753415725
S3_8870448 3 8870448 0.000167095753415725
S3_8870469 3 8870469 0.000167095753415725
S3_8888411 3 8888411 0.000171871043810238
S3_8889397 3 8889397 0.000548762408177682
S3_8894246 3 8894246 2.99211226956125e-05
S3_8954990 3 8954990 0.000762611814454726
S3_8965047 3 8965047 1.27660728011013e-05
S3_8970958 3 8970958 0.00024301220468668
S3_8974786 3 8974786 0.00026367085231469
S3_8974795 3 8974795 0.000202974243000837
S3_8974819 3 8974819 0.000216893628718262
S3_8974834 3 8974834 5.41187342951974e-05
S3_8976433 3 8976433 4.71483466430135e-10
S3_8976450 3 8976450 1.49947156068131e-09
S3_8976458 3 8976458 4.71483466430135e-10
S3_8976895 3 8976895 4.42935478663367e-07
S3_8983166 3 8983166 4.38085809522705e-05
S3_8984216 3 8984216 4.18050157998625e-05
S3_8985061 3 8985061 0.00034231239602046
S3_8985807 3 8985807 9.16246412583979e-08
S3_8985821 3 8985821 9.16246412583979e-08
S3_8986064 3 8986064 7.77313953507833e-06
S3_8986067 3 8986067 7.77313953507833e-06
S3_8986122 3 8986122 2.42008664282318e-07
S3_8986199 3 8986199 6.12196246604919e-07
S3_8986204 3 8986204 6.12196246604919e-07
S3_8986212 3 8986212 6.12196246604919e-07
S3_8986231 3 8986231 6.12196246604919e-07
S3_8989093 3 8989093 5.05818414038108e-05
S3_8989134 3 8989134 0.000467456834334536
S3_8989273 3 8989273 0.000432621107132047
S3_8997007 3 8997007 2.03095764224414e-05
S3_9024407 3 9024407 0.00082386953580079
S3_9037315 3 9037315 9.42198199848981e-06
S3_9110928 3 9110928 0.000184851660134871
S3_9121190 3 9121190 0.000528969397312389
S3_9122893 3 9122893 2.38701645177166e-05
S3_9123252 3 9123252 0.000712954518232246
S3_9132922 3 9132922 6.24392095287242e-06
S3_9139350 3 9139350 7.40492957612316e-06
S3_9146170 3 9146170 3.16015430992458e-06
S3_9310025 3 9310025 6.45607510553719e-07
S3_9315264 3 9315264 0.000413871508080864
S3_9315506 3 9315506 9.0866768744467e-06
S3_9321394 3 9321394 0.000721930749143514
S3_9338050 3 9338050 0.000980260098771692
S3_9343804 3 9343804 0.000107495955198239
S3_9380939 3 9380939 9.7757810187509e-05
S3_9386651 3 9386651 6.9453879866581e-05
S3_9398147 3 9398147 1.17078409461165e-05
S3_9404331 3 9404331 0.000161253778746146
S3_9424176 3 9424176 9.19701313558317e-06
S3_9607539 3 9607539 0.000891048557073597
S3_9618605 3 9618605 0.000406619158129145
S3_9667277 3 9667277 0.000277752069460581
S3_9713982 3 9713982 2.35984466167367e-05
S3_9880185 3 9880185 4.78741920128405e-05
S3_9883330 3 9883330 0.000754269034461384
S3_9925513 3 9925513 0.000147083543884629
S3_9945857 3 9945857 7.13172248886185e-06
S3_9959496 3 9959496 3.23989815557657e-05
S3_9974393 3 9974393 1.4027020470074e-05
S3_9974395 3 9974395 1.39079013588741e-05
S3_9974418 3 9974418 1.39079013588722e-05
S3_9994580 3 9994580 0.000152080818207227
S3_10111148 3 10111148 0.000508220252494945
S3_10111226 3 10111226 1.32088384609608e-05
S3_10143459 3 10143459 0.000121184875317211
S3_10195183 3 10195183 7.65815723162476e-05
S3_10302826 3 10302826 0.000102618996432768
S3_10338277 3 10338277 4.88236133783622e-07
S3_10459356 3 10459356 2.53688528751941e-06
S3_10472125 3 10472125 9.05663360799306e-06
S3_10572708 3 10572708 0.000226876548826969
S3_10624929 3 10624929 0.000412701705836364
S3_10625927 3 10625927 3.71287773000059e-05
S3_10625934 3 10625934 9.62235687510154e-05
S3_10626137 3 10626137 3.66519719866526e-05
S3_10643389 3 10643389 0.000678304767969925
S3_10685198 3 10685198 2.75250208056453e-05
S3_10685239 3 10685239 2.75250208056453e-05
S3_10747963 3 10747963 0.000490476382986773
S3_10776171 3 10776171 8.27728906814987e-08
S3_10797640 3 10797640 0.000390604469602772
S3_10797895 3 10797895 0.000551610362262436
S3_10848304 3 10848304 0.000258784119748567
S3_10857089 3 10857089 4.36250791607296e-06
S3_10857424 3 10857424 0.000385821430853227
S3_11065903 3 11065903 4.32858769131683e-05
S3_11076980 3 11076980 6.36543157679455e-05
S3_11308006 3 11308006 0.000735595607711043
S3_11374285 3 11374285 8.73280026852589e-05
S3_11427488 3 11427488 0.000162283088960519
S3_11475159 3 11475159 0.000903206522643981
S3_11476604 3 11476604 4.92156593721873e-05
S3_11476651 3 11476651 2.62501435132967e-05
S3_11476652 3 11476652 2.62501435132967e-05
S3_11476653 3 11476653 2.58010427722994e-05
S3_11476654 3 11476654 2.62501435132967e-05
S3_11476655 3 11476655 2.62501435132967e-05
S3_11541890 3 11541890 0.000894756263162798
S3_11541936 3 11541936 2.75652504679268e-05
S3_11557821 3 11557821 9.05028551331808e-09
S3_11763977 3 11763977 2.90471690541202e-05
S3_11776518 3 11776518 0.000424028744161321
S3_11784589 3 11784589 4.85594481542224e-11
S3_11789067 3 11789067 1.41609977842286e-07
S3_11795306 3 11795306 0.000232406901800321
S3_11795562 3 11795562 0.000824984790726207
S3_11795570 3 11795570 0.000226941267842192
S3_11803909 3 11803909 0.000658065898923028
S3_11887728 3 11887728 0.000438909491932276
S3_11917336 3 11917336 0.00012560216377244
S3_11917503 3 11917503 7.42232290023279e-05
S3_11922655 3 11922655 8.44870228846564e-06
S3_11922693 3 11922693 7.87877574606913e-06
S3_11922695 3 11922695 8.44870228846564e-06
S3_11922829 3 11922829 1.5783954495445e-05
S3_11922847 3 11922847 0.000101498366144775
S3_11922872 3 11922872 0.000102070013191949
S3_11922880 3 11922880 0.000103195879160803
S3_11925800 3 11925800 0.000144739752080064
S3_11925929 3 11925929 1.06109218468075e-05
S3_11951657 3 11951657 4.17054871173411e-05
S3_12132973 3 12132973 5.07401900765378e-05
S3_12191257 3 12191257 2.32800963806231e-05
S3_12218883 3 12218883 9.40517943859469e-05
S3_12227182 3 12227182 3.96828921310665e-06
S3_12294846 3 12294846 2.29384370113318e-05
S3_12302341 3 12302341 2.00825876104747e-07
S3_12360052 3 12360052 0.000685734771935315
S3_12381195 3 12381195 0.000143946506719327
S3_12381200 3 12381200 0.000172002870595857
S3_12414006 3 12414006 3.1357419079273e-05
S3_12512228 3 12512228 0.000647407152735526
S3_12540001 3 12540001 0.000203076302867284
S3_12597532 3 12597532 5.62268973519336e-05
S3_12597776 3 12597776 5.89029322619602e-05
S3_12610692 3 12610692 0.000113523248972442
S3_12613006 3 12613006 0.000136524218730689
S3_12613008 3 12613008 0.000133173343184101
S3_12613029 3 12613029 0.000136524218730689
S3_12613030 3 12613030 0.000136524218730689
S3_12625774 3 12625774 0.000777689721998648
S3_12625866 3 12625866 5.91122616279297e-05
S3_12684678 3 12684678 3.31747315526385e-05
S3_12723155 3 12723155 6.22090685654703e-05
S3_12724099 3 12724099 0.000690652734499571
S3_12725614 3 12725614 0.000459921548448182
S3_12729278 3 12729278 0.000900919862017929
S3_12805540 3 12805540 6.06954198178463e-05
S3_12846055 3 12846055 0.000565195277112152
S3_12848540 3 12848540 0.000214168305760357
S3_12848574 3 12848574 0.00027306212880075
S3_12945083 3 12945083 3.97361544393884e-05
S3_12951296 3 12951296 0.00022823709236571
S3_13041994 3 13041994 4.5126350831797e-05
S3_13080090 3 13080090 6.2749571982252e-05
S3_13088576 3 13088576 1.82542154146762e-05
S3_13089031 3 13089031 0.000209157371763
S3_13089032 3 13089032 0.000209157371763
S3_13135720 3 13135720 0.000215143403342882
S3_13298508 3 13298508 6.12632773853759e-05
S3_13423199 3 13423199 0.000156920046175327
S3_13571118 3 13571118 0.000336085882674147
S3_13620354 3 13620354 0.000905417883370401
S3_13682936 3 13682936 0.000499686152543569
S3_13943472 3 13943472 2.13433913664365e-05
S3_14231373 3 14231373 0.000831778970475492
S3_14272829 3 14272829 8.14318993730496e-06
S3_14272841 3 14272841 8.14318993730496e-06
S3_14272842 3 14272842 8.14318993730713e-06
S3_14377456 3 14377456 0.000384422913362645
S3_14404363 3 14404363 1.21659000435631e-05
S3_14407665 3 14407665 2.02886629778672e-05
S3_14435997 3 14435997 0.000473268382297049
S3_14441826 3 14441826 0.00036679401128234
S3_14441873 3 14441873 0.000157179045123757
S3_14441917 3 14441917 4.08798294191322e-05
S3_14496405 3 14496405 0.000486784753272711
S3_14605968 3 14605968 7.84012036969394e-07
S3_14642112 3 14642112 0.000583102811459195
S3_14655735 3 14655735 0.000261351115305493
S3_14707094 3 14707094 4.18439178500831e-05
S3_14808696 3 14808696 0.000262264963153812
S3_14808934 3 14808934 0.000312791953079945
S3_14817002 3 14817002 0.000354557827003721
S3_14817104 3 14817104 0.000174130306397371
S3_14898457 3 14898457 0.000373875779580017
S3_14898471 3 14898471 5.34735440992554e-05
S3_15078720 3 15078720 0.000721168797055307
S3_15100068 3 15100068 1.40747945374412e-05
S3_15415276 3 15415276 0.000212492503174854
S3_15507599 3 15507599 6.34097087707894e-05
S3_15515094 3 15515094 9.32197505143755e-05
S3_15555053 3 15555053 0.000128697539727377
S3_15605173 3 15605173 3.32057862405319e-06
S3_15645923 3 15645923 1.3499062847298e-07
S3_15662945 3 15662945 3.85707248905551e-05
S3_15717418 3 15717418 7.95150366008811e-05
S3_15721220 3 15721220 4.1086994635298e-05
S3_15724263 3 15724263 5.89257661943146e-05
S3_15782610 3 15782610 9.44427541982816e-05
S3_15821958 3 15821958 7.3564410500009e-06
S3_15952535 3 15952535 0.000112546873888872
S3_15994506 3 15994506 9.57173448565087e-05
S3_16007074 3 16007074 0.000106294370773065
S3_16029965 3 16029965 4.95735713984395e-05
S3_16031221 3 16031221 7.70344408435936e-05
S3_16095979 3 16095979 0.000217684355970283
S3_16095981 3 16095981 0.000386768702547281
S3_16177062 3 16177062 0.000158474033146437
S3_16201816 3 16201816 0.000473872424053758
S3_16213879 3 16213879 9.60157101977229e-05
S3_16213881 3 16213881 9.60157101977229e-05
S3_16213884 3 16213884 9.60157101977229e-05
S3_16213916 3 16213916 7.53252272725125e-05
S3_16404973 3 16404973 3.4406550160121e-05
S3_16568821 3 16568821 5.13193513455678e-05
S3_16590936 3 16590936 0.000143090031651562
S3_16853659 3 16853659 0.000170018588709405
S3_16908313 3 16908313 6.87445831905766e-06
S3_16933744 3 16933744 0.000490180014139545
S3_17150068 3 17150068 9.65070454665008e-06
S3_17163332 3 17163332 0.000750559287161732
S3_17168898 3 17168898 0.000673574684868964
S3_17218202 3 17218202 0.000295831061921908
S3_17239038 3 17239038 5.46481090982877e-06
S3_17402382 3 17402382 0.000460564304182625
S3_17408205 3 17408205 0.000136577860385945
S3_17516661 3 17516661 2.81728552448434e-05
S3_17582617 3 17582617 1.43357654066345e-06
S3_17582725 3 17582725 0.000345037236259969
S3_17585661 3 17585661 0.000112428323765399
S3_17623788 3 17623788 0.000454312915895164
S3_17623794 3 17623794 0.000454312915895164
S3_17623798 3 17623798 0.000454312915895164
S3_17624627 3 17624627 0.000317857532487081
S3_17626270 3 17626270 0.00039056669221655
S3_17654327 3 17654327 0.000192943888655855
S3_17690169 3 17690169 0.000406752494353641
S3_17690199 3 17690199 0.000406752494353641
S3_17722032 3 17722032 0.000821233789746121
S3_17784105 3 17784105 0.000256055965226468
S3_17825327 3 17825327 0.000219936059829123
S3_18016363 3 18016363 9.10481255618942e-05
S3_18027726 3 18027726 0.000268470906140137
S3_18285742 3 18285742 0.000242645240362447
S3_18332458 3 18332458 0.000108085239881027
S3_18396224 3 18396224 0.00040490480047257
S3_18424973 3 18424973 0.000171130733825197
S3_18427489 3 18427489 0.000217279322976389
S3_18478640 3 18478640 0.000149659489128878
S3_18552060 3 18552060 0.000577310435389363
S3_18778117 3 18778117 2.70035763198063e-08
S3_18836103 3 18836103 0.00017983890708341
S3_18838722 3 18838722 3.79139599271294e-06
S3_18874344 3 18874344 0.000188238973880259
S3_18967727 3 18967727 2.34161324153966e-08
S3_19003609 3 19003609 0.000544447675066574
S3_19129482 3 19129482 0.000562345303658616
S3_19138650 3 19138650 0.000948318515033559
S3_19162111 3 19162111 0.00023983383455425
S3_19186395 3 19186395 0.000715569613937775
S3_19488989 3 19488989 0.000187330207096471
S3_19547259 3 19547259 0.000715914405125114
S3_19547277 3 19547277 0.00087844900075373
S3_19591243 3 19591243 9.65721424175458e-05
S3_19613414 3 19613414 0.00016896605664359
S3_19615911 3 19615911 0.00082031296444981
S3_19629140 3 19629140 0.000161683957587092
S3_19705171 3 19705171 9.71665482947419e-07
S3_19760827 3 19760827 0.000239622214920831
S3_19864166 3 19864166 0.000248123608265451
S3_20022019 3 20022019 5.80379599380747e-05
S3_20022696 3 20022696 0.00018488726846577
S3_20091711 3 20091711 3.46689916165179e-06
S3_20423728 3 20423728 0.000221099700173032
S3_20827272 3 20827272 0.000351379851178843
S3_21002532 3 21002532 0.000463550970563509
S3_21005910 3 21005910 0.000211146436031995
S3_21030372 3 21030372 2.25427073418441e-05
S3_21041774 3 21041774 9.06041341195318e-07
S3_21083781 3 21083781 0.000226751993594183
S3_21150670 3 21150670 7.2508669299866e-06
S3_21155675 3 21155675 1.69503895553431e-05
S3_21211782 3 21211782 0.000548853556429285
S3_21257374 3 21257374 0.000431514586901839
S3_21830889 3 21830889 1.89651167588268e-06
S3_22018675 3 22018675 0.000815461675928481
S3_22283291 3 22283291 0.000304900486948784
S3_22516281 3 22516281 1.06434642741248e-05
S3_22633222 3 22633222 0.000199657269084114
S3_22862842 3 22862842 0.000245874619057341
S3_22997660 3 22997660 5.45434031625946e-05
S3_23034068 3 23034068 1.54294819080179e-05
S3_23034081 3 23034081 3.90977604654293e-07
S3_23034091 3 23034091 3.90977604654293e-07
S3_23175529 3 23175529 6.26406747993421e-05
S3_23295770 3 23295770 7.3869720992299e-05
S3_23614853 3 23614853 4.14250502487944e-05
S3_23619853 3 23619853 0.000108832616642538
S3_23619865 3 23619865 8.51838528667575e-05
S3_23627656 3 23627656 0.00013444872373281
S3_23850609 3 23850609 0.000610091994957647
S3_23951171 3 23951171 0.000191961504594854
S3_24115023 3 24115023 0.000645634975026967
S3_24167391 3 24167391 9.23155778793504e-05
S3_24271928 3 24271928 0.000661923034655417
S3_24311602 3 24311602 1.20388755605466e-05
S3_24685583 3 24685583 9.12279988148523e-05
S3_24685634 3 24685634 0.000996413484144056
S3_25524902 3 25524902 0.000218281334334092
S3_25541928 3 25541928 4.49472099573708e-08
S3_25541940 3 25541940 4.49472099573708e-08
S3_25541961 3 25541961 4.49472099573708e-08
S3_25563775 3 25563775 1.12398511329051e-05
S3_25570211 3 25570211 0.000558936212019201
S3_25704924 3 25704924 7.87345168807997e-08
S3_25716238 3 25716238 0.000184973175706622
S3_25721865 3 25721865 6.46797410336721e-05
S3_25793517 3 25793517 2.49771664437207e-05
S3_25970698 3 25970698 0.000258671736097194
S3_26165682 3 26165682 0.000519490729492409
S3_26165695 3 26165695 4.33255379480151e-08
S3_26435182 3 26435182 1.5265272825171e-07
S3_26663608 3 26663608 9.65531719018191e-05
S3_26856592 3 26856592 1.74830255618938e-05
S3_26925080 3 26925080 5.77465447656229e-05
S3_27009123 3 27009123 0.000105739595923632
S3_27009124 3 27009124 0.000105739595923632
S3_27211170 3 27211170 4.48667288671307e-05
S3_27236616 3 27236616 0.000310207323351139
S3_27534968 3 27534968 0.000355490393854802
S3_27632503 3 27632503 0.000102056256251815
S3_27633391 3 27633391 0.000939733419322107
S3_27633403 3 27633403 0.000939733419322107
S3_27633484 3 27633484 0.000760157767653378
S3_27710824 3 27710824 0.000325632258472891
S3_27740613 3 27740613 0.000391501145617443
S3_27749730 3 27749730 0.000998486827279921
S3_27784876 3 27784876 0.000950221942462521
S3_28011810 3 28011810 7.58218099265554e-05
S3_28021617 3 28021617 0.00064291632610442
S3_28238935 3 28238935 0.000226207799548826
S3_28301425 3 28301425 0.000599273695596235
S3_28342160 3 28342160 0.000215679043545552
S3_28348211 3 28348211 2.02163590591544e-06
S3_28366521 3 28366521 0.00033494947114749
S3_28495572 3 28495572 0.000130278290181702
S3_28663585 3 28663585 0.000811364836179008
S3_28696960 3 28696960 8.70108386863358e-06
S3_28731618 3 28731618 0.000274278073026622
S3_28793904 3 28793904 4.13179274297427e-05
S3_29005933 3 29005933 0.000292011094234557
S3_29014459 3 29014459 0.000246339089074907
S3_29100725 3 29100725 4.68727431679746e-05
S3_29154603 3 29154603 0.000656073253484395
S3_29177286 3 29177286 0.000391163331587643
S3_29365629 3 29365629 0.00023346299974078
S3_29403866 3 29403866 0.000681074080741953
S3_29424602 3 29424602 0.000474930139097563
S3_29522898 3 29522898 8.49863833018353e-09
S3_29751217 3 29751217 0.000595645826937119
S3_29839847 3 29839847 0.000495894592714911
S3_29846246 3 29846246 0.00095686397530971
S3_29860101 3 29860101 0.000748704992181306
S3_30003697 3 30003697 0.000661563650352296
S3_30183746 3 30183746 0.000439700124152695
S3_30607259 3 30607259 0.000401499263962607
S3_30989754 3 30989754 1.62557061428014e-05
S3_31742507 3 31742507 0.000501832933838028
S3_31808959 3 31808959 4.29697313213839e-05
S3_32004398 3 32004398 0.00015269049781357
S3_32094839 3 32094839 0.000664385604503079
S3_32158802 3 32158802 0.000187841125823133
S3_32247425 3 32247425 0.00099034337015438
S3_32464421 3 32464421 0.00096797825493822
S3_32496315 3 32496315 0.000378811904156735
S3_32497017 3 32497017 0.000234723901555736
S3_32621628 3 32621628 0.000808552301094075
S3_32640674 3 32640674 2.10612303755792e-05
S3_32781508 3 32781508 0.000606403291108356
S3_32994764 3 32994764 0.000530521222438633
S3_33016560 3 33016560 1.01937586435119e-05
S3_33139501 3 33139501 9.96278457144563e-12
S3_33189388 3 33189388 0.000160288467144211
S3_33440562 3 33440562 0.00088762640910511
S3_33692574 3 33692574 0.000689018892462351
S3_33988157 3 33988157 6.28374419848984e-09
S3_34250279 3 34250279 0.000519140728583208
S3_34260607 3 34260607 0.000563385826407947
S3_34729303 3 34729303 7.60772067487312e-05
S3_34780202 3 34780202 0.000381372273171114
S3_35844712 3 35844712 4.13027906955843e-05
S3_35871994 3 35871994 2.799280928526e-05
S3_35956540 3 35956540 0.00057265478447958
S3_36030294 3 36030294 0.000718765582993968
S3_36032054 3 36032054 8.8070772992148e-10
S3_36032066 3 36032066 0.00010987042493421
S3_36032074 3 36032074 5.10456879335244e-09
S3_36305469 3 36305469 0.000188013615249135
S3_36539140 3 36539140 1.1346684880228e-06
S3_37057411 3 37057411 0.000428469065581131
S3_37096768 3 37096768 8.85972857253887e-05
S3_37116629 3 37116629 0.00078968738135751
S3_37303738 3 37303738 0.000794047637517764
S3_37435700 3 37435700 0.000149539292807014
S3_37440699 3 37440699 0.00043687461385975
S3_37914710 3 37914710 0.000282254614674305
S3_38170755 3 38170755 0.000620052285488067
S3_38260139 3 38260139 4.06962791016156e-05
S3_38260143 3 38260143 3.92893714512725e-05
S3_38289125 3 38289125 0.00093418797514782
S3_38338018 3 38338018 0.000585840401780717
S3_38720717 3 38720717 0.000979085310993154
S3_38820851 3 38820851 7.61869046704847e-05
S3_38895476 3 38895476 0.000275521221558531
S3_38997208 3 38997208 0.000457121909798645
S3_39028710 3 39028710 0.000139216764716691
S3_39185527 3 39185527 0.000619788970175866
S3_39257916 3 39257916 2.84863868500682e-05
S3_39291944 3 39291944 0.00020061198632
S3_39564916 3 39564916 2.39563394825111e-05
S3_39706053 3 39706053 0.000704744444541322
S3_39706065 3 39706065 3.94906612169011e-05
S3_39736289 3 39736289 0.000393531454679796
S3_39736350 3 39736350 4.4567269985324e-05
S3_39892466 3 39892466 1.51826863432438e-05
S3_40068683 3 40068683 0.000747460990719308
S3_40068727 3 40068727 0.000747460990719308
S3_40279768 3 40279768 0.00067286892476087
S3_40402916 3 40402916 0.000523801772451663
S3_40437598 3 40437598 2.91361782891471e-06
S3_40442790 3 40442790 0.000163385716068696
S3_40442837 3 40442837 0.000168303347157468
S3_40576859 3 40576859 0.000612655022995529
S3_40940161 3 40940161 1.07651673942382e-05
S3_40940188 3 40940188 3.25638396028771e-06
S3_41148994 3 41148994 1.28711539846402e-05
S3_41266937 3 41266937 4.91161881152093e-05
S3_41391623 3 41391623 4.32863106987082e-05
S3_41473456 3 41473456 0.000129300891425259
S3_41549059 3 41549059 1.97821569886698e-06
S3_41552290 3 41552290 9.03852288481984e-05
S3_41727338 3 41727338 0.000451195990725879
S3_41770663 3 41770663 4.98279438068422e-05
S3_41770665 3 41770665 4.98279438068422e-05
S3_41967828 3 41967828 2.58020364972834e-06
S3_42056256 3 42056256 4.70606174087654e-05
S3_42096512 3 42096512 1.15086201577743e-07
S3_42230023 3 42230023 0.000482950910271963
S3_42233318 3 42233318 0.000257826378516686
S3_42233348 3 42233348 0.000221399615974215
S3_42317284 3 42317284 0.000192755479228995
S3_42349229 3 42349229 0.000193306665661975
S3_42397351 3 42397351 7.0619074639072e-05
S3_42516784 3 42516784 3.81259589804955e-06
S3_42535493 3 42535493 0.000543856145052388
S3_42538350 3 42538350 0.00067348479047226
S3_42564114 3 42564114 0.000251133605598982
S3_42654613 3 42654613 6.75284777664815e-05
S3_42806092 3 42806092 9.69159943372828e-06
S3_43507302 3 43507302 0.000350383223524413
S3_43576799 3 43576799 2.91219726113571e-05
S3_43680759 3 43680759 0.000470680560512108
S3_43802754 3 43802754 0.000371407890774687
S3_43810990 3 43810990 0.000463599402840514
S3_43810994 3 43810994 6.91770749927566e-07
S3_43974974 3 43974974 4.17187338518276e-05
S3_44003015 3 44003015 0.0004652070219401
S3_44003020 3 44003020 0.0004652070219401
S3_44003036 3 44003036 0.0004652070219401
S3_44010389 3 44010389 0.000436662728757519
S3_44130630 3 44130630 0.000559739952220709
S3_44136416 3 44136416 0.000644158944889611
S3_44142913 3 44142913 0.000602485326177541
S3_44166156 3 44166156 0.000552567251677381
S3_44193836 3 44193836 0.000851013542476704
S3_44310083 3 44310083 2.52566360940197e-05
S3_44312293 3 44312293 0.000502466093549739
S3_44312294 3 44312294 0.000502466093549739
S3_44318347 3 44318347 0.000406987631005502
S3_44320611 3 44320611 1.91021254153981e-05
S3_44339015 3 44339015 0.000801375543880575
S3_44371479 3 44371479 0.000189377714730321
S3_44371585 3 44371585 0.000322706793318499
S3_44440396 3 44440396 0.000488849133857377
S3_44461609 3 44461609 0.000602323564784494
S3_44480329 3 44480329 0.000785210994183475
S3_44480541 3 44480541 0.000262382047066698
S3_44480543 3 44480543 4.39454871913841e-05
S3_44508958 3 44508958 2.94985651286146e-05
S3_45016171 3 45016171 0.000501395514595105
S3_45021094 3 45021094 0.000354196154978541
S3_45122301 3 45122301 0.000515474465618182
S3_45180369 3 45180369 6.41647674857991e-05
S3_45506243 3 45506243 0.000385199826085066
S3_45506831 3 45506831 0.000704005655761213
S3_45521862 3 45521862 3.20776978175748e-05
S3_45552686 3 45552686 7.26765727542233e-05
S3_45665380 3 45665380 0.00020071417943225
S3_45665382 3 45665382 0.000262536491311169
S3_45981502 3 45981502 0.000497677781017506
S3_46204897 3 46204897 4.89537160551116e-06
S3_46204904 3 46204904 4.89537160551116e-06
S3_46317586 3 46317586 0.000151342257021931
S3_46646214 3 46646214 1.65192847924527e-06
S3_46656239 3 46656239 0.000280424108098293
S3_46768029 3 46768029 0.000368451921333473
S3_46855332 3 46855332 1.50684208751264e-05
S3_46881222 3 46881222 3.30181619278285e-05
S3_46904808 3 46904808 0.000745448728896769
S3_46911051 3 46911051 6.78294916551262e-06
S3_47239204 3 47239204 5.56338071468595e-05
S3_47247689 3 47247689 8.00003761107816e-05
S3_47306087 3 47306087 0.000394296753955708
S3_47307724 3 47307724 0.000324280524958776
S3_47347727 3 47347727 3.29613096063954e-06
S3_47551379 3 47551379 3.30966620156624e-05
S3_47822655 3 47822655 0.000348462442028961
S3_47922979 3 47922979 2.58088670226358e-05
S3_47922980 3 47922980 4.27539577939712e-05
S3_47922981 3 47922981 4.27539577939712e-05
S3_47924258 3 47924258 0.000872841435250447
S3_47931304 3 47931304 8.20668067635787e-05
S3_47931383 3 47931383 0.000276686611251925
S3_47931392 3 47931392 0.000963121647167489
S3_47954398 3 47954398 2.65397729090071e-08
S3_47974126 3 47974126 0.000544040237457677
S3_48046881 3 48046881 2.99801590974147e-08
S3_48048339 3 48048339 0.000663615753838215
S3_48048342 3 48048342 0.000663615753838215
S3_48057706 3 48057706 0.000271382717899468
S3_48057913 3 48057913 4.09125806411224e-06
S3_48148542 3 48148542 0.000284720725072338
S3_48201764 3 48201764 0.000831851045682225
S3_48201770 3 48201770 0.000746793930321681
S3_48207426 3 48207426 1.30344058898656e-05
S3_48310503 3 48310503 0.000119285595156441
S3_48349843 3 48349843 0.000656811490499821
S3_48350694 3 48350694 7.54673311984636e-05
S3_48500144 3 48500144 2.70132973771824e-06
S3_48511593 3 48511593 0.000165603228938511
S3_48649070 3 48649070 0.000167227939878071
S3_48708138 3 48708138 4.47636418656154e-05
S3_48711149 3 48711149 0.000609726011558489
S3_48725866 3 48725866 5.69609617775313e-07
S3_48771117 3 48771117 0.000932235288053653
S3_48855534 3 48855534 8.20100978141414e-05
S3_48855603 3 48855603 1.22877377696454e-05
S3_48870541 3 48870541 0.000142955075904391
S3_48954332 3 48954332 1.49582868212259e-05
S3_49310907 3 49310907 8.49148736683831e-05
S3_49387894 3 49387894 0.000645789861816324
S3_49874537 3 49874537 9.94412043067522e-06
S3_49919684 3 49919684 0.000385284275341468
S3_50218388 3 50218388 9.68647152636219e-05
S3_50410448 3 50410448 6.56656180921339e-05
S3_50611307 3 50611307 7.72380919899581e-08
S3_50693464 3 50693464 0.000115044336050222
S3_50704689 3 50704689 2.01445808438622e-06
S3_50825723 3 50825723 7.96671186303051e-09
S3_50825743 3 50825743 7.96671186303051e-09
S3_50826275 3 50826275 0.000185983722131011
S3_51077879 3 51077879 0.000237152247834249
S3_51308374 3 51308374 5.75285158708214e-07
S3_51371088 3 51371088 6.87255819343945e-05
S3_51473821 3 51473821 1.19814169962407e-05
S3_51501627 3 51501627 0.000144678647670436
S3_51501628 3 51501628 0.000144678647670436
S3_51503709 3 51503709 1.97941875868275e-07
S3_51560420 3 51560420 1.43029431795857e-05
S3_51701868 3 51701868 0.000619923494468418
S3_51729845 3 51729845 0.000688710837677877
S3_51777083 3 51777083 0.000449785333496768
S3_51858864 3 51858864 0.000323416317077958
S3_51860194 3 51860194 5.07873676289607e-05
S3_51880441 3 51880441 0.000304144693337392
S3_51940347 3 51940347 0.000183790289694133
S3_51945054 3 51945054 0.000179758136956603
S3_51999174 3 51999174 0.000187154404706463
S3_52086903 3 52086903 0.000161740039755021
S3_52087368 3 52087368 0.000893167896428293
S3_52284201 3 52284201 0.000515882529124486
S3_52325900 3 52325900 0.000251499474450879
S3_52339450 3 52339450 4.19785237380385e-06
S3_52363826 3 52363826 0.000558148702693102
S3_52411587 3 52411587 2.36193637187759e-06
S3_52442162 3 52442162 0.000760793704131892
S3_52592256 3 52592256 0.000289363365836173
S3_52663813 3 52663813 5.10302355607041e-05
S3_52664209 3 52664209 0.000103261310237099
S3_52672389 3 52672389 8.08531154445661e-05
S3_52672787 3 52672787 0.00020460043983878
S3_52699218 3 52699218 0.00064335339945648
S3_52704513 3 52704513 0.000171617786991709
S3_52894296 3 52894296 0.000467045870014937
S3_52932125 3 52932125 2.1870846065198e-05
S3_53007425 3 53007425 3.98797637813313e-06
S3_53028130 3 53028130 0.000319838003214602
S3_53028135 3 53028135 0.000737367882750875
S3_53080797 3 53080797 0.000141162388591435
S3_53121761 3 53121761 8.38223241836149e-07
S3_53148264 3 53148264 0.000741737310159944
S3_53215222 3 53215222 3.14602831610339e-06
S3_53248060 3 53248060 0.000296596650304982
S3_53287729 3 53287729 8.05954184042627e-05
S3_53312146 3 53312146 0.000424336443898064
S3_53420913 3 53420913 7.16187535276932e-05
S3_53540257 3 53540257 2.15144211872229e-05
S3_53570622 3 53570622 0.000911208062499055
S3_53638065 3 53638065 0.000201866898721234
S3_53652623 3 53652623 3.6613742104816e-10
S3_53655950 3 53655950 0.00064491040570983
S3_53691624 3 53691624 0.000188673041274742
S3_53691641 3 53691641 0.000188673041274742
S3_53776854 3 53776854 6.81400933485239e-05
S3_53799960 3 53799960 0.00032158878296663
S3_53808027 3 53808027 4.98661247685837e-06
S3_53810757 3 53810757 0.000104254589802893
S3_53853280 3 53853280 6.01126609188587e-08
S3_53853314 3 53853314 6.01126609188491e-08
S3_53993036 3 53993036 0.000242454572403597
S3_54232770 3 54232770 0.000646899598523504
S3_54258986 3 54258986 0.000129239648570732
S3_54259038 3 54259038 0.000129239648570732
S3_54340512 3 54340512 0.000130773656733284
S3_54382924 3 54382924 8.8346251516036e-05
S3_54466508 3 54466508 0.000461514168033509
S3_54482947 3 54482947 2.18139370948029e-05
S3_54621259 3 54621259 0.000858827394015995
S3_54740006 3 54740006 2.25528451884669e-07
S3_54796280 3 54796280 2.83637339477356e-05
S3_54827312 3 54827312 7.29764162984838e-05
S3_54827336 3 54827336 6.9784711157665e-05
S3_54849957 3 54849957 3.61604488157645e-05
S3_54850187 3 54850187 0.000145969923457395
S3_54852429 3 54852429 8.83131322056882e-05
S3_54853271 3 54853271 5.65230376970317e-05
S3_54853274 3 54853274 5.65230376970317e-05
S3_54933973 3 54933973 0.000601680627159643
S3_54934581 3 54934581 0.000346035362743867
S3_54934582 3 54934582 0.000346035362743867
S3_54934626 3 54934626 0.000346035362743922
S3_54990266 3 54990266 6.46175373982823e-05
S3_55082428 3 55082428 1.94193203160589e-06
S3_55219460 3 55219460 2.52730708925301e-05
S3_55276683 3 55276683 6.08224212361984e-06
S3_55384307 3 55384307 7.7667821900311e-05
S3_55423597 3 55423597 4.6246933445031e-05
S3_55504059 3 55504059 9.82997212134499e-05
S3_55525668 3 55525668 0.000284845488578097
S3_55545881 3 55545881 0.000118377256432267
S3_55586215 3 55586215 0.000228804242592206
S3_55869231 3 55869231 0.000916557352828549
S3_55869235 3 55869235 0.000916557352828321
S3_55925335 3 55925335 0.000323258124510767
S3_55925336 3 55925336 0.000323258124510767
S3_55925337 3 55925337 0.000323258124510767
S3_56010528 3 56010528 0.000787196061310879
S3_56025155 3 56025155 9.28857071657997e-05
S3_56025993 3 56025993 2.80255490144264e-05
S3_56057177 3 56057177 0.000170007624192355
S3_56088484 3 56088484 0.000423436653067704
S3_56153617 3 56153617 0.000416442416840633
S3_56236707 3 56236707 0.000127060260273971
S3_56257483 3 56257483 0.000202304417366185
S3_56260574 3 56260574 0.000391949604124754
S3_56292781 3 56292781 0.000490679203001856
S3_56300591 3 56300591 0.000565035952334817
S3_56381104 3 56381104 8.22468607875808e-06
S3_56425072 3 56425072 5.94833486275476e-05
S3_56518506 3 56518506 0.000849949059641935
S3_56551941 3 56551941 0.000435225074329315
S3_56631681 3 56631681 8.72888712712968e-05
S3_56631711 3 56631711 8.72888712712968e-05
S3_56667170 3 56667170 0.00077481357943754
S3_56667200 3 56667200 0.00077481357943754
S3_56667239 3 56667239 1.15270759752298e-05
S3_56667242 3 56667242 1.15270759752298e-05
S3_56706043 3 56706043 0.000170772672017126
S3_56769769 3 56769769 2.2255650343895e-05
S3_56861934 3 56861934 5.77766186268139e-09
S3_56951102 3 56951102 4.56073968841758e-05
S3_56969832 3 56969832 4.03430440270149e-05
S3_56969870 3 56969870 4.78400795182592e-05
S3_56997554 3 56997554 2.11992044840163e-05
S3_57013840 3 57013840 0.000255319516179599
S3_57038874 3 57038874 3.81918125944603e-05
S3_57161237 3 57161237 0.000363428138109931
S3_57250832 3 57250832 4.445686605013e-07
S3_57280241 3 57280241 1.46923420618839e-06
S3_57324580 3 57324580 1.44310301961973e-08
S3_57328350 3 57328350 7.72381720905337e-09
S3_57450939 3 57450939 0.000129963001751809
S3_57556174 3 57556174 9.52856388447313e-05
S3_57592048 3 57592048 1.13241633446738e-05
S3_57705526 3 57705526 7.93395187599692e-05
S3_57753891 3 57753891 0.000112109277366168
S3_57753893 3 57753893 0.000112109277366168
S3_57753894 3 57753894 0.000112109277366168
S3_57774354 3 57774354 5.7337745627921e-05
S3_57791741 3 57791741 1.0012602766914e-05
S3_57852294 3 57852294 0.000137946622019324
S3_57852297 3 57852297 0.000137946622019324
S3_57852298 3 57852298 0.000137946622019324
S3_57860117 3 57860117 3.07174663858178e-05
S3_57873028 3 57873028 0.000438193263503928
S3_57879535 3 57879535 0.000425663646138956
S3_57897952 3 57897952 0.000131764751250817
S3_57902302 3 57902302 0.0009068050195558
S3_57928598 3 57928598 9.11413463129624e-05
S3_57928601 3 57928601 0.000985998044017622
S3_57928968 3 57928968 2.44752712807203e-07
S3_57932087 3 57932087 6.34327957547661e-05
S3_57933862 3 57933862 0.000615668335827656
S3_57933863 3 57933863 0.000699199196265204
S3_57936054 3 57936054 0.000643851294424921
S3_58070680 3 58070680 1.63464327882207e-07
S3_58070684 3 58070684 0.000521375609946717
S3_58071831 3 58071831 0.000150191140302546
S3_58071861 3 58071861 0.000290069939371634
S3_58073167 3 58073167 0.000214370865718559
S3_58086255 3 58086255 0.000124015797474398
S3_58131987 3 58131987 0.000651375362159255
S3_58131993 3 58131993 0.000651375362159255
S3_58131995 3 58131995 0.000651375362159255
S3_58132014 3 58132014 0.000719728765715029
S3_58174474 3 58174474 0.00033635350273301
S3_58179061 3 58179061 0.000903808956837169
S3_58258414 3 58258414 5.33461904033598e-05
S3_58274002 3 58274002 8.2433306172504e-10
S3_58325109 3 58325109 0.000238481268522741
S3_58325110 3 58325110 0.000592630652082396
S3_58345886 3 58345886 0.000312309734996002
S3_58386214 3 58386214 0.000513697957081111
S3_58386533 3 58386533 0.000586641350698788
S3_58389864 3 58389864 0.000714072850873776
S3_58389865 3 58389865 0.000714072850873776
S3_58411475 3 58411475 0.000530801660556566
S3_58478651 3 58478651 0.000117234030810108
S3_58514824 3 58514824 0.000154288884727806
S3_58607288 3 58607288 1.0400579256671e-05
S3_58607307 3 58607307 9.69071029489518e-06
S3_58607309 3 58607309 8.19337032222085e-09
S3_58662260 3 58662260 0.000819855856766564
S3_58688324 3 58688324 0.000989333820851626
S3_58688473 3 58688473 0.000598570818229606
S3_58712067 3 58712067 4.35073363172237e-06
S3_58853162 3 58853162 0.000125982254129264
S3_58875462 3 58875462 0.000341725545855259
S3_58969487 3 58969487 2.86554128793305e-05
S3_58998318 3 58998318 0.000236282898195056
S3_58998319 3 58998319 0.000277320647779343
S3_59000154 3 59000154 5.98242002262056e-06
S3_59011697 3 59011697 0.000108540459153437
S3_59059298 3 59059298 0.000316289952358251
S3_59123654 3 59123654 0.000950406185130748
S3_59123656 3 59123656 0.000950406185130748
S3_59125999 3 59125999 0.000230466410337458
S3_59214331 3 59214331 3.13479412026651e-05
S3_59248342 3 59248342 1.54158465725113e-05
S3_59330254 3 59330254 0.00059261140388414
S3_59330734 3 59330734 0.000244278601865568
S3_59412523 3 59412523 7.95867837006546e-05
S3_59431692 3 59431692 0.000306907265440217
S3_59543230 3 59543230 0.000426220396979679
S3_59543250 3 59543250 0.000426220396979679
S3_59543251 3 59543251 0.000426220396979679
S3_59620422 3 59620422 0.000638026133831074
S3_59647845 3 59647845 9.39552485564506e-06
S3_59647890 3 59647890 9.39552485564706e-06
S3_59791352 3 59791352 1.2095680865349e-05
S3_59813568 3 59813568 7.17720403017446e-05
S3_59821030 3 59821030 7.20842327378899e-05
S3_59837831 3 59837831 0.000347252416933986
S3_59876199 3 59876199 9.26611677408172e-05
S3_59885885 3 59885885 0.000820806249787251
S3_59885906 3 59885906 5.87283733500409e-05
S3_59889154 3 59889154 9.58266042084065e-05
S3_59959849 3 59959849 0.000663834944833423
S3_59963602 3 59963602 3.19826909237227e-06
S3_59998395 3 59998395 0.000979090098163766
S3_59999700 3 59999700 9.66762084205691e-05
S3_60047393 3 60047393 0.000714760142513048
S3_60059463 3 60059463 0.000465321815460905
S3_60081209 3 60081209 2.48582316581362e-06
S3_60114803 3 60114803 0.000400088157451914
S3_60138158 3 60138158 9.12641815479095e-05
S3_60209465 3 60209465 3.40102343505651e-05
S3_60220825 3 60220825 2.16349414231355e-06
S3_60260057 3 60260057 0.000715624690437978
S3_60334352 3 60334352 0.000268796127657886
S3_60427145 3 60427145 0.000463815019339878
S3_60438944 3 60438944 7.19326150041721e-11
S3_60445559 3 60445559 0.000727238891459142
S3_60500485 3 60500485 8.19413327624862e-05
S3_60500505 3 60500505 2.8205304864554e-05
S3_60526334 3 60526334 0.000177518240136784
S3_60538392 3 60538392 0.000230113558626897
S3_60605065 3 60605065 7.35741539588073e-06
S3_60626970 3 60626970 0.000121186572463719
S3_60626991 3 60626991 0.000121186572463712
S3_60642810 3 60642810 1.22732716874619e-06
S3_60694614 3 60694614 0.000274801427661992
S3_60773766 3 60773766 0.000108422637160593
S3_60859348 3 60859348 3.89435206358122e-05
S3_60892043 3 60892043 0.00083096092794586
S3_60892051 3 60892051 0.00083096092794586
S3_60958654 3 60958654 0.000144088090082178
S3_60959647 3 60959647 6.74358694760191e-07
S3_61037693 3 61037693 9.74930970656776e-06
S3_61149422 3 61149422 2.94108242701284e-06
S3_61231534 3 61231534 0.000210845695952908
S3_61334188 3 61334188 0.000593534118037982
S3_61373272 3 61373272 0.000557218466553436
S3_61380668 3 61380668 7.71564012414801e-05
S3_61406486 3 61406486 9.38190671630655e-10
S3_61447202 3 61447202 0.000924012201498987
S3_61501680 3 61501680 0.000519140867492801
S3_61517559 3 61517559 0.000214505951527505
S3_61524840 3 61524840 0.000272099654425838
S3_61525507 3 61525507 0.000483541538313923
S3_61525621 3 61525621 0.000906698903761018
S3_61719908 3 61719908 1.90528668950342e-05
S3_61740157 3 61740157 0.000713228383072403
S3_61786951 3 61786951 7.05337679675624e-05
S3_61797350 3 61797350 0.000238243805341465
S3_61797352 3 61797352 2.05858385375266e-05
S3_61836300 3 61836300 0.000811919902975821
S3_61847019 3 61847019 0.000189725142283373
S3_61886820 3 61886820 3.9050744269667e-06
S3_61889093 3 61889093 0.000236369113915051
S3_61908989 3 61908989 0.000539334095067678
S3_61957841 3 61957841 0.000139255694062783
S3_61972687 3 61972687 0.000473553051494839
S3_61989180 3 61989180 9.08280306586695e-06
S3_62133881 3 62133881 1.18102536723204e-06
S3_62172195 3 62172195 3.95942902154524e-05
S3_62231726 3 62231726 0.000323130176285624
S3_62345173 3 62345173 6.41361936561924e-06
S3_62423290 3 62423290 0.00041393680448871
S3_62423682 3 62423682 0.000443843372961953
S3_62466812 3 62466812 0.000385102009250975
S3_62470906 3 62470906 0.000189246769276943
S3_62478585 3 62478585 0.00015148152250574
S3_62494834 3 62494834 7.16540824107762e-05
S3_62498504 3 62498504 0.000219626161800068
S3_62498531 3 62498531 0.000219626161800068
S3_62558610 3 62558610 0.000158547552950884
S3_62566709 3 62566709 6.33438947571799e-05
S3_62576553 3 62576553 1.72065922184629e-19
S3_62604657 3 62604657 0.000186783253611356
S3_62638580 3 62638580 0.00021825933915837
S3_62640098 3 62640098 7.0788408838507e-05
S3_62674038 3 62674038 0.000293751925797519
S3_62684384 3 62684384 0.000233797968154648
S3_62695495 3 62695495 2.56853003983237e-06
S3_62726003 3 62726003 8.23049378952214e-05
S3_62793119 3 62793119 0.00019371849515443
S3_62793859 3 62793859 1.74837774716096e-05
S3_62793862 3 62793862 0.000147679669534825
S3_63004543 3 63004543 4.04163605038692e-05
S3_63048922 3 63048922 5.53287591507039e-07
S3_63079855 3 63079855 0.000370467928577484
S3_63091026 3 63091026 6.27113314637376e-05
S3_63100250 3 63100250 0.000342722213819873
S3_63100253 3 63100253 0.0002705992084248
S3_63103801 3 63103801 0.000556177990735729
S3_63134944 3 63134944 0.000147846969573194
S3_63134979 3 63134979 0.000147846969573194
S3_63163371 3 63163371 1.54287173029273e-05
S3_63163447 3 63163447 0.000632615464940508
S3_63163620 3 63163620 0.00010101076185074
S3_63166368 3 63166368 8.04095646679275e-05
S3_63170257 3 63170257 0.000724926840545294
S3_63184148 3 63184148 0.000996595977642528
S3_63192505 3 63192505 8.06643417533638e-05
S3_63193926 3 63193926 9.91465515088938e-05
S3_63236188 3 63236188 2.83595524713564e-05
S3_63238786 3 63238786 0.000159095573478696
S3_63271588 3 63271588 0.000157166492266209
S3_63276940 3 63276940 0.0008875901471435
S3_63287916 3 63287916 0.000464755471576705
S3_63287917 3 63287917 8.13099928681135e-05
S3_63287918 3 63287918 9.32039282509332e-05
S3_63287920 3 63287920 9.32039282509332e-05
S3_63287921 3 63287921 9.32039282509332e-05
S3_63289913 3 63289913 0.000602540406011368
S3_63317297 3 63317297 4.37231096082084e-06
S3_63433687 3 63433687 0.00011125607335582
S3_63521527 3 63521527 5.38101756153382e-05
S3_63598072 3 63598072 0.000123112128711644
S3_63636152 3 63636152 1.37054800137386e-06
S3_63769058 3 63769058 8.53173543626001e-05
S3_63814169 3 63814169 0.000294706226823349
S3_63992247 3 63992247 6.98002819296137e-05
S3_64080527 3 64080527 1.96224720022612e-06
S3_64200072 3 64200072 2.9182253837619e-06
S3_64200073 3 64200073 9.92667969313596e-05
S3_64200085 3 64200085 1.4235866684667e-05
S3_64229235 3 64229235 0.000722582863015353
S3_64229251 3 64229251 0.000722582863015353
S3_64229259 3 64229259 0.000235178035390524
S3_64229536 3 64229536 0.000107063519801711
S3_64270223 3 64270223 0.000419368798087215
S3_64285122 3 64285122 3.90454601696689e-09
S3_64301994 3 64301994 9.33831309588282e-06
S3_64508299 3 64508299 6.76255977229868e-09
S3_64555488 3 64555488 0.000513961246619567
S3_64636777 3 64636777 0.000303390615993987
S3_64636893 3 64636893 0.00069488410244904
S3_64636989 3 64636989 1.48816206606657e-05
S3_64653181 3 64653181 0.000601739054792798
S3_64705338 3 64705338 6.77357348070775e-06
S3_64808618 3 64808618 3.77044486444214e-05
S3_64840352 3 64840352 0.000997743212531898
S3_64874003 3 64874003 7.9313182524682e-05
S3_64926491 3 64926491 0.000354015131172883
S3_64926493 3 64926493 0.000354015131173188
S3_65004644 3 65004644 1.86763528460395e-08
S3_65004645 3 65004645 2.56657608695015e-07
S3_65123486 3 65123486 0.000121772307111657
S3_65163522 3 65163522 1.19280791375245e-06
S3_65165316 3 65165316 0.000288203220355888
S3_65286810 3 65286810 0.000244129764995588
S3_65309782 3 65309782 2.77858119098593e-05
S3_65320984 3 65320984 0.00012499497062089
S3_65345020 3 65345020 4.6227547118772e-05
S3_65350676 3 65350676 2.48724425383139e-05
S3_65350679 3 65350679 2.48724425383139e-05
S3_65350681 3 65350681 2.48724425383139e-05
S3_65350684 3 65350684 2.48724425383139e-05
S3_65350685 3 65350685 1.15312024557556e-06
S3_65350686 3 65350686 5.20301840548597e-07
S3_65350689 3 65350689 1.15312024557556e-06
S3_65355570 3 65355570 0.000396710339524972
S3_65359456 3 65359456 0.000541189088065633
S3_65360399 3 65360399 0.000580521652702501
S3_65360430 3 65360430 0.000580521652702501
S3_65366620 3 65366620 4.52695114474783e-07
S3_65368027 3 65368027 9.97359230798719e-07
S3_65368030 3 65368030 0.000319591975042196
S3_65368031 3 65368031 0.000319591975042196
S3_65368032 3 65368032 0.000319591975042196
S3_65389364 3 65389364 0.000621259981459429
S3_65395654 3 65395654 0.000899700315283161
S3_65402178 3 65402178 0.000597650523332413
S3_65430536 3 65430536 3.28913828263648e-05
S3_65444409 3 65444409 0.000802340900331115
S3_65456611 3 65456611 0.000202617766594804
S3_65496181 3 65496181 0.00028549743078991
S3_65672148 3 65672148 0.000289762786435889
S3_65673654 3 65673654 0.000123437019950637
S3_65690812 3 65690812 0.000141992773533859
S3_65690821 3 65690821 0.000139101980564031
S3_65691982 3 65691982 0.000591537691738091
S3_65748993 3 65748993 6.05687551428497e-07
S3_65773756 3 65773756 0.000176255200571135
S3_65790400 3 65790400 2.56504697673284e-06
S3_65945229 3 65945229 0.000103904506297271
S3_65949591 3 65949591 0.000944667681066195
S3_66007934 3 66007934 2.91657322130891e-05
S3_66008212 3 66008212 6.14995283009727e-05
S3_66055646 3 66055646 5.77494472011224e-06
S3_66145925 3 66145925 2.11286395414579e-05
S3_66190246 3 66190246 2.50418915771747e-05
S3_66199596 3 66199596 0.000672996345083306
S3_66233687 3 66233687 4.01130194829589e-07
S3_66332510 3 66332510 0.00023209009334062
S3_66333888 3 66333888 6.13401950264231e-05
S3_66357816 3 66357816 7.48949623710037e-05
S3_66368680 3 66368680 5.18344923794014e-06
S3_66398441 3 66398441 0.000109288045812053
S3_66410514 3 66410514 0.000208028709547713
S3_66434097 3 66434097 0.000760849715882978
S3_66441144 3 66441144 9.21874334281832e-13
S3_66461362 3 66461362 6.93144942882772e-05
S3_66466680 3 66466680 0.00014751350646179
S3_66542867 3 66542867 0.000944288073482489
S3_66646797 3 66646797 3.6281324397848e-05
S3_66646829 3 66646829 4.26496901064952e-06
S3_66685533 3 66685533 0.000534259087637874
S3_66685818 3 66685818 0.00042766060996686
S3_66700095 3 66700095 4.17811590540906e-05
S3_66709559 3 66709559 0.00022707037537402
S3_66709578 3 66709578 3.7163423335903e-05
S3_66802808 3 66802808 1.37968838831893e-05
S3_66828148 3 66828148 0.000424676296092481
S3_66832799 3 66832799 4.52413898756749e-05
S3_66834551 3 66834551 0.000262155764858212
S3_66895009 3 66895009 7.47723429543484e-05
S3_66934479 3 66934479 1.52044136451974e-05
S3_67078974 3 67078974 2.57638407468999e-05
S3_67094105 3 67094105 2.31080271616502e-05
S3_67112331 3 67112331 4.13461338336854e-05
S3_67114931 3 67114931 5.57669849411515e-09
S3_67115912 3 67115912 3.40942003537604e-05
S3_67130695 3 67130695 0.000791292720515809
S3_67130698 3 67130698 0.000791292720515809
S3_67130699 3 67130699 0.000791292720515809
S3_67130701 3 67130701 0.000791292720515809
S3_67162529 3 67162529 0.000247045239535736
S3_67180244 3 67180244 0.000212816218266573
S3_67236094 3 67236094 0.000189150244615994
S3_67236698 3 67236698 1.52618796578357e-05
S3_67248818 3 67248818 0.000881492987699853
S3_67284003 3 67284003 0.000410200344221557
S3_67284214 3 67284214 9.43448883470472e-05
S3_67285226 3 67285226 0.000208442452018993
S3_67305827 3 67305827 0.000800622336479105
S3_67402681 3 67402681 1.04374795265406e-06
S3_67418367 3 67418367 0.000244609203123331
S3_67485800 3 67485800 3.06848506667545e-05
S3_67491760 3 67491760 0.000425282932556177
S3_67502703 3 67502703 7.39473700275695e-05
S3_67523271 3 67523271 3.85814180381083e-05
S3_67528682 3 67528682 0.000832025355175061
S3_67534719 3 67534719 0.000764795936495516
S3_67603277 3 67603277 5.21699228363938e-05
S3_67604436 3 67604436 0.000530677526027442
S3_67604458 3 67604458 0.000441024149423614
S3_67604459 3 67604459 0.000530677526027442
S3_67604677 3 67604677 5.77216277618096e-05
S3_67604688 3 67604688 5.77216277618096e-05
S3_67605238 3 67605238 0.000116583738576103
S3_67605311 3 67605311 0.000984098585286322
S3_67640175 3 67640175 1.46302469493546e-08
S3_67641073 3 67641073 1.93892899729177e-05
S3_67644409 3 67644409 3.50173535257297e-06
S3_67658980 3 67658980 0.000100932218061363
S3_67667087 3 67667087 2.49465196448602e-05
S3_67667093 3 67667093 0.000336038722807517
S3_67714947 3 67714947 0.000987927259684576
S3_67798640 3 67798640 0.000129799251176653
S3_67798658 3 67798658 0.000535516495293477
S3_67798709 3 67798709 0.000369226534416906
S3_67812456 3 67812456 0.000256244294904884
S3_67812649 3 67812649 0.000161354868241658
S3_67818734 3 67818734 6.47842124761324e-05
S3_67819016 3 67819016 4.44920975512919e-08
S3_67839938 3 67839938 1.53418164856257e-06
S3_67845280 3 67845280 0.000233078179508312
S3_67916806 3 67916806 0.000979733044650077
S3_67920388 3 67920388 0.000129813069941335
S3_67941377 3 67941377 0.000270634128277465
S3_67941383 3 67941383 0.000270634128277465
S3_68004478 3 68004478 4.48341017837672e-05
S3_68067746 3 68067746 0.000110312045291796
S3_68074746 3 68074746 2.69120243614136e-06
S3_68101759 3 68101759 0.000369679204666232
S3_68101936 3 68101936 0.000645316581216596
S3_68102090 3 68102090 0.000842369982673776
S3_68102092 3 68102092 0.000842369982673776
S3_68102093 3 68102093 0.000842369982673776
S3_68142388 3 68142388 4.15477402893998e-05
S3_68142394 3 68142394 1.02847578482106e-08
S3_68142396 3 68142396 2.0272117833666e-08
S3_68157100 3 68157100 0.000241901998073198
S3_68215795 3 68215795 0.000197100582290608
S3_68215818 3 68215818 0.000197100582290608
S3_68216530 3 68216530 1.65312441508316e-05
S3_68220361 3 68220361 0.000222150881008832
S3_68230293 3 68230293 0.00011989632693465
S3_68243153 3 68243153 0.00098010473783844
S3_68266845 3 68266845 3.92280960105281e-05
S3_68274930 3 68274930 1.06991849476356e-05
S3_68290882 3 68290882 0.000167721905349228
S3_68331562 3 68331562 0.000150119085061191
S3_68383551 3 68383551 0.000907036136993086
S3_68383596 3 68383596 0.000907036136993086
S3_68395928 3 68395928 2.54003666568256e-05
S3_68398884 3 68398884 0.000901820315462263
S3_68398885 3 68398885 0.000901820315462263
S3_68398887 3 68398887 0.000901820315462263
S3_68399488 3 68399488 0.000167161121591958
S3_68512683 3 68512683 0.000266310167400926
S3_68521052 3 68521052 0.000162792004591699
S3_68524884 3 68524884 0.000785439139557406
S3_68566219 3 68566219 0.000620400848077733
S3_68602976 3 68602976 0.000457607348573708
S3_68643992 3 68643992 3.90128242983712e-05
S3_68669574 3 68669574 0.000476462331867716
S3_68669713 3 68669713 2.51364421144503e-05
S3_68669750 3 68669750 0.000271685198895814
S3_68669761 3 68669761 2.51364421144503e-05
S3_68669785 3 68669785 0.000777240483350045
S3_68669828 3 68669828 0.000777240483350045
S3_68670582 3 68670582 0.000516200418018768
S3_68738514 3 68738514 4.42893122470655e-05
S3_68742338 3 68742338 0.000604092917354663
S3_68752340 3 68752340 0.000393728908958149
S3_68765853 3 68765853 0.000581670475734674
S3_68769169 3 68769169 0.00051087576297484
S3_68769174 3 68769174 0.00051087576297484
S3_68772858 3 68772858 1.25977548868082e-05
S3_68816732 3 68816732 0.000338366643941734
S3_68907813 3 68907813 5.11896304850293e-07
S3_68916191 3 68916191 3.47248519136693e-05
S3_68921072 3 68921072 0.000100124633737602
S3_68926976 3 68926976 0.000248521174753265
S3_68927284 3 68927284 2.81856716207983e-05
S3_68927447 3 68927447 1.426210487424e-05
S3_68961444 3 68961444 0.000293041638259747
S3_69018452 3 69018452 0.000495863790526748
S3_69024223 3 69024223 0.000851232224381184
S3_69048600 3 69048600 0.000346533496192455
S3_69048628 3 69048628 0.000346533496192455
S3_69056787 3 69056787 0.000381784180909142
S3_69059037 3 69059037 1.32665787730539e-05
S3_69141509 3 69141509 0.000398180259780005
S3_69151488 3 69151488 5.54044017530082e-05
S3_69164869 3 69164869 0.000127750576219901
S3_69257898 3 69257898 8.1925867404617e-05
S3_69312835 3 69312835 0.000397582276347447
S3_69329217 3 69329217 1.69721139938112e-05
S3_69330173 3 69330173 0.000216082484526584
S3_69367715 3 69367715 0.00024291143718817
S3_69394593 3 69394593 0.000530055073128031
S3_69396893 3 69396893 2.12155462751247e-06
S3_69397114 3 69397114 0.000267170559275241
S3_69399122 3 69399122 2.41373470145307e-07
S3_69399186 3 69399186 0.000102299217029081
S3_69399408 3 69399408 3.65299118055336e-08
S3_69400934 3 69400934 6.02248531319855e-06
S3_69401590 3 69401590 0.000365243425368964
S3_69403668 3 69403668 1.09320973613463e-06
S3_69403669 3 69403669 1.27766709586807e-06
S3_69404090 3 69404090 1.82594740368522e-08
S3_69406054 3 69406054 0.000550347152210305
S3_69406087 3 69406087 0.000550347152210305
S3_69432614 3 69432614 6.34176563204253e-05
S3_69432615 3 69432615 6.34176563204253e-05
S3_69435160 3 69435160 0.000300895106611069
S3_69436134 3 69436134 0.000597448733792091
S3_69436779 3 69436779 0.000173693283353148
S3_69439489 3 69439489 4.27139416325073e-08
S3_69445949 3 69445949 5.98272937155827e-09
S3_69456560 3 69456560 1.42986253052413e-06
S3_69460643 3 69460643 5.90310517270717e-07
S3_69472425 3 69472425 6.36682217674066e-07
S3_69472851 3 69472851 2.63914564037779e-08
S3_69473801 3 69473801 8.72329437483711e-05
S3_69473813 3 69473813 4.07674912807757e-06
S3_69473825 3 69473825 0.000255087082012686
S3_69512419 3 69512419 0.000940214549211972
S3_69517578 3 69517578 1.13119892497304e-05
S3_69520945 3 69520945 1.5328035593257e-06
S3_69529387 3 69529387 1.09876012137845e-05
S3_69529422 3 69529422 0.000216970431851999
S3_69529444 3 69529444 1.39567490626004e-05
S3_69531168 3 69531168 7.7616850977687e-05
S3_69532312 3 69532312 0.000229172618084022
S3_69536129 3 69536129 0.000220519036658564
S3_69536135 3 69536135 0.000220519036658615
S3_69537427 3 69537427 8.05939061975775e-05
S3_69538875 3 69538875 0.000208750059639362
S3_69538885 3 69538885 4.97081444557671e-05
S3_69558776 3 69558776 5.00999359966911e-05
S3_69558779 3 69558779 0.000847621281320684
S3_69580250 3 69580250 1.22206880037061e-05
S3_69617093 3 69617093 2.68881082862825e-05
S3_69617096 3 69617096 0.00060609779423167
S3_69669636 3 69669636 0.000179489901725741
S3_69700817 3 69700817 5.13620240371377e-06
S3_69700818 3 69700818 6.26492085223089e-06
S3_69705535 3 69705535 2.19748681222212e-06
S3_69705900 3 69705900 8.20388507169307e-05
S3_69721476 3 69721476 0.000102468272981474
S3_69725142 3 69725142 0.000191288587114587
S3_69739940 3 69739940 0.000276476148351684
S3_69740784 3 69740784 1.8866954460476e-06
S3_69766365 3 69766365 0.000185973302698808
S3_69772533 3 69772533 0.000237760154774991
S3_69953715 3 69953715 0.000130557887273875
S3_69953868 3 69953868 2.68115145183764e-05
S3_69963914 3 69963914 0.000181347055102854
S3_70000729 3 70000729 0.000341137932737258
S3_70023083 3 70023083 0.000586725552770382
S3_70028423 3 70028423 1.64358921479673e-05
S3_70045105 3 70045105 0.000516164223426828
S3_70046365 3 70046365 6.93667268822353e-05
S3_70075432 3 70075432 0.000287434107615508
S3_70109580 3 70109580 2.80046700387367e-05
S3_70204309 3 70204309 2.94022751610591e-05
S3_70209665 3 70209665 2.70953569169109e-05
S3_70217094 3 70217094 0.000231383012825052
S3_70284147 3 70284147 0.000116176739719063
S3_70284459 3 70284459 2.60061513868369e-08
S3_70301384 3 70301384 0.000679736436262896
S3_70426950 3 70426950 3.58340847064267e-05
S3_70439757 3 70439757 0.000127023175051766
S3_70500841 3 70500841 0.000133870909634536
S3_70501915 3 70501915 0.00013535709743084
S3_70501932 3 70501932 0.00013535709743086
S3_70529738 3 70529738 7.12221255731607e-05
S3_70533375 3 70533375 0.000496117837229377
S3_70538331 3 70538331 0.000251189766151062
S3_70558719 3 70558719 0.000399088266041531
S3_70579524 3 70579524 0.000401614335601426
S3_70595482 3 70595482 0.000340449579758707
S3_70596911 3 70596911 2.6393877792651e-06
S3_70596912 3 70596912 2.93062216011115e-06
S3_70598124 3 70598124 0.000432725683120694
S3_70607550 3 70607550 0.000436243323204926
S3_70607660 3 70607660 2.90682961093536e-05
S3_70608590 3 70608590 5.16678451497406e-05
S3_70626165 3 70626165 0.000631257316845984
S3_70638971 3 70638971 1.01099877753899e-09
S3_70666872 3 70666872 0.000387366635687948
S3_70685712 3 70685712 0.000628462595359124
S3_70685716 3 70685716 0.000777255530037941
S3_70685718 3 70685718 0.000777255530037941
S3_70685720 3 70685720 0.000777255530037941
S3_70685724 3 70685724 0.000777255530037941
S3_70685727 3 70685727 0.000777255530037941
S3_70702419 3 70702419 0.000711148065429787
S3_70731497 3 70731497 5.93854086333214e-05
S3_70745035 3 70745035 0.000875033414384078
S3_70764717 3 70764717 3.56032779413358e-05
S3_70816664 3 70816664 0.000372249473727255
S3_71015720 3 71015720 4.13541049357297e-05
S3_71106995 3 71106995 0.000979613901925498
S3_71117077 3 71117077 5.66348920679247e-09
S3_71196114 3 71196114 9.52708043910129e-07
S3_71281579 3 71281579 0.000755842006325335
S3_71281583 3 71281583 0.000755842006325401
S3_71302892 3 71302892 0.000251535038293014
S3_71370822 3 71370822 2.28215384383812e-05
S3_71375358 3 71375358 2.67501987448099e-06
S3_71389818 3 71389818 0.000384125220044194
S3_71408403 3 71408403 0.000298132649166706
S3_71412257 3 71412257 0.000677198814154178
S3_71417403 3 71417403 6.83455097886064e-05
S3_71617741 3 71617741 5.30370952889651e-05
S3_71670995 3 71670995 7.02165569992954e-05
S3_71702172 3 71702172 0.000278227804170625
S3_71736935 3 71736935 0.000175027904025329
S3_71736966 3 71736966 0.000175027904025329
S3_71736989 3 71736989 0.000175027904025329
S3_71739777 3 71739777 0.000214111922108407
S3_71748115 3 71748115 0.000198062190893633
S3_71748122 3 71748122 0.000206808472241944
S3_71763805 3 71763805 0.000409971952780005
S3_71800384 3 71800384 2.08789819207957e-05
S3_71806693 3 71806693 0.000652499176034517
S3_71864393 3 71864393 2.9645430172486e-06
S3_71865393 3 71865393 0.000249512896871746
S3_71876861 3 71876861 9.68000434417592e-08
S3_71879388 3 71879388 0.000520240579948777
S3_71883654 3 71883654 0.000698595591316472
S3_71883656 3 71883656 0.000698595591316472
S3_71883657 3 71883657 0.000698595591316472
S3_71883659 3 71883659 0.000698595591316472
S3_71883660 3 71883660 0.000698595591316472
S3_71975633 3 71975633 0.000102366230327575
S3_72074744 3 72074744 5.81066107794795e-05
S3_72134818 3 72134818 0.000214457546675759
S3_72161263 3 72161263 0.000541001282399655
S3_72161399 3 72161399 0.000114261020723106
S3_72174243 3 72174243 4.43539605767703e-05
S3_72178628 3 72178628 0.000334122713988808
S3_72197071 3 72197071 9.74548616918769e-05
S3_72264015 3 72264015 2.42748544799886e-05
S3_72330452 3 72330452 8.86904008707089e-05
S3_72364141 3 72364141 0.000605371332191107
S3_72367647 3 72367647 0.000470631269003746
S3_72367674 3 72367674 0.000470631269003746
S3_72377967 3 72377967 0.000546504125454986
S3_72395667 3 72395667 4.01116253046024e-06
S3_72457117 3 72457117 0.000632064974446491
S3_72470590 3 72470590 0.000213920454731764
S3_72470593 3 72470593 0.000350200141154721
S3_72470595 3 72470595 0.000325412580325037
S3_72470601 3 72470601 3.06267719502272e-07
S3_72497866 3 72497866 0.000172353478350929
S3_72500064 3 72500064 5.6077846507559e-05
S3_72500529 3 72500529 1.69146606543078e-06
S3_72521623 3 72521623 0.000543559942650193
S3_72560113 3 72560113 0.000321305664173831
S3_72608148 3 72608148 5.24819895317275e-05
S3_72614131 3 72614131 5.94744985659928e-05
S3_72700087 3 72700087 0.000727811211522943
S3_72710672 3 72710672 0.000528316404397389
S3_72728854 3 72728854 5.64381423223966e-05
S3_72728856 3 72728856 5.64381423223966e-05
S3_72740976 3 72740976 1.66317285487409e-05
S3_72741391 3 72741391 0.000680122955249884
S3_72756435 3 72756435 0.00021020343154629
S3_72759920 3 72759920 1.28161407024141e-05
S3_72759934 3 72759934 3.91630089132693e-06
S3_72764607 3 72764607 0.00089207477232022
S3_72764617 3 72764617 0.00089207477232022
S3_72766047 3 72766047 0.000133275856919543
S3_72766052 3 72766052 0.000133275856919543
S3_72813234 3 72813234 0.000252988012688921
S3_72829164 3 72829164 3.5301200236954e-05
S3_72831534 3 72831534 4.05191641998457e-05
S3_72846254 3 72846254 0.000814031205630117
S3_72847995 3 72847995 0.000887114515131502
S3_72857344 3 72857344 0.000175194667037908
S3_72864009 3 72864009 7.1980461321703e-05
S3_72878864 3 72878864 2.18162215057203e-05
S3_72878867 3 72878867 6.4199441854492e-09
S3_72878868 3 72878868 6.4199441854492e-09
S3_72896402 3 72896402 0.000401929786101038
S3_72924958 3 72924958 2.32440920471393e-05
S3_72936605 3 72936605 4.42045014275764e-05
S3_72963344 3 72963344 0.000874987452167641
S3_72975355 3 72975355 3.74773214146046e-05
S3_73054469 3 73054469 0.000286132780269306
S3_73054489 3 73054489 0.000894399355857242
S3_73072539 3 73072539 6.63358273054875e-05
S3_73089604 3 73089604 0.000416793735826202
S3_73097261 3 73097261 0.000196432714037845
S3_73097269 3 73097269 0.000245192020768504
S3_73097270 3 73097270 0.000196432714037845
S3_73099176 3 73099176 0.000121612912638605
S3_73099482 3 73099482 0.000389059753914264
S3_73104500 3 73104500 6.26900138215578e-05
S3_73111577 3 73111577 0.000159753875609032
S3_73142158 3 73142158 0.000658213963026182
S3_73142159 3 73142159 0.000658213963026182
S3_73239529 3 73239529 0.000249075156780998
S3_73239626 3 73239626 5.49767794380679e-05
S3_73263500 3 73263500 0.00037921250290272
S3_73276932 3 73276932 0.000201515728556604
S3_73277133 3 73277133 2.75921919076516e-05
S3_73277134 3 73277134 2.26314446892089e-05
S3_73278682 3 73278682 1.3354471392581e-05
S3_73300757 3 73300757 0.000211503710978385
S3_73309416 3 73309416 7.02840836710757e-05
S3_73309417 3 73309417 7.02840836710757e-05
S3_73309509 3 73309509 2.54004996005165e-05
S3_73313963 3 73313963 0.000623256426158135
S3_73320429 3 73320429 7.43629326380168e-06
S3_73330932 3 73330932 3.22411775669996e-06
S3_73336817 3 73336817 0.000797060368350416
S3_73342125 3 73342125 0.000904515246010927
S3_73343878 3 73343878 2.10044760628173e-08
S3_73348402 3 73348402 5.86941056008981e-09
S3_73348404 3 73348404 5.86941056008981e-09
S3_73348674 3 73348674 0.00075003023041486
S3_73348746 3 73348746 2.62714918381334e-05
S3_73349086 3 73349086 0.000978277251313074
S3_73354624 3 73354624 0.000442812460317377
S3_73362241 3 73362241 2.36965874237397e-07
S3_73362244 3 73362244 2.36965874237397e-07
S3_73362441 3 73362441 6.1707158115207e-07
S3_73373922 3 73373922 0.000174847568989307
S3_73377386 3 73377386 4.20435407696824e-05
S3_73379853 3 73379853 4.21568210982116e-06
S3_73379855 3 73379855 4.21568210982116e-06
S3_73379866 3 73379866 2.87709414304499e-06
S3_73387638 3 73387638 2.08133186927762e-06
S3_73390206 3 73390206 2.15529745496746e-06
S3_73390241 3 73390241 2.15529745496746e-06
S3_73393750 3 73393750 1.64866397466215e-05
S3_73394075 3 73394075 8.85045202843658e-10
S3_73396919 3 73396919 3.1140108953512e-05
S3_73421155 3 73421155 5.88368142045804e-05
S3_73421171 3 73421171 2.71361914861073e-10
S3_73441882 3 73441882 0.000452461988296364
S3_73449256 3 73449256 0.00023753626626729
S3_73489871 3 73489871 0.000105136998518288
S3_73489872 3 73489872 0.00010611173815227
S3_73489877 3 73489877 0.000164953146857003
S3_73489882 3 73489882 0.000158338431768111
S3_73489894 3 73489894 0.000278640880606892
S3_73498677 3 73498677 0.000343455215897483
S3_73578581 3 73578581 0.000190537745107386
S3_73586488 3 73586488 7.53791731826162e-06
S3_73596961 3 73596961 6.36205112883644e-06
S3_73612352 3 73612352 4.87583007903161e-05
S3_73612353 3 73612353 4.63066582920507e-05
S3_73621993 3 73621993 1.33925398429724e-05
S3_73752780 3 73752780 0.000286560108769908
S3_73755218 3 73755218 1.50005734154084e-07
S3_73756979 3 73756979 0.000687455243454329
S3_73887830 3 73887830 3.70083530240659e-06
S3_73983236 3 73983236 1.17887022311501e-08
S3_73987897 3 73987897 0.000446709044622859
S3_74053714 3 74053714 1.41143375317428e-07
S3_74057502 3 74057502 2.38957874594858e-05
S3_74087724 3 74087724 0.000897851016811869
S3_74122101 3 74122101 1.14882086435053e-08
S3_74150284 3 74150284 0.000215297869802977
S3_74169169 3 74169169 0.000551643462825572
S3_74196185 3 74196185 8.96923007194673e-05
S3_74200891 3 74200891 1.80952352379444e-05
S3_74200894 3 74200894 1.80952352379421e-05
S3_74200903 3 74200903 1.80952352379444e-05
