Marker Chr Pos p
S4_65948 4 65948 0.000646732608333575
S4_74583 4 74583 1.57718295597618e-05
S4_135469 4 135469 0.000186289769430262
S4_159057 4 159057 0.000203948088678092
S4_159645 4 159645 0.000162486511517952
S4_209693 4 209693 0.000560289633126618
S4_210983 4 210983 0.000316828338564093
S4_234095 4 234095 0.000676716441739542
S4_294916 4 294916 4.86013339331438e-06
S4_296097 4 296097 0.000468107463564786
S4_351893 4 351893 7.42476097744159e-06
S4_351894 4 351894 7.42476097743874e-06
S4_394800 4 394800 1.40016818612773e-08
S4_405987 4 405987 0.000936512231480847
S4_504348 4 504348 0.000765011176103069
S4_554653 4 554653 0.000213535987020664
S4_566308 4 566308 0.000197897161476738
S4_598773 4 598773 0.000997592272019832
S4_808807 4 808807 0.00057853299856264
S4_826712 4 826712 3.55663867116203e-05
S4_838573 4 838573 7.92579640523655e-07
S4_894478 4 894478 0.000332537419142448
S4_942163 4 942163 8.49213338031771e-05
S4_1023567 4 1023567 0.000117140046068417
S4_1023595 4 1023595 0.000113307036745469
S4_1027009 4 1027009 9.19743490348752e-05
S4_1028171 4 1028171 4.41754899701968e-05
S4_1029202 4 1029202 0.000211328361507828
S4_1091968 4 1091968 0.000231014416469016
S4_1126849 4 1126849 0.000122962265422583
S4_1137941 4 1137941 2.03778519830154e-06
S4_1173136 4 1173136 6.26446696879102e-05
S4_1213588 4 1213588 0.000818181941266393
S4_1223493 4 1223493 0.000633843238920961
S4_1269535 4 1269535 6.12427310126454e-05
S4_1317309 4 1317309 3.35573259966817e-05
S4_1346290 4 1346290 0.000754699181207221
S4_1355939 4 1355939 0.000818517561554361
S4_1403069 4 1403069 7.66610989206054e-05
S4_1507089 4 1507089 0.000233119996154287
S4_1549372 4 1549372 0.000120734343284442
S4_1572627 4 1572627 8.26967171668867e-05
S4_1588105 4 1588105 2.89183145514581e-06
S4_1588283 4 1588283 0.000660528233963454
S4_1591405 4 1591405 7.26607163387132e-06
S4_1598237 4 1598237 0.000924629877561656
S4_1617443 4 1617443 0.000311564905582831
S4_1622116 4 1622116 0.000281886157729378
S4_1622150 4 1622150 0.000320960466064732
S4_1622152 4 1622152 0.000503729967325491
S4_1641796 4 1641796 1.9395679342883e-05
S4_1690836 4 1690836 0.000549257432045102
S4_1690850 4 1690850 7.09538159884914e-06
S4_1704789 4 1704789 0.000150771506542477
S4_1737926 4 1737926 0.000131700413057567
S4_1740807 4 1740807 9.45545525216763e-05
S4_1740828 4 1740828 9.45545525216763e-05
S4_1911024 4 1911024 0.000116978024261727
S4_1941785 4 1941785 5.77239969948217e-05
S4_1941786 4 1941786 5.77239969948317e-05
S4_1954987 4 1954987 0.000964070223308778
S4_1963980 4 1963980 0.000165454049407892
S4_1983511 4 1983511 1.62846206437186e-07
S4_2073975 4 2073975 0.000141095465179755
S4_2182724 4 2182724 0.000400657290751912
S4_2235871 4 2235871 7.89368818051899e-05
S4_2280323 4 2280323 0.000623408712963039
S4_2307637 4 2307637 2.78251883157107e-06
S4_2317616 4 2317616 1.71704063179769e-05
S4_2364696 4 2364696 0.000318574797006645
S4_2364974 4 2364974 0.000168863708378755
S4_2365603 4 2365603 0.000580905036313291
S4_2368404 4 2368404 0.000399949997594837
S4_2372901 4 2372901 0.000199269995000763
S4_2400492 4 2400492 0.000611451011135589
S4_2553972 4 2553972 0.000856875998585568
S4_2555866 4 2555866 9.4455319340743e-06
S4_2562655 4 2562655 4.47837337156637e-05
S4_2571295 4 2571295 6.90567113092658e-05
S4_2576189 4 2576189 0.000145852561650758
S4_2597075 4 2597075 0.000292054619884492
S4_2615248 4 2615248 7.67636173962012e-05
S4_2621432 4 2621432 6.41782023793282e-06
S4_2634220 4 2634220 0.000887953371823871
S4_2635114 4 2635114 5.52821638406847e-05
S4_2636004 4 2636004 8.6127692675307e-05
S4_2649342 4 2649342 0.000166101532792851
S4_2674133 4 2674133 0.000284195393054613
S4_2685808 4 2685808 6.86217515756731e-05
S4_2689823 4 2689823 6.50428335140676e-08
S4_2689832 4 2689832 6.50428335140676e-08
S4_2689840 4 2689840 6.50428335140676e-08
S4_2759386 4 2759386 2.25243052486521e-05
S4_2762047 4 2762047 1.63095054721363e-05
S4_2765402 4 2765402 1.66785334361229e-05
S4_2769976 4 2769976 0.000324104039951806
S4_2769999 4 2769999 0.000324104039951806
S4_2770009 4 2770009 0.000324104039951806
S4_2780553 4 2780553 0.000268388602422372
S4_2780568 4 2780568 5.15638248970494e-05
S4_2800181 4 2800181 0.00034538800851727
S4_2800438 4 2800438 7.83107444457124e-06
S4_2800456 4 2800456 7.83107444457124e-06
S4_2818571 4 2818571 0.000928689178156907
S4_2819980 4 2819980 5.51730925181683e-05
S4_2848659 4 2848659 0.000935566947019912
S4_2848662 4 2848662 0.000935566947019727
S4_2849152 4 2849152 4.76656475128877e-05
S4_2857669 4 2857669 6.28232307410363e-05
S4_2899259 4 2899259 0.000660086477142387
S4_2906246 4 2906246 7.77924254932094e-07
S4_2906468 4 2906468 0.000152207037063452
S4_2909928 4 2909928 8.83128628152246e-05
S4_2936744 4 2936744 1.30505113836415e-05
S4_2936754 4 2936754 1.30505113836415e-05
S4_2936962 4 2936962 0.000578837646087042
S4_2936992 4 2936992 0.000739908874484952
S4_2940295 4 2940295 0.000258078866657284
S4_2941729 4 2941729 0.000140419996057932
S4_2941971 4 2941971 0.000212589487063927
S4_2944289 4 2944289 1.54109949030398e-05
S4_2945360 4 2945360 4.18571182127278e-05
S4_2945384 4 2945384 4.18571182127278e-05
S4_2945685 4 2945685 0.00014135096663637
S4_2960455 4 2960455 0.000459349838201873
S4_2975394 4 2975394 7.02204178647316e-06
S4_2976235 4 2976235 5.33583148414809e-05
S4_2976236 4 2976236 5.33583148414809e-05
S4_2981203 4 2981203 4.74552042669213e-05
S4_2981471 4 2981471 4.53689150596879e-05
S4_2981485 4 2981485 4.53689150596879e-05
S4_2995927 4 2995927 0.000239494844611846
S4_3034541 4 3034541 3.25842806019348e-06
S4_3034542 4 3034542 3.25842806019348e-06
S4_3048809 4 3048809 1.88091490134672e-08
S4_3056051 4 3056051 1.46296789074618e-05
S4_3056208 4 3056208 5.49962030004983e-06
S4_3066308 4 3066308 2.25037056007628e-05
S4_3095938 4 3095938 4.07640519507933e-06
S4_3116356 4 3116356 7.38389144206288e-06
S4_3116382 4 3116382 3.57855340980837e-05
S4_3126805 4 3126805 4.90775831367003e-05
S4_3171044 4 3171044 3.68307772400465e-05
S4_3179103 4 3179103 0.000110981061866029
S4_3182466 4 3182466 0.000132515274095736
S4_3182470 4 3182470 0.000411659383478125
S4_3192456 4 3192456 0.000133471804235755
S4_3192477 4 3192477 0.000227017496872165
S4_3214554 4 3214554 0.000103194139937874
S4_3235906 4 3235906 0.000249480481435006
S4_3245145 4 3245145 0.000299311380236176
S4_3245288 4 3245288 2.32242262320147e-05
S4_3271266 4 3271266 5.41192599398889e-07
S4_3275098 4 3275098 8.58408906668891e-06
S4_3275344 4 3275344 0.00016078555327271
S4_3278537 4 3278537 1.79148225516093e-08
S4_3321090 4 3321090 0.000657727604848222
S4_3321131 4 3321131 8.15286358680885e-06
S4_3331497 4 3331497 0.00051676453777249
S4_3333781 4 3333781 0.000257344350032227
S4_3349243 4 3349243 3.98067317656131e-05
S4_3375506 4 3375506 3.2511016292338e-05
S4_3375657 4 3375657 0.000290278003118411
S4_3387879 4 3387879 7.61107090902835e-06
S4_3387905 4 3387905 0.000237641842318112
S4_3387907 4 3387907 0.000237641842318112
S4_3391866 4 3391866 1.60638791400771e-05
S4_3401001 4 3401001 0.00012814377724608
S4_3407055 4 3407055 1.82000141396265e-05
S4_3407515 4 3407515 0.000516303016836629
S4_3425611 4 3425611 4.7459243280865e-05
S4_3456738 4 3456738 0.000354020103891592
S4_3503886 4 3503886 0.000864807786738648
S4_3510378 4 3510378 0.000885981959338528
S4_3511723 4 3511723 0.00011213825516263
S4_3512631 4 3512631 7.05636363449266e-06
S4_3606558 4 3606558 5.70423451493909e-05
S4_3635556 4 3635556 4.21803213637733e-05
S4_3635851 4 3635851 9.89722962391732e-05
S4_3635858 4 3635858 9.89722962391732e-05
S4_3635873 4 3635873 9.89722962391732e-05
S4_3638211 4 3638211 6.77721878600968e-05
S4_3638238 4 3638238 6.77721878600968e-05
S4_3648098 4 3648098 1.70693360063152e-05
S4_3654048 4 3654048 0.000710871709050843
S4_3667467 4 3667467 5.2715451670021e-06
S4_3667952 4 3667952 0.000267455218072296
S4_3690718 4 3690718 0.00029951486853792
S4_3699504 4 3699504 0.000507439383211487
S4_3710681 4 3710681 3.50564182546002e-05
S4_3711871 4 3711871 0.000302653673406065
S4_3718536 4 3718536 4.13396489930792e-05
S4_3718545 4 3718545 4.13396489931253e-05
S4_3723610 4 3723610 9.16235006297866e-05
S4_3723611 4 3723611 9.16235006296862e-05
S4_3731173 4 3731173 0.000104533333216958
S4_3734612 4 3734612 0.000915363023526141
S4_3734645 4 3734645 0.000915363023526141
S4_3734654 4 3734654 0.000915363023526245
S4_3734871 4 3734871 0.000307144153332665
S4_3751463 4 3751463 9.76009629505536e-05
S4_3751484 4 3751484 9.76009629505536e-05
S4_3751508 4 3751508 9.76009629505536e-05
S4_3771426 4 3771426 0.00067055637254014
S4_3780273 4 3780273 0.000985348795279502
S4_3813665 4 3813665 0.000846600168839863
S4_3823688 4 3823688 1.40726035277645e-06
S4_3830757 4 3830757 1.2607380193796e-05
S4_3857777 4 3857777 7.83508019967512e-05
S4_3902225 4 3902225 0.000147223665955709
S4_3905954 4 3905954 1.02564674345044e-05
S4_3950029 4 3950029 0.000746294189009462
S4_3951218 4 3951218 3.60521456667767e-05
S4_3951220 4 3951220 0.000479889888908461
S4_3954581 4 3954581 0.000113274352313014
S4_3970296 4 3970296 2.0947541106435e-05
S4_3980991 4 3980991 1.13555673247434e-05
S4_4033186 4 4033186 3.71491260587952e-05
S4_4036221 4 4036221 0.000211704563292367
S4_4066731 4 4066731 0.000106127271584032
S4_4067958 4 4067958 0.000212843066732416
S4_4081261 4 4081261 0.00011435879273248
S4_4088483 4 4088483 2.7134015141328e-05
S4_4088790 4 4088790 0.000221378360325495
S4_4120695 4 4120695 8.56875412021107e-05
S4_4120746 4 4120746 8.56875412020677e-05
S4_4181353 4 4181353 0.000441676345227398
S4_4259547 4 4259547 0.000847611974642643
S4_4356667 4 4356667 5.71044990124267e-05
S4_4368582 4 4368582 7.99520165684942e-05
S4_4371134 4 4371134 0.000123106072505211
S4_4429705 4 4429705 8.29210266253937e-06
S4_4465219 4 4465219 1.83091417023327e-05
S4_4557516 4 4557516 0.000722739670799536
S4_4562754 4 4562754 0.000343136149867201
S4_4647049 4 4647049 7.6081499561821e-05
S4_4670150 4 4670150 0.00017970198294969
S4_4670168 4 4670168 0.000435685623631174
S4_4670187 4 4670187 0.000435685623631174
S4_4670190 4 4670190 0.000370682298416928
S4_4671842 4 4671842 0.000570467308276706
S4_4772962 4 4772962 8.79248772294475e-05
S4_4772971 4 4772971 9.35140293139049e-05
S4_4772972 4 4772972 8.35010816379378e-05
S4_4775048 4 4775048 2.15852625996084e-05
S4_4808738 4 4808738 0.000337209472500566
S4_4829860 4 4829860 7.26135384731359e-06
S4_4840463 4 4840463 0.000143142431242144
S4_4862786 4 4862786 4.83576388131738e-05
S4_4908768 4 4908768 0.000515430506475019
S4_4915120 4 4915120 1.01506896737282e-05
S4_4921843 4 4921843 6.84770053980765e-07
S4_4934528 4 4934528 0.000383815773974891
S4_4937168 4 4937168 0.000502662828697799
S4_4972431 4 4972431 4.09059251727876e-05
S4_4991214 4 4991214 6.67312061732062e-05
S4_5046559 4 5046559 7.19016158464488e-06
S4_5064330 4 5064330 0.000108807444605895
S4_5065399 4 5065399 0.000565713745687498
S4_5071302 4 5071302 0.000223603471123694
S4_5076186 4 5076186 0.00037847668349133
S4_5131027 4 5131027 0.000414445417259581
S4_5156897 4 5156897 0.000973707023035084
S4_5197363 4 5197363 0.000708049901794646
S4_5234953 4 5234953 0.000245572685599835
S4_5236137 4 5236137 0.000665702936759912
S4_5236138 4 5236138 0.000665702936759912
S4_5242402 4 5242402 0.000381991250778463
S4_5332137 4 5332137 9.54172927719485e-05
S4_5382516 4 5382516 0.000599087573683668
S4_5383938 4 5383938 1.33874526030764e-07
S4_5403288 4 5403288 1.41570562783934e-05
S4_5403296 4 5403296 0.000487497636171245
S4_5403346 4 5403346 8.22336865655229e-10
S4_5403361 4 5403361 6.23311443854209e-10
S4_5403381 4 5403381 8.22336865655501e-10
S4_5406808 4 5406808 9.42794593113418e-07
S4_5406809 4 5406809 1.57662867840405e-07
S4_5408796 4 5408796 0.000225387132742715
S4_5408977 4 5408977 9.231395396406e-05
S4_5409230 4 5409230 0.000787529350186046
S4_5496055 4 5496055 0.000367778792893363
S4_5499373 4 5499373 2.72922049955176e-05
S4_5582780 4 5582780 1.31812382509744e-07
S4_5589456 4 5589456 0.000222562087475287
S4_5634124 4 5634124 7.16762366077752e-05
S4_5646642 4 5646642 0.000636241865124986
S4_5671046 4 5671046 0.000909672300458035
S4_5671286 4 5671286 1.86675215775185e-05
S4_5671559 4 5671559 5.06706886485728e-05
S4_5678069 4 5678069 0.000245391363521949
S4_5678839 4 5678839 0.000100946848973846
S4_5678997 4 5678997 6.44485400798783e-05
S4_5679827 4 5679827 0.000569605731257593
S4_5679839 4 5679839 0.000961399108065805
S4_5749299 4 5749299 4.40848689108426e-05
S4_5777138 4 5777138 0.000164945754731375
S4_5898066 4 5898066 3.94790280459759e-06
S4_5923638 4 5923638 0.000608277567686559
S4_5923665 4 5923665 1.39007672966192e-07
S4_5965817 4 5965817 4.05133985783905e-06
S4_6004254 4 6004254 0.000118610859301183
S4_6013834 4 6013834 0.00042286306049446
S4_6058254 4 6058254 8.70731373681624e-08
S4_6092625 4 6092625 7.86903635057147e-05
S4_6223650 4 6223650 0.000244122233073558
S4_6252466 4 6252466 0.00016590449414933
S4_6413242 4 6413242 0.000291218807427823
S4_6456655 4 6456655 0.000848986155765676
S4_6456850 4 6456850 5.39701147042336e-05
S4_6456864 4 6456864 5.39701147042336e-05
S4_6537583 4 6537583 0.000263619813418299
S4_6645516 4 6645516 1.96637297038377e-05
S4_6645517 4 6645517 1.96637297038658e-05
S4_6661813 4 6661813 0.000941056893240524
S4_6745114 4 6745114 6.31146044323668e-08
S4_6878706 4 6878706 2.39212567803082e-05
S4_6898246 4 6898246 0.000163952460779003
S4_6999054 4 6999054 2.32782997103446e-05
S4_7025439 4 7025439 4.79210240406297e-05
S4_7036113 4 7036113 0.000475692249633491
S4_7052706 4 7052706 2.21050545460878e-05
S4_7065794 4 7065794 0.000109771154842492
S4_7101905 4 7101905 3.34128452432381e-05
S4_7140031 4 7140031 7.06087675464751e-05
S4_7159260 4 7159260 4.06580532499956e-05
S4_7159263 4 7159263 4.06942452713321e-05
S4_7174875 4 7174875 0.000874691283002466
S4_7201414 4 7201414 1.11454566028723e-05
S4_7215742 4 7215742 0.00077195864970883
S4_7228549 4 7228549 0.000365762860369765
S4_7255786 4 7255786 0.000607452521800299
S4_7255787 4 7255787 0.000607452521800299
S4_7257588 4 7257588 0.000233234158250258
S4_7257629 4 7257629 0.00025513300985315
S4_7279254 4 7279254 2.55086358522356e-05
S4_7353518 4 7353518 0.00018678474611627
S4_7380411 4 7380411 7.0185158009369e-06
S4_7384413 4 7384413 8.78043552189742e-05
S4_7488932 4 7488932 7.62535598176395e-06
S4_7496918 4 7496918 1.22791360403575e-06
S4_7507632 4 7507632 3.42150847357523e-07
S4_7514545 4 7514545 8.56964522798464e-06
S4_7556179 4 7556179 1.85866282177408e-06
S4_7823160 4 7823160 0.000902097209469541
S4_7833775 4 7833775 0.000395362829821323
S4_7834477 4 7834477 4.35915124075288e-05
S4_7834678 4 7834678 2.2676553892867e-05
S4_7934193 4 7934193 4.46861685275672e-06
S4_7948951 4 7948951 3.06370570088234e-05
S4_8022283 4 8022283 1.83430860266346e-05
S4_8032799 4 8032799 2.84438303572405e-06
S4_8100854 4 8100854 1.02429262995623e-06
S4_8100858 4 8100858 1.02429262995623e-06
S4_8152668 4 8152668 0.000318207469138706
S4_8152730 4 8152730 0.000757846612653501
S4_8153038 4 8153038 0.000243668310298339
S4_8333138 4 8333138 0.000395452660131301
S4_8335127 4 8335127 0.000385067290423743
S4_8358877 4 8358877 4.70797342964345e-05
S4_8395620 4 8395620 7.58815259308446e-05
S4_8452869 4 8452869 0.000287238253073105
S4_8453968 4 8453968 2.24152411732219e-05
S4_8524391 4 8524391 0.000446018196933744
S4_8585748 4 8585748 9.77813963258955e-05
S4_8585750 4 8585750 7.97960920327425e-05
S4_8585752 4 8585752 0.000128864548534833
S4_8661049 4 8661049 2.82916918926828e-05
S4_8661078 4 8661078 5.46631473041054e-05
S4_8661096 4 8661096 3.31077633381668e-05
S4_8662691 4 8662691 4.70724399927352e-05
S4_8663486 4 8663486 9.39094883603385e-05
S4_8734700 4 8734700 7.33920104731146e-05
S4_8883118 4 8883118 0.0002319901355889
S4_8889234 4 8889234 9.1622704792723e-06
S4_8893319 4 8893319 4.49444375758565e-05
S4_8893320 4 8893320 4.59942150561706e-05
S4_8893381 4 8893381 0.000667431624260246
S4_8893704 4 8893704 0.000599273584626747
S4_8902817 4 8902817 0.00051512230251113
S4_8984536 4 8984536 0.000411595376093884
S4_9026519 4 9026519 0.000964922925465215
S4_9078640 4 9078640 0.000489326278642959
S4_9216401 4 9216401 0.000161269766292869
S4_9388118 4 9388118 4.13142076319548e-05
S4_9436947 4 9436947 0.000734351200973677
S4_9437153 4 9437153 0.000255060806136049
S4_9576090 4 9576090 0.000303003539106914
S4_9729666 4 9729666 3.61527970260377e-05
S4_9748153 4 9748153 0.000490925001267068
S4_9763839 4 9763839 0.000315489780807486
S4_9869423 4 9869423 0.000587975908106562
S4_9896446 4 9896446 6.90004936361851e-07
S4_9940210 4 9940210 1.94002448441075e-05
S4_9944575 4 9944575 5.59404684716439e-08
S4_9969260 4 9969260 7.9194580482349e-07
S4_9992926 4 9992926 1.2365784290457e-05
S4_9998328 4 9998328 5.9086327017551e-09
S4_10024850 4 10024850 5.16958824661712e-05
S4_10104851 4 10104851 5.86989196473591e-06
S4_10117380 4 10117380 0.000354964249673127
S4_10118619 4 10118619 0.000421470512637623
S4_10195807 4 10195807 0.000108840738676776
S4_10265552 4 10265552 0.000304798797290304
S4_10349044 4 10349044 2.12334872844888e-06
S4_10362000 4 10362000 2.41445727221699e-07
S4_10424568 4 10424568 0.000126230017170824
S4_10436854 4 10436854 2.7116753896635e-05
S4_10469092 4 10469092 0.000631530293687488
S4_10486266 4 10486266 2.69785785776544e-05
S4_10559801 4 10559801 0.000116457443067598
S4_10574469 4 10574469 1.82741654417013e-09
S4_10585367 4 10585367 0.000647234542665855
S4_10590972 4 10590972 0.000118703370323103
S4_10727797 4 10727797 0.000122002030248296
S4_10801845 4 10801845 7.8428567056221e-05
S4_10801859 4 10801859 9.79370594596809e-05
S4_10856509 4 10856509 3.75814049178796e-08
S4_10930530 4 10930530 0.000120055238419098
S4_11150992 4 11150992 0.000501222665661769
S4_11150993 4 11150993 0.000430339232410996
S4_11150995 4 11150995 0.000300747422585184
S4_11150996 4 11150996 0.000315571839364896
S4_11237822 4 11237822 0.000189437444788357
S4_11277960 4 11277960 3.08056823126329e-05
S4_11347522 4 11347522 7.10589634026156e-05
S4_11526272 4 11526272 0.000400272903567192
S4_11593741 4 11593741 0.000783555632799051
S4_11695707 4 11695707 0.000190477400759581
S4_11756406 4 11756406 0.000134624536454476
S4_12000442 4 12000442 5.5270765042946e-05
S4_12060302 4 12060302 9.96224981796986e-05
S4_12060825 4 12060825 0.000165829741180809
S4_12060840 4 12060840 0.000165829741180809
S4_12112121 4 12112121 0.000982267635036465
S4_12167527 4 12167527 0.000185350442134149
S4_12202541 4 12202541 2.24093650120709e-09
S4_12268353 4 12268353 0.000110216875610872
S4_12268400 4 12268400 0.000130656326051042
S4_12268404 4 12268404 5.21654311778583e-05
S4_12341332 4 12341332 0.000747929217695317
S4_12342586 4 12342586 0.000653765674592268
S4_12452929 4 12452929 3.74214321661641e-05
S4_12455642 4 12455642 6.6078531134309e-08
S4_12484905 4 12484905 0.000177033958725054
S4_12484906 4 12484906 0.000177033958725054
S4_12484907 4 12484907 0.000177033958725054
S4_12484909 4 12484909 0.000177033958725054
S4_12506104 4 12506104 3.39343242664751e-15
S4_12506109 4 12506109 5.60777419709295e-11
S4_12506122 4 12506122 3.39343242664751e-15
S4_12506128 4 12506128 8.54991357416213e-11
S4_12507112 4 12507112 4.42850341098025e-06
S4_12507640 4 12507640 5.14626526404434e-05
S4_12507664 4 12507664 5.14626526404411e-05
S4_12509974 4 12509974 0.000745963019434576
S4_12509976 4 12509976 5.66524107758225e-08
S4_12509979 4 12509979 1.98409006439103e-05
S4_12528743 4 12528743 0.000268992962155898
S4_12542074 4 12542074 0.000409128121498309
S4_12548863 4 12548863 0.000570448193879683
S4_12551813 4 12551813 2.19935115423885e-06
S4_12571442 4 12571442 3.16177297602518e-05
S4_12673107 4 12673107 1.08714717632783e-05
S4_12730509 4 12730509 0.000153771655130081
S4_13034141 4 13034141 0.000215619022679454
S4_13071686 4 13071686 0.000285417620282067
S4_13079184 4 13079184 5.20646775521751e-09
S4_13079523 4 13079523 4.97660026672202e-05
S4_13163896 4 13163896 7.59304227024499e-08
S4_13429678 4 13429678 0.000940316610975483
S4_13429710 4 13429710 0.000836069897301929
S4_13481308 4 13481308 0.000767389973106376
S4_13546920 4 13546920 9.57706120925553e-07
S4_13546923 4 13546923 1.01469681562764e-06
S4_13546962 4 13546962 9.57706120925553e-07
S4_13602135 4 13602135 0.000989216176612728
S4_13602308 4 13602308 8.97439291247763e-05
S4_13647168 4 13647168 0.00064538756023041
S4_13743646 4 13743646 0.000136469146154437
S4_13762171 4 13762171 0.000458687655651853
S4_13846725 4 13846725 0.000429617004040832
S4_13855213 4 13855213 3.35943870183032e-05
S4_13883472 4 13883472 2.47199293783826e-05
S4_13949907 4 13949907 0.000114521339695195
S4_13999596 4 13999596 7.33135813069172e-06
S4_14111496 4 14111496 4.51810105153046e-05
S4_14111626 4 14111626 8.65340029377669e-05
S4_14111630 4 14111630 6.77299934107397e-05
S4_14141606 4 14141606 4.96392336754277e-06
S4_14360032 4 14360032 3.77271445286973e-05
S4_14376317 4 14376317 0.000100241137528101
S4_14637598 4 14637598 4.61579107579848e-05
S4_14804271 4 14804271 0.000212701120747919
S4_14821398 4 14821398 8.77500766207303e-05
S4_14874562 4 14874562 6.01982152062138e-05
S4_14887835 4 14887835 2.90594570259514e-05
S4_14909526 4 14909526 0.000143304225560935
S4_14949974 4 14949974 0.000939991852990648
S4_14971470 4 14971470 0.000251373136044506
S4_14981230 4 14981230 0.000242406823301644
S4_14981235 4 14981235 4.44403707977193e-05
S4_14998680 4 14998680 0.000296542672870067
S4_15092847 4 15092847 0.000146868087974738
S4_15098942 4 15098942 0.000122183566672936
S4_15196239 4 15196239 5.16114567685843e-05
S4_15215500 4 15215500 1.55829037196379e-07
S4_15222945 4 15222945 0.000127330694605128
S4_15231832 4 15231832 4.11233982231032e-05
S4_15395370 4 15395370 0.000810127688832775
S4_15406643 4 15406643 3.02090114908983e-07
S4_15422240 4 15422240 0.000115472680324498
S4_15434705 4 15434705 3.77968903033637e-05
S4_15492183 4 15492183 4.59718468866071e-05
S4_15519093 4 15519093 0.000184608175865218
S4_15519120 4 15519120 1.82821434476812e-12
S4_15519225 4 15519225 0.000310286630426221
S4_15519227 4 15519227 0.000310286630426221
S4_15577105 4 15577105 6.42330125720592e-05
S4_15608331 4 15608331 0.000139644268414009
S4_15634568 4 15634568 0.000305878576286427
S4_15634905 4 15634905 0.000176534169370772
S4_15638020 4 15638020 0.00020120655656673
S4_15648004 4 15648004 0.000103873379929832
S4_15650163 4 15650163 0.000162212164932565
S4_15650435 4 15650435 8.13857555377113e-05
S4_15651395 4 15651395 1.6279707229548e-07
S4_15656379 4 15656379 0.000315472947288396
S4_15669709 4 15669709 0.000365421938804588
S4_15716550 4 15716550 4.78702423442675e-07
S4_15725974 4 15725974 0.000295751106948165
S4_15732563 4 15732563 0.000208949562897311
S4_15738195 4 15738195 0.000276884993386569
S4_15738414 4 15738414 0.000281573726805423
S4_15753173 4 15753173 0.000315982913610144
S4_15760384 4 15760384 6.07626710942432e-05
S4_15842223 4 15842223 4.36641112879287e-06
S4_15857650 4 15857650 8.91048028598195e-05
S4_15879407 4 15879407 0.000551179008656581
S4_15910206 4 15910206 0.000292004764697927
S4_15933538 4 15933538 1.28436997953402e-06
S4_15935135 4 15935135 5.90065773846157e-06
S4_15935783 4 15935783 0.000327098219777653
S4_15940262 4 15940262 0.00049819961557917
S4_15940406 4 15940406 0.000627206916487467
S4_16115394 4 16115394 9.20216292442242e-06
S4_16117724 4 16117724 0.000549998147514704
S4_16171629 4 16171629 0.000129174549028354
S4_16232795 4 16232795 0.000533764974048975
S4_16232849 4 16232849 5.55304617263284e-05
S4_16265884 4 16265884 1.21865401804131e-05
S4_16281868 4 16281868 2.06553366050757e-05
S4_16288660 4 16288660 7.14371593870659e-05
S4_16346615 4 16346615 0.000236639050131559
S4_16472890 4 16472890 0.000157195614375306
S4_16530322 4 16530322 2.13244357210094e-05
S4_16530834 4 16530834 0.000211313303189631
S4_16559932 4 16559932 1.07705639762675e-05
S4_16559933 4 16559933 1.07705639762675e-05
S4_16560688 4 16560688 0.000669258372404477
S4_16600335 4 16600335 2.04346497228403e-05
S4_16869440 4 16869440 0.000390457444926202
S4_16913412 4 16913412 5.31796274723484e-07
S4_16945216 4 16945216 1.47005018577053e-08
S4_16950971 4 16950971 3.86336629658798e-05
S4_16951821 4 16951821 0.000667005568984416
S4_17081402 4 17081402 9.40335663056397e-05
S4_17160151 4 17160151 0.00041375755321302
S4_17414014 4 17414014 0.000205938314615743
S4_17430304 4 17430304 3.71818025379962e-05
S4_17487648 4 17487648 9.01956134529544e-09
S4_17574186 4 17574186 2.995093831567e-05
S4_17690627 4 17690627 0.000630370299619886
S4_17706845 4 17706845 9.62394055191613e-05
S4_17718780 4 17718780 3.3115270214429e-05
S4_17806769 4 17806769 0.000348934933291561
S4_17828886 4 17828886 0.000278440169590634
S4_17828887 4 17828887 0.000164704175480235
S4_17941571 4 17941571 0.00045759957203411
S4_17943668 4 17943668 0.000368116059797907
S4_18045122 4 18045122 0.000912102221952202
S4_18134475 4 18134475 0.000235522861753547
S4_18134649 4 18134649 0.000543676913617309
S4_18134654 4 18134654 0.000543676913617309
S4_18134790 4 18134790 0.000240062325940464
S4_18153745 4 18153745 0.000147606674146579
S4_18153782 4 18153782 0.000356098557422179
S4_18224653 4 18224653 0.000204081074551075
S4_18251589 4 18251589 0.000566128350483561
S4_18277230 4 18277230 0.000183825718253237
S4_18277232 4 18277232 0.000271035402324118
S4_18393279 4 18393279 0.000879904043869238
S4_18393503 4 18393503 8.32389104548441e-06
S4_18393683 4 18393683 0.000728690297549703
S4_18396500 4 18396500 0.000765635284031093
S4_18577809 4 18577809 0.000254272111693244
S4_18611443 4 18611443 0.000132944374502753
S4_18625242 4 18625242 0.000220102846187836
S4_18712629 4 18712629 5.27817761667416e-05
S4_18969807 4 18969807 0.000429954188660798
S4_18984228 4 18984228 0.00028454531255905
S4_19132458 4 19132458 6.54422138034616e-05
S4_19142449 4 19142449 2.05699172808077e-06
S4_19143744 4 19143744 0.000929649959036127
S4_19163306 4 19163306 0.000250907385913003
S4_19204884 4 19204884 1.51926385993279e-08
S4_19235909 4 19235909 0.000105686786711337
S4_19270565 4 19270565 0.000417828609530158
S4_19272785 4 19272785 8.2414650451708e-08
S4_19272789 4 19272789 0.000190857448664678
S4_19330148 4 19330148 0.000587130262688799
S4_19356759 4 19356759 0.000650525656494905
S4_19371554 4 19371554 0.000457516622194161
S4_19482642 4 19482642 0.000632075968774337
S4_19482776 4 19482776 0.000266500570704346
S4_19484502 4 19484502 0.000600742208182461
S4_19491301 4 19491301 0.000194516606434654
S4_19535747 4 19535747 0.000495059604842878
S4_19535805 4 19535805 0.000134708013425254
S4_19555621 4 19555621 0.000249444692201287
S4_19555638 4 19555638 0.000249444692201287
S4_19564552 4 19564552 0.000404362921660963
S4_19593466 4 19593466 2.23712098895856e-05
S4_19671916 4 19671916 0.000689965838408005
S4_19717730 4 19717730 0.000125219269545227
S4_19761486 4 19761486 0.000666545001668694
S4_20035019 4 20035019 0.000545142922041858
S4_20035432 4 20035432 0.000508511633368428
S4_20116227 4 20116227 0.000957387448604753
S4_20209625 4 20209625 0.000552394979040298
S4_20252467 4 20252467 6.35124858853006e-13
S4_20425953 4 20425953 2.67228232773144e-05
S4_20496864 4 20496864 0.000326645569319168
S4_20500693 4 20500693 0.000511107620104588
S4_20529554 4 20529554 1.24163059533884e-05
S4_20540053 4 20540053 0.000523008734849034
S4_20686292 4 20686292 0.000106397412842858
S4_20764118 4 20764118 2.56105242542048e-05
S4_20784420 4 20784420 6.10659242525595e-05
S4_20784987 4 20784987 7.49215323373842e-06
S4_20863776 4 20863776 9.739149585714e-05
S4_21019076 4 21019076 7.38056487710233e-05
S4_21070866 4 21070866 1.59795091815381e-05
S4_21129296 4 21129296 1.69215750941187e-05
S4_21205472 4 21205472 3.21729327387069e-05
S4_21207676 4 21207676 3.67353630212565e-05
S4_21216532 4 21216532 4.02670703160331e-05
S4_21241151 4 21241151 1.25423346892222e-06
S4_21245626 4 21245626 6.6824522183693e-06
S4_21272112 4 21272112 4.22392633711184e-05
S4_21321982 4 21321982 3.73405036050567e-06
S4_21414413 4 21414413 8.62587898932165e-07
S4_21487272 4 21487272 3.6331282892796e-06
S4_21568355 4 21568355 5.2700715051707e-05
S4_21628486 4 21628486 2.08350763844116e-06
S4_21657372 4 21657372 1.35260977148508e-06
S4_21657374 4 21657374 1.35260977148458e-06
S4_21665334 4 21665334 4.21098824770187e-05
S4_21734676 4 21734676 4.10780842406906e-06
S4_21746992 4 21746992 1.20091908043542e-05
S4_21844256 4 21844256 2.89581746031903e-06
S4_21880651 4 21880651 8.42675798501661e-05
S4_21926821 4 21926821 1.08727028367767e-05
S4_22012667 4 22012667 2.89508342694961e-07
S4_22072237 4 22072237 4.23453586093243e-07
S4_22088680 4 22088680 4.36699108099059e-06
S4_22095662 4 22095662 3.60666797109184e-07
S4_22111003 4 22111003 3.07124810608023e-06
S4_22138763 4 22138763 1.46602340320598e-06
S4_22174227 4 22174227 0.000505614274361922
S4_22224691 4 22224691 2.05264128117755e-05
S4_22248558 4 22248558 0.000710211243662489
S4_22248857 4 22248857 0.000189137353533274
S4_22266072 4 22266072 8.31614738764614e-06
S4_22266096 4 22266096 8.31614738764614e-06
S4_22266278 4 22266278 1.06818727531042e-05
S4_22434624 4 22434624 4.48951357987517e-05
S4_22434707 4 22434707 0.000340764315238033
S4_22449774 4 22449774 1.69176551608564e-05
S4_22509648 4 22509648 7.59439845698858e-05
S4_22535182 4 22535182 0.000139634199080285
S4_22663608 4 22663608 5.70696321421253e-05
S4_22709582 4 22709582 2.40859765049947e-08
S4_22716486 4 22716486 1.87229767658666e-05
S4_22716981 4 22716981 3.54890427477601e-06
S4_22719970 4 22719970 2.44344722659802e-07
S4_22756285 4 22756285 0.00037463002125773
S4_22767969 4 22767969 0.000515671338259799
S4_22927721 4 22927721 1.13837500508115e-07
S4_22927735 4 22927735 1.13837500508115e-07
S4_22927755 4 22927755 1.13837500508115e-07
S4_22927762 4 22927762 1.13837500508115e-07
S4_22993112 4 22993112 1.81632464267519e-07
S4_23000445 4 23000445 2.50139888124009e-07
S4_23004829 4 23004829 1.96954843523968e-05
S4_23011945 4 23011945 7.75109795179154e-07
S4_23107566 4 23107566 1.16805452442268e-05
S4_23114036 4 23114036 1.25535812506709e-06
S4_23142570 4 23142570 7.72825740150698e-06
S4_23142588 4 23142588 8.82223811659114e-06
S4_23142590 4 23142590 8.69215981180672e-06
S4_23187550 4 23187550 4.05709769439601e-06
S4_23213586 4 23213586 5.40204113432758e-05
S4_23213591 4 23213591 5.40204113432758e-05
S4_23253950 4 23253950 8.15933125932751e-05
S4_23260466 4 23260466 6.67082889015712e-05
S4_23275950 4 23275950 0.000234954618620963
S4_23291996 4 23291996 6.76431051776717e-06
S4_23292012 4 23292012 6.76431051776717e-06
S4_23364759 4 23364759 0.000266307734602374
S4_23366195 4 23366195 8.12548580553934e-07
S4_23410512 4 23410512 2.56992408018021e-06
S4_23435186 4 23435186 1.47560813595464e-06
S4_23443248 4 23443248 1.61166910531766e-06
S4_23443254 4 23443254 1.61166910531766e-06
S4_23454153 4 23454153 1.03914428483587e-05
S4_23528961 4 23528961 1.46508666308907e-06
S4_23955484 4 23955484 3.93676169673002e-05
S4_23972204 4 23972204 1.2549476773997e-06
S4_23976672 4 23976672 2.74877061670841e-06
S4_23976811 4 23976811 1.9960208036306e-05
S4_23986096 4 23986096 1.84151527442686e-05
S4_23997209 4 23997209 3.19363628932552e-08
S4_23998292 4 23998292 8.43262177498834e-06
S4_23999396 4 23999396 0.000480897898080559
S4_24011014 4 24011014 1.48839412419351e-07
S4_24011041 4 24011041 9.05600177361933e-05
S4_24011386 4 24011386 5.08462106456818e-05
S4_24022384 4 24022384 1.14245525359632e-06
S4_24035400 4 24035400 1.21932870392408e-05
S4_24121361 4 24121361 2.32543329974956e-05
S4_24138573 4 24138573 2.62898135567125e-06
S4_24157454 4 24157454 0.000380058685984048
S4_24157546 4 24157546 0.000163569316436457
S4_24157548 4 24157548 0.000163569316436457
S4_24186034 4 24186034 3.36367731850554e-07
S4_24190363 4 24190363 1.28063678513513e-06
S4_24204889 4 24204889 7.99152238796469e-06
S4_24206794 4 24206794 4.21174088104961e-06
S4_24217850 4 24217850 1.27625654561262e-07
S4_24295555 4 24295555 6.58361189905309e-07
S4_24447431 4 24447431 1.67289115960451e-09
S4_24447548 4 24447548 9.6171093302004e-05
S4_24576135 4 24576135 6.93787560884426e-06
S4_24583790 4 24583790 0.000557510885942883
S4_24695780 4 24695780 2.79620128865506e-06
S4_24775062 4 24775062 6.82205342858678e-05
S4_24778138 4 24778138 2.25584775022857e-05
S4_24782490 4 24782490 1.18437150198362e-05
S4_24829678 4 24829678 1.36283924111075e-06
S4_24829687 4 24829687 1.36283924111075e-06
S4_25012557 4 25012557 5.93511906746123e-05
S4_25037148 4 25037148 1.69231912533406e-06
S4_25095487 4 25095487 0.000627042733902877
S4_25096024 4 25096024 1.83848185944726e-05
S4_25096025 4 25096025 1.83848185944726e-05
S4_25097231 4 25097231 5.48112898710942e-07
S4_25121101 4 25121101 3.17794113823545e-08
S4_25122136 4 25122136 1.34621329507304e-05
S4_25124448 4 25124448 4.03987080818175e-05
S4_25139400 4 25139400 0.000210154560496562
S4_25164933 4 25164933 0.00017500230613121
S4_25238081 4 25238081 2.68872437232909e-05
S4_25240385 4 25240385 2.63629070606209e-05
S4_25256460 4 25256460 8.45158756511425e-06
S4_25256464 4 25256464 8.45158756511425e-06
S4_25256581 4 25256581 2.28909101144894e-05
S4_25263257 4 25263257 2.87278741272017e-05
S4_25287223 4 25287223 3.72364611633908e-05
S4_25320216 4 25320216 8.88494364751023e-06
S4_25358813 4 25358813 6.24930185848126e-07
S4_25369763 4 25369763 2.93638687952766e-06
S4_25370254 4 25370254 5.90524432163201e-06
S4_25421499 4 25421499 0.000130893347180481
S4_25445162 4 25445162 0.00012491417645656
S4_25476069 4 25476069 4.0749645593548e-05
S4_25476139 4 25476139 1.24722924396295e-06
S4_25476247 4 25476247 0.000404714865932957
S4_25644288 4 25644288 2.3853983138298e-05
S4_25833362 4 25833362 0.000719609123919961
S4_25833485 4 25833485 2.71255249197718e-05
S4_25833576 4 25833576 1.72595210793189e-07
S4_25848362 4 25848362 0.000109453414401479
S4_25867073 4 25867073 7.92861456296389e-05
S4_25879281 4 25879281 2.41795052508359e-05
S4_25953115 4 25953115 1.60597110585661e-05
S4_25966881 4 25966881 1.2117297321435e-06
S4_25971748 4 25971748 7.44773469660638e-07
S4_25981313 4 25981313 1.87115721023774e-06
S4_25996731 4 25996731 2.29416426740178e-05
S4_25996735 4 25996735 2.23880517595183e-05
S4_25997146 4 25997146 4.717634080758e-05
S4_26045117 4 26045117 7.01596969493048e-07
S4_26056257 4 26056257 0.000164018632195011
S4_26110909 4 26110909 3.46577331776353e-06
S4_26148990 4 26148990 1.18594958523406e-05
S4_26163271 4 26163271 2.91972121871485e-06
S4_26184883 4 26184883 3.83848178110942e-06
S4_26185834 4 26185834 5.959610035214e-05
S4_26237417 4 26237417 0.000352828976231089
S4_26237533 4 26237533 1.17884203199687e-05
S4_26273315 4 26273315 3.66228775342051e-05
S4_26273713 4 26273713 0.000958245403191143
S4_26288947 4 26288947 0.000777195553000622
S4_26299563 4 26299563 0.00060692584539795
S4_26322207 4 26322207 2.86235812088207e-06
S4_26334573 4 26334573 5.20852881457483e-05
S4_26396140 4 26396140 9.15592567193174e-06
S4_26562368 4 26562368 6.74456442159081e-06
S4_26666687 4 26666687 1.48520019234966e-06
S4_26704323 4 26704323 1.62698396105637e-05
S4_26717533 4 26717533 0.000299484094297888
S4_26743553 4 26743553 2.59165146841849e-05
S4_26759520 4 26759520 0.000107119716535364
S4_26820025 4 26820025 0.000623287548547233
S4_26861523 4 26861523 5.57867750914929e-06
S4_26873164 4 26873164 1.63791565558443e-06
S4_26873263 4 26873263 0.000116989647381534
S4_26879930 4 26879930 9.47407115090257e-06
S4_26941776 4 26941776 1.5120627926216e-05
S4_26946336 4 26946336 0.000230879191693497
S4_26996860 4 26996860 4.16578323059675e-06
S4_27003962 4 27003962 6.20802735965538e-07
S4_27019696 4 27019696 1.20599915398245e-06
S4_27021033 4 27021033 6.94766405439929e-13
S4_27021154 4 27021154 2.28247014965583e-06
S4_27226048 4 27226048 1.31697878151189e-06
S4_27240471 4 27240471 6.91687914284907e-05
S4_27251852 4 27251852 1.12241448157486e-05
S4_27285383 4 27285383 8.12724561980527e-05
S4_27369188 4 27369188 1.73080090406014e-05
S4_27374998 4 27374998 0.000878802600658717
S4_27380319 4 27380319 4.25755501095953e-05
S4_27430102 4 27430102 0.000216347662866019
S4_32300087 4 32300087 5.14252720826247e-06
S4_32348347 4 32348347 3.60152515192223e-06
S4_32358584 4 32358584 3.26266256878352e-05
S4_32365035 4 32365035 9.77100098100912e-06
S4_32365042 4 32365042 9.77100098100912e-06
S4_32365194 4 32365194 1.38452778993444e-05
S4_32429650 4 32429650 1.0832920772686e-06
S4_32429672 4 32429672 1.0832920772686e-06
S4_32432592 4 32432592 1.50955954562294e-05
S4_32435513 4 32435513 2.49697813673459e-07
S4_32507210 4 32507210 0.000457027980511964
S4_32533350 4 32533350 0.000890455470050797
S4_32575296 4 32575296 1.29820123740388e-05
S4_32625300 4 32625300 0.000255576893989016
S4_32664014 4 32664014 3.36591052193666e-05
S4_32664127 4 32664127 5.33031614803243e-05
S4_32664777 4 32664777 1.76688523782128e-05
S4_32719075 4 32719075 7.8050842645185e-05
S4_32745928 4 32745928 1.75688753561832e-05
S4_32745961 4 32745961 1.75688753561832e-05
S4_32745962 4 32745962 1.75688753561832e-05
S4_32777075 4 32777075 0.00044119061987598
S4_32826842 4 32826842 3.63883091028203e-06
S4_32834109 4 32834109 2.25923910623748e-12
S4_32901080 4 32901080 5.89152219297573e-06
S4_32911771 4 32911771 1.26709168141383e-05
S4_32954917 4 32954917 5.64192005112022e-05
S4_32954935 4 32954935 8.829785359151e-05
S4_32955369 4 32955369 0.000166601476622813
S4_32989495 4 32989495 2.54005198031207e-05
S4_32993623 4 32993623 1.22996380056555e-05
S4_33023975 4 33023975 0.000814989223714805
S4_33041445 4 33041445 6.97415084661394e-06
S4_33100805 4 33100805 1.79053673189481e-05
S4_33104328 4 33104328 4.56903085326306e-06
S4_33117412 4 33117412 0.000122743881828526
S4_33220599 4 33220599 3.08457540572664e-06
S4_33250175 4 33250175 0.000476143881746785
S4_33297525 4 33297525 0.000112527550671356
S4_33319000 4 33319000 2.00002917562829e-06
S4_33487295 4 33487295 0.000404881607955663
S4_33567874 4 33567874 2.52400449494751e-05
S4_33635151 4 33635151 0.000745306901002758
S4_33636314 4 33636314 3.50671500665994e-05
S4_33671726 4 33671726 1.09193850085054e-05
S4_33719206 4 33719206 1.71401074959395e-05
S4_33720754 4 33720754 0.000505117656304965
S4_33741673 4 33741673 0.000816841189321808
S4_33746766 4 33746766 1.77037578692109e-05
S4_33746768 4 33746768 9.10635401062121e-05
S4_33766940 4 33766940 7.43827267600076e-05
S4_33797644 4 33797644 7.45986396840289e-05
S4_33797669 4 33797669 4.42574631766521e-05
S4_33797671 4 33797671 0.000233968630401796
S4_33900570 4 33900570 7.07736999088403e-05
S4_33904932 4 33904932 0.000148521511052236
S4_33904961 4 33904961 2.20076582020162e-05
S4_33937567 4 33937567 5.0111451747459e-06
S4_33938401 4 33938401 2.92566696446594e-06
S4_33941166 4 33941166 2.14309718935111e-05
S4_33943510 4 33943510 1.75123536995296e-05
S4_33944241 4 33944241 2.32001733483785e-05
S4_33950465 4 33950465 6.64703855956456e-05
S4_34000168 4 34000168 1.1159966106024e-05
S4_34020466 4 34020466 0.000421198198755515
S4_34020519 4 34020519 0.000192454579009429
S4_34020709 4 34020709 4.78316603951479e-06
S4_34064351 4 34064351 2.00557166156112e-05
S4_34073115 4 34073115 4.38504115663166e-05
S4_34088913 4 34088913 3.17202662149092e-05
S4_34097520 4 34097520 5.33458173949763e-05
S4_34112762 4 34112762 3.30654213445681e-05
S4_34112804 4 34112804 3.78025632261095e-05
S4_34115834 4 34115834 0.000218383676769356
S4_34117127 4 34117127 6.08481551743491e-06
S4_34141602 4 34141602 0.000162771716522261
S4_34156578 4 34156578 8.15447629186397e-07
S4_34158033 4 34158033 0.00098408511602342
S4_34161273 4 34161273 0.000233956044524325
S4_34166904 4 34166904 2.34602790389295e-06
S4_34171651 4 34171651 3.40010482528454e-06
S4_34185080 4 34185080 3.33255205846301e-05
S4_34185507 4 34185507 3.584784999821e-05
S4_34205339 4 34205339 1.21125742194184e-05
S4_34268544 4 34268544 7.17194730402696e-05
S4_34361646 4 34361646 1.23408591892559e-05
S4_34414784 4 34414784 0.000423339410915858
S4_34471017 4 34471017 2.15990805414386e-12
S4_34480896 4 34480896 3.59545077220846e-06
S4_34520851 4 34520851 3.16163025051344e-05
S4_34562441 4 34562441 3.55016376756649e-06
S4_34562447 4 34562447 3.55016376756649e-06
S4_34577777 4 34577777 2.68337415159006e-06
S4_34578055 4 34578055 1.03993235294266e-05
S4_34620679 4 34620679 9.54549595849701e-07
S4_34699709 4 34699709 0.00057192427322122
S4_34810988 4 34810988 0.000333804273514838
S4_34828270 4 34828270 1.74073910847718e-05
S4_34833014 4 34833014 1.69480896078651e-05
S4_34886157 4 34886157 1.51566032950315e-06
S4_34915695 4 34915695 8.44373636361602e-06
S4_34961092 4 34961092 6.90584626021294e-06
S4_34961258 4 34961258 9.03839402937323e-05
S4_34961295 4 34961295 9.03839402937323e-05
S4_35034226 4 35034226 2.85909849076206e-05
S4_35045173 4 35045173 3.32132582238256e-05
S4_35052378 4 35052378 9.40684013804232e-05
S4_35067103 4 35067103 1.25476252248485e-05
S4_35083088 4 35083088 2.48476283507533e-05
S4_35145894 4 35145894 0.000546990886304253
S4_35211135 4 35211135 1.16996259646099e-05
S4_35221695 4 35221695 0.000513071532129913
S4_35287966 4 35287966 6.77163502022081e-05
S4_35305565 4 35305565 6.02560967408067e-06
S4_35537865 4 35537865 1.73466650804208e-06
S4_35564580 4 35564580 1.07505233105462e-06
S4_35580667 4 35580667 7.6972108898482e-05
S4_35616925 4 35616925 8.98681132183005e-06
S4_35652469 4 35652469 2.72495937390697e-06
S4_35652486 4 35652486 0.000199716001967448
S4_35652496 4 35652496 2.72495937390697e-06
S4_35713723 4 35713723 1.47267663201639e-07
S4_35744528 4 35744528 1.19722026283661e-05
S4_35774838 4 35774838 1.49333353578855e-06
S4_35787033 4 35787033 1.89323122501645e-05
S4_35787035 4 35787035 1.564188653897e-06
S4_35898944 4 35898944 6.12313223923859e-07
S4_35998737 4 35998737 1.83628815923885e-05
S4_36086608 4 36086608 6.23774738994227e-05
S4_36092525 4 36092525 2.86826728305481e-06
S4_36396187 4 36396187 7.06067908455686e-05
S4_36503955 4 36503955 0.000431700982469054
S4_36581990 4 36581990 1.72330207846279e-05
S4_36583034 4 36583034 9.6456169843908e-05
S4_36649109 4 36649109 5.00676230028546e-05
S4_36662966 4 36662966 7.09965368343271e-05
S4_36687325 4 36687325 5.71971164324421e-06
S4_36713954 4 36713954 2.32405373659473e-06
S4_36752429 4 36752429 0.000544936846087238
S4_36831871 4 36831871 0.000304705779833455
S4_36861571 4 36861571 0.000734361825620203
S4_36861574 4 36861574 0.000734361825620203
S4_36861776 4 36861776 1.10743016994726e-05
S4_36862514 4 36862514 5.33984389579564e-06
S4_36900316 4 36900316 0.000986563272471569
S4_36910512 4 36910512 3.75725786488919e-05
S4_36910513 4 36910513 3.75725786488919e-05
S4_36934778 4 36934778 1.77007714831334e-06
S4_36934797 4 36934797 6.10174672885024e-07
S4_36934982 4 36934982 2.46615613992848e-06
S4_36934988 4 36934988 2.46615613992848e-06
S4_36942082 4 36942082 0.000130329945388379
S4_36942141 4 36942141 1.01068266077989e-05
S4_36973081 4 36973081 3.34111000831684e-05
S4_36973324 4 36973324 2.86637349948567e-06
S4_36974108 4 36974108 0.000768427841579541
S4_37047701 4 37047701 2.047993663262e-05
S4_37081259 4 37081259 5.79948192924613e-05
S4_37081285 4 37081285 0.000108762079132451
S4_37106565 4 37106565 0.00023826703822764
S4_37106593 4 37106593 7.27196936855168e-06
S4_37106819 4 37106819 4.56611545143804e-06
S4_37160687 4 37160687 8.33736547622204e-06
S4_37185377 4 37185377 2.51701955064247e-06
S4_37231799 4 37231799 9.29263658467865e-06
S4_37235781 4 37235781 7.31459490735996e-06
S4_37256927 4 37256927 0.000958620033945946
S4_37325095 4 37325095 4.51286678545383e-06
S4_37337750 4 37337750 6.0851486292086e-06
S4_37363796 4 37363796 1.83871372480092e-06
S4_37363912 4 37363912 8.39770734590575e-08
S4_37364897 4 37364897 0.000437190213928468
S4_37364929 4 37364929 0.000540394592921807
S4_37368189 4 37368189 2.03562799137642e-05
S4_37371211 4 37371211 0.000248838697530848
S4_37372828 4 37372828 4.05854387820488e-06
S4_37407895 4 37407895 5.76696158388712e-05
S4_37407913 4 37407913 4.4362949694774e-05
S4_37408120 4 37408120 1.49364933517576e-07
S4_37413674 4 37413674 1.84419762566487e-06
S4_37450225 4 37450225 6.75441643985507e-06
S4_37450229 4 37450229 6.75441643985507e-06
S4_37541818 4 37541818 4.76242546366305e-06
S4_37562636 4 37562636 0.000957605662357439
S4_37572384 4 37572384 3.71034941751527e-06
S4_37572426 4 37572426 3.71034941751527e-06
S4_37577206 4 37577206 0.00018327479892347
S4_37585602 4 37585602 2.71216802443284e-06
S4_37604884 4 37604884 6.69589897206476e-05
S4_37626475 4 37626475 1.5823099818383e-05
S4_37626531 4 37626531 2.58097992297709e-08
S4_37626768 4 37626768 0.000218925890526836
S4_37643726 4 37643726 2.32111701450532e-06
S4_37679786 4 37679786 4.98535376352279e-06
S4_37867215 4 37867215 4.39368372477991e-07
S4_37868580 4 37868580 1.48070295011683e-05
S4_37868833 4 37868833 1.00124519975021e-05
S4_37913505 4 37913505 1.12948672807983e-05
S4_37944985 4 37944985 1.65038286876225e-05
S4_37945596 4 37945596 2.02365561003953e-05
S4_37952781 4 37952781 6.02726307487786e-06
S4_37957378 4 37957378 0.000274246125556174
S4_38067288 4 38067288 3.24549782192567e-05
S4_38162672 4 38162672 4.45530512761012e-06
S4_38166695 4 38166695 1.55445481210382e-05
S4_38166729 4 38166729 1.55445481210382e-05
S4_38167493 4 38167493 0.000130654576663268
S4_38167522 4 38167522 5.10008609930147e-05
S4_38167812 4 38167812 1.67244985914304e-05
S4_38200105 4 38200105 1.26112500959609e-06
S4_38245670 4 38245670 2.99559424616617e-05
S4_38284753 4 38284753 2.71425685812622e-06
S4_38312339 4 38312339 8.56963748133972e-06
S4_38312354 4 38312354 0.00030378681675946
S4_38350931 4 38350931 8.90472285782783e-06
S4_38356275 4 38356275 1.15792928936616e-05
S4_38381321 4 38381321 0.00012861460876055
S4_38472545 4 38472545 0.000718541891754198
S4_38472738 4 38472738 4.21126627559239e-05
S4_38472739 4 38472739 4.21126627559239e-05
S4_38475024 4 38475024 8.6350525264573e-06
S4_38482594 4 38482594 4.5430354017241e-06
S4_38482875 4 38482875 6.22123603816875e-05
S4_38543345 4 38543345 2.51363218995796e-05
S4_38577110 4 38577110 0.00029258884727367
S4_38586232 4 38586232 0.000127403779164565
S4_38647491 4 38647491 2.86945303627492e-06
S4_38648065 4 38648065 1.70233723888247e-05
S4_38648958 4 38648958 3.24009128883832e-06
S4_38691227 4 38691227 0.000912091300822433
S4_38691342 4 38691342 4.37699352133104e-05
S4_38691356 4 38691356 0.000229066158244143
S4_38696466 4 38696466 0.000610126632195267
S4_38696845 4 38696845 3.49775476547735e-05
S4_38804048 4 38804048 0.000671255997932389
S4_38882576 4 38882576 5.29951092622893e-06
S4_38983997 4 38983997 1.61635941416352e-12
S4_38992636 4 38992636 7.85404316036577e-06
S4_39035237 4 39035237 0.000367228185807635
S4_39105074 4 39105074 0.000229811881038284
S4_39181519 4 39181519 5.59452351690621e-05
S4_39220135 4 39220135 0.000514554884095568
S4_39220182 4 39220182 0.000470491893333639
S4_39277326 4 39277326 0.000368520742607011
S4_39302400 4 39302400 0.000200140378165247
S4_39327951 4 39327951 0.000978674413448977
S4_39349705 4 39349705 0.000106770048557056
S4_39349947 4 39349947 5.33746308676881e-05
S4_39376078 4 39376078 0.000847235010944338
S4_39379009 4 39379009 0.000300836371187635
S4_39379049 4 39379049 0.000300836371187635
S4_39382915 4 39382915 3.51421514686749e-06
S4_39391416 4 39391416 0.000102820843816801
S4_39419631 4 39419631 0.000273413139822239
S4_39463960 4 39463960 0.000109267339327034
S4_39517379 4 39517379 7.39110457606855e-05
S4_39522253 4 39522253 0.000288884403613163
S4_39522628 4 39522628 0.000955343322498549
S4_39545852 4 39545852 0.000347413483991695
S4_39644658 4 39644658 0.000541073316931333
S4_39669325 4 39669325 8.15387884029617e-06
S4_39669445 4 39669445 1.90069726453635e-06
S4_39671130 4 39671130 1.36763700389141e-05
S4_39671131 4 39671131 1.36763700389141e-05
S4_39683127 4 39683127 2.86427001411685e-05
S4_39692345 4 39692345 0.000642985102561888
S4_39693372 4 39693372 0.000806115296176012
S4_39698879 4 39698879 0.000825583768168685
S4_39698951 4 39698951 4.08869149288036e-08
S4_39699707 4 39699707 0.000425149360348988
S4_39715244 4 39715244 1.36299303822572e-06
S4_39801811 4 39801811 0.000204005594703888
S4_39802361 4 39802361 1.38534788849048e-08
S4_39877148 4 39877148 2.89977835608737e-05
S4_39879365 4 39879365 0.000209573559723407
S4_39879395 4 39879395 1.39382160817645e-06
S4_39879532 4 39879532 0.000351912375572716
S4_40017227 4 40017227 0.000728475910518843
S4_40018749 4 40018749 3.4654076837994e-09
S4_40019907 4 40019907 1.17856623780579e-05
S4_40052834 4 40052834 0.000289366431456923
S4_40054781 4 40054781 1.69342610311561e-05
S4_40174149 4 40174149 0.000559515210267726
S4_40265172 4 40265172 0.000494552634496555
S4_40310039 4 40310039 0.000158528101797198
S4_40329640 4 40329640 0.000216087475265056
S4_40329664 4 40329664 0.000328458047593009
S4_40349397 4 40349397 0.000202710191724162
S4_40374183 4 40374183 2.55851316666595e-06
S4_40388545 4 40388545 4.27066878090218e-05
S4_40388553 4 40388553 4.16382843218491e-05
S4_40409591 4 40409591 2.53056776729734e-06
S4_40418630 4 40418630 0.000249448723562468
S4_40441299 4 40441299 5.62188219618647e-05
S4_40444872 4 40444872 7.73909886792538e-07
S4_40473978 4 40473978 4.69766505954632e-07
S4_40620363 4 40620363 3.16865196731461e-05
S4_40629355 4 40629355 1.32769228655595e-06
S4_40629372 4 40629372 1.32769228655595e-06
S4_40637751 4 40637751 1.23860403894777e-05
S4_40652656 4 40652656 1.01387230050151e-05
S4_40652677 4 40652677 2.26225534412216e-06
S4_40657069 4 40657069 1.03368148086015e-05
S4_40657152 4 40657152 5.75553540554561e-05
S4_40675094 4 40675094 1.47056129366431e-05
S4_40675096 4 40675096 0.000111641904586449
S4_40713805 4 40713805 6.28404695373422e-06
S4_40726028 4 40726028 6.84536306746887e-05
S4_40747235 4 40747235 2.68051574533659e-05
S4_40777452 4 40777452 9.35070949969852e-07
S4_40777457 4 40777457 6.48443201907772e-06
S4_40828420 4 40828420 3.77789366924593e-05
S4_40840489 4 40840489 1.89021661448634e-05
S4_40840622 4 40840622 0.000123200205763692
S4_40840747 4 40840747 1.81988632082394e-05
S4_40842390 4 40842390 7.25701560464757e-06
S4_40863448 4 40863448 2.04176123359107e-06
S4_40863487 4 40863487 8.81577899531388e-06
S4_40863570 4 40863570 1.83582985256264e-05
S4_40894767 4 40894767 2.8547769905042e-06
S4_40923661 4 40923661 5.19409122568821e-06
S4_40923700 4 40923700 5.19409122568821e-06
S4_40923710 4 40923710 5.19409122568821e-06
S4_40932339 4 40932339 1.37939601664217e-05
S4_40934641 4 40934641 2.39268093705808e-05
S4_41024882 4 41024882 1.52797163310833e-06
S4_41075443 4 41075443 6.92841430915142e-05
S4_41087290 4 41087290 0.000286898263158347
S4_41100731 4 41100731 2.24197331451893e-05
S4_41100751 4 41100751 5.42826115679238e-05
S4_41100755 4 41100755 0.000168675017257042
S4_41107622 4 41107622 2.11910760542178e-12
S4_41109264 4 41109264 3.70204263799901e-05
S4_41123410 4 41123410 3.01905617974519e-05
S4_41150208 4 41150208 7.16455416377374e-07
S4_41150289 4 41150289 5.14618922431295e-05
S4_41199066 4 41199066 2.60728521820567e-06
S4_41206371 4 41206371 0.000155950894785565
S4_41206383 4 41206383 0.000155950894785565
S4_41206387 4 41206387 0.000155950894785565
S4_41206391 4 41206391 0.000155950894785565
S4_41235314 4 41235314 1.36195433550465e-06
S4_41262865 4 41262865 6.9027595343988e-05
S4_41266072 4 41266072 4.36432099891698e-06
S4_41287463 4 41287463 0.000111758886457897
S4_41287506 4 41287506 0.000101858395428523
S4_41291197 4 41291197 0.000716617609144751
S4_41291205 4 41291205 3.28241431876516e-06
S4_41307982 4 41307982 0.000256277429153137
S4_41347120 4 41347120 8.83941040310283e-06
S4_41347201 4 41347201 1.34082941774474e-05
S4_41347310 4 41347310 9.501653309517e-05
S4_41347364 4 41347364 3.18926879473233e-06
S4_41347387 4 41347387 3.38404169436297e-10
S4_41405575 4 41405575 7.69305717274025e-06
S4_41441418 4 41441418 2.03109682406174e-05
S4_41441434 4 41441434 2.03109682406174e-05
S4_41494129 4 41494129 6.02593759216088e-05
S4_41579793 4 41579793 2.10861082517437e-07
S4_41635792 4 41635792 1.28343841654109e-06
S4_41636791 4 41636791 1.97517054851627e-06
S4_41638067 4 41638067 2.13423507576295e-05
S4_41692307 4 41692307 1.76662494208752e-06
S4_41693716 4 41693716 9.77716566948244e-07
S4_41704321 4 41704321 2.21536112802812e-11
S4_41704343 4 41704343 2.21536112802812e-11
S4_41704351 4 41704351 2.2299806943252e-11
S4_41714239 4 41714239 1.86808145229463e-05
S4_41720079 4 41720079 4.80324797678994e-05
S4_41733668 4 41733668 5.36419475067023e-06
S4_41785267 4 41785267 1.42743889725905e-05
S4_41787603 4 41787603 2.4257495519423e-06
S4_41856409 4 41856409 9.60891279736645e-05
S4_41903713 4 41903713 1.68370238790959e-05
S4_41904910 4 41904910 0.000148113298650406
S4_41906661 4 41906661 0.000716042152476221
S4_41925666 4 41925666 1.20993604309012e-05
S4_41925929 4 41925929 4.50458402060308e-06
S4_41943804 4 41943804 0.000248104317216426
S4_42038526 4 42038526 1.15806043115283e-05
S4_42120995 4 42120995 3.51364459166799e-08
S4_42124179 4 42124179 6.21846218056768e-05
S4_42157523 4 42157523 2.72368680193642e-05
S4_42164167 4 42164167 9.13599232566738e-06
S4_42180032 4 42180032 0.000146824573272809
S4_42261895 4 42261895 2.29507261962393e-05
S4_42314297 4 42314297 3.87337927990024e-05
S4_42354958 4 42354958 0.000117047251379651
S4_42432959 4 42432959 0.000248035227451876
S4_42432960 4 42432960 0.0002480352274519
S4_42434521 4 42434521 6.02642815360085e-05
S4_42435033 4 42435033 2.20053805049789e-05
S4_42435231 4 42435231 0.000186170993265385
S4_42483463 4 42483463 4.63422745350172e-05
S4_42503051 4 42503051 1.9612732663614e-07
S4_42580087 4 42580087 0.000313448219904443
S4_42688209 4 42688209 5.30511228324416e-07
S4_42691244 4 42691244 0.00024038936151675
S4_42691271 4 42691271 0.00024038936151675
S4_42748160 4 42748160 0.000618903595802708
S4_42847520 4 42847520 2.17886295022877e-05
S4_42847710 4 42847710 2.51604785564038e-06
S4_42851098 4 42851098 9.93552118566313e-06
S4_42894106 4 42894106 2.21074217856345e-06
S4_42923838 4 42923838 3.58629196293832e-07
S4_42925113 4 42925113 1.04308377933356e-05
S4_42956163 4 42956163 2.70844959348451e-05
S4_42971808 4 42971808 1.38087004247958e-06
S4_42971817 4 42971817 1.02747296397471e-06
S4_42971876 4 42971876 1.24230088368621e-06
S4_42984643 4 42984643 9.81899336355612e-07
S4_42984719 4 42984719 2.30372042715207e-06
S4_43031374 4 43031374 7.56372051992738e-07
S4_43036975 4 43036975 2.54157696910262e-06
S4_43083438 4 43083438 2.0038758506428e-09
S4_43108934 4 43108934 0.000296780914459633
S4_43117053 4 43117053 0.000554791135471764
S4_43175893 4 43175893 1.66072435843747e-06
S4_43188167 4 43188167 0.000359655331930051
S4_43207909 4 43207909 0.000120363145003408
S4_43235638 4 43235638 2.55815870295889e-05
S4_43273309 4 43273309 1.45246713484388e-05
S4_43303310 4 43303310 0.00078457956460462
S4_43317602 4 43317602 5.2683257708337e-05
S4_43317746 4 43317746 0.000114745852679005
S4_43317760 4 43317760 0.00097217367665575
S4_43361394 4 43361394 0.000728644428323964
S4_43366392 4 43366392 0.000595857775887364
S4_43526404 4 43526404 0.000641647936403735
S4_43562398 4 43562398 4.850735857591e-05
S4_43562400 4 43562400 1.88806810989099e-05
S4_43859270 4 43859270 0.000188714613891983
S4_43859289 4 43859289 3.29929035048169e-05
S4_43927231 4 43927231 0.000903502934376899
S4_43999372 4 43999372 0.000659361800876541
S4_43999377 4 43999377 0.000980820471608147
S4_44318140 4 44318140 0.000113980268642441
S4_44339691 4 44339691 0.000328906927265907
S4_44525596 4 44525596 2.02180903339687e-11
S4_44633380 4 44633380 0.000235222162879962
S4_44735014 4 44735014 0.000839179084526036
S4_44798876 4 44798876 0.000276136182645557
S4_44894588 4 44894588 0.000346048944137964
S4_44916663 4 44916663 5.86928845675009e-05
S4_45048731 4 45048731 0.000307435939266979
S4_45115943 4 45115943 9.02318392201282e-06
S4_45115954 4 45115954 8.76621280972789e-06
S4_45474324 4 45474324 8.28687624743596e-06
S4_45474350 4 45474350 4.68119481781507e-06
S4_45726192 4 45726192 0.000976335064863391
S4_45732128 4 45732128 0.000259571925031886
S4_46065658 4 46065658 4.61406310752308e-05
S4_46228177 4 46228177 8.2686819440391e-05
S4_46228209 4 46228209 6.39525585978453e-05
S4_46254369 4 46254369 0.000683022157745899
S4_46275718 4 46275718 9.60903883116289e-05
S4_46275780 4 46275780 5.4520180509169e-05
S4_46315702 4 46315702 0.000550563455102298
S4_46315782 4 46315782 0.000127640304744623
S4_46377299 4 46377299 3.06140532878675e-05
S4_46378194 4 46378194 0.000276006728599522
S4_46410705 4 46410705 0.000234838790406799
S4_46432962 4 46432962 0.000194616540969087
S4_46437087 4 46437087 3.91449528515388e-05
S4_46438246 4 46438246 1.67567533926209e-05
S4_46500088 4 46500088 0.000174153488091533
S4_46612897 4 46612897 0.000190683318517003
S4_46618677 4 46618677 0.000251468182368098
S4_46652125 4 46652125 0.00014679326624031
S4_46656303 4 46656303 0.0004257276545848
S4_46664642 4 46664642 1.54729327806038e-05
S4_46904480 4 46904480 0.000285910806185323
S4_46911902 4 46911902 0.000888017651016922
S4_47197794 4 47197794 0.000163976120466577
S4_47427735 4 47427735 1.2780817377121e-05
S4_47428899 4 47428899 0.000119125551051051
S4_47430845 4 47430845 0.000807852893729041
S4_47430848 4 47430848 0.000807852893729041
S4_47443511 4 47443511 0.000259671365273272
S4_47704960 4 47704960 0.000578470251834499
S4_47704981 4 47704981 0.000578470251834499
S4_47748885 4 47748885 1.88571827044587e-05
S4_47750310 4 47750310 0.000942317579393348
S4_47750622 4 47750622 0.000963831943076466
S4_47753882 4 47753882 0.00051294080925076
S4_47753902 4 47753902 6.60313068237569e-05
S4_47753931 4 47753931 1.42067758734724e-05
S4_47797357 4 47797357 4.51990537909686e-07
S4_47981862 4 47981862 0.000582334280851179
S4_48000361 4 48000361 9.20424654601913e-07
S4_48082175 4 48082175 5.12158768368755e-05
S4_48214569 4 48214569 7.727511747071e-05
S4_48290790 4 48290790 6.00283132364256e-05
S4_48496079 4 48496079 0.000128057912440419
S4_48838160 4 48838160 0.000114913763673191
S4_48849057 4 48849057 0.000754863902705708
S4_49046494 4 49046494 6.12338194055889e-06
S4_49140287 4 49140287 8.68166471067387e-06
S4_49142094 4 49142094 0.000407422368338796
S4_49142255 4 49142255 0.000858308754685723
S4_49322350 4 49322350 2.89394288524701e-05
S4_49438481 4 49438481 0.000533144478562893
S4_49555670 4 49555670 8.3318135832269e-05
S4_49778803 4 49778803 0.00068864926779887
S4_49778805 4 49778805 0.000688649267798823
S4_49831558 4 49831558 0.00063474244829884
S4_49831560 4 49831560 0.000634742448298897
S4_49852892 4 49852892 2.04519347382472e-05
S4_49867234 4 49867234 0.000144479820362532
S4_49884048 4 49884048 3.02304879924049e-05
S4_49884390 4 49884390 8.58163729780231e-07
S4_49886161 4 49886161 1.79760307561016e-05
S4_49886174 4 49886174 8.91330918380403e-06
S4_49957043 4 49957043 0.000425494447856952
S4_49957044 4 49957044 0.000423324614523611
S4_49957048 4 49957048 0.000423324614523611
S4_49957049 4 49957049 0.000423324614523611
S4_49957050 4 49957050 0.000423324614523611
S4_49957053 4 49957053 0.000423324614523611
S4_49957054 4 49957054 0.000423324614523611
S4_49957060 4 49957060 0.000423324614523611
S4_49958352 4 49958352 0.000685696493659045
S4_49958371 4 49958371 0.000685696493659045
S4_49987798 4 49987798 1.516787657837e-07
S4_49987809 4 49987809 1.55634777609342e-07
S4_50043566 4 50043566 4.28755586439985e-06
S4_50052617 4 50052617 9.99619618941867e-06
S4_50085659 4 50085659 5.66535380854508e-07
S4_50220508 4 50220508 0.00011934355512197
S4_50220524 4 50220524 1.16168672909548e-05
S4_50241993 4 50241993 7.9393322879475e-06
S4_50367651 4 50367651 0.000276054329785721
S4_50368079 4 50368079 0.000262230873730083
S4_50368157 4 50368157 0.000857507027202666
S4_50488491 4 50488491 0.000230977433596499
S4_50504739 4 50504739 3.17979410556699e-07
S4_50504762 4 50504762 3.17979410556699e-07
S4_50523230 4 50523230 2.18474840572077e-07
S4_50532698 4 50532698 3.41265452362621e-05
S4_50532771 4 50532771 0.000143814340158102
S4_50542507 4 50542507 0.000590548167207692
S4_50562369 4 50562369 0.000280101770886719
S4_50562504 4 50562504 4.41985103156593e-05
S4_50562584 4 50562584 4.00919608485142e-05
S4_50608210 4 50608210 0.000111004405952999
S4_50708788 4 50708788 0.000350141293264618
S4_50827327 4 50827327 0.000229739579714128
S4_50832559 4 50832559 0.000895746413735609
S4_50832607 4 50832607 0.000895746413735609
S4_50868999 4 50868999 0.000339578303443664
S4_50891946 4 50891946 0.000128087500952755
S4_50908429 4 50908429 1.79061340453005e-05
S4_50908432 4 50908432 1.79061340453005e-05
S4_50986712 4 50986712 2.15024948500761e-05
S4_51031709 4 51031709 0.000696484017667207
S4_51032287 4 51032287 1.13153808653846e-05
S4_51032317 4 51032317 7.02586305627156e-09
S4_51108659 4 51108659 0.000479698011573889
S4_51116223 4 51116223 0.000725284760729394
S4_51137448 4 51137448 4.88924950130706e-05
S4_51138461 4 51138461 0.000527555250572223
S4_51186461 4 51186461 3.16821393541211e-06
S4_51207402 4 51207402 0.000248622520805442
S4_51220414 4 51220414 0.00023709888275539
S4_51221182 4 51221182 1.15806451545494e-09
S4_51262024 4 51262024 0.0001294857188586
S4_51342678 4 51342678 0.00016427388858155
S4_51355509 4 51355509 1.43682643263927e-06
S4_51386917 4 51386917 0.000370960910544106
S4_51387652 4 51387652 2.62036439985403e-05
S4_51483347 4 51483347 2.08349559058253e-06
S4_51643260 4 51643260 0.000872952961703649
S4_51659194 4 51659194 0.000810306403910238
S4_51659327 4 51659327 3.78573125890928e-05
S4_51676191 4 51676191 0.00055952126618253
S4_51745389 4 51745389 0.000259050524445775
S4_51760940 4 51760940 0.000185178866184961
S4_51795329 4 51795329 2.20441888725388e-05
S4_51855463 4 51855463 0.00033825028439022
S4_51855491 4 51855491 0.00053166715876855
S4_51909006 4 51909006 4.76972465200267e-05
S4_52003982 4 52003982 0.000322524672260008
S4_52006730 4 52006730 0.000669172669426881
S4_52039033 4 52039033 0.000606265318292603
S4_52039067 4 52039067 0.000354491992070809
S4_52076987 4 52076987 1.20730842451777e-06
S4_52114290 4 52114290 0.000180609912696721
S4_52114291 4 52114291 0.000180609912696721
S4_52114292 4 52114292 0.000180609912696721
S4_52120321 4 52120321 1.10624158747305e-06
S4_52157215 4 52157215 0.000546383116005572
S4_52157348 4 52157348 0.000170203402812369
S4_52158273 4 52158273 0.000386334307788981
S4_52204530 4 52204530 0.000142193134453338
S4_52218098 4 52218098 0.000249873352079247
S4_52267214 4 52267214 8.76210532317499e-05
S4_52359590 4 52359590 5.62439134511543e-05
S4_52378276 4 52378276 0.0006427888253949
S4_52412436 4 52412436 0.000820058949711943
S4_52424585 4 52424585 2.78892759193587e-05
S4_52425329 4 52425329 1.47660987255729e-05
S4_52539056 4 52539056 1.42054763112652e-05
S4_52598656 4 52598656 5.96698829149189e-06
S4_52619453 4 52619453 6.28715411356651e-05
S4_52620686 4 52620686 1.23809568878124e-06
S4_52675566 4 52675566 0.000215189514491057
S4_52940921 4 52940921 0.000680195402287655
S4_52942245 4 52942245 0.000825507053590742
S4_52958659 4 52958659 1.23327287244049e-05
S4_53082156 4 53082156 0.000354408410805703
S4_53148307 4 53148307 2.59446274730568e-06
S4_53148310 4 53148310 0.000101984735247018
S4_53148312 4 53148312 2.594462747306e-06
S4_53148316 4 53148316 2.43026125469534e-06
S4_53148317 4 53148317 2.594462747306e-06
S4_53237067 4 53237067 1.60811563315834e-05
S4_53238581 4 53238581 0.000322311672932189
S4_53249113 4 53249113 3.49747794630718e-05
S4_53259833 4 53259833 2.14373537829038e-08
S4_53259837 4 53259837 1.37216108908165e-09
S4_53259840 4 53259840 6.71448725613924e-06
S4_53264842 4 53264842 9.78271890655626e-05
S4_53293052 4 53293052 1.1052695976837e-05
S4_53321167 4 53321167 0.00022535423922112
S4_53321190 4 53321190 0.00022535423922112
S4_53371390 4 53371390 3.3621080502298e-06
S4_53371396 4 53371396 3.84756402660142e-06
S4_53397964 4 53397964 0.000712435712775005
S4_53414119 4 53414119 1.38202216236933e-05
S4_53434909 4 53434909 0.000394809528522067
S4_53520485 4 53520485 0.000735669464056955
S4_53529580 4 53529580 2.6043077677994e-05
S4_53529603 4 53529603 2.6043077677994e-05
S4_53532473 4 53532473 1.00312979573479e-05
S4_53532512 4 53532512 0.000224870880643185
S4_53536901 4 53536901 0.000250486962380305
S4_53666516 4 53666516 0.000517175778909057
S4_53669090 4 53669090 0.000266161200997208
S4_53677697 4 53677697 8.36616252404934e-05
S4_53809252 4 53809252 7.38497039647803e-06
S4_53911425 4 53911425 0.000101326452802004
S4_53935620 4 53935620 1.48259314135498e-06
S4_54028831 4 54028831 0.000139385019425309
S4_54038617 4 54038617 0.00096959468506868
S4_54038620 4 54038620 0.00096959468506868
S4_54065632 4 54065632 4.34556645781297e-05
S4_54067356 4 54067356 3.15984619139722e-05
S4_54067358 4 54067358 3.15984619139691e-05
S4_54067384 4 54067384 3.15984619139722e-05
S4_54074286 4 54074286 0.000748409498185158
S4_54114630 4 54114630 0.000777973745556555
S4_54117544 4 54117544 6.60018763176716e-05
S4_54117545 4 54117545 6.60018763176716e-05
S4_54117549 4 54117549 0.000172175313159802
S4_54117552 4 54117552 6.60018763176716e-05
S4_54117553 4 54117553 6.60018763176716e-05
S4_54129547 4 54129547 6.67129434576015e-05
S4_54145966 4 54145966 1.53534086691439e-05
S4_54157098 4 54157098 5.05777141999274e-06
S4_54209679 4 54209679 1.49089219308994e-05
S4_54221087 4 54221087 0.000163359340075563
S4_54242218 4 54242218 1.45810223820362e-06
S4_54242252 4 54242252 1.45810223820362e-06
S4_54244514 4 54244514 0.000947948938327085
S4_54319161 4 54319161 0.000138421126060307
S4_54319181 4 54319181 0.000138421126060307
S4_54374661 4 54374661 0.000138099465978455
S4_54374674 4 54374674 6.421635046948e-05
S4_54374701 4 54374701 0.000222627084080942
S4_54374880 4 54374880 1.9455834133286e-09
S4_54395822 4 54395822 8.41704735623477e-05
S4_54577531 4 54577531 3.19084442754034e-06
S4_54606901 4 54606901 0.000212972701931123
S4_54628523 4 54628523 4.78380165016865e-06
S4_54735579 4 54735579 2.00850487132576e-06
S4_54746254 4 54746254 0.000810239724016315
S4_54746284 4 54746284 0.000810239724016315
S4_54779547 4 54779547 2.96026900168683e-06
S4_54784800 4 54784800 0.000205451977373378
S4_54808791 4 54808791 4.28786705516258e-06
S4_54808792 4 54808792 4.28786705516258e-06
S4_54815298 4 54815298 6.01572397454697e-05
S4_54815300 4 54815300 6.01572397454453e-05
S4_54815304 4 54815304 6.01572397454453e-05
S4_54815335 4 54815335 6.01572397454453e-05
S4_54962712 4 54962712 3.95443781770692e-05
S4_55046856 4 55046856 1.4084879318332e-05
S4_55078469 4 55078469 6.26500641013967e-05
S4_55087306 4 55087306 9.67963634691996e-05
S4_55090149 4 55090149 0.000173863826475473
S4_55108413 4 55108413 0.000204690648918169
S4_55108434 4 55108434 0.000204690648918169
S4_55110609 4 55110609 4.71311812611988e-05
S4_55203005 4 55203005 5.43209893862051e-06
S4_55243712 4 55243712 8.73798589223004e-06
S4_55395356 4 55395356 5.76314054322461e-06
S4_55414126 4 55414126 1.35212403623056e-05
S4_55430478 4 55430478 0.000159370639891823
S4_55474005 4 55474005 1.12633845784022e-07
S4_55476927 4 55476927 0.000346167172707194
S4_55476928 4 55476928 0.000346167172707194
S4_55484515 4 55484515 0.000153018025271784
S4_55505498 4 55505498 4.29408323246451e-05
S4_55586018 4 55586018 0.000268763660892042
S4_55627478 4 55627478 1.54874766881595e-05
S4_55690862 4 55690862 0.00020594483913824
S4_55703152 4 55703152 2.4644688402274e-05
S4_55703153 4 55703153 2.4644688402274e-05
S4_55703157 4 55703157 4.17625808658056e-07
S4_55712804 4 55712804 9.58856723943337e-06
S4_55712811 4 55712811 9.58856723943337e-06
S4_55712825 4 55712825 9.58856723943337e-06
S4_55713856 4 55713856 2.68624849891407e-06
S4_55717890 4 55717890 8.5163054425574e-05
S4_55731776 4 55731776 1.15296630677348e-06
S4_55758456 4 55758456 9.11514068350049e-08
S4_55761807 4 55761807 4.00576408283893e-05
S4_55769473 4 55769473 2.50997987413214e-06
S4_55852342 4 55852342 0.000645389391599492
S4_55890632 4 55890632 1.10841365174495e-06
S4_55902967 4 55902967 2.79652179378436e-09
S4_55942973 4 55942973 9.42200419619201e-06
S4_55943017 4 55943017 1.10482323322888e-10
S4_55956723 4 55956723 3.04783125936289e-07
S4_55957789 4 55957789 9.70791150595524e-07
S4_55986764 4 55986764 2.16655729238345e-05
S4_55987994 4 55987994 0.000116247829400511
S4_55992865 4 55992865 8.02922506136036e-05
S4_56011643 4 56011643 0.000666132330482685
S4_56017039 4 56017039 1.60132481853082e-05
S4_56028483 4 56028483 0.000377342243706008
S4_56058290 4 56058290 0.000930593352753141
S4_56086813 4 56086813 5.29589507639579e-05
S4_56105112 4 56105112 0.000831453315720304
S4_56105339 4 56105339 7.82104804124306e-05
S4_56135440 4 56135440 0.000231951293821133
S4_56163245 4 56163245 0.000210522560177589
S4_56163373 4 56163373 3.23233617452797e-05
S4_56163404 4 56163404 1.33986373187846e-05
S4_56163413 4 56163413 1.7249587229148e-05
S4_56240286 4 56240286 1.60530401504069e-05
S4_56287086 4 56287086 0.000975740955231963
S4_56327989 4 56327989 0.000761212264862055
S4_56367870 4 56367870 2.66284636089086e-05
S4_56369678 4 56369678 2.65949630336796e-05
S4_56381186 4 56381186 0.000386964413864858
S4_56472367 4 56472367 0.000289795011298093
S4_56503030 4 56503030 5.17610592287773e-06
S4_56513895 4 56513895 3.66530339879718e-08
S4_56513918 4 56513918 1.4513809278982e-06
S4_56513991 4 56513991 0.000199622764933063
S4_56570575 4 56570575 0.000103527535503891
S4_56738214 4 56738214 6.41188363454689e-05
S4_56782021 4 56782021 4.20078361591396e-08
S4_56782112 4 56782112 8.8923598916855e-05
S4_56782118 4 56782118 8.8923598916855e-05
S4_56833871 4 56833871 0.000350745555855453
S4_56834014 4 56834014 0.000153299467567201
S4_56835894 4 56835894 3.06322228100405e-06
S4_56884772 4 56884772 1.13728611832506e-05
S4_56884780 4 56884780 3.63535002756931e-09
S4_56899288 4 56899288 0.000173808493670075
S4_56906485 4 56906485 0.000172477813650215
S4_56979298 4 56979298 0.000807349393672908
S4_57084461 4 57084461 1.09740654648856e-06
S4_57144483 4 57144483 4.32954530288378e-05
S4_57205584 4 57205584 2.8466182597223e-05
S4_57210902 4 57210902 9.95631880156502e-05
S4_57280098 4 57280098 7.39670833016631e-08
S4_57281237 4 57281237 1.96246979939826e-05
S4_57281700 4 57281700 1.12582162415203e-05
S4_57281765 4 57281765 0.000308009307752919
S4_57282760 4 57282760 4.11770607104091e-05
S4_57334451 4 57334451 0.000192792149699804
S4_57353476 4 57353476 0.000220443353234415
S4_57403004 4 57403004 8.22576855327853e-05
S4_57408407 4 57408407 5.76765204392072e-05
S4_57525719 4 57525719 2.11756096654517e-06
S4_57555884 4 57555884 0.000643122498369441
S4_57563469 4 57563469 0.000563025873893544
S4_57563481 4 57563481 0.000563025873893544
S4_57597497 4 57597497 2.82459615930495e-05
S4_57656877 4 57656877 8.67238118753697e-05
S4_57657964 4 57657964 0.000552691670480563
S4_57670576 4 57670576 3.52156197911748e-05
S4_57710122 4 57710122 0.000805902214452725
S4_57729596 4 57729596 4.13756956370712e-05
S4_57934121 4 57934121 0.000258122154950153
S4_57934628 4 57934628 0.000500574748325958
S4_57939566 4 57939566 0.000369848366063935
S4_57947350 4 57947350 0.000759427838148149
S4_58094416 4 58094416 0.000160038774260973
S4_58287076 4 58287076 8.55431874386768e-05
S4_58323127 4 58323127 7.23178231785872e-05
S4_58337794 4 58337794 2.76785781727375e-09
S4_58367865 4 58367865 0.000153245473511858
S4_58367868 4 58367868 0.000153245473511858
S4_58394706 4 58394706 0.00077161725027245
S4_58394726 4 58394726 0.00077161725027245
S4_58394750 4 58394750 0.00077161725027245
S4_58458043 4 58458043 0.000245948515911592
S4_58496567 4 58496567 6.72555924578784e-06
S4_58496579 4 58496579 0.000707576355150683
S4_58587004 4 58587004 8.40586417951371e-05
S4_58606167 4 58606167 7.77719344494286e-06
S4_58632066 4 58632066 2.791071043952e-05
S4_58650058 4 58650058 0.000482713919258821
S4_58835791 4 58835791 0.000680549995484369
S4_58839942 4 58839942 0.000206968346897337
S4_58841640 4 58841640 7.19096102856749e-05
S4_58886187 4 58886187 3.90670021140689e-05
S4_58894766 4 58894766 0.000115819250366532
S4_58936019 4 58936019 2.48305161731725e-05
S4_58937823 4 58937823 0.00017849940615342
S4_58938655 4 58938655 3.99249619845679e-06
S4_59045706 4 59045706 0.000294218652070158
S4_59060496 4 59060496 0.000211946155539261
S4_59060954 4 59060954 4.36531062026592e-05
S4_59070631 4 59070631 3.0872454104998e-05
S4_59070783 4 59070783 0.000300554135268327
S4_59070803 4 59070803 0.000300554135268308
S4_59080332 4 59080332 0.000145900340936726
S4_59238093 4 59238093 0.000397444971723907
S4_59389156 4 59389156 0.000631112764803302
S4_59389176 4 59389176 0.000631112764803302
S4_59420587 4 59420587 4.99703143288714e-05
S4_59422719 4 59422719 0.000395264796027649
S4_59583876 4 59583876 0.000126757470525716
S4_59692314 4 59692314 8.03177775682896e-07
S4_59722755 4 59722755 0.000114093792130248
S4_59752580 4 59752580 2.17753063843534e-05
S4_59765810 4 59765810 4.92352421626723e-05
S4_59794280 4 59794280 5.28714141209145e-05
S4_59794309 4 59794309 0.0001537728887328
S4_59794310 4 59794310 0.000153772888732786
S4_59794671 4 59794671 6.30761967396153e-07
S4_59803058 4 59803058 0.000284345894802226
S4_59819488 4 59819488 2.57200736728936e-05
S4_59841659 4 59841659 0.000212085715374634
S4_59956915 4 59956915 1.3815097577373e-05
S4_60016544 4 60016544 0.000494361349474052
S4_60108657 4 60108657 6.60074919128633e-05
S4_60241995 4 60241995 5.27733401143711e-06
S4_60326084 4 60326084 1.3240001071979e-10
S4_60431920 4 60431920 1.34841979529065e-05
S4_60490328 4 60490328 5.40803706087596e-06
S4_60522449 4 60522449 0.000329427957654821
S4_60522497 4 60522497 0.000294966535706865
S4_60590873 4 60590873 0.000585921905745955
S4_60615671 4 60615671 9.45668649718371e-05
S4_60665834 4 60665834 7.11156745158942e-05
S4_60702488 4 60702488 0.000205160341001129
S4_60702778 4 60702778 0.000758935911951032
S4_60706875 4 60706875 4.45708035377368e-05
S4_60722433 4 60722433 0.000159117409201043
S4_60764124 4 60764124 7.09327777857725e-05
S4_60788421 4 60788421 4.21681668267497e-05
S4_60793828 4 60793828 0.000649193788414267
S4_60800616 4 60800616 3.91232173390221e-05
S4_60825439 4 60825439 2.25556535630036e-05
S4_60834107 4 60834107 0.000184063655501455
S4_60935635 4 60935635 0.000159749986586285
S4_60956223 4 60956223 5.4959809284491e-07
S4_60983145 4 60983145 0.000296706852244236
S4_60983163 4 60983163 0.000424013221803482
S4_60985868 4 60985868 0.000113872275962985
S4_61060973 4 61060973 1.75511231612129e-06
S4_61067696 4 61067696 8.40114470597003e-05
S4_61179958 4 61179958 7.27626074012455e-05
S4_61213397 4 61213397 8.2360131731389e-05
S4_61232209 4 61232209 4.42568319573659e-05
S4_61357629 4 61357629 1.90644069643533e-05
S4_61442155 4 61442155 0.000247593795208687
S4_61490424 4 61490424 0.000144256656702282
S4_61549199 4 61549199 9.61574689532312e-05
S4_61549219 4 61549219 1.66694870463027e-05
S4_61549229 4 61549229 9.61574689532312e-05
S4_61551730 4 61551730 1.57861368143663e-05
S4_61551731 4 61551731 1.57861368143652e-05
S4_61566860 4 61566860 3.34151452786938e-05
S4_61605826 4 61605826 8.54919209196935e-05
S4_61607486 4 61607486 0.000105569916350479
S4_61622746 4 61622746 6.03176806853943e-06
S4_61686098 4 61686098 0.000277340161196315
S4_61710866 4 61710866 9.4320885558333e-05
S4_61739617 4 61739617 0.000170504974850925
S4_61765931 4 61765931 0.000732108332844361
S4_61766700 4 61766700 0.000282282034164496
S4_61774910 4 61774910 9.29496701035414e-05
S4_61774913 4 61774913 9.29496701035414e-05
S4_61775292 4 61775292 0.000292727290218838
S4_61776542 4 61776542 0.000196307888718122
S4_61832136 4 61832136 5.57259506834283e-05
S4_62039147 4 62039147 0.000837200855370521
S4_62047686 4 62047686 1.76712209496208e-06
S4_62095325 4 62095325 0.00019671774769187
S4_62142639 4 62142639 1.2922842874319e-06
S4_62143570 4 62143570 0.000328642602722876
S4_62176722 4 62176722 1.7211223100677e-05
S4_62176724 4 62176724 1.73591182128461e-05
S4_62195064 4 62195064 0.000319516458571936
S4_62200154 4 62200154 0.000166037105034645
S4_62200407 4 62200407 6.94194295896291e-06
S4_62226861 4 62226861 0.000870224070340306
S4_62227084 4 62227084 9.06816084647836e-06
S4_62282528 4 62282528 0.000967851760038658
S4_62359285 4 62359285 0.000109139040718965
S4_62386086 4 62386086 6.2487002818686e-05
S4_62525276 4 62525276 0.000266513736922239
S4_62580016 4 62580016 0.000367827093063799
S4_62774301 4 62774301 0.000561114370989227
S4_62881021 4 62881021 7.76659427523607e-06
S4_62881486 4 62881486 0.00022955424106375
S4_62914637 4 62914637 0.00035772362821144
S4_62921425 4 62921425 3.91677143356412e-06
S4_62959043 4 62959043 3.1848640587253e-05
S4_62959047 4 62959047 3.1848640587253e-05
S4_62979616 4 62979616 0.000197158162019871
S4_63030062 4 63030062 1.74157828762499e-05
S4_63046427 4 63046427 3.3147448048193e-05
S4_63046451 4 63046451 0.000465688497697595
S4_63065320 4 63065320 3.13499278167756e-10
S4_63132015 4 63132015 1.46430533417089e-05
S4_63253277 4 63253277 0.000139552452284389
S4_63307081 4 63307081 0.000631424799213192
S4_63313348 4 63313348 3.43786832913363e-05
S4_63342973 4 63342973 8.85103778215413e-05
S4_63355623 4 63355623 0.000176356296957022
S4_63449321 4 63449321 0.000367779915687174
S4_63590292 4 63590292 4.99335693053896e-05
S4_63658824 4 63658824 0.000951340321647116
S4_63712747 4 63712747 0.000194587995700783
S4_63725441 4 63725441 7.53108354145996e-05
S4_63731295 4 63731295 0.000777548026031666
S4_63731296 4 63731296 1.39402414896456e-06
S4_63762025 4 63762025 0.000429225590828849
S4_63786833 4 63786833 0.000137603960437849
S4_63832968 4 63832968 0.000523449817504787
S4_63949138 4 63949138 0.000155851113730646
S4_64012383 4 64012383 1.20843598675928e-05
S4_64012384 4 64012384 1.17723016889212e-05
S4_64027623 4 64027623 4.92354109117128e-05
S4_64027626 4 64027626 7.03136383724292e-07
S4_64056069 4 64056069 3.99554948642341e-06
S4_64057961 4 64057961 2.16427964454323e-05
S4_64064058 4 64064058 5.57944356798948e-05
S4_64071611 4 64071611 0.000513675378437569
S4_64071648 4 64071648 0.000260606648651401
S4_64071650 4 64071650 0.000423414684876443
S4_64100022 4 64100022 1.88658072463617e-05
S4_64228118 4 64228118 3.69690253878215e-05
S4_64248700 4 64248700 0.000235270753503692
S4_64305427 4 64305427 0.000198431301979267
S4_64335603 4 64335603 0.000157733937186364
S4_64365351 4 64365351 0.000995465927228864
S4_64368219 4 64368219 7.83614968405214e-05
S4_64414690 4 64414690 0.00013003390283088
S4_64423245 4 64423245 0.000853121066933735
S4_64439487 4 64439487 1.68044826068149e-05
S4_64552851 4 64552851 0.000252618355513118
S4_64574942 4 64574942 0.000103809586183717
S4_64602874 4 64602874 0.000419732334624921
S4_64602875 4 64602875 0.000419732334624921
S4_64606484 4 64606484 1.08828890434213e-07
S4_64610700 4 64610700 0.000335807531004237
S4_64659882 4 64659882 0.000362170000637718
S4_64709655 4 64709655 6.54941826815979e-06
S4_64749198 4 64749198 5.83542900131701e-07
S4_64756916 4 64756916 0.000881585414466702
S4_64757740 4 64757740 8.80741424647758e-07
S4_64757765 4 64757765 0.00080626738061828
S4_64758068 4 64758068 3.15281845214711e-05
S4_64758069 4 64758069 1.6826264787721e-05
S4_64776259 4 64776259 0.000502433579447796
S4_64868665 4 64868665 0.000222324180386275
S4_64873509 4 64873509 5.26028370500687e-06
S4_64919745 4 64919745 0.000287206649830752
S4_65091343 4 65091343 0.00085328395617546
S4_65128964 4 65128964 2.07204307183326e-05
S4_65178225 4 65178225 0.000775191667277089
S4_65179207 4 65179207 0.000128171773247875
S4_65179209 4 65179209 0.000941322650522943
S4_65200746 4 65200746 9.67867345075976e-06
S4_65227089 4 65227089 1.28168034805837e-05
S4_65227090 4 65227090 1.32988979553847e-05
S4_65227125 4 65227125 0.000144197757359896
S4_65227341 4 65227341 8.01631626887144e-06
S4_65227667 4 65227667 0.000689717647780037
S4_65237363 4 65237363 0.000174027182274043
S4_65237368 4 65237368 0.000174027182274043
S4_65248469 4 65248469 3.61011959173598e-05
S4_65405069 4 65405069 0.000458804213206498
S4_65411831 4 65411831 0.000410588829795104
S4_65415935 4 65415935 2.31683986394052e-06
S4_65449742 4 65449742 0.000337612477334041
S4_65463585 4 65463585 0.000272015672094806
S4_65463658 4 65463658 0.000802605879861974
S4_65464222 4 65464222 0.000170376611926592
S4_65475072 4 65475072 3.83556948341383e-06
S4_65476720 4 65476720 1.69843769761462e-05
S4_65483570 4 65483570 0.000664688867698361
S4_65486404 4 65486404 0.00074990953523532
S4_65495388 4 65495388 0.000408865450252489
S4_65520229 4 65520229 2.32486162998756e-05
S4_65520232 4 65520232 2.32486162998756e-05
S4_65520235 4 65520235 2.32486162998756e-05
S4_65530407 4 65530407 0.000978366408005755
S4_65530428 4 65530428 0.000173156307584868
S4_65542329 4 65542329 0.000347621251173941
S4_65559886 4 65559886 0.000472199765074355
S4_65559889 4 65559889 0.000472199765074355
S4_65599340 4 65599340 2.23258818369062e-05
S4_65653487 4 65653487 5.12757419693657e-08
S4_65656370 4 65656370 2.48615391984581e-05
S4_65668810 4 65668810 0.000207191970161109
S4_65668814 4 65668814 6.39035483092111e-05
S4_65678951 4 65678951 0.000232840176635482
S4_65678966 4 65678966 0.000699130193858289
S4_65727247 4 65727247 4.74084029647595e-05
S4_65772612 4 65772612 6.29650953221843e-05
S4_65842843 4 65842843 0.000110484669516111
S4_65843183 4 65843183 0.000151201177268872
S4_65848063 4 65848063 2.92694745830336e-05
S4_65854730 4 65854730 4.76505019944413e-05
S4_65910712 4 65910712 0.00029782373967298
S4_65964097 4 65964097 4.54197238110038e-05
S4_66015019 4 66015019 0.000582463604521321
S4_66263065 4 66263065 0.000377690462895218
S4_66266090 4 66266090 0.000212037719200929
S4_66302971 4 66302971 0.000251165263675592
S4_66334857 4 66334857 2.35857914518893e-05
S4_66334885 4 66334885 2.35857914518893e-05
S4_66346552 4 66346552 0.00080754202520847
S4_66347755 4 66347755 0.000274606407693002
S4_66349831 4 66349831 5.13203973638239e-05
S4_66351361 4 66351361 1.0331500093224e-05
S4_66359907 4 66359907 4.47677127708408e-05
S4_66363016 4 66363016 3.52325811886136e-05
S4_66363900 4 66363900 0.000361829746687723
S4_66398511 4 66398511 7.73811554424625e-05
S4_66441024 4 66441024 0.000132415582644398
S4_66441281 4 66441281 0.000200922364901279
S4_66498596 4 66498596 0.00019433751899974
S4_66518698 4 66518698 0.000129100942969061
S4_66539638 4 66539638 4.18027022671388e-06
S4_66539947 4 66539947 0.000440271885030057
S4_66700132 4 66700132 1.32213936368577e-06
S4_66700158 4 66700158 5.31001119095101e-05
S4_66700375 4 66700375 1.01205493214606e-05
S4_66700790 4 66700790 0.000779425090531454
S4_66700804 4 66700804 0.000120237491717627
S4_66700805 4 66700805 0.00012023749171764
S4_66731297 4 66731297 9.87908573818059e-07
S4_66747353 4 66747353 0.000183199417936591
S4_66773096 4 66773096 0.000633145605470899
S4_66796239 4 66796239 0.000228599610619338
S4_66812925 4 66812925 0.000247987276530325
S4_66812927 4 66812927 0.000143329116368515
S4_66812929 4 66812929 0.000295255546508012
S4_66857626 4 66857626 7.39367747183996e-05
S4_66864753 4 66864753 0.000624608982096502
S4_66864820 4 66864820 7.11744030805167e-06
S4_66878578 4 66878578 1.39633605483023e-06
S4_66883845 4 66883845 0.000797675425002986
S4_66902922 4 66902922 4.32089579559722e-07
S4_66915325 4 66915325 0.000509240841260501
S4_66957175 4 66957175 0.000420464186375726
S4_66982172 4 66982172 0.000277953918513287
S4_66999219 4 66999219 0.000240480748864495
S4_67021858 4 67021858 4.17349824061425e-05
S4_67089049 4 67089049 0.000478397423006243
S4_67136153 4 67136153 9.3947413553206e-05
S4_67138386 4 67138386 0.000206829473607854
S4_67140172 4 67140172 9.00570810001887e-05
S4_67140297 4 67140297 0.000149940469216539
S4_67140318 4 67140318 0.000149940469216539
S4_67160265 4 67160265 0.000451876323144261
S4_67168232 4 67168232 0.000459386568492681
S4_67168240 4 67168240 0.000457514724680636
S4_67168251 4 67168251 0.000459386568492681
S4_67172623 4 67172623 1.68078657577094e-06
S4_67175100 4 67175100 1.69885652890709e-10
S4_67175975 4 67175975 5.60839706217919e-06
S4_67222962 4 67222962 4.51612588349629e-05
S4_67224316 4 67224316 0.00086707007376099
S4_67242522 4 67242522 0.000857844248487973
S4_67255988 4 67255988 0.000217589791842238
S4_67292348 4 67292348 0.000957911799780111
S4_67292353 4 67292353 0.000349349935900236
S4_67340158 4 67340158 0.000757819791441002
S4_67344292 4 67344292 3.51457145808664e-05
S4_67370006 4 67370006 5.64719640238984e-07
S4_67386825 4 67386825 0.000301074304239768
S4_67389308 4 67389308 5.6706864769453e-06
S4_67391896 4 67391896 7.86952393167969e-05
S4_67391932 4 67391932 7.55488596209834e-05
S4_67397248 4 67397248 3.05332874822599e-05
S4_67406111 4 67406111 0.000973125700867053
S4_67410960 4 67410960 1.72808774984427e-05
S4_67411232 4 67411232 2.92199153637122e-05
S4_67412897 4 67412897 0.000778212917526384
S4_67429106 4 67429106 0.000174270135934146
S4_67474283 4 67474283 0.000309953906551712
S4_67516542 4 67516542 0.000673097318240403
S4_67545023 4 67545023 6.18321614200449e-05
S4_67553055 4 67553055 1.78552582709746e-06
S4_67553302 4 67553302 9.76185662964909e-06
S4_67557060 4 67557060 0.000483973363010713
S4_67563964 4 67563964 0.000513118369894719
S4_67592031 4 67592031 6.66298861580699e-05
S4_67597711 4 67597711 0.000650298960150798
S4_67597712 4 67597712 0.000180660752387211
S4_67598478 4 67598478 0.000189435479826882
S4_67617787 4 67617787 0.000252941662791842
S4_67618597 4 67618597 0.000147248987150866
S4_67627523 4 67627523 0.000115151054026849
S4_67645879 4 67645879 2.87116866996863e-06
S4_67646174 4 67646174 4.66926196604471e-05
S4_67646234 4 67646234 0.000628953690557028
S4_67665759 4 67665759 6.50648025294083e-05
S4_67710101 4 67710101 4.2398705108881e-05
S4_67744818 4 67744818 6.57411424799168e-05
S4_67782096 4 67782096 0.000131641696396845
S4_67843059 4 67843059 2.65856870508354e-05
S4_67852481 4 67852481 1.03723516299335e-05
