Marker Chr Pos p
S10_133268 10 133268 0.000312311667625211
S10_268423 10 268423 0.000420969372550783
S10_413153 10 413153 8.61425090242675e-05
S10_413315 10 413315 0.000306375611827757
S10_429997 10 429997 0.000499643765241377
S10_577756 10 577756 1.66354928456682e-05
S10_584743 10 584743 0.00069967384400809
S10_585064 10 585064 0.000149330576767331
S10_585088 10 585088 0.000149330576767331
S10_678997 10 678997 0.000319117398396576
S10_679033 10 679033 0.000319117398396537
S10_715203 10 715203 0.000134188556782245
S10_724504 10 724504 9.48366469576241e-07
S10_724612 10 724612 1.445299091589e-07
S10_724875 10 724875 0.000155095156744748
S10_758136 10 758136 1.13254590447038e-05
S10_762368 10 762368 0.000160968635002599
S10_972047 10 972047 0.000486968814122075
S10_973220 10 973220 0.00030981328116042
S10_1017100 10 1017100 0.000355139144931138
S10_1017399 10 1017399 0.000190786489236166
S10_1032941 10 1032941 7.1961173498513e-05
S10_1032956 10 1032956 7.1961173498513e-05
S10_1035012 10 1035012 3.70918591859476e-05
S10_1035017 10 1035017 3.70918591859476e-05
S10_1035048 10 1035048 3.70918591859476e-05
S10_1035066 10 1035066 3.70918591859476e-05
S10_1052756 10 1052756 0.000284016195286262
S10_1068954 10 1068954 0.000921594138094995
S10_1076009 10 1076009 7.96253475126787e-05
S10_1079281 10 1079281 0.000592748144231429
S10_1085640 10 1085640 5.49795898764487e-07
S10_1115702 10 1115702 0.000732414224196869
S10_1116782 10 1116782 5.13532404574982e-05
S10_1116797 10 1116797 5.13532404574982e-05
S10_1116805 10 1116805 5.13532404574982e-05
S10_1117563 10 1117563 4.24146448976812e-05
S10_1156646 10 1156646 1.69685170216907e-07
S10_1156686 10 1156686 7.52751698956478e-06
S10_1158647 10 1158647 6.97701637104183e-05
S10_1158670 10 1158670 6.19380727493028e-05
S10_1158701 10 1158701 2.34471059401875e-05
S10_1209267 10 1209267 1.76948842014442e-05
S10_1234408 10 1234408 0.000705289277464504
S10_1234416 10 1234416 0.000705289277464504
S10_1234600 10 1234600 0.000912181849968719
S10_1245034 10 1245034 0.000773129011977236
S10_1372821 10 1372821 0.000174995792169185
S10_1398536 10 1398536 8.57950604829981e-05
S10_1427741 10 1427741 0.00021136877339482
S10_1427743 10 1427743 0.00021136877339482
S10_1427766 10 1427766 0.000752840530137855
S10_1509111 10 1509111 0.000939569510976289
S10_1509645 10 1509645 0.000188142309918453
S10_1509662 10 1509662 0.000142335379358393
S10_1509825 10 1509825 0.000240662372030506
S10_1526026 10 1526026 0.000182408355469148
S10_1571452 10 1571452 0.000150650015322986
S10_1615817 10 1615817 0.000539483012560445
S10_1617546 10 1617546 0.000658001973296567
S10_1617577 10 1617577 0.000629705624793436
S10_1651361 10 1651361 0.000748767772268583
S10_1651372 10 1651372 0.000280912745785349
S10_1651428 10 1651428 0.000203814883067476
S10_1652924 10 1652924 0.000854944842471958
S10_1652953 10 1652953 0.00043098891735936
S10_1805148 10 1805148 1.71311385463655e-05
S10_1806412 10 1806412 2.82811014579604e-06
S10_1808417 10 1808417 5.31402140900143e-05
S10_1821113 10 1821113 0.000757493301803367
S10_1903810 10 1903810 0.000371971323469207
S10_1916532 10 1916532 0.000417023619566458
S10_1946221 10 1946221 0.000943588182242189
S10_2305787 10 2305787 0.000320271654692416
S10_2322850 10 2322850 0.00047977006523291
S10_2322899 10 2322899 0.000544292231166885
S10_2323031 10 2323031 3.77729831801929e-05
S10_2323058 10 2323058 2.63428391918565e-05
S10_2352404 10 2352404 0.000473938700770835
S10_2374649 10 2374649 0.00010722798771116
S10_2415442 10 2415442 0.00029370714491551
S10_2415443 10 2415443 0.00029370714491551
S10_2415444 10 2415444 0.00029370714491551
S10_2415460 10 2415460 0.00029370714491551
S10_2437219 10 2437219 9.52171700326191e-05
S10_2437225 10 2437225 0.000713470296782418
S10_2449032 10 2449032 0.000240642961340299
S10_2455044 10 2455044 0.00077125527440943
S10_2469138 10 2469138 0.000145834682593421
S10_2470112 10 2470112 0.000296223822408105
S10_2523147 10 2523147 0.000715003359608313
S10_2529219 10 2529219 3.47700394397253e-05
S10_2531523 10 2531523 0.000253102284971484
S10_2538960 10 2538960 0.000169708720697716
S10_2558733 10 2558733 0.000449763201117548
S10_2558767 10 2558767 0.000541459884918083
S10_2572708 10 2572708 6.84055435743627e-05
S10_2574718 10 2574718 0.000330664121119576
S10_2574731 10 2574731 0.000330664121119576
S10_2574789 10 2574789 0.000607592071383701
S10_2574790 10 2574790 0.000607592071383701
S10_2574829 10 2574829 0.000607592071383701
S10_2577796 10 2577796 0.000524826293978342
S10_2648586 10 2648586 2.09197590060374e-05
S10_2659130 10 2659130 3.15837871799308e-05
S10_2727213 10 2727213 0.000999865811346969
S10_2742151 10 2742151 0.000984478104115569
S10_2752248 10 2752248 1.10006749506074e-05
S10_2752249 10 2752249 1.41982592193508e-06
S10_2752274 10 2752274 2.31358599629021e-05
S10_2778027 10 2778027 0.000247542790125326
S10_2832043 10 2832043 0.000115017062854809
S10_2833213 10 2833213 2.7528157107349e-05
S10_2846801 10 2846801 2.78051900505904e-05
S10_2846814 10 2846814 2.78051900505904e-05
S10_2854341 10 2854341 2.22784472455e-05
S10_2865506 10 2865506 0.000998140321528432
S10_2871027 10 2871027 1.33856602993718e-05
S10_2872321 10 2872321 8.72807684732705e-05
S10_2876754 10 2876754 0.00055251038211916
S10_2876761 10 2876761 0.000552510382119128
S10_2876784 10 2876784 0.000552510382119128
S10_3128559 10 3128559 0.000204989876777372
S10_3493770 10 3493770 1.64365859158948e-05
S10_3494014 10 3494014 2.48505156704426e-06
S10_3536140 10 3536140 0.000312553321874694
S10_3538956 10 3538956 0.000546390803447473
S10_3539145 10 3539145 2.30772899279506e-05
S10_3539202 10 3539202 6.90777094100417e-05
S10_3539253 10 3539253 0.000339260973713225
S10_3773100 10 3773100 4.29501115901289e-05
S10_3917079 10 3917079 0.000260223264956856
S10_4035270 10 4035270 0.00066479458285124
S10_4100474 10 4100474 0.000506683137465022
S10_4101707 10 4101707 1.58756737285166e-05
S10_4177418 10 4177418 0.000173359258272144
S10_4190134 10 4190134 0.000302884832928333
S10_4191401 10 4191401 0.000125482047265695
S10_4195954 10 4195954 0.000902155608519498
S10_4445648 10 4445648 0.000420912694313706
S10_4596782 10 4596782 0.000718203488957853
S10_4921586 10 4921586 0.000265211045357091
S10_5000426 10 5000426 0.000350868167140395
S10_5063526 10 5063526 1.12829595803183e-05
S10_5063758 10 5063758 1.43207188381279e-05
S10_5063817 10 5063817 0.000603583212669518
S10_5064541 10 5064541 1.67396472483915e-05
S10_5065388 10 5065388 0.000347724172041184
S10_5065403 10 5065403 1.93396976364225e-06
S10_5101391 10 5101391 3.5490947458889e-05
S10_5101394 10 5101394 3.5490947458894e-05
S10_5104549 10 5104549 9.91643297041173e-07
S10_5104577 10 5104577 0.000517483143064284
S10_5105002 10 5105002 6.53258396669581e-07
S10_5105027 10 5105027 8.39332904603638e-07
S10_5105189 10 5105189 0.000176240147574332
S10_5105568 10 5105568 1.3817185473077e-07
S10_5105940 10 5105940 9.99742209615419e-07
S10_5106754 10 5106754 3.10154951104566e-05
S10_5106984 10 5106984 8.21996545891631e-05
S10_5107049 10 5107049 0.000383961898702548
S10_5107111 10 5107111 0.00024378658554823
S10_5107127 10 5107127 0.000256490336834401
S10_5107211 10 5107211 0.000738849279326781
S10_5107218 10 5107218 0.000738849279326984
S10_5127705 10 5127705 0.000842438913374073
S10_5225877 10 5225877 0.000434603385412176
S10_5225910 10 5225910 0.000353443583501814
S10_5250143 10 5250143 0.00025166383844119
S10_5283580 10 5283580 0.000554889215194777
S10_5285056 10 5285056 0.000387101070223036
S10_5285495 10 5285495 2.4874860564304e-05
S10_5297650 10 5297650 0.000544053890063754
S10_5301248 10 5301248 0.000397840639160524
S10_5309330 10 5309330 0.00098338746647344
S10_5314134 10 5314134 6.49365294844716e-05
S10_5365453 10 5365453 0.000713281897316485
S10_5390159 10 5390159 0.000580614584173233
S10_5397583 10 5397583 0.000188663055671496
S10_5465887 10 5465887 0.000453703965111297
S10_5490517 10 5490517 4.03736379019867e-06
S10_5542350 10 5542350 3.1443722333708e-05
S10_5605417 10 5605417 0.000639060122719911
S10_5613416 10 5613416 0.000575208477984532
S10_5613420 10 5613420 0.000962662770955903
S10_5778588 10 5778588 3.34557839385802e-05
S10_5778883 10 5778883 7.17272825942439e-07
S10_5779056 10 5779056 4.63424044892194e-05
S10_5779057 10 5779057 4.63424044892194e-05
S10_6046081 10 6046081 0.000281152958425292
S10_6046113 10 6046113 0.000281152958425292
S10_6046236 10 6046236 0.000320767505920594
S10_6046288 10 6046288 5.48246687311982e-06
S10_6046346 10 6046346 0.000200524018530986
S10_6046347 10 6046347 0.000200524018530971
S10_6077648 10 6077648 0.00027375720091479
S10_6108840 10 6108840 0.000156079444824965
S10_6381324 10 6381324 1.57260667646419e-05
S10_6429760 10 6429760 0.000825677365229062
S10_6438747 10 6438747 7.75009076286484e-05
S10_6442332 10 6442332 5.9955793679065e-05
S10_6466122 10 6466122 3.02696415730152e-06
S10_6692417 10 6692417 0.000642266436924644
S10_6708581 10 6708581 0.000587179204643716
S10_6754083 10 6754083 0.00067884034545056
S10_6820263 10 6820263 0.000705322897192626
S10_6944679 10 6944679 9.38964829334706e-05
S10_6962976 10 6962976 0.000114288592596834
S10_6970967 10 6970967 1.34909868831876e-07
S10_6970968 10 6970968 1.34909868831876e-07
S10_6971057 10 6971057 0.000407524515210269
S10_6971689 10 6971689 0.000311102466608705
S10_6972629 10 6972629 8.04466254222462e-05
S10_6972694 10 6972694 3.61005990032067e-06
S10_7006244 10 7006244 2.62597337724491e-05
S10_7006250 10 7006250 2.6259733772448e-05
S10_7016674 10 7016674 0.00066337595702463
S10_7021291 10 7021291 0.000487983196421443
S10_7025253 10 7025253 0.000992817530483397
S10_7025295 10 7025295 0.000890017970743173
S10_7025380 10 7025380 0.000947854426370222
S10_7026011 10 7026011 0.000590462419050896
S10_7026045 10 7026045 0.00091804519378036
S10_7026051 10 7026051 0.000553097365299091
S10_7026173 10 7026173 0.000372820786539208
S10_7028997 10 7028997 0.000266910320956877
S10_7039021 10 7039021 6.55824889018658e-06
S10_7059529 10 7059529 1.08646656664458e-05
S10_7070580 10 7070580 0.000538686395093514
S10_7119564 10 7119564 1.85071755918299e-05
S10_7131755 10 7131755 0.000519816165172042
S10_7131757 10 7131757 2.92605158238868e-06
S10_7136588 10 7136588 0.000146294697214083
S10_7149959 10 7149959 0.000494887601160456
S10_7157733 10 7157733 0.000170602966195898
S10_7162917 10 7162917 6.6986312038032e-08
S10_7168593 10 7168593 2.19134801930505e-07
S10_7168647 10 7168647 2.19134801930505e-07
S10_7173855 10 7173855 6.80224539058606e-08
S10_7174994 10 7174994 3.12000524620184e-08
S10_7175010 10 7175010 0.000413146392324446
S10_7175954 10 7175954 1.1208049871452e-07
S10_7176012 10 7176012 6.22478453564657e-08
S10_7213120 10 7213120 2.31988170319053e-06
S10_7241660 10 7241660 0.000918263315968279
S10_7241681 10 7241681 0.00074179861984716
S10_7287987 10 7287987 0.000488457104039841
S10_7327293 10 7327293 0.000171904414581651
S10_7332100 10 7332100 0.000112556122783479
S10_7347611 10 7347611 0.000219795734312821
S10_7348780 10 7348780 1.17492738551942e-05
S10_7348855 10 7348855 4.73223857909822e-05
S10_7367733 10 7367733 0.000510986082173915
S10_7368080 10 7368080 9.24894207648613e-05
S10_7368098 10 7368098 7.17464401279258e-05
S10_7369881 10 7369881 0.000693447377075171
S10_7373806 10 7373806 0.00083479383760032
S10_7373810 10 7373810 0.000969334590174513
S10_7379473 10 7379473 2.68849749935474e-06
S10_7381494 10 7381494 0.000308950245177668
S10_7390934 10 7390934 0.000565491182642018
S10_7395516 10 7395516 0.000346624325411915
S10_7396788 10 7396788 0.000277561234260714
S10_7428212 10 7428212 0.000114863283046043
S10_7428382 10 7428382 6.86418088417384e-06
S10_7428383 10 7428383 6.86418088417384e-06
S10_7428387 10 7428387 6.86418088417384e-06
S10_7432512 10 7432512 3.04447133801449e-08
S10_7433849 10 7433849 7.39391983015066e-06
S10_7435656 10 7435656 3.29048709479044e-07
S10_7440929 10 7440929 7.09162068210473e-08
S10_7443615 10 7443615 2.57019099637711e-07
S10_7443616 10 7443616 9.83074058391148e-05
S10_7443638 10 7443638 0.000116593253371815
S10_7449396 10 7449396 3.09671776542899e-07
S10_7449426 10 7449426 5.56623478535127e-06
S10_7469173 10 7469173 0.000525186058090426
S10_7516117 10 7516117 0.000725794590620669
S10_7518440 10 7518440 3.89770928370629e-05
S10_7518441 10 7518441 3.89770928370629e-05
S10_7528772 10 7528772 4.51415546164804e-05
S10_7595268 10 7595268 0.000235146383904966
S10_7627308 10 7627308 4.69963182145724e-05
S10_7627354 10 7627354 0.000923532561360204
S10_7638580 10 7638580 6.39698983599953e-05
S10_7710093 10 7710093 1.85359085148356e-06
S10_7710095 10 7710095 1.85359085148329e-06
S10_7745941 10 7745941 0.000444041494618779
S10_7830484 10 7830484 0.000358559559856682
S10_7864743 10 7864743 0.000187134995880775
S10_8047162 10 8047162 7.52479798765686e-05
S10_8050040 10 8050040 0.00059724693275324
S10_8078711 10 8078711 3.86543921631221e-05
S10_8079449 10 8079449 0.000383199410121057
S10_8079450 10 8079450 0.000383199410121057
S10_8079451 10 8079451 0.000383199410121057
S10_8079453 10 8079453 0.000383199410121028
S10_8079454 10 8079454 0.000383199410121057
S10_8110571 10 8110571 8.01637246378791e-07
S10_8389603 10 8389603 2.20118305622975e-05
S10_8540325 10 8540325 0.000514357819746747
S10_8543364 10 8543364 5.34464575154232e-07
S10_8552988 10 8552988 0.00073155942632265
S10_8766050 10 8766050 0.000771388039726523
S10_8766055 10 8766055 0.000771388039726523
S10_8865905 10 8865905 0.000761104025415017
S10_8871511 10 8871511 0.000213121320752958
S10_8871514 10 8871514 0.000176958082275155
S10_8884089 10 8884089 0.000161298734989389
S10_8951747 10 8951747 0.000343351395615269
S10_8951783 10 8951783 7.78858841282391e-05
S10_8951788 10 8951788 0.00010901722569073
S10_8951813 10 8951813 0.000121081734892751
S10_8952739 10 8952739 1.0204544555509e-05
S10_8955371 10 8955371 0.000681896746478135
S10_8955392 10 8955392 0.000981711066260789
S10_8955855 10 8955855 2.89863142041231e-05
S10_8955863 10 8955863 2.89863142041231e-05
S10_8955873 10 8955873 2.89863142041231e-05
S10_8956087 10 8956087 7.05468896429092e-06
S10_8959437 10 8959437 0.000806334260543918
S10_9025112 10 9025112 0.000348324073981522
S10_9030343 10 9030343 0.000429631935341739
S10_9067915 10 9067915 5.23203304268966e-05
S10_9067945 10 9067945 0.000302679596089413
S10_9130589 10 9130589 8.13431384757252e-05
S10_9183549 10 9183549 0.000310868191433141
S10_9202850 10 9202850 0.000322365230654601
S10_9203740 10 9203740 0.000190522935707609
S10_9212938 10 9212938 0.000226714036823602
S10_9235928 10 9235928 0.000244805392267224
S10_9562196 10 9562196 0.000860402446900927
S10_9654711 10 9654711 1.99700887200799e-05
S10_9654860 10 9654860 0.000554638835645352
S10_9654868 10 9654868 0.000488709956589687
S10_9659963 10 9659963 0.000374171459269384
S10_9692794 10 9692794 0.000823699969867324
S10_9699248 10 9699248 0.000606549619588573
S10_9714295 10 9714295 0.000468204684518997
S10_9722132 10 9722132 0.000259103591305816
S10_9722147 10 9722147 0.000242032848756328
S10_9785816 10 9785816 0.000930677543526456
S10_9793273 10 9793273 0.00053771250231848
S10_9799050 10 9799050 0.000137302799616497
S10_9799222 10 9799222 2.52066339047107e-06
S10_9957677 10 9957677 2.65183807421058e-05
S10_10233521 10 10233521 3.85782088639142e-05
S10_10283256 10 10283256 7.20850345898416e-07
S10_10303109 10 10303109 0.000759626333449857
S10_10371252 10 10371252 1.56870469417158e-06
S10_10385858 10 10385858 9.43129760440904e-05
S10_10400552 10 10400552 0.000133376298487739
S10_10402547 10 10402547 6.67208188772264e-05
S10_10421249 10 10421249 0.000899292343187046
S10_10421278 10 10421278 0.000195480044200816
S10_10513405 10 10513405 0.000234753888293101
S10_10515709 10 10515709 0.000498786433997124
S10_10515710 10 10515710 0.000498786433997124
S10_10515711 10 10515711 0.000498786433997124
S10_10519863 10 10519863 0.000914082465768838
S10_10524585 10 10524585 0.000158095232526061
S10_10528476 10 10528476 0.000145770110703104
S10_10557973 10 10557973 0.000555159434837058
S10_10558064 10 10558064 0.000528481998267712
S10_10589487 10 10589487 0.000218746232844139
S10_10738501 10 10738501 0.000561068652025984
S10_10758768 10 10758768 0.00020258589560408
S10_10773040 10 10773040 0.00043732211931411
S10_10783185 10 10783185 0.000600923323400013
S10_11025829 10 11025829 0.000942842120212922
S10_11025868 10 11025868 0.00095377549704276
S10_11121020 10 11121020 0.000355335107154362
S10_11194165 10 11194165 0.000832842237805751
S10_11734173 10 11734173 0.000179919363231521
S10_11734190 10 11734190 0.000392066858243965
S10_11735753 10 11735753 0.000330036386211935
S10_11824924 10 11824924 0.000266638244927518
S10_12435217 10 12435217 0.000943667877650934
S10_12544213 10 12544213 9.39489966651851e-05
S10_12570448 10 12570448 2.89750700796377e-06
S10_12594952 10 12594952 0.000579704190078694
S10_12614019 10 12614019 0.000255383457579072
S10_12619736 10 12619736 0.000281303567718439
S10_12627531 10 12627531 2.55725950254587e-05
S10_12627556 10 12627556 0.000108075675581953
S10_12630324 10 12630324 0.000370964662597142
S10_12631888 10 12631888 0.000451309356464431
S10_12631920 10 12631920 0.000568922243964698
S10_12633241 10 12633241 7.83035442824394e-06
S10_12637241 10 12637241 2.44915332036237e-05
S10_12655440 10 12655440 0.000593470338548687
S10_12655453 10 12655453 0.000205824171910121
S10_12670765 10 12670765 9.28249177604051e-06
S10_12676697 10 12676697 7.30139779250398e-08
S10_12683895 10 12683895 1.63072459485788e-05
S10_12731368 10 12731368 0.000142944695985259
S10_12755308 10 12755308 0.000970187669588255
S10_12777107 10 12777107 8.29117955221959e-05
S10_12777134 10 12777134 6.76411839530523e-05
S10_12777155 10 12777155 6.76411839530523e-05
S10_12796971 10 12796971 0.000566956044510932
S10_12854864 10 12854864 0.00018270145450883
S10_12880334 10 12880334 0.000739097318022288
S10_12915457 10 12915457 6.30135567226285e-05
S10_13089440 10 13089440 9.29152712117181e-05
S10_13178692 10 13178692 0.000214744813992803
S10_13224840 10 13224840 0.0008982382989763
S10_13719584 10 13719584 9.75175799463481e-05
S10_13721188 10 13721188 3.40177411322736e-05
S10_13819992 10 13819992 0.000708785621623311
S10_13846409 10 13846409 0.000256209253851078
S10_14065185 10 14065185 0.000283270913513279
S10_14080694 10 14080694 4.33238394518549e-05
S10_14093408 10 14093408 9.50725792377111e-05
S10_14094251 10 14094251 0.00030398626744846
S10_14281431 10 14281431 0.000461544786597038
S10_14340848 10 14340848 0.000192815203672575
S10_14398233 10 14398233 0.000139647994856069
S10_14540266 10 14540266 0.000127843913678605
S10_14569481 10 14569481 6.08072825475135e-05
S10_14570856 10 14570856 1.48294483669053e-05
S10_14589694 10 14589694 8.80670655368434e-06
S10_14712464 10 14712464 2.18997851263291e-09
S10_14712543 10 14712543 3.9617102651277e-05
S10_14712547 10 14712547 0.000466937604102055
S10_14775191 10 14775191 1.53543688220706e-08
S10_14816924 10 14816924 7.4323791266753e-06
S10_14817344 10 14817344 1.55882618124935e-06
S10_14821494 10 14821494 0.000303744917867366
S10_14875072 10 14875072 4.07662066693473e-05
S10_14890888 10 14890888 0.000623527991326616
S10_14931402 10 14931402 4.3987986243736e-05
S10_14931535 10 14931535 5.89027910755372e-06
S10_14935091 10 14935091 0.000786709052682885
S10_14935771 10 14935771 4.54641471448702e-05
S10_14943701 10 14943701 2.4068756925613e-05
S10_14975922 10 14975922 0.000186914174331957
S10_15008769 10 15008769 6.30182653903624e-05
S10_15008812 10 15008812 7.76208108161067e-06
S10_15091319 10 15091319 6.26651576758879e-05
S10_15122841 10 15122841 9.0939812443764e-06
S10_15122851 10 15122851 7.96870082114895e-06
S10_15122859 10 15122859 2.43850693757582e-05
S10_15163087 10 15163087 2.15629914794478e-05
S10_15163181 10 15163181 4.33569424183681e-06
S10_15163210 10 15163210 4.33569424183681e-06
S10_15186300 10 15186300 0.000596098816278598
S10_15309032 10 15309032 9.87928364655691e-06
S10_15311108 10 15311108 1.64744731744794e-06
S10_15314062 10 15314062 8.37522003700283e-06
S10_15318056 10 15318056 1.5784428287758e-06
S10_15320642 10 15320642 1.02306825735366e-05
S10_15320852 10 15320852 0.000153948864288351
S10_15321597 10 15321597 1.32881505624256e-05
S10_15365684 10 15365684 2.70646023400272e-07
S10_15371099 10 15371099 0.000182706717073703
S10_15484119 10 15484119 7.28276050368419e-06
S10_15542903 10 15542903 0.000198801745192334
S10_15570195 10 15570195 0.000519119707787918
S10_15576747 10 15576747 5.74958556464364e-06
S10_15579038 10 15579038 0.000126131605834488
S10_15582081 10 15582081 0.000288176407021206
S10_15582128 10 15582128 0.000667885580068337
S10_15587470 10 15587470 9.60031331051523e-06
S10_15587519 10 15587519 0.000841306429587519
S10_15594191 10 15594191 0.000263802845461586
S10_15624650 10 15624650 0.00015833716599907
S10_15637562 10 15637562 0.000224226657503613
S10_15638973 10 15638973 0.000208130423506835
S10_15639031 10 15639031 9.63516070841212e-06
S10_15639141 10 15639141 7.26025487834283e-05
S10_15658928 10 15658928 0.000459302429747683
S10_15664426 10 15664426 2.61495133277641e-05
S10_15664428 10 15664428 2.61495133277641e-05
S10_15740289 10 15740289 9.92085277450566e-05
S10_15776401 10 15776401 0.00064728989626634
S10_15795593 10 15795593 0.000658412186149916
S10_15813593 10 15813593 0.000659169551361701
S10_15850445 10 15850445 1.03901575733201e-05
S10_15850576 10 15850576 0.000917654815566273
S10_15850745 10 15850745 0.000779339339893577
S10_15865744 10 15865744 0.000356122741416543
S10_15883377 10 15883377 0.000345911974638234
S10_15948160 10 15948160 0.000844126966189062
S10_15948240 10 15948240 0.000237709958222272
S10_15948822 10 15948822 0.000411366278236362
S10_15984124 10 15984124 0.000665538598626615
S10_16000543 10 16000543 0.000944652931949614
S10_16052437 10 16052437 0.000200575139404618
S10_16057191 10 16057191 0.000618472095968327
S10_16058681 10 16058681 0.000882917426134772
S10_16064009 10 16064009 0.000285860516456915
S10_16269041 10 16269041 5.10312551489728e-05
S10_16496467 10 16496467 0.000350659641867196
S10_16499405 10 16499405 0.000147752483394778
S10_16499444 10 16499444 0.000102874544669641
S10_16499491 10 16499491 0.000102874544669641
S10_16508039 10 16508039 0.000193618321881814
S10_16509181 10 16509181 9.80321119632513e-06
S10_16509200 10 16509200 1.59984830214491e-05
S10_16509263 10 16509263 0.000153656970021427
S10_16509552 10 16509552 0.000701765577480257
S10_16509621 10 16509621 0.000359128041535675
S10_16513359 10 16513359 0.000470184556601102
S10_16513370 10 16513370 0.000470184556601102
S10_16513408 10 16513408 7.29912699999126e-05
S10_16513719 10 16513719 0.000321894651104604
S10_16514092 10 16514092 0.000583292244604171
S10_16531108 10 16531108 2.00926412084762e-06
S10_16531133 10 16531133 2.00926412084762e-06
S10_16536435 10 16536435 0.000460547357422524
S10_16536502 10 16536502 0.000106039681173039
S10_16753682 10 16753682 0.000622116574674569
S10_16759141 10 16759141 0.000871304516977761
S10_16765890 10 16765890 0.000127194865422144
S10_16769386 10 16769386 0.000154996398764759
S10_16769420 10 16769420 0.000194684791672034
S10_16801333 10 16801333 0.000439463547777089
S10_16854808 10 16854808 0.00041737722020431
S10_16856096 10 16856096 0.00045053191039373
S10_16858802 10 16858802 0.00024315652973229
S10_16936730 10 16936730 0.0008516417253086
S10_16938008 10 16938008 0.00033439584405817
S10_17059874 10 17059874 0.00023569401682214
S10_17060363 10 17060363 0.000641319167457728
S10_17217256 10 17217256 0.000732279410670738
S10_17217502 10 17217502 3.0283588997236e-05
S10_17222469 10 17222469 6.23840243714277e-05
S10_17222472 10 17222472 0.000311857169655823
S10_17254881 10 17254881 0.000229344168819223
S10_17294079 10 17294079 0.00043362796547793
S10_17342601 10 17342601 5.18308159495105e-05
S10_17345479 10 17345479 3.18739924206328e-05
S10_17412210 10 17412210 3.01790859143043e-05
S10_17489751 10 17489751 0.000339027919642788
S10_17496851 10 17496851 2.10404939844621e-05
S10_17498181 10 17498181 6.70883088956402e-05
S10_17565346 10 17565346 0.000849889709460743
S10_17647303 10 17647303 6.14252029912257e-05
S10_17647308 10 17647308 0.000219023600628598
S10_17647311 10 17647311 7.26859689724765e-05
S10_17670749 10 17670749 0.000125659003904131
S10_17734995 10 17734995 1.26164514821901e-05
S10_17838121 10 17838121 0.000846623682338057
S10_17838138 10 17838138 1.57711589729544e-05
S10_17838144 10 17838144 1.57711589729544e-05
S10_17838211 10 17838211 0.000263073992343895
S10_17845838 10 17845838 0.000146275384650504
S10_17846144 10 17846144 3.17251642558053e-06
S10_17852213 10 17852213 0.000431034361953906
S10_17892419 10 17892419 1.68049565765257e-05
S10_17941411 10 17941411 0.000229389657020217
S10_17949542 10 17949542 0.000548819111725783
S10_17951923 10 17951923 0.000337136113252519
S10_17957394 10 17957394 8.52317921039346e-06
S10_17957406 10 17957406 8.52317921039346e-06
S10_18171139 10 18171139 0.000405048514448797
S10_18252944 10 18252944 5.84281035493293e-06
S10_18354699 10 18354699 0.000294507236708589
S10_18354708 10 18354708 0.000294507236708645
S10_18354750 10 18354750 0.000294507236708645
S10_18356013 10 18356013 0.000682398430066454
S10_18356027 10 18356027 0.000682398430066454
S10_18442596 10 18442596 0.000475129339103337
S10_18442801 10 18442801 7.20822551402162e-05
S10_18442807 10 18442807 7.20822551402162e-05
S10_18442815 10 18442815 7.20822551402162e-05
S10_18442820 10 18442820 7.20822551402162e-05
S10_18442934 10 18442934 0.00022069509350485
S10_18444369 10 18444369 1.95132750597746e-05
S10_18444406 10 18444406 3.99065129781211e-06
S10_18444416 10 18444416 3.99065129781165e-06
S10_18449470 10 18449470 0.000868057668224823
S10_18449472 10 18449472 0.000868057668224823
S10_18449499 10 18449499 0.000868057668224724
S10_18451156 10 18451156 0.000426841317081623
S10_18451166 10 18451166 0.000426841317081623
S10_18460511 10 18460511 0.000406373371130511
S10_18539067 10 18539067 0.000595459016969225
S10_18539097 10 18539097 8.19727907649659e-05
S10_18606485 10 18606485 0.00072616102005412
S10_18640614 10 18640614 0.000109852363519764
S10_18672651 10 18672651 0.000576710822988195
S10_18754863 10 18754863 0.00059707234323466
S10_18755688 10 18755688 0.000663603152424544
S10_18814872 10 18814872 3.55201947235951e-05
S10_18814946 10 18814946 0.000950121531800694
S10_19112091 10 19112091 1.21243324691469e-05
S10_19224746 10 19224746 0.000131344468810108
S10_19433184 10 19433184 4.51560558246217e-05
S10_19533285 10 19533285 9.75714748593005e-06
S10_19542654 10 19542654 7.21503342739641e-05
S10_19552868 10 19552868 3.93315746601434e-05
S10_19566380 10 19566380 0.000230212305533249
S10_19640142 10 19640142 0.000428905414352511
S10_19846923 10 19846923 0.000235195123428643
S10_19853482 10 19853482 0.000181742129203379
S10_19887042 10 19887042 2.44624236426062e-05
S10_19931991 10 19931991 0.000471237044906139
S10_19932055 10 19932055 2.99485170627007e-06
S10_19978048 10 19978048 0.000609565215497281
S10_19999279 10 19999279 2.03123873979539e-05
S10_19999817 10 19999817 0.000693380940671769
S10_20050182 10 20050182 0.000275497807547362
S10_20052063 10 20052063 0.000103456954194635
S10_20152358 10 20152358 2.04149654550687e-05
S10_20152384 10 20152384 2.31918684273122e-06
S10_20286526 10 20286526 1.88647850107305e-05
S10_20310157 10 20310157 6.43730325611077e-05
S10_20311849 10 20311849 1.0726513395281e-05
S10_20511445 10 20511445 0.000379994688648573
S10_20511450 10 20511450 0.000379994688648573
S10_20511475 10 20511475 0.000379994688648507
S10_20627188 10 20627188 8.74342565044765e-07
S10_20678515 10 20678515 0.000150426822352141
S10_20827363 10 20827363 6.63778236659321e-08
S10_20866758 10 20866758 1.53396057542693e-05
S10_20913937 10 20913937 3.33420726577881e-07
S10_20938961 10 20938961 0.000615321220952185
S10_20954334 10 20954334 3.9861683797381e-07
S10_20998531 10 20998531 2.99758237961823e-07
S10_21002891 10 21002891 3.60931264750143e-07
S10_21003544 10 21003544 2.76102454346785e-06
S10_21004469 10 21004469 2.11528747089984e-07
S10_21026755 10 21026755 1.08799037279319e-05
S10_21026848 10 21026848 0.000977894301650888
S10_21088267 10 21088267 6.44377218820995e-06
S10_21090821 10 21090821 8.25653830909313e-06
S10_21189927 10 21189927 0.000355228648948809
S10_21189969 10 21189969 2.07787787564828e-08
S10_21190739 10 21190739 0.000265570338663326
S10_21242915 10 21242915 9.19523399050109e-06
S10_21244764 10 21244764 2.46948152222771e-05
S10_21244874 10 21244874 0.000134873342353273
S10_21284425 10 21284425 0.000100491094383407
S10_21284459 10 21284459 0.000100491094383419
S10_21316054 10 21316054 3.04903680168382e-05
S10_21330619 10 21330619 1.5974482577645e-05
S10_21385442 10 21385442 0.000489660372411646
S10_21385453 10 21385453 0.000489660372411646
S10_21399226 10 21399226 9.85670153279183e-05
S10_21474957 10 21474957 0.000151332221226575
S10_21475045 10 21475045 4.16832314897093e-07
S10_21485789 10 21485789 2.06050249790329e-05
S10_21506262 10 21506262 0.000818578967697441
S10_21546725 10 21546725 0.000466241563995122
S10_21575123 10 21575123 0.000305370153755364
S10_21603102 10 21603102 2.0284224392969e-07
S10_21618556 10 21618556 4.60938353345541e-06
S10_21715580 10 21715580 5.08422000836154e-07
S10_21717688 10 21717688 0.000369282524612149
S10_21717755 10 21717755 0.000566155369433361
S10_21732977 10 21732977 0.000158948464608783
S10_21736147 10 21736147 0.000220891499787868
S10_21736194 10 21736194 7.94051781326997e-07
S10_21753712 10 21753712 0.000291326711326643
S10_21761675 10 21761675 0.000106184685261398
S10_21763634 10 21763634 0.000299916501821649
S10_21779077 10 21779077 0.000616044077567859
S10_21851175 10 21851175 6.11008371551936e-05
S10_21931827 10 21931827 8.11404244943895e-06
S10_21932149 10 21932149 8.65290125743482e-07
S10_21932193 10 21932193 3.52214217154464e-06
S10_21933150 10 21933150 0.00076676483390163
S10_21949502 10 21949502 7.18035733470563e-05
S10_21977155 10 21977155 4.33977124616728e-05
S10_21980365 10 21980365 2.14779277603325e-05
S10_22063752 10 22063752 0.000539065565955805
S10_22080874 10 22080874 0.000605128491813101
S10_22095436 10 22095436 0.000768891831176634
S10_22392694 10 22392694 8.13099198333643e-05
S10_22413144 10 22413144 2.71640039267453e-05
S10_22451626 10 22451626 0.000128144591656655
S10_22451840 10 22451840 0.000295354339900086
S10_22549950 10 22549950 7.38609736074923e-06
S10_22550484 10 22550484 0.000174916833910216
S10_22645750 10 22645750 0.000151514003005106
S10_22649099 10 22649099 2.4848805132311e-06
S10_22671871 10 22671871 2.88407811774653e-06
S10_22671990 10 22671990 1.10236981826066e-07
S10_22678812 10 22678812 0.000129217750292929
S10_22703599 10 22703599 0.000287127298838042
S10_22703619 10 22703619 0.000173444210819229
S10_22703620 10 22703620 0.000173444210819229
S10_22703652 10 22703652 0.000173444210819229
S10_22707047 10 22707047 0.000127694415672278
S10_22783798 10 22783798 0.000275628447116702
S10_22783809 10 22783809 0.000275628447116702
S10_22789316 10 22789316 7.54411828581437e-06
S10_22839990 10 22839990 4.23556413382764e-05
S10_23205368 10 23205368 5.50449030767311e-05
S10_23517668 10 23517668 0.000636775702833537
S10_23602838 10 23602838 6.24202612355239e-06
S10_23807822 10 23807822 4.72162149178498e-06
S10_23973436 10 23973436 3.35081413686099e-06
S10_24000712 10 24000712 6.2379094426259e-06
S10_24004703 10 24004703 0.000155876245772239
S10_24061642 10 24061642 0.000201092896192089
S10_24234835 10 24234835 4.83577484937907e-05
S10_24262696 10 24262696 1.87996798320479e-05
S10_24292028 10 24292028 0.000165667238535445
S10_24408441 10 24408441 8.83993468512203e-05
S10_24408672 10 24408672 7.132779890593e-05
S10_24600025 10 24600025 0.000302687667979688
S10_24672405 10 24672405 9.58447842050103e-07
S10_24745207 10 24745207 2.27575966982218e-05
S10_24850829 10 24850829 3.29623208053894e-05
S10_24934672 10 24934672 1.40367474740538e-05
S10_24960553 10 24960553 3.99989415291858e-06
S10_25025931 10 25025931 0.000308251939026751
S10_25058137 10 25058137 4.86797312083897e-07
S10_25117861 10 25117861 9.98412220169384e-06
S10_25118153 10 25118153 7.81667886358941e-05
S10_25118157 10 25118157 7.81667886358447e-05
S10_25133618 10 25133618 0.0006281349305785
S10_25161446 10 25161446 0.000737922410086747
S10_25217781 10 25217781 0.000177502061169734
S10_25217814 10 25217814 1.33514571995279e-05
S10_25350043 10 25350043 2.6766159300018e-06
S10_25355124 10 25355124 0.000793837587316855
S10_25364935 10 25364935 0.00016050827778331
S10_25508763 10 25508763 5.14735695048228e-05
S10_25917429 10 25917429 0.000233906394042168
S10_25977132 10 25977132 6.42567533032001e-05
S10_26269033 10 26269033 7.62161881493538e-06
S10_26269184 10 26269184 0.000373176634575489
S10_26289835 10 26289835 2.77605256156737e-06
S10_26442217 10 26442217 2.52713587040973e-05
S10_27055983 10 27055983 0.000328634545083853
S10_27218225 10 27218225 0.000824156821382112
S10_27257359 10 27257359 3.06378993093654e-05
S10_27282245 10 27282245 1.97960202256852e-05
S10_27290158 10 27290158 2.30338378745308e-05
S10_27290224 10 27290224 0.000112174521342275
S10_27353578 10 27353578 4.44874096558584e-06
S10_27354236 10 27354236 8.79055061866494e-05
S10_27360073 10 27360073 2.1086808278989e-07
S10_27441356 10 27441356 7.02377366728091e-06
S10_27474064 10 27474064 1.31941494831835e-05
S10_27489774 10 27489774 0.000251493407883013
S10_27489795 10 27489795 4.95417371860836e-05
S10_27489823 10 27489823 0.000251493407883041
S10_27598895 10 27598895 0.000518484201438711
S10_27651186 10 27651186 0.000103268910501628
S10_27766303 10 27766303 4.79952042339129e-07
S10_27780301 10 27780301 2.16439365662622e-05
S10_27850247 10 27850247 4.02122431483244e-05
S10_28075020 10 28075020 0.00021127274478237
S10_28165277 10 28165277 0.000957721247041217
S10_28344465 10 28344465 0.000424043092966314
S10_32175420 10 32175420 1.33712691419396e-06
S10_32200606 10 32200606 4.12807583791891e-05
S10_32344920 10 32344920 0.000120670437581298
S10_32462171 10 32462171 2.25416512063501e-05
S10_32480886 10 32480886 4.16106591199348e-05
S10_32701591 10 32701591 8.09263339888846e-05
S10_32751819 10 32751819 0.00027374109637472
S10_32751974 10 32751974 0.000297317053652989
S10_32764213 10 32764213 1.26262710110906e-05
S10_32818388 10 32818388 0.000168599824740307
S10_32872771 10 32872771 0.000124923453179089
S10_32872992 10 32872992 4.75088738089101e-05
S10_32888375 10 32888375 2.98394151882994e-06
S10_33030218 10 33030218 1.90712474879377e-05
S10_33176168 10 33176168 2.9539861002625e-06
S10_33304754 10 33304754 0.00038529254223064
S10_33819223 10 33819223 0.000369359576736588
S10_33937769 10 33937769 0.000581190953984008
S10_34082900 10 34082900 2.36050535465427e-06
S10_34114269 10 34114269 0.000597043134080157
S10_34139900 10 34139900 3.84312328307919e-05
S10_34197507 10 34197507 4.90922745686656e-06
S10_34197796 10 34197796 0.000717451037882902
S10_34224175 10 34224175 3.46616424156934e-06
S10_34224241 10 34224241 1.18347984614342e-06
S10_34260569 10 34260569 4.09780076465171e-05
S10_34275630 10 34275630 1.92821203740275e-07
S10_34398748 10 34398748 3.51853487354197e-07
S10_34466338 10 34466338 3.09080459642035e-05
S10_34466525 10 34466525 4.41464526504707e-06
S10_34466540 10 34466540 4.41464526504707e-06
S10_34597562 10 34597562 6.90253428569113e-06
S10_34679623 10 34679623 0.000804415939305226
S10_34868523 10 34868523 6.75633541838972e-05
S10_34917479 10 34917479 5.71446199554826e-05
S10_35065520 10 35065520 0.000501014427283385
S10_35164885 10 35164885 3.51912069071121e-05
S10_35173139 10 35173139 0.000144563319841454
S10_35215767 10 35215767 0.000584697829890387
S10_35272335 10 35272335 9.23227203602577e-06
S10_35463428 10 35463428 0.000263223235802823
S10_35614579 10 35614579 7.81921134210008e-07
S10_35615750 10 35615750 0.000877728183178328
S10_35676030 10 35676030 0.000216568682872622
S10_35705520 10 35705520 1.97726935964806e-05
S10_35705715 10 35705715 3.5638617209546e-06
S10_35822190 10 35822190 6.84805494319301e-06
S10_35866490 10 35866490 3.51402120212815e-05
S10_35875303 10 35875303 0.000924700487088181
S10_35876640 10 35876640 1.9898889835328e-05
S10_36178383 10 36178383 7.5092075939409e-06
S10_36180993 10 36180993 2.61115432696621e-05
S10_36448792 10 36448792 1.22452455941365e-05
S10_36448795 10 36448795 5.17560300001782e-05
S10_36527076 10 36527076 9.90788740735505e-05
S10_36542331 10 36542331 8.35215959074669e-05
S10_36565032 10 36565032 0.000113720008519861
S10_36673610 10 36673610 9.56441844980919e-05
S10_36697651 10 36697651 0.00013599261029533
S10_36715373 10 36715373 8.2773646407156e-05
S10_36719173 10 36719173 0.000181213731048536
S10_36837220 10 36837220 0.000108779064246691
S10_36898764 10 36898764 4.18464994574191e-05
S10_36901181 10 36901181 0.000236252095707485
S10_37034669 10 37034669 0.000334915925597759
S10_37036421 10 37036421 0.000142534896150747
S10_37041482 10 37041482 0.000516821190541588
S10_37059342 10 37059342 2.62916831942476e-05
S10_37182689 10 37182689 0.00011446847147272
S10_37237012 10 37237012 2.49068566486044e-05
S10_37374260 10 37374260 3.10906336131612e-05
S10_37431359 10 37431359 0.000921822966062252
S10_37547748 10 37547748 0.000124284574515504
S10_37982174 10 37982174 1.06716865305223e-06
S10_38254019 10 38254019 3.99220559091086e-06
S10_38323235 10 38323235 6.80183559700707e-06
S10_38323965 10 38323965 0.000229998704090794
S10_38343016 10 38343016 0.000137906685081264
S10_38387770 10 38387770 8.17443229537816e-06
S10_38500526 10 38500526 3.82666682121925e-05
S10_38506866 10 38506866 1.24918374528358e-07
S10_38552692 10 38552692 6.84211050035635e-05
S10_38582590 10 38582590 1.51060857267374e-06
S10_38609088 10 38609088 4.55219738583355e-06
S10_38654433 10 38654433 3.13014072307687e-07
S10_38675211 10 38675211 1.02234078115706e-05
S10_38852391 10 38852391 3.0104010113116e-10
S10_39307767 10 39307767 0.000128038228580784
S10_39399936 10 39399936 7.84524798076984e-09
S10_39798026 10 39798026 1.08160709443442e-05
S10_40148315 10 40148315 1.14855044831303e-07
S10_40507183 10 40507183 7.78007707557668e-06
S10_40553790 10 40553790 2.90283123124889e-05
S10_40722897 10 40722897 3.72986978645361e-05
S10_40919697 10 40919697 0.000176729985138579
S10_40925627 10 40925627 0.000173600347798864
S10_41010549 10 41010549 0.000726811750667145
S10_41016800 10 41016800 3.11871337446249e-07
S10_41016824 10 41016824 0.000757986285442016
S10_41016980 10 41016980 1.74855332185979e-06
S10_41052257 10 41052257 9.65562625442156e-05
S10_41107142 10 41107142 8.10053081486518e-06
S10_41111957 10 41111957 8.70184854506984e-08
S10_41168468 10 41168468 0.000248063757974806
S10_41192957 10 41192957 4.24295564069578e-07
S10_41193425 10 41193425 8.92609235911581e-07
S10_41235796 10 41235796 3.35380185458302e-08
S10_41236080 10 41236080 1.89377884829801e-06
S10_41239909 10 41239909 0.00031018716149399
S10_41240116 10 41240116 5.09247362495248e-05
S10_41240134 10 41240134 0.000114962122156835
S10_41301831 10 41301831 3.5166429009777e-06
S10_41397581 10 41397581 6.30431529137555e-05
S10_41440573 10 41440573 2.20719575749513e-06
S10_41440689 10 41440689 0.000100967149700815
S10_41464092 10 41464092 0.000738270733883237
S10_41490283 10 41490283 2.28683894723934e-05
S10_41543217 10 41543217 2.26410296833795e-05
S10_41548003 10 41548003 7.15677583345907e-05
S10_41554361 10 41554361 5.85475427343735e-05
S10_41554644 10 41554644 0.00060971520933566
S10_41555004 10 41555004 0.000504635332059788
S10_41630779 10 41630779 0.000710329757059125
S10_41631035 10 41631035 0.000331778403823232
S10_41631044 10 41631044 0.000331778403823232
S10_41633100 10 41633100 0.000251681356983574
S10_41633111 10 41633111 0.000251681356983574
S10_41641299 10 41641299 9.32896664512057e-06
S10_41641552 10 41641552 1.40734634796146e-05
S10_41641686 10 41641686 2.00648489690907e-06
S10_41641724 10 41641724 2.00648489690907e-06
S10_41643106 10 41643106 7.03033202689869e-05
S10_41645992 10 41645992 0.000216070948953047
S10_41708308 10 41708308 0.000537181137748703
S10_41724676 10 41724676 0.000171524841919375
S10_41764439 10 41764439 0.000508807683703308
S10_41792979 10 41792979 5.89505865544324e-05
S10_41811741 10 41811741 4.91519259718847e-05
S10_41830590 10 41830590 0.000116959867292832
S10_41919078 10 41919078 2.45499417038102e-06
S10_41919089 10 41919089 2.45499417038085e-06
S10_41919106 10 41919106 2.45499417038085e-06
S10_41947516 10 41947516 1.1721256774255e-06
S10_41986740 10 41986740 1.46346506379273e-05
S10_42065348 10 42065348 0.000510218996458002
S10_42065366 10 42065366 0.000510218996457796
S10_42077975 10 42077975 0.000525528095184895
S10_42078009 10 42078009 0.000222085259275885
S10_42094320 10 42094320 0.000147518018167351
S10_42094346 10 42094346 0.000147518018167351
S10_42105957 10 42105957 0.000853296857195056
S10_42139851 10 42139851 0.000295155183085693
S10_42170280 10 42170280 0.000409290364092741
S10_42182197 10 42182197 0.000116128715332513
S10_42221058 10 42221058 4.63207581415029e-05
S10_42230176 10 42230176 0.000321376391792131
S10_42230213 10 42230213 0.000269299433655996
S10_42230224 10 42230224 0.000276887844137067
S10_42230263 10 42230263 0.000479163330551368
S10_42230265 10 42230265 2.98145678138175e-05
S10_42230292 10 42230292 4.97411645972693e-05
S10_42234206 10 42234206 0.000770604126034909
S10_42234627 10 42234627 5.76745683622825e-05
S10_42241235 10 42241235 9.7073679123989e-05
S10_42241273 10 42241273 9.44976227611141e-05
S10_42252605 10 42252605 0.000912052220120001
S10_42264414 10 42264414 0.00072808408584149
S10_42265325 10 42265325 0.000291600059800942
S10_42319930 10 42319930 4.65717734034816e-05
S10_42393366 10 42393366 0.00049662998480206
S10_42414786 10 42414786 9.77620508794445e-05
S10_42455844 10 42455844 0.000100517734141432
S10_42461003 10 42461003 0.0004457096819534
S10_42478803 10 42478803 9.82058801929352e-05
S10_42480548 10 42480548 0.000175256267185269
S10_42545335 10 42545335 0.000189282324593615
S10_42545490 10 42545490 0.000823551026517079
S10_42622373 10 42622373 9.48630952842918e-05
S10_42652159 10 42652159 0.000970826557485247
S10_42652178 10 42652178 0.000970826557485247
S10_42718185 10 42718185 8.8295401299777e-05
S10_42718233 10 42718233 0.000188258360594517
S10_42718285 10 42718285 0.000615010408893677
S10_42739157 10 42739157 0.000114127447761212
S10_42752773 10 42752773 7.87870376838809e-05
S10_42752775 10 42752775 7.87870376838809e-05
S10_42752827 10 42752827 0.000392301028409778
S10_42757645 10 42757645 2.63066822118033e-05
S10_42763124 10 42763124 0.000701151359708752
S10_42769126 10 42769126 0.000349154896071372
S10_42769192 10 42769192 0.000111946012785419
S10_42819021 10 42819021 0.000350806880903192
S10_42910773 10 42910773 4.37641912865556e-05
S10_42915126 10 42915126 0.000788772793982282
S10_42915193 10 42915193 0.000168741535486053
S10_42927008 10 42927008 1.93431113116396e-05
S10_42985141 10 42985141 0.000834223758052459
S10_43030752 10 43030752 1.88672728737853e-05
S10_43070852 10 43070852 0.000296833086928722
S10_43098832 10 43098832 9.02590547433382e-06
S10_43134316 10 43134316 2.97049788739365e-05
S10_43196994 10 43196994 0.00041871684785441
S10_43199972 10 43199972 1.75627940920499e-05
S10_43252549 10 43252549 0.000369792690750031
S10_43253083 10 43253083 6.38450725877088e-05
S10_43265369 10 43265369 0.000148689364476863
S10_43272995 10 43272995 2.20676876100125e-05
S10_43378786 10 43378786 3.73394913173465e-05
S10_43388366 10 43388366 4.15808822072264e-05
S10_43400738 10 43400738 0.000153400012709362
S10_43431564 10 43431564 0.000311333829974285
S10_43431615 10 43431615 0.000457694015094033
S10_43431677 10 43431677 0.000177324638551671
S10_43467907 10 43467907 0.000341608062031872
S10_43509985 10 43509985 5.13570262050307e-05
S10_43571420 10 43571420 0.000275534164459622
S10_43576723 10 43576723 0.000367758925675903
S10_43589543 10 43589543 0.000900330477764646
S10_43621281 10 43621281 2.62193971325866e-05
S10_43621284 10 43621284 0.00043930003722031
S10_43632341 10 43632341 0.000171220588599809
S10_43632342 10 43632342 0.000171220588599809
S10_43632343 10 43632343 0.000171220588599809
S10_43638002 10 43638002 0.000187484490517888
S10_43638047 10 43638047 6.93514381158997e-05
S10_43665165 10 43665165 0.000482838119085889
S10_43665420 10 43665420 2.30123224525869e-05
S10_43798969 10 43798969 0.000135422914085391
S10_43962563 10 43962563 0.00063188982092355
S10_43969714 10 43969714 0.000388389401711191
S10_43969727 10 43969727 0.000388389401711191
S10_43976628 10 43976628 0.00038013285687181
S10_43979011 10 43979011 0.000171174001552029
S10_44058267 10 44058267 0.000556382314758168
S10_44058292 10 44058292 0.000556382314758018
S10_44089990 10 44089990 0.000656002693776476
S10_44090198 10 44090198 1.6278185926526e-05
S10_44237560 10 44237560 0.00059337265635972
S10_44331542 10 44331542 0.000621599023447068
S10_44331562 10 44331562 1.24824251447064e-05
S10_44365509 10 44365509 0.000134366482140443
S10_44386731 10 44386731 3.6646529363473e-05
S10_44404082 10 44404082 0.000467526745909114
S10_44414462 10 44414462 0.000147652184849016
S10_44455039 10 44455039 5.90299321900285e-07
S10_44455309 10 44455309 5.69983536868433e-07
S10_44479303 10 44479303 0.000825236028771835
S10_44541172 10 44541172 0.000482392719462589
S10_44603769 10 44603769 0.000112415452039686
S10_44603808 10 44603808 0.000112415452039686
S10_44603822 10 44603822 0.000112415452039686
S10_44640674 10 44640674 0.000201260560465185
S10_44655043 10 44655043 1.29305619415335e-05
S10_44655053 10 44655053 1.29305619415324e-05
S10_44662534 10 44662534 0.000991416596393174
S10_44694045 10 44694045 0.00082380598163678
S10_44804250 10 44804250 0.000140175476964226
S10_44804386 10 44804386 5.99921564341001e-06
S10_45016182 10 45016182 0.000322337138162908
S10_45057129 10 45057129 0.000883244328404254
S10_45446148 10 45446148 0.000282253944081336
S10_45446149 10 45446149 0.000282253944081295
S10_45522074 10 45522074 0.000808503594966753
S10_45968031 10 45968031 3.24772619918995e-11
S10_46210396 10 46210396 0.000144932526364361
S10_46219309 10 46219309 0.000814583944774471
S10_46269546 10 46269546 6.55649222615486e-05
S10_46277604 10 46277604 1.08820088593659e-06
S10_46325476 10 46325476 0.000186929860587936
S10_46426673 10 46426673 0.000896776989997831
S10_46444540 10 46444540 0.00037677155102539
S10_46444552 10 46444552 2.70960906132717e-05
S10_46502951 10 46502951 0.000220032655947872
S10_46502952 10 46502952 0.000220032655947902
S10_46502953 10 46502953 0.000220032655947902
S10_46548008 10 46548008 1.31026960121645e-05
S10_46553315 10 46553315 4.45906393157958e-05
S10_46589414 10 46589414 7.38883680081394e-05
S10_46618366 10 46618366 0.000441075895429261
S10_46619281 10 46619281 0.000101522763244604
S10_46652925 10 46652925 0.000472939696374793
S10_46652927 10 46652927 0.000472939696374793
S10_46655499 10 46655499 6.5428995098835e-05
S10_46661034 10 46661034 0.0005190269729204
S10_46693903 10 46693903 0.000301541437718232
S10_46729108 10 46729108 0.000594520681111117
S10_46729110 10 46729110 0.000571209153192178
S10_46729142 10 46729142 0.000594520681111117
S10_46729156 10 46729156 0.000594520681111117
S10_46754554 10 46754554 0.000662259245671373
S10_46797151 10 46797151 0.000784397473994381
S10_46797913 10 46797913 0.000650531695139039
S10_46876821 10 46876821 9.4314312626285e-05
S10_46887047 10 46887047 0.00077403554695777
S10_46893948 10 46893948 0.000174388945058786
S10_46893959 10 46893959 0.000174388945058786
S10_46894011 10 46894011 0.000288825118695878
S10_46894031 10 46894031 0.000288825118695878
S10_46894043 10 46894043 0.000288825118695878
S10_46946328 10 46946328 0.000365722334714349
S10_46947677 10 46947677 0.000225229767673414
S10_46947776 10 46947776 0.000660869835388787
S10_46952042 10 46952042 0.000179647041945101
S10_46952250 10 46952250 0.000160998089843185
S10_46955122 10 46955122 3.52890991848476e-06
S10_47113862 10 47113862 0.000757942577134397
S10_47126238 10 47126238 0.000310042602849082
S10_47512946 10 47512946 0.000196059622444749
S10_47591837 10 47591837 0.000151838013398518
S10_47605169 10 47605169 8.80865730970871e-06
S10_47616629 10 47616629 0.000233537393898107
S10_47616638 10 47616638 0.000154992376553823
S10_47616647 10 47616647 0.0002406005120059
S10_47617478 10 47617478 0.000495587801816832
S10_47759768 10 47759768 0.000361204459106424
S10_47763540 10 47763540 0.000133280770946307
S10_47763773 10 47763773 3.63102428986528e-06
S10_47780008 10 47780008 1.47856411432347e-07
S10_47784162 10 47784162 0.000415077308452273
S10_47784163 10 47784163 0.000425880949379992
S10_47787280 10 47787280 2.08193744358056e-05
S10_47850552 10 47850552 2.20696368487105e-05
S10_47850845 10 47850845 8.7392814585357e-06
S10_48024563 10 48024563 2.7788819964288e-05
S10_48098122 10 48098122 2.02954625860664e-05
S10_48365209 10 48365209 0.000613033920637067
S10_48602565 10 48602565 2.89507082328771e-05
S10_48626373 10 48626373 1.6266076906675e-05
S10_48643293 10 48643293 0.000302031887861234
S10_48768415 10 48768415 0.000521741525414921
S10_48768416 10 48768416 0.000521741525415015
S10_48793616 10 48793616 0.000611289572827832
S10_48813651 10 48813651 0.000696150526445541
S10_49061293 10 49061293 0.000284692164284893
S10_49083703 10 49083703 0.000607758919898969
S10_49083761 10 49083761 0.000607758919898969
S10_49084088 10 49084088 0.000710283049931388
S10_49087646 10 49087646 0.000266543745746271
S10_49099164 10 49099164 2.60240363188088e-05
S10_49206401 10 49206401 1.21260530451916e-07
S10_49276711 10 49276711 0.000517535652718479
S10_49422116 10 49422116 0.000436394449175619
S10_49426060 10 49426060 5.07596620879469e-05
S10_49443817 10 49443817 0.000562555053310755
S10_49443823 10 49443823 0.000562555053310755
S10_49812628 10 49812628 0.000133374922757746
S10_49913729 10 49913729 2.25847397756749e-06
S10_49930821 10 49930821 7.44804738581283e-05
S10_49930845 10 49930845 0.000283055898156655
S10_49941134 10 49941134 0.000436984020401834
S10_50032668 10 50032668 0.000646566467491872
S10_50038807 10 50038807 0.000828642894122435
S10_50089429 10 50089429 0.000231018780593141
S10_50152249 10 50152249 0.000336485256419075
S10_50152273 10 50152273 0.000336485256419075
S10_50152274 10 50152274 0.000336485256419075
S10_50232566 10 50232566 7.77791182474633e-05
S10_50232568 10 50232568 5.93135230906191e-05
S10_50232569 10 50232569 0.000246604433150555
S10_50232616 10 50232616 0.000790730173887476
S10_50235747 10 50235747 1.51721749327242e-05
S10_50273284 10 50273284 0.000538790388305323
S10_50273417 10 50273417 8.95830476956811e-07
S10_50645815 10 50645815 0.000160307604074899
S10_50784419 10 50784419 0.000284299416233302
S10_50784420 10 50784420 0.000296056155811588
S10_50839021 10 50839021 5.87377422371205e-06
S10_50839051 10 50839051 6.04364117138249e-06
S10_50840377 10 50840377 0.000438550648760766
S10_50877437 10 50877437 8.74474174920608e-07
S10_50878723 10 50878723 0.000793400584442471
S10_50878790 10 50878790 3.04190206020073e-05
S10_50890618 10 50890618 6.21148149011733e-05
S10_50988695 10 50988695 1.35725575865824e-05
S10_51291485 10 51291485 0.000593170590247788
S10_51433504 10 51433504 0.000242988059280653
S10_51458070 10 51458070 0.000814049460377259
S10_51496045 10 51496045 0.000992865597548134
S10_51519343 10 51519343 0.000670054329257462
S10_51845315 10 51845315 0.000956541406333797
S10_51919930 10 51919930 0.000929638378809944
S10_52007909 10 52007909 0.00012407453181318
S10_52016255 10 52016255 7.32390655885859e-05
S10_52395155 10 52395155 0.000362541391435857
S10_52395159 10 52395159 0.000726858631583024
S10_52516905 10 52516905 0.000283488486766632
S10_52516913 10 52516913 0.000283488486766611
S10_52516942 10 52516942 0.000283488486766611
S10_52621677 10 52621677 0.000305840787996905
S10_52717873 10 52717873 2.36332246462919e-05
S10_52722171 10 52722171 0.000914182580137145
S10_52773492 10 52773492 6.11343320608492e-05
S10_52784725 10 52784725 0.000640951312895936
S10_52811207 10 52811207 0.000104474047899581
S10_52811224 10 52811224 7.62000267194863e-05
S10_52812930 10 52812930 2.08463999341844e-07
S10_52813647 10 52813647 5.77592560086851e-08
S10_52815085 10 52815085 0.000901127662472039
S10_52823417 10 52823417 0.000142178858074899
S10_52823448 10 52823448 2.73872886255658e-05
S10_52824070 10 52824070 1.29839749378389e-05
S10_52824121 10 52824121 5.06223456165562e-05
S10_52824127 10 52824127 1.92923052299097e-05
S10_52831205 10 52831205 3.42140043231726e-05
S10_52831235 10 52831235 3.42140043231726e-05
S10_52832583 10 52832583 0.000975940420367129
S10_52854155 10 52854155 0.000729274941083241
S10_53037820 10 53037820 0.000849237967192602
S10_53038448 10 53038448 0.000602318454978929
S10_53050254 10 53050254 0.000874055980920076
S10_53060828 10 53060828 0.000691109427573029
S10_53066780 10 53066780 2.84521646561873e-05
S10_53071929 10 53071929 1.02974894367965e-05
S10_53100415 10 53100415 3.4438179002556e-05
S10_53520309 10 53520309 0.000548505392356367
S10_53826955 10 53826955 0.00017671779559767
S10_53830388 10 53830388 0.000995876803139174
S10_53832841 10 53832841 2.25018715352103e-05
S10_53834636 10 53834636 1.76423816659903e-06
S10_53841832 10 53841832 1.3738198284313e-08
S10_53847920 10 53847920 6.42755364799651e-06
S10_53854804 10 53854804 1.23689622735493e-05
S10_53854843 10 53854843 1.69316641339244e-08
S10_53854876 10 53854876 1.69316641339244e-08
S10_53868869 10 53868869 0.000156459780560056
S10_53868870 10 53868870 0.000156459780560056
S10_53868880 10 53868880 0.000941253901012727
S10_53943635 10 53943635 5.70809090072678e-05
S10_53948488 10 53948488 1.87875322829224e-05
S10_53968197 10 53968197 0.000433831512740285
S10_53989064 10 53989064 1.18382567540201e-05
S10_53989081 10 53989081 3.09293311969315e-07
S10_53989111 10 53989111 1.18382567540201e-05
S10_53989378 10 53989378 3.50942086398105e-06
S10_53989380 10 53989380 3.50942086398105e-06
S10_53989527 10 53989527 8.37797374565654e-06
S10_53993660 10 53993660 3.70351149386642e-06
S10_53999226 10 53999226 0.000729280594602146
S10_54031995 10 54031995 1.81635448819616e-05
S10_54032026 10 54032026 2.22673247191253e-05
S10_54032086 10 54032086 1.59412919447419e-05
S10_54038593 10 54038593 2.86786094630737e-07
S10_54074647 10 54074647 9.16742806556919e-05
S10_54095864 10 54095864 1.19352685286757e-05
S10_54135321 10 54135321 1.08952150637138e-05
S10_54135353 10 54135353 1.08952150637138e-05
S10_54136318 10 54136318 0.000513352211958426
S10_54137620 10 54137620 0.000231355970874623
S10_54187760 10 54187760 0.000483164536538825
S10_54194098 10 54194098 9.20611609366235e-08
S10_54194127 10 54194127 5.85047106901965e-07
S10_54212324 10 54212324 3.91316800480007e-08
S10_54212511 10 54212511 3.36073708573276e-07
S10_54229914 10 54229914 1.79415019793341e-08
S10_54246330 10 54246330 8.70093650850512e-06
S10_54247701 10 54247701 3.09156536107596e-09
S10_54251336 10 54251336 0.000861528245815991
S10_54261988 10 54261988 0.000468389956912922
S10_54262082 10 54262082 1.39076234884082e-05
S10_54262154 10 54262154 1.3565003009999e-05
S10_54269506 10 54269506 7.00592906439787e-05
S10_54269524 10 54269524 2.08763560688487e-05
S10_54269559 10 54269559 5.70297366781842e-05
S10_54269567 10 54269567 1.09138174949444e-06
S10_54269627 10 54269627 0.000186132452038637
S10_54273501 10 54273501 0.000810757071659626
S10_54273504 10 54273504 0.000827264543294187
S10_54274079 10 54274079 1.19769444444096e-06
S10_54274095 10 54274095 1.08470188215985e-05
S10_54274132 10 54274132 1.08470188215985e-05
S10_54274305 10 54274305 3.93257295249733e-07
S10_54274321 10 54274321 3.93257295249733e-07
S10_54274323 10 54274323 3.93257295249733e-07
S10_54274333 10 54274333 3.93257295249733e-07
S10_54274362 10 54274362 0.000231643412598258
S10_54274397 10 54274397 4.28350078894062e-05
S10_54280284 10 54280284 6.89621642377949e-06
S10_54280285 10 54280285 6.09051758117692e-06
S10_54280286 10 54280286 6.13400728971097e-06
S10_54285984 10 54285984 1.36354185678873e-06
S10_54286854 10 54286854 0.000127561103376726
S10_54286967 10 54286967 3.93646916735382e-05
S10_54287285 10 54287285 3.8785201158485e-05
S10_54300978 10 54300978 2.56223743312138e-07
S10_54336186 10 54336186 5.10740898303986e-06
S10_54336194 10 54336194 5.05819041535473e-06
S10_54336211 10 54336211 5.10740898303986e-06
S10_54336214 10 54336214 5.10740898304074e-06
S10_54336381 10 54336381 0.000602333911789522
S10_54337777 10 54337777 0.000473329714619645
S10_54337896 10 54337896 2.43145111953663e-05
S10_54338550 10 54338550 2.7873459416844e-05
S10_54338551 10 54338551 2.7873459416844e-05
S10_54338741 10 54338741 5.74295538425706e-05
S10_54338840 10 54338840 9.74419798964209e-05
S10_54338867 10 54338867 9.74419798964209e-05
S10_54352483 10 54352483 0.000830120902451471
S10_54352520 10 54352520 0.000995348381564061
S10_54380001 10 54380001 4.15188942882238e-07
S10_54381811 10 54381811 2.86804480172685e-06
S10_54402610 10 54402610 0.000452645356608313
S10_54402611 10 54402611 0.000452645356608313
S10_54402663 10 54402663 0.000203773464270193
S10_54402666 10 54402666 0.000452645356608313
S10_54402667 10 54402667 0.000285437218614166
S10_54431452 10 54431452 2.77424035168811e-06
S10_54431502 10 54431502 2.81927701934647e-06
S10_54433591 10 54433591 0.000202204810767411
S10_54433687 10 54433687 0.000137792223134563
S10_54434604 10 54434604 0.000902895826551172
S10_54434936 10 54434936 0.000155384526830872
S10_54437272 10 54437272 0.000288479741406926
S10_54445913 10 54445913 0.000218553109709989
S10_54497626 10 54497626 0.000189972203452523
S10_54497633 10 54497633 0.000189972203452523
S10_54497672 10 54497672 0.000282267237266787
S10_54497711 10 54497711 0.000603144816784246
S10_54503257 10 54503257 4.79037964585858e-05
S10_54529169 10 54529169 1.56606153190295e-09
S10_54533900 10 54533900 1.67740656957187e-10
S10_54535306 10 54535306 0.000286671813130491
S10_54535322 10 54535322 0.000305911307431975
S10_54535339 10 54535339 0.000305911307431975
S10_54570446 10 54570446 1.24281834272995e-07
S10_54575373 10 54575373 6.79096498833537e-08
S10_54575433 10 54575433 0.000112475972994706
S10_54703646 10 54703646 0.000114206272682352
S10_54721159 10 54721159 0.00064731745398468
S10_54748216 10 54748216 3.33819097173068e-07
S10_54748218 10 54748218 4.81099547323247e-08
S10_54749523 10 54749523 1.59686960698494e-07
S10_54749526 10 54749526 3.32277899759586e-07
S10_54772839 10 54772839 3.7441620844169e-07
S10_54782923 10 54782923 5.87759371220506e-09
S10_54817018 10 54817018 2.40338835380583e-05
S10_54859417 10 54859417 2.8933847396504e-05
S10_54889767 10 54889767 9.48444285726471e-06
S10_54889834 10 54889834 1.89379474868206e-06
S10_54902195 10 54902195 4.44251375500657e-07
S10_54902795 10 54902795 3.36087969831224e-05
S10_54907576 10 54907576 0.000109812991637003
S10_54907583 10 54907583 0.000126338895709625
S10_54907942 10 54907942 0.000658296703092257
S10_54907964 10 54907964 0.000658296703092257
S10_54924665 10 54924665 1.80743341808492e-06
S10_54924667 10 54924667 1.80743341808492e-06
S10_54938628 10 54938628 0.000989559835680995
S10_54939018 10 54939018 0.000221451478228188
S10_54939027 10 54939027 0.000221451478228188
S10_55025706 10 55025706 0.000559639088991214
S10_55155294 10 55155294 0.000337091079731215
S10_55174365 10 55174365 2.5464185044937e-07
S10_55174404 10 55174404 2.5464185044937e-07
S10_55174405 10 55174405 2.61224360593693e-07
S10_55174454 10 55174454 0.00023832534136813
S10_55174493 10 55174493 0.000191455759053423
S10_55177866 10 55177866 2.35439523791797e-07
S10_55177875 10 55177875 2.35439523791797e-07
S10_55184796 10 55184796 3.28957055520017e-05
S10_55184820 10 55184820 6.7003396802106e-05
S10_55185235 10 55185235 1.00624223713636e-06
S10_55188179 10 55188179 0.000214255552379515
S10_55189207 10 55189207 0.000917746981296078
S10_55189937 10 55189937 0.000774922073058972
S10_55190064 10 55190064 0.000619541979839757
S10_55241397 10 55241397 0.000306332403345589
S10_55241463 10 55241463 0.000352654962766028
S10_55268872 10 55268872 2.06655075256473e-05
S10_55283533 10 55283533 0.000124840593106122
S10_55284523 10 55284523 0.000252666392002434
S10_55284524 10 55284524 0.000252666392002434
S10_55300776 10 55300776 0.000102980618709106
S10_55300869 10 55300869 0.000155826531157246
S10_55305074 10 55305074 3.24392161442884e-08
S10_55305195 10 55305195 0.000770424294649584
S10_55448431 10 55448431 0.000588712507577149
S10_55449677 10 55449677 0.000112372734499661
S10_55449691 10 55449691 3.66304813012692e-05
S10_55512565 10 55512565 7.00309194955018e-07
S10_55524595 10 55524595 0.000549718118527166
S10_55533123 10 55533123 0.000743192072493499
S10_55535317 10 55535317 0.00020193139299749
S10_55545267 10 55545267 9.54559095749203e-05
S10_55672536 10 55672536 0.000823212155125661
S10_55748074 10 55748074 0.000990602035412916
S10_55748199 10 55748199 0.000551415990433815
S10_55748201 10 55748201 0.000972364344902221
S10_55748204 10 55748204 0.000551415990433815
S10_55748206 10 55748206 0.000551415990433815
S10_55748399 10 55748399 0.000914363899944353
S10_55795488 10 55795488 8.37774857581972e-05
S10_55803484 10 55803484 5.28474979080528e-05
S10_55832109 10 55832109 3.58190506655323e-05
S10_55832114 10 55832114 0.000637666449204519
S10_55869131 10 55869131 0.000482859144033667
S10_55873236 10 55873236 0.000887155319224159
S10_55873237 10 55873237 0.000887155319224159
S10_55876291 10 55876291 7.79641048442559e-05
S10_55880633 10 55880633 0.00074890045314524
S10_55884537 10 55884537 0.00011409441129038
S10_55890576 10 55890576 0.000799463509116983
S10_55900940 10 55900940 0.000225209593568845
S10_55909559 10 55909559 0.000657581057949731
S10_55915728 10 55915728 0.000179158615742478
S10_55917228 10 55917228 7.5827014865293e-05
S10_55921376 10 55921376 0.000446905489148166
S10_55922180 10 55922180 8.40398514396636e-05
S10_55923758 10 55923758 0.000638501721320772
S10_55923878 10 55923878 0.000603648161555936
S10_55934598 10 55934598 0.00055406054373448
S10_55946460 10 55946460 6.32587260997117e-05
S10_55946483 10 55946483 6.32587260997117e-05
S10_55946505 10 55946505 6.32587260997065e-05
S10_56008435 10 56008435 0.000638997314139706
S10_56018607 10 56018607 3.77196187585799e-05
S10_56018625 10 56018625 3.77196187585799e-05
S10_56018641 10 56018641 3.77196187585799e-05
S10_56018645 10 56018645 1.862697236022e-05
S10_56063781 10 56063781 0.000121836995260147
S10_56063783 10 56063783 0.000236893010583943
S10_56064089 10 56064089 0.00094749867821545
S10_56078963 10 56078963 5.83348860869553e-06
S10_56213463 10 56213463 0.000324758166637873
S10_56215486 10 56215486 0.000765933932103842
S10_56216820 10 56216820 0.000216356852477929
S10_56217243 10 56217243 3.14510514123311e-05
S10_56217370 10 56217370 3.23786666761015e-05
S10_56234562 10 56234562 0.000429578879873941
S10_56234635 10 56234635 0.000718725741336884
S10_56236931 10 56236931 0.000730931419296551
S10_56259125 10 56259125 0.000249067404988678
S10_56259166 10 56259166 0.000249067404988678
S10_56264632 10 56264632 1.40999498604679e-05
S10_56293151 10 56293151 6.5821263487502e-07
S10_56306676 10 56306676 0.000700322947631542
S10_56316535 10 56316535 0.000905297278126321
S10_56327179 10 56327179 0.000271320730413055
S10_56364399 10 56364399 0.000137992352858886
S10_56428184 10 56428184 0.000858343082283324
S10_56428186 10 56428186 0.000145254721604049
S10_56428187 10 56428187 0.000145254721604049
S10_56428188 10 56428188 0.000145254721604049
S10_56437240 10 56437240 7.81029722707617e-05
S10_56437703 10 56437703 0.000475950172626475
S10_56660660 10 56660660 0.000696115878264712
S10_56773041 10 56773041 0.000798700493364617
S10_56897130 10 56897130 0.000399621644464519
S10_57012604 10 57012604 0.000200958849529707
S10_57047666 10 57047666 0.000240689599632735
S10_57052443 10 57052443 4.84733128382418e-05
S10_57061419 10 57061419 0.000249237358765461
S10_57064750 10 57064750 0.000457786620566065
S10_57102408 10 57102408 6.18089093317548e-05
S10_57113289 10 57113289 0.000930006612499776
S10_57179612 10 57179612 0.000195976760783862
S10_57275021 10 57275021 1.21636042199451e-05
S10_57331385 10 57331385 0.000724971045416147
S10_57396293 10 57396293 0.00016086591782138
S10_57396318 10 57396318 0.00016086591782138
S10_57396326 10 57396326 0.000532918713550257
S10_57403388 10 57403388 0.000353393154079488
S10_57517556 10 57517556 0.000377757574013973
S10_57523829 10 57523829 0.000129710522832787
S10_57583071 10 57583071 0.000844134231582839
S10_57691148 10 57691148 0.000580886349945688
S10_57818758 10 57818758 0.00049730796368692
S10_57846441 10 57846441 3.25218990919399e-05
S10_57889991 10 57889991 0.000470601892547347
S10_57933627 10 57933627 0.000462749532053826
S10_57998888 10 57998888 0.000301095229063726
S10_58019340 10 58019340 0.00032246355749802
S10_58255765 10 58255765 0.000760200973408681
S10_58265116 10 58265116 1.53301840530564e-08
S10_58265117 10 58265117 1.53301840530594e-08
S10_58277968 10 58277968 0.000177710383846236
S10_58309372 10 58309372 0.00024935502681112
S10_58316298 10 58316298 0.000462219629382701
S10_58351609 10 58351609 0.000622632510472718
S10_58358065 10 58358065 4.15926768355678e-05
S10_58358066 10 58358066 4.52174599766244e-09
S10_58369974 10 58369974 3.48030615778512e-06
S10_58370452 10 58370452 0.000155723157727882
S10_58373909 10 58373909 2.78024623310517e-06
S10_58386937 10 58386937 7.84027139669637e-09
S10_58390906 10 58390906 1.63984935660277e-11
S10_58412616 10 58412616 0.000691053860625871
S10_58425431 10 58425431 0.000437118952166151
S10_58452941 10 58452941 0.000357285609704877
S10_58453695 10 58453695 4.33718717348813e-07
S10_58461162 10 58461162 1.64424387034898e-05
S10_58466541 10 58466541 1.20745048263602e-06
S10_58472143 10 58472143 2.39792803294962e-08
S10_58495703 10 58495703 8.0829600164654e-05
S10_58583000 10 58583000 1.4217072332719e-05
S10_58631815 10 58631815 0.000362956181033479
S10_58652406 10 58652406 0.00071160547860321
S10_58676746 10 58676746 0.000931998757000918
S10_58729698 10 58729698 0.00049759808381632
S10_58867915 10 58867915 0.000318852481059078
S10_58879204 10 58879204 1.64779034350214e-06
S10_58879205 10 58879205 1.64779034350214e-06
S10_59020155 10 59020155 0.000848803499626352
S10_59083409 10 59083409 3.26629984746193e-05
S10_59087725 10 59087725 0.000339025052103661
S10_59162311 10 59162311 0.000182832413506952
S10_59165746 10 59165746 0.000105459613351434
S10_59175498 10 59175498 5.51716951772894e-05
S10_59206128 10 59206128 0.000678375316539909
S10_59211242 10 59211242 0.000235190154230774
S10_59223773 10 59223773 4.13061493400674e-05
S10_59281766 10 59281766 0.000244429820442372
S10_59419647 10 59419647 4.72249583973068e-08
S10_59435356 10 59435356 6.91733909674484e-10
S10_59462807 10 59462807 0.000786164002782139
S10_59528379 10 59528379 0.000864346219832015
S10_59576351 10 59576351 0.000179801450164495
S10_59596116 10 59596116 0.000944294562407437
S10_59751298 10 59751298 0.000600711306693348
S10_59751320 10 59751320 0.000211213479960794
S10_59751359 10 59751359 0.000389565094090974
S10_59755063 10 59755063 0.00063670306629638
S10_59770217 10 59770217 3.9070881550375e-05
S10_59775260 10 59775260 0.000585554334271053
S10_59775288 10 59775288 0.000585554334271053
S10_59775290 10 59775290 0.000585554334271053
S10_59781108 10 59781108 7.73830422699044e-05
S10_59839183 10 59839183 0.000616574410243477
S10_59859551 10 59859551 0.000302785909427261
S10_59863847 10 59863847 0.000380965801219436
S10_59863848 10 59863848 0.000213449545320211
S10_59863849 10 59863849 0.000336946492757137
S10_59890269 10 59890269 3.29457238978761e-05
S10_59946877 10 59946877 0.000299619303476294
S10_59973000 10 59973000 0.000185485851288095
S10_60028504 10 60028504 2.42642352478918e-05
S10_60031494 10 60031494 0.000436946709208643
S10_60297591 10 60297591 0.000913533421347939
S10_60299266 10 60299266 5.05855913954696e-07
S10_60302605 10 60302605 9.90538125128678e-05
S10_60318943 10 60318943 0.000556639736184917
S10_60343014 10 60343014 0.000567853222289263
S10_60462962 10 60462962 0.000832587581780076
S10_60478630 10 60478630 1.99285789376206e-06
S10_60486164 10 60486164 0.000563249035880168
S10_60507675 10 60507675 1.05848443958877e-06
S10_60507685 10 60507685 0.000218961083788338
S10_60508077 10 60508077 6.70057825463722e-05
S10_60543123 10 60543123 8.30813263909873e-06
S10_60561088 10 60561088 0.000185686256331367
S10_60561096 10 60561096 0.000523556886806645
S10_60561099 10 60561099 0.000609570093422442
