Marker Chr Pos p
S6_101815 6 101815 0.000755496485703166
S6_101834 6 101834 0.000755496485703166
S6_108228 6 108228 1.69485257313911e-05
S6_196043 6 196043 0.000296974379478132
S6_255519 6 255519 0.000356213831688064
S6_365115 6 365115 9.86927732389056e-06
S6_365137 6 365137 2.27140826094233e-05
S6_476973 6 476973 7.31247498932139e-06
S6_476974 6 476974 7.31247498932139e-06
S6_476976 6 476976 7.31247498932139e-06
S6_476977 6 476977 7.31247498932139e-06
S6_502481 6 502481 0.000636010951040722
S6_504382 6 504382 1.46950984363888e-06
S6_504384 6 504384 0.000236083038269107
S6_527716 6 527716 0.000561822108869825
S6_575137 6 575137 0.000644223943355943
S6_578158 6 578158 0.000350277086874082
S6_617903 6 617903 0.000172276430428511
S6_670399 6 670399 3.98204062994459e-05
S6_703950 6 703950 0.000691406445348741
S6_914672 6 914672 0.000741078104826676
S6_928474 6 928474 0.000115046070099084
S6_929581 6 929581 7.11675906498817e-05
S6_929611 6 929611 0.000296511296658709
S6_929630 6 929630 7.11675906498817e-05
S6_930733 6 930733 0.000331802021070603
S6_932149 6 932149 1.28013901354795e-05
S6_1075034 6 1075034 0.000112197256407817
S6_1091969 6 1091969 0.000179834071385324
S6_1273262 6 1273262 0.000159621009120021
S6_1273264 6 1273264 0.000152268085876791
S6_1353402 6 1353402 2.74169942392586e-05
S6_1353426 6 1353426 0.000432601752306512
S6_1468819 6 1468819 0.000593588695497765
S6_1553903 6 1553903 0.000172489957143221
S6_1554873 6 1554873 4.74266224941277e-05
S6_1611296 6 1611296 4.23273691204579e-05
S6_1637093 6 1637093 0.000720166621502692
S6_1648056 6 1648056 0.000207076942323166
S6_1758883 6 1758883 1.13871038236425e-05
S6_1879089 6 1879089 0.000321769013403742
S6_1915265 6 1915265 0.000119231426613515
S6_1940489 6 1940489 2.63606545880469e-13
S6_1954841 6 1954841 0.000403127261845435
S6_1970948 6 1970948 1.66472347744481e-05
S6_2093732 6 2093732 0.00075313481355318
S6_2167996 6 2167996 0.00015706008219919
S6_2201958 6 2201958 0.000221202189340866
S6_2202036 6 2202036 0.000732387616734614
S6_2422694 6 2422694 0.000158136208969827
S6_2422727 6 2422727 3.92622500833259e-05
S6_2422747 6 2422747 1.31215201458296e-05
S6_2422786 6 2422786 1.54969304177981e-05
S6_2432343 6 2432343 0.00077093976141515
S6_2444632 6 2444632 0.000613470985649737
S6_2444699 6 2444699 0.000718772216910432
S6_2468639 6 2468639 0.000305911690829608
S6_2604045 6 2604045 1.7367706707617e-06
S6_2604721 6 2604721 2.38311977955975e-05
S6_2646371 6 2646371 1.47845960261234e-05
S6_2646386 6 2646386 0.00018757021387688
S6_2661596 6 2661596 7.77411200038623e-06
S6_2662773 6 2662773 1.25246842370109e-05
S6_2666574 6 2666574 8.77199242474625e-05
S6_2728239 6 2728239 0.000207618901978938
S6_2775416 6 2775416 8.07863593379248e-06
S6_2777519 6 2777519 1.05677684329571e-05
S6_2777684 6 2777684 9.75810936820737e-07
S6_2780046 6 2780046 0.000303299393555294
S6_2785361 6 2785361 0.000679788338778143
S6_2785423 6 2785423 3.88137524978147e-05
S6_2832748 6 2832748 0.000191670871025882
S6_2891915 6 2891915 4.60480617351012e-05
S6_2892586 6 2892586 0.00038002829381477
S6_2893432 6 2893432 0.000875161913691949
S6_2895434 6 2895434 5.89927693364227e-06
S6_2896437 6 2896437 2.21200183812588e-06
S6_2896468 6 2896468 1.268943430275e-07
S6_2896535 6 2896535 4.52577828450994e-07
S6_2951816 6 2951816 0.000584219131561121
S6_2974911 6 2974911 0.00039567486096097
S6_3014436 6 3014436 6.87148829029007e-05
S6_3295742 6 3295742 0.000663207713774907
S6_3298472 6 3298472 0.000217207527801767
S6_3304556 6 3304556 0.000597154207215487
S6_3305054 6 3305054 0.000450742570391158
S6_3315245 6 3315245 0.000648548298625345
S6_3326437 6 3326437 1.50192620486493e-06
S6_3368716 6 3368716 2.69859959273042e-05
S6_3432356 6 3432356 0.000362831163836624
S6_3448645 6 3448645 0.000224723635462296
S6_3519285 6 3519285 4.78495033855669e-06
S6_3528620 6 3528620 0.000540583713489082
S6_3551842 6 3551842 0.000911580387471583
S6_3572479 6 3572479 0.000894350199945728
S6_3606109 6 3606109 5.49400163960307e-06
S6_3662441 6 3662441 0.00010499842921954
S6_3877074 6 3877074 4.24942484954096e-06
S6_3888330 6 3888330 8.47589816344229e-05
S6_3941944 6 3941944 7.80482141478294e-05
S6_3969257 6 3969257 0.000453302304083834
S6_4059974 6 4059974 0.000684953176244995
S6_4071977 6 4071977 0.000278465733763751
S6_4482958 6 4482958 1.48251174250488e-05
S6_4549914 6 4549914 9.37110706416222e-05
S6_4549918 6 4549918 0.000174334877963636
S6_4854341 6 4854341 0.000322842493933207
S6_5546255 6 5546255 0.000116212280201634
S6_5565958 6 5565958 0.000433543469733562
S6_5988407 6 5988407 2.54346110990857e-06
S6_6112592 6 6112592 0.000304661628430591
S6_6384189 6 6384189 2.82832799759357e-05
S6_6428159 6 6428159 1.93831369305995e-07
S6_6452926 6 6452926 7.57377977359777e-05
S6_6489196 6 6489196 0.000648531397804829
S6_6533798 6 6533798 2.42976051244415e-05
S6_6688879 6 6688879 2.61098634462043e-05
S6_6989759 6 6989759 6.85345505763029e-06
S6_7748083 6 7748083 5.51671509961303e-05
S6_8064279 6 8064279 4.5964923510468e-06
S6_8090264 6 8090264 1.29310735461141e-05
S6_8225823 6 8225823 0.000148899527389451
S6_8533618 6 8533618 0.000113956420791902
S6_9060793 6 9060793 8.02238213382726e-05
S6_9202453 6 9202453 5.4298986320063e-06
S6_9202460 6 9202460 5.4298986320063e-06
S6_9268570 6 9268570 7.24592994263569e-05
S6_9459274 6 9459274 0.000287205530214952
S6_10546181 6 10546181 4.12781997581127e-05
S6_10629369 6 10629369 0.000421626350538702
S6_11663357 6 11663357 2.47769255313305e-05
S6_13142029 6 13142029 2.55606139005359e-06
S6_13142034 6 13142034 2.55606139005359e-06
S6_13142037 6 13142037 2.55606139005341e-06
S6_13644719 6 13644719 0.000251006114283749
S6_14083325 6 14083325 0.000156143014873364
S6_14478417 6 14478417 0.00066087114045422
S6_14483902 6 14483902 0.000140919590690537
S6_14518034 6 14518034 5.45583716975823e-06
S6_14601031 6 14601031 4.60914022624193e-06
S6_14925845 6 14925845 3.40663565298777e-06
S6_15045394 6 15045394 0.000106867768517241
S6_15045402 6 15045402 5.3736288557188e-06
S6_15082750 6 15082750 4.28066356104753e-05
S6_15109341 6 15109341 0.000769028869096745
S6_15616379 6 15616379 0.000647941001993167
S6_15900326 6 15900326 4.99034544397229e-05
S6_16379218 6 16379218 0.000423105157158339
S6_16530611 6 16530611 0.000774786655684526
S6_16782339 6 16782339 0.000120022018757285
S6_16936617 6 16936617 0.00064706381035336
S6_16943104 6 16943104 4.10060581139227e-05
S6_17034874 6 17034874 2.38481489973331e-06
S6_17055433 6 17055433 1.04498764420158e-05
S6_17097204 6 17097204 1.17438715635526e-08
S6_17699234 6 17699234 3.40720955609207e-05
S6_17767275 6 17767275 4.92544994339403e-05
S6_17937292 6 17937292 0.000594062478920039
S6_18321396 6 18321396 0.00084127336000947
S6_18593473 6 18593473 0.000134881812548615
S6_18786977 6 18786977 1.01670510890194e-05
S6_18796480 6 18796480 8.72491291974743e-06
S6_19053523 6 19053523 4.65890424241625e-06
S6_20536342 6 20536342 6.11146477319223e-06
S6_20566967 6 20566967 0.000243320560532112
S6_22907556 6 22907556 0.000655697310998171
S6_22955735 6 22955735 0.000255964535305263
S6_23911650 6 23911650 8.6900093691324e-11
S6_25577594 6 25577594 6.75172778683938e-05
S6_25711296 6 25711296 4.85740528055648e-05
S6_25919993 6 25919993 8.94234686585552e-08
S6_25919997 6 25919997 3.40251593375492e-06
S6_26089349 6 26089349 1.02646830989998e-09
S6_26775666 6 26775666 0.000148795826952022
S6_28065412 6 28065412 0.000171876308774981
S6_28814675 6 28814675 0.000675974475407113
S6_28840613 6 28840613 0.000151708474560698
S6_28845327 6 28845327 1.54283794330222e-08
S6_29012043 6 29012043 9.43077828697363e-05
S6_29259792 6 29259792 0.000237964074856985
S6_29518793 6 29518793 0.000695489332582527
S6_29547592 6 29547592 0.000165566000503925
S6_29561308 6 29561308 0.000233786918648757
S6_29569806 6 29569806 0.000681542648231299
S6_29571512 6 29571512 6.24628964459426e-06
S6_29571595 6 29571595 0.00026440103789821
S6_29571596 6 29571596 0.000270463994368922
S6_29571597 6 29571597 0.000588669242190369
S6_29571598 6 29571598 0.000194594748919812
S6_29770357 6 29770357 0.00019765338001012
S6_30791082 6 30791082 0.000426380316944932
S6_31053940 6 31053940 8.04234618216253e-05
S6_31071035 6 31071035 0.000126299953628883
S6_31071037 6 31071037 1.24863222035757e-05
S6_31209773 6 31209773 0.000393480513459737
S6_31209800 6 31209800 0.00072837707201988
S6_31861734 6 31861734 0.000410527134859608
S6_31895437 6 31895437 0.000358028996870317
S6_32500770 6 32500770 3.84934447847627e-05
S6_32759716 6 32759716 0.000282571977102829
S6_34283031 6 34283031 6.607508714098e-05
S6_34283040 6 34283040 3.40319566685238e-08
S6_34375349 6 34375349 1.49964635314162e-05
S6_34375362 6 34375362 1.49964635314191e-05
S6_34613304 6 34613304 0.000266651133842695
S6_34711572 6 34711572 2.08014796329274e-05
S6_35638689 6 35638689 0.000441933616576177
S6_35672361 6 35672361 1.72926496811916e-05
S6_35764606 6 35764606 0.000651367677552167
S6_35987531 6 35987531 7.91234659602157e-09
S6_36017857 6 36017857 9.83319537665154e-05
S6_36209444 6 36209444 0.000384994399119587
S6_36623842 6 36623842 2.40971956508927e-05
S6_36623846 6 36623846 6.62822695718632e-05
S6_38636592 6 38636592 0.000239420498365864
S6_38849064 6 38849064 7.48663894300838e-05
S6_39001806 6 39001806 9.70267687757767e-05
S6_39106520 6 39106520 0.000136794006183714
S6_39106537 6 39106537 0.000146444837827516
S6_39106643 6 39106643 0.000368535924232565
S6_39106820 6 39106820 0.000857101266070794
S6_39106844 6 39106844 0.000851904593648824
S6_39192899 6 39192899 0.000200679744156394
S6_39192934 6 39192934 0.000192395508803592
S6_39192943 6 39192943 0.000113814200074802
S6_39193058 6 39193058 0.00064400595359365
S6_39193160 6 39193160 0.00051558052390361
S6_39193278 6 39193278 0.000292058080304633
S6_39193319 6 39193319 0.000309052098021296
S6_39193320 6 39193320 0.000156694461828724
S6_39193322 6 39193322 0.000309052098021296
S6_39193351 6 39193351 0.000104722843111599
S6_39195070 6 39195070 0.000225253659527785
S6_39309082 6 39309082 7.29081739854805e-05
S6_39311725 6 39311725 0.000685067497905973
S6_39311729 6 39311729 0.000100977311937262
S6_39367608 6 39367608 0.000248488665277419
S6_39381444 6 39381444 0.000863631344565584
S6_39446599 6 39446599 0.000253728023145355
S6_39482721 6 39482721 0.000119013877999372
S6_39528078 6 39528078 0.000638043212678262
S6_41140619 6 41140619 0.000880276122349171
S6_41155983 6 41155983 0.000138097683414221
S6_41187693 6 41187693 2.17037196166845e-06
S6_41187751 6 41187751 0.00059934762047199
S6_41233268 6 41233268 9.59835104683716e-06
S6_41234434 6 41234434 0.000554433664475223
S6_41234477 6 41234477 0.000471175563682331
S6_41382619 6 41382619 0.000288249250772992
S6_41414744 6 41414744 0.000966827322241215
S6_41571390 6 41571390 0.000108034011151997
S6_41733318 6 41733318 0.000300705316099776
S6_41862059 6 41862059 3.04664897241131e-07
S6_41907966 6 41907966 7.55665348883432e-05
S6_41907968 6 41907968 9.85763363778826e-05
S6_41907969 6 41907969 7.55665348883432e-05
S6_41924332 6 41924332 0.000193265626311998
S6_41924333 6 41924333 0.000193265626311998
S6_41940660 6 41940660 7.53007809264614e-05
S6_42005245 6 42005245 7.97103927754965e-06
S6_42033825 6 42033825 0.000259835898613283
S6_42310492 6 42310492 6.12680320993299e-07
S6_42315311 6 42315311 2.37834019048627e-05
S6_42533823 6 42533823 7.43480092755395e-06
S6_42609132 6 42609132 2.43198245349251e-05
S6_42609138 6 42609138 0.00011914915145374
S6_42609155 6 42609155 0.00011914915145374
S6_42640203 6 42640203 0.000315514792608969
S6_42646427 6 42646427 0.000919707021519836
S6_42646431 6 42646431 0.000961426007441088
S6_42678728 6 42678728 2.61173794435505e-05
S6_42728618 6 42728618 0.000520922473524765
S6_42735921 6 42735921 4.70953017507176e-05
S6_42759708 6 42759708 2.16925393692984e-05
S6_42759771 6 42759771 0.000847669132412055
S6_43077184 6 43077184 4.34044019094662e-06
S6_43344725 6 43344725 0.000157868557167266
S6_43373338 6 43373338 0.00052861927815874
S6_43399800 6 43399800 3.49801462386248e-06
S6_43454799 6 43454799 0.000782418025825593
S6_43454800 6 43454800 0.000782418025825593
S6_43498039 6 43498039 0.000648830953907884
S6_43662811 6 43662811 0.000425711562196787
S6_43662826 6 43662826 0.000425711562196818
S6_43664284 6 43664284 0.000771432240367822
S6_43666913 6 43666913 6.59691562163287e-05
S6_43669365 6 43669365 9.20411374525641e-05
S6_43670442 6 43670442 4.12560918612848e-05
S6_43679066 6 43679066 0.000541729916424472
S6_43679298 6 43679298 0.000125227133512407
S6_43679307 6 43679307 0.000125227133512407
S6_43679326 6 43679326 0.000125227133512407
S6_43830025 6 43830025 0.00064264165399604
S6_43830052 6 43830052 0.000104084980181117
S6_43830068 6 43830068 0.000104084980181117
S6_43830078 6 43830078 0.000104084980181117
S6_43910237 6 43910237 0.000609028508243688
S6_43910934 6 43910934 0.000317313633581874
S6_43911486 6 43911486 7.58892922231832e-05
S6_43911649 6 43911649 2.72689717204807e-08
S6_43912652 6 43912652 0.00029214825543297
S6_43912765 6 43912765 4.92186753772348e-06
S6_43912792 6 43912792 0.000454252822190523
S6_43912851 6 43912851 0.00026668872655947
S6_43918265 6 43918265 0.000290435273807675
S6_43919493 6 43919493 0.000165533114095542
S6_43919546 6 43919546 6.52335251381212e-05
S6_43919804 6 43919804 0.000165979906739344
S6_43919912 6 43919912 7.78207218168554e-05
S6_43919987 6 43919987 9.99700590932519e-05
S6_43920076 6 43920076 1.45665138431457e-05
S6_43920082 6 43920082 0.000347406632909272
S6_43920097 6 43920097 7.84805694056633e-07
S6_43920149 6 43920149 8.06724191410183e-06
S6_43983174 6 43983174 4.89080759603579e-05
S6_44049530 6 44049530 9.61760860908499e-06
S6_44050247 6 44050247 0.000661536536756609
S6_44050659 6 44050659 3.96231422251265e-05
S6_44138214 6 44138214 1.93788135997119e-05
S6_44138216 6 44138216 1.93788135997119e-05
S6_44138218 6 44138218 0.000742478520712948
S6_44138220 6 44138220 0.000736059275870836
S6_44156939 6 44156939 3.43763124411648e-05
S6_44156940 6 44156940 0.00034818484243074
S6_44156968 6 44156968 8.01624345660216e-05
S6_44163093 6 44163093 0.00065036841665475
S6_44166127 6 44166127 9.68769437526497e-05
S6_44188577 6 44188577 1.45187247567032e-06
S6_44272025 6 44272025 0.000162099940954051
S6_44514517 6 44514517 4.04477159994766e-05
S6_44524100 6 44524100 2.02239731478413e-05
S6_44537201 6 44537201 4.88461757916458e-05
S6_44889525 6 44889525 2.62942437993959e-05
S6_44951283 6 44951283 6.81364263918511e-05
S6_45009043 6 45009043 5.78559327876337e-06
S6_45199865 6 45199865 0.00095426363276959
S6_45221013 6 45221013 9.28125401459781e-05
S6_45221023 6 45221023 1.86900463224602e-06
S6_45221037 6 45221037 9.28125401459781e-05
S6_45221180 6 45221180 0.000551300022942827
S6_45286102 6 45286102 0.000293520246914811
S6_45464314 6 45464314 0.00049962876954031
S6_45506136 6 45506136 0.000502939084750532
S6_45678734 6 45678734 3.93299051760988e-06
S6_45678745 6 45678745 3.93299051760988e-06
S6_45816021 6 45816021 0.000204138846286482
S6_45827878 6 45827878 8.81110684281055e-05
S6_45827883 6 45827883 8.81110684280983e-05
S6_45887292 6 45887292 0.000349696423755274
S6_46065775 6 46065775 4.09700053766701e-09
S6_46065776 6 46065776 4.09700053766701e-09
S6_46066641 6 46066641 0.000175105887146938
S6_46073979 6 46073979 0.00023387170202854
S6_46280916 6 46280916 0.000349057304887518
S6_46283146 6 46283146 3.02199108746675e-05
S6_46285201 6 46285201 0.000458700769571356
S6_46320597 6 46320597 3.42354562182204e-05
S6_46320881 6 46320881 3.72723108583594e-05
S6_46320950 6 46320950 2.76496977885464e-08
S6_46321008 6 46321008 3.56667639924253e-06
S6_46326778 6 46326778 3.95124588401639e-09
S6_46339462 6 46339462 0.000224729270213833
S6_46376408 6 46376408 3.08404196306632e-05
S6_46408612 6 46408612 0.000745921171973204
S6_46428516 6 46428516 7.44470091783837e-09
S6_46447238 6 46447238 1.5643135581568e-05
S6_46447343 6 46447343 0.000490593227955281
S6_46515104 6 46515104 0.000298206309739851
S6_46522448 6 46522448 0.000112173063875187
S6_46543483 6 46543483 0.000176095577279647
S6_46558183 6 46558183 5.1121676834121e-10
S6_46560507 6 46560507 5.90804282687899e-05
S6_46588825 6 46588825 0.00025525361659172
S6_46588863 6 46588863 0.000135575349885893
S6_46588864 6 46588864 0.000135575349885893
S6_46638741 6 46638741 0.000101254834228467
S6_46686942 6 46686942 1.60500787290878e-05
S6_46884748 6 46884748 0.000243302450296865
S6_46884749 6 46884749 0.000236919720926841
S6_46905933 6 46905933 5.27555082136798e-06
S6_46909555 6 46909555 0.000933872561018147
S6_46961999 6 46961999 0.000238581450317051
S6_47002183 6 47002183 0.000380729633939736
S6_47002184 6 47002184 0.000380729633939736
S6_47208304 6 47208304 6.06034517703815e-05
S6_47398027 6 47398027 0.000167251333023376
S6_47398035 6 47398035 9.26702366633018e-05
S6_47398046 6 47398046 9.26702366633018e-05
S6_47398070 6 47398070 0.000167251333023376
S6_47401886 6 47401886 8.01423880584708e-05
S6_47439415 6 47439415 0.000111638049490127
S6_47484964 6 47484964 0.000777401494505418
S6_47614626 6 47614626 0.000459889113933938
S6_47646930 6 47646930 0.000802221156275508
S6_47653986 6 47653986 0.000509167690582695
S6_47687052 6 47687052 2.29117444173565e-05
S6_47837145 6 47837145 6.35703605292811e-05
S6_47840040 6 47840040 9.86871662706058e-05
S6_47974918 6 47974918 1.44126458468796e-05
S6_47976744 6 47976744 8.02200428835589e-05
S6_48059801 6 48059801 0.00012983082996002
S6_48187481 6 48187481 0.000446755118480466
S6_48187492 6 48187492 0.000446755118480466
S6_48187768 6 48187768 0.000656427228784092
S6_48230505 6 48230505 1.74967457032311e-06
S6_48248538 6 48248538 6.7808333189506e-06
S6_48351597 6 48351597 1.64464172901034e-06
S6_48462174 6 48462174 9.38270400992286e-06
S6_48462185 6 48462185 9.38270400993502e-06
S6_48466388 6 48466388 7.33151148491813e-05
S6_48495526 6 48495526 9.32675833343339e-06
S6_48557870 6 48557870 1.90034214837628e-05
S6_48570692 6 48570692 4.08219891887582e-07
S6_48575797 6 48575797 0.000605877741081805
S6_48588445 6 48588445 9.27931612975974e-05
S6_48623214 6 48623214 0.000112438443904882
S6_48685548 6 48685548 8.19111993541463e-06
S6_48688601 6 48688601 2.14466214303926e-05
S6_48725928 6 48725928 0.000356292740813187
S6_48725945 6 48725945 4.89593832106085e-05
S6_48728065 6 48728065 4.99610459424493e-09
S6_48764072 6 48764072 0.000121035750861899
S6_48825385 6 48825385 2.24810248516911e-05
S6_48847150 6 48847150 1.40983817150169e-05
S6_48851804 6 48851804 0.00011532527153773
S6_48859447 6 48859447 0.000748930292763813
S6_48933542 6 48933542 3.0980498372283e-05
S6_49029992 6 49029992 0.000100321615045876
S6_49071890 6 49071890 9.53645696839268e-05
S6_49083079 6 49083079 2.0645163382942e-06
S6_49214989 6 49214989 2.64686668701417e-06
S6_49289112 6 49289112 7.39295433000044e-08
S6_49309550 6 49309550 8.03107339723659e-05
S6_49325894 6 49325894 2.06527666139899e-05
S6_49328594 6 49328594 0.000851454335323715
S6_49364343 6 49364343 0.000269136333275749
S6_49416459 6 49416459 0.000365507975486586
S6_49455566 6 49455566 0.000482241701596053
S6_49470846 6 49470846 0.000780164902381578
S6_49538095 6 49538095 2.9223811621315e-05
S6_49573379 6 49573379 2.89006017456044e-05
S6_49616134 6 49616134 0.000318591185803693
S6_49632485 6 49632485 4.69101945022058e-05
S6_49644309 6 49644309 0.000642615325344658
S6_49707670 6 49707670 7.10524761305981e-09
S6_49733735 6 49733735 3.1459603408294e-06
S6_49802942 6 49802942 0.00021493277773519
S6_49803511 6 49803511 0.000307336563221723
S6_49890506 6 49890506 6.59607600926442e-05
S6_50068055 6 50068055 6.23246918499751e-05
S6_50236735 6 50236735 0.00099089102179355
S6_50554869 6 50554869 8.30527171196391e-07
S6_50557324 6 50557324 2.87792550703269e-06
S6_50562687 6 50562687 0.000268040303950326
S6_50590989 6 50590989 5.14131118604873e-05
S6_50745257 6 50745257 0.000127373910001255
S6_50745602 6 50745602 0.000423701093880002
S6_50745631 6 50745631 0.000423701093880002
S6_50806258 6 50806258 1.06063936383193e-05
S6_50979841 6 50979841 6.41333547917971e-05
S6_51034057 6 51034057 0.000156025327460324
S6_51127703 6 51127703 8.41581988434177e-07
S6_51164113 6 51164113 2.34343190418643e-05
S6_51244113 6 51244113 0.00084264851592607
S6_51246991 6 51246991 0.000171016240543525
S6_51258970 6 51258970 2.59453107113575e-06
S6_51331493 6 51331493 3.2272387852425e-05
S6_51503582 6 51503582 0.000363710869087513
S6_51673463 6 51673463 0.000231056576167079
S6_51716146 6 51716146 0.000671551959603197
S6_51924342 6 51924342 7.23913008481015e-05
S6_51955939 6 51955939 0.000448087928903523
S6_51960420 6 51960420 9.60369177512502e-06
S6_52073656 6 52073656 0.000100924232610098
S6_52113632 6 52113632 0.000321406960036772
S6_52113689 6 52113689 0.000771951500431074
S6_52187169 6 52187169 0.000121511220260379
S6_52238979 6 52238979 5.36702790140269e-05
S6_52349041 6 52349041 3.2747035092744e-05
S6_52364666 6 52364666 2.39002415692595e-06
S6_52394106 6 52394106 0.000288745738790925
S6_52627616 6 52627616 2.66724323496164e-06
S6_52627623 6 52627623 2.66724323496086e-06
S6_52637354 6 52637354 0.000783025973793135
S6_52648121 6 52648121 0.000256014663329178
S6_52648123 6 52648123 0.000236541625752967
S6_52648124 6 52648124 0.000256014663329178
S6_52715998 6 52715998 0.000574639005935258
S6_52735236 6 52735236 0.000122915576136037
S6_52741775 6 52741775 0.000410317428389577
S6_52774508 6 52774508 0.000685770421551272
S6_52793853 6 52793853 0.000905371084218288
S6_52794061 6 52794061 0.000161752870611748
S6_52794085 6 52794085 6.73174168697587e-05
S6_52794121 6 52794121 8.81616938684875e-05
S6_52794128 6 52794128 6.85830938249785e-05
S6_52794162 6 52794162 7.17656981206309e-05
S6_52868440 6 52868440 0.000108686708769264
S6_52914617 6 52914617 0.000188923637327232
S6_52915117 6 52915117 0.000671647176561039
S6_52919237 6 52919237 0.000167848604281153
S6_52919239 6 52919239 0.000167848604281153
S6_52919307 6 52919307 0.000153899808390125
S6_52933530 6 52933530 3.92196732342175e-06
S6_52959751 6 52959751 9.46767707297628e-05
S6_52959782 6 52959782 0.000270147628894189
S6_52996655 6 52996655 0.000880037107311035
S6_53035397 6 53035397 0.000309978100157798
S6_53035400 6 53035400 0.000309978100157798
S6_53035409 6 53035409 0.000309978100157798
S6_53094792 6 53094792 0.000288461054775474
S6_53094873 6 53094873 0.000531889368799665
S6_53094999 6 53094999 0.000121740001399655
S6_53095251 6 53095251 0.000779602545940692
S6_53098731 6 53098731 0.00063357813302187
S6_53098732 6 53098732 0.00063357813302187
S6_53098733 6 53098733 0.000525451346023362
S6_53142584 6 53142584 0.000159311680038759
S6_53156702 6 53156702 0.000444563587373511
S6_53254325 6 53254325 2.1414081706549e-05
S6_53260675 6 53260675 2.92371302049445e-09
S6_53260697 6 53260697 0.000713020772076344
S6_53328381 6 53328381 0.000823731352361981
S6_53338819 6 53338819 0.000439360376988232
S6_53378705 6 53378705 0.000171174591938798
S6_53382743 6 53382743 1.34832258979693e-05
S6_53383226 6 53383226 0.000299157350468037
S6_53405336 6 53405336 0.000878816519233957
S6_53448746 6 53448746 2.75909237455537e-05
S6_53449694 6 53449694 0.000203201379617616
S6_53449953 6 53449953 0.000687973355834946
S6_53508968 6 53508968 0.000490592410491383
S6_53527036 6 53527036 1.75136321690825e-05
S6_53603719 6 53603719 1.48460143449747e-06
S6_53664166 6 53664166 0.000578714464376701
S6_53671178 6 53671178 5.4896543270897e-05
S6_53677948 6 53677948 0.000109098206331487
S6_53721273 6 53721273 4.65659089063013e-05
S6_53748338 6 53748338 0.000964178132929745
S6_53772905 6 53772905 0.000961905068273506
S6_53826565 6 53826565 5.18893473032793e-05
S6_53893614 6 53893614 0.000934582505852383
S6_53970699 6 53970699 8.04248596385929e-05
S6_53971755 6 53971755 2.66288909299507e-08
S6_54057566 6 54057566 4.07363877116054e-05
S6_54117261 6 54117261 0.000185590453305561
S6_54117301 6 54117301 8.73488005768614e-05
S6_54146869 6 54146869 1.10330377782342e-05
S6_54172148 6 54172148 3.92518369205154e-09
S6_54172960 6 54172960 6.65394079990474e-10
S6_54212373 6 54212373 0.000424030061984024
S6_54212375 6 54212375 0.000424030061984024
S6_54212376 6 54212376 0.000424030061984024
S6_54212377 6 54212377 0.000424030061984024
S6_54230977 6 54230977 0.000641560609104712
S6_54295501 6 54295501 0.000618828563036858
S6_54299203 6 54299203 0.000633042812815782
S6_54584999 6 54584999 0.000118311854786253
S6_54585000 6 54585000 0.000118311854786253
S6_54585001 6 54585001 0.000118311854786253
S6_54598981 6 54598981 1.62356363025339e-09
S6_54622534 6 54622534 1.88343381189198e-06
S6_54631092 6 54631092 0.000232864505983157
S6_54687439 6 54687439 0.000819895881673818
S6_54804158 6 54804158 0.000245324929195874
S6_54828866 6 54828866 5.11907574067601e-05
S6_54894373 6 54894373 3.85481918448736e-05
S6_55154748 6 55154748 4.23408192258674e-06
S6_55156806 6 55156806 0.000980791110868463
S6_55156807 6 55156807 0.000980791110868463
S6_55156809 6 55156809 0.000980791110868463
S6_55156810 6 55156810 0.000980791110868463
S6_55156811 6 55156811 0.000980791110868463
S6_55167934 6 55167934 6.85882941963207e-05
S6_55212179 6 55212179 0.000137105958960415
S6_55299420 6 55299420 0.00010176333791467
S6_55340463 6 55340463 6.33215556231016e-09
S6_55377441 6 55377441 3.20795948548977e-05
S6_55423562 6 55423562 0.00074420581876078
S6_55427928 6 55427928 9.28204145397611e-05
S6_55441645 6 55441645 4.98287840231743e-07
S6_55510862 6 55510862 0.000202352750155233
S6_55557788 6 55557788 0.0009675866599019
S6_55586490 6 55586490 0.000836746082727246
S6_55629975 6 55629975 0.000215348890021256
S6_55630815 6 55630815 0.000299025873541279
S6_55646488 6 55646488 3.16093982487886e-05
S6_55664525 6 55664525 0.000634745788901111
S6_55666367 6 55666367 0.000193968318458143
S6_55666368 6 55666368 0.000113086974840173
S6_55666369 6 55666369 0.000113086974840154
S6_55689265 6 55689265 0.000398149246505214
S6_55694467 6 55694467 0.000337784169870923
S6_55710163 6 55710163 0.00043404149474175
S6_55710165 6 55710165 0.00043404149474175
S6_55710189 6 55710189 0.00043404149474175
S6_55710216 6 55710216 0.000331508522820561
S6_55714682 6 55714682 0.000651805254701966
S6_56023503 6 56023503 5.02271342113697e-06
S6_56060177 6 56060177 2.4765599721371e-05
S6_56060180 6 56060180 2.49232244481603e-05
S6_56235635 6 56235635 1.38233312224742e-05
S6_56235636 6 56235636 1.38233312224719e-05
S6_56303624 6 56303624 4.12898996786055e-09
S6_56341571 6 56341571 2.95791360389213e-05
S6_56393544 6 56393544 0.000139087252185699
S6_56393613 6 56393613 2.94428238946619e-05
S6_56398177 6 56398177 2.4900606761387e-05
S6_56411801 6 56411801 0.000601286332922598
S6_56496534 6 56496534 0.000240636519666584
S6_56500036 6 56500036 0.000496109309700764
S6_56577175 6 56577175 0.000767431935901362
S6_56606215 6 56606215 0.000108007581490592
S6_56606953 6 56606953 0.000917151086793957
S6_56607036 6 56607036 0.000880612086614713
S6_56711931 6 56711931 0.000133190381242781
S6_56770500 6 56770500 0.000693367017064611
S6_56905267 6 56905267 0.000125216630100789
S6_56939912 6 56939912 3.01746832885484e-06
S6_56952041 6 56952041 6.70925512848553e-05
S6_57084138 6 57084138 5.09104398611316e-05
S6_57093889 6 57093889 3.85978150493204e-05
S6_57105530 6 57105530 0.000108207311391798
S6_57121514 6 57121514 3.75761643716188e-05
S6_57133072 6 57133072 6.73040272588267e-05
S6_57139903 6 57139903 0.000651312304040215
S6_57288761 6 57288761 7.1649353926632e-05
S6_57328537 6 57328537 6.11609132131203e-05
S6_57335537 6 57335537 0.000267590115869148
S6_57354005 6 57354005 3.04065047410408e-05
S6_57460637 6 57460637 0.000411851922156477
S6_57505521 6 57505521 0.000354819718493463
S6_57505566 6 57505566 0.000688732066711567
S6_57690257 6 57690257 0.000107695069900981
S6_57777230 6 57777230 0.000954117667743029
S6_57800514 6 57800514 1.45782498151386e-05
S6_57862628 6 57862628 0.000619505861352703
S6_57865283 6 57865283 8.25511301702605e-05
S6_57866368 6 57866368 0.000165101205298386
S6_57911142 6 57911142 2.98149777834914e-05
S6_57913680 6 57913680 0.000501466315207904
S6_58069483 6 58069483 6.79762366702679e-05
S6_58151752 6 58151752 5.16190421415519e-05
S6_58314746 6 58314746 0.000887137188697667
S6_58381884 6 58381884 0.000191569239781273
S6_58410620 6 58410620 0.000133712117323087
S6_58428335 6 58428335 0.000118738090444764
S6_58428420 6 58428420 9.86583942252912e-05
S6_58428421 6 58428421 6.62657454582074e-05
S6_58428425 6 58428425 0.000675803857433649
S6_58433314 6 58433314 0.000587420095548443
S6_58475880 6 58475880 0.000364073006371272
S6_58515144 6 58515144 0.000428077327095708
S6_58596763 6 58596763 0.000109192451779996
S6_58716413 6 58716413 5.99149190873241e-06
S6_58741227 6 58741227 0.000138855755170316
S6_58797826 6 58797826 0.000263003152518643
S6_58864477 6 58864477 0.000118305383850535
S6_58864510 6 58864510 0.000118305383850544
S6_58864708 6 58864708 2.77318732707885e-05
S6_58869988 6 58869988 0.00058580920133878
S6_58914255 6 58914255 0.000235479738462158
S6_58967138 6 58967138 0.000127719213537077
S6_58967152 6 58967152 1.40107885938054e-06
S6_59107503 6 59107503 0.000771569456438985
S6_59126851 6 59126851 0.000924808194728447
S6_59220791 6 59220791 0.00064072515983289
S6_59220792 6 59220792 0.000586508516772178
S6_59415873 6 59415873 4.84328923875484e-06
S6_59415875 6 59415875 4.84328923875484e-06
S6_59483657 6 59483657 0.000118748466860535
S6_59498981 6 59498981 0.00022852339930895
S6_59509334 6 59509334 0.000934362026136749
S6_59513776 6 59513776 0.000174101229386184
S6_59618249 6 59618249 0.000679985805453692
S6_59618277 6 59618277 0.000679985805453692
S6_59649429 6 59649429 1.32060434216672e-05
S6_59649430 6 59649430 1.32060434216672e-05
S6_59652575 6 59652575 2.83263903711718e-06
S6_59669793 6 59669793 0.000572792419569297
S6_59741770 6 59741770 0.000487470976987277
S6_59741771 6 59741771 0.000487470976987277
S6_59741774 6 59741774 0.000544862271990608
S6_59748066 6 59748066 1.05347980774175e-05
S6_59847446 6 59847446 0.000644791758451051
S6_59874460 6 59874460 3.88014303369686e-05
S6_59897303 6 59897303 1.15714407861847e-05
S6_60067742 6 60067742 0.000150367860878219
S6_60068214 6 60068214 2.20214668504374e-09
S6_60162062 6 60162062 0.000229097439485968
S6_60210965 6 60210965 0.000483090411378445
S6_60216827 6 60216827 0.000217734409767548
S6_60234811 6 60234811 0.000469070878242145
S6_60247466 6 60247466 4.13872144976736e-05
S6_60268881 6 60268881 4.69799171497755e-07
S6_60433911 6 60433911 0.000551867901670406
S6_60433947 6 60433947 0.000551867901670406
S6_60458986 6 60458986 7.14442369305674e-05
S6_60461860 6 60461860 0.000185831044226312
S6_60462371 6 60462371 0.00012220862299562
S6_60463967 6 60463967 0.000196269822107394
S6_60464752 6 60464752 2.63288398381376e-06
S6_60464813 6 60464813 8.68482406548391e-05
S6_60468316 6 60468316 0.000904893934328137
S6_60474398 6 60474398 4.58633112057907e-05
S6_60499789 6 60499789 1.02073164354195e-05
S6_60502873 6 60502873 0.000865329392086718
S6_60546192 6 60546192 3.10318195419738e-05
S6_60546210 6 60546210 1.14037919434634e-05
S6_60558287 6 60558287 0.000220217203386129
S6_60559033 6 60559033 0.000298768034187251
S6_60611559 6 60611559 0.000371564753775921
S6_60623052 6 60623052 8.80986443462664e-05
S6_60623269 6 60623269 0.000690060290100189
S6_60640260 6 60640260 0.000105597760771257
S6_60684755 6 60684755 0.000191041388166146
S6_60690159 6 60690159 0.000974180260955195
S6_60690290 6 60690290 0.000118420638058299
S6_60690302 6 60690302 0.000118420638058299
S6_60753215 6 60753215 0.000842492619191793
S6_60753268 6 60753268 0.000814746728671886
S6_60819052 6 60819052 0.000872726891498052
S6_60825462 6 60825462 0.00041303649232402
S6_60825997 6 60825997 0.000219491585974883
S6_60846911 6 60846911 0.000801991051586025
S6_60847168 6 60847168 0.000347537044866974
S6_60847207 6 60847207 0.000872354982130368
S6_60933362 6 60933362 0.000821526394430212
S6_60936931 6 60936931 0.000210536533870405
S6_60948082 6 60948082 0.000157766633520862
S6_60967989 6 60967989 3.21576894916537e-09
S6_61020703 6 61020703 8.04128139665504e-05
S6_61031277 6 61031277 0.000907951061701566
S6_61035789 6 61035789 0.000202804539329818
S6_61036179 6 61036179 0.000735283222958813
S6_61036279 6 61036279 0.000432496396307891
S6_61036283 6 61036283 0.000332053585142996
S6_61036297 6 61036297 0.000332053585142996
S6_61130393 6 61130393 0.000269137370583175
S6_61181710 6 61181710 0.000679068909945576
S6_61209313 6 61209313 3.11111333359753e-06
S6_61213655 6 61213655 0.000341754551349022
S6_61213823 6 61213823 0.00040746153941418
S6_61215815 6 61215815 4.55108655649074e-06
S6_61253235 6 61253235 5.46427704908433e-05
S6_61259250 6 61259250 0.000515008691027802
S6_61260242 6 61260242 9.26274675771399e-06
S6_61278968 6 61278968 8.91475818065301e-05
S6_61279427 6 61279427 0.000151052887633949
S6_61470076 6 61470076 8.5758174034732e-07
S6_61498154 6 61498154 7.29973559805493e-05
S6_61649295 6 61649295 0.000185375914223018
S6_61709739 6 61709739 1.29517504971914e-05
S6_61785205 6 61785205 0.000130723692838921
S6_61824156 6 61824156 0.000115559375161162
S6_62080024 6 62080024 0.000428383355386715
S6_62100530 6 62100530 0.000203307097522073
S6_62102871 6 62102871 0.000330902958314504
S6_62102892 6 62102892 0.000377412363604225
