Marker Chr Pos p
S3_44883 3 44883 0.000561753578711736
S3_196867 3 196867 9.02152273665469e-06
S3_196946 3 196946 1.69170818996569e-06
S3_299855 3 299855 3.47804646781143e-06
S3_309269 3 309269 1.65207340700319e-05
S3_314967 3 314967 2.42245944527331e-05
S3_316531 3 316531 0.000286807893280919
S3_409379 3 409379 4.16882633535285e-05
S3_435833 3 435833 0.000383721487684549
S3_443014 3 443014 0.00059888351329386
S3_517004 3 517004 0.000478152149726028
S3_517074 3 517074 9.79411354874642e-05
S3_526380 3 526380 5.41572673789388e-05
S3_542610 3 542610 0.000775432170581298
S3_559586 3 559586 0.00017997555869137
S3_587627 3 587627 3.68521861962895e-05
S3_593179 3 593179 0.000489354894760332
S3_605118 3 605118 3.47789488873017e-05
S3_605130 3 605130 3.47789488873017e-05
S3_605153 3 605153 3.47789488873017e-05
S3_625889 3 625889 1.23333544227848e-05
S3_627074 3 627074 0.000672260012915534
S3_678146 3 678146 9.22081428586312e-07
S3_678952 3 678952 8.84218561743991e-06
S3_689416 3 689416 2.03088350733698e-09
S3_689463 3 689463 8.60912441356026e-11
S3_689473 3 689473 8.60912441356026e-11
S3_689510 3 689510 8.60912441356347e-11
S3_689632 3 689632 5.23114694402503e-07
S3_689638 3 689638 5.23114694402503e-07
S3_700294 3 700294 0.000169836325348992
S3_700436 3 700436 4.60737208446277e-08
S3_702351 3 702351 5.58112016676806e-05
S3_702427 3 702427 7.31324647871608e-05
S3_702429 3 702429 0.000923042647193789
S3_702549 3 702549 1.13553194362457e-05
S3_702550 3 702550 1.13553194362457e-05
S3_702551 3 702551 1.13553194362457e-05
S3_705688 3 705688 5.19954167665918e-05
S3_705968 3 705968 0.000126466052774217
S3_747204 3 747204 1.29641362794642e-07
S3_752916 3 752916 1.6241908957723e-08
S3_765524 3 765524 2.75642896411598e-05
S3_766444 3 766444 0.000382576865278948
S3_784615 3 784615 0.000594124920603548
S3_830238 3 830238 0.000579774659020209
S3_865600 3 865600 4.4580985491838e-05
S3_891677 3 891677 6.42899823132385e-06
S3_907029 3 907029 0.000246199503543669
S3_918765 3 918765 0.000623256693565307
S3_942641 3 942641 0.000676043887224649
S3_942784 3 942784 2.47205476066503e-08
S3_991253 3 991253 0.000239271551974855
S3_996094 3 996094 9.4199201274235e-05
S3_996676 3 996676 0.000158431369345167
S3_996690 3 996690 0.000174397066531987
S3_996703 3 996703 0.000174397066531987
S3_996842 3 996842 9.20892878098185e-05
S3_996846 3 996846 7.54258611255703e-05
S3_1000231 3 1000231 0.000587526162414372
S3_1009860 3 1009860 1.85855752081659e-05
S3_1134942 3 1134942 1.85661834601194e-05
S3_1174092 3 1174092 7.73865391069864e-05
S3_1181307 3 1181307 0.000569892241856132
S3_1194120 3 1194120 0.000298117523947899
S3_1194162 3 1194162 0.000364120907444781
S3_1280652 3 1280652 2.54786499725983e-05
S3_1288873 3 1288873 1.659608696903e-06
S3_1294937 3 1294937 0.000514550059003814
S3_1320407 3 1320407 5.57908201493857e-05
S3_1326477 3 1326477 2.40329310294977e-05
S3_1331145 3 1331145 2.39568068710958e-06
S3_1331186 3 1331186 2.39568068710958e-06
S3_1331370 3 1331370 1.49367365576642e-05
S3_1379740 3 1379740 0.000190250396608954
S3_1381554 3 1381554 0.000139599680479479
S3_1381560 3 1381560 0.000139599680479479
S3_1406545 3 1406545 0.000160742352198969
S3_1423118 3 1423118 0.000947129347950314
S3_1494424 3 1494424 7.57661830788145e-06
S3_1495908 3 1495908 2.38212831109419e-05
S3_1510015 3 1510015 0.00011730699737511
S3_1529910 3 1529910 2.1377496571514e-06
S3_1540919 3 1540919 1.82636715636592e-05
S3_1561954 3 1561954 1.29793161240441e-05
S3_1563199 3 1563199 7.21305183766358e-06
S3_1576202 3 1576202 2.9296652575896e-05
S3_1578165 3 1578165 1.02104338494624e-05
S3_1586850 3 1586850 1.54820042722073e-06
S3_1611282 3 1611282 0.000462328917429901
S3_1617621 3 1617621 0.000863430255800209
S3_1617721 3 1617721 1.33176259237137e-05
S3_1629182 3 1629182 0.000424527996124512
S3_1629508 3 1629508 1.1287313790537e-06
S3_1632795 3 1632795 0.000113877011752076
S3_1638378 3 1638378 8.12476328609729e-06
S3_1642849 3 1642849 1.94274533997096e-06
S3_1689375 3 1689375 7.72471281790397e-05
S3_1712329 3 1712329 0.000823164351902705
S3_1712939 3 1712939 1.6788562930198e-05
S3_1725927 3 1725927 1.35937830562121e-06
S3_1750800 3 1750800 1.99303178194765e-06
S3_1753410 3 1753410 6.85566832442795e-06
S3_1759448 3 1759448 2.46400825216606e-06
S3_1769244 3 1769244 1.47212997091613e-06
S3_1774453 3 1774453 2.72696300064759e-06
S3_1779661 3 1779661 3.24097268361509e-08
S3_1821587 3 1821587 0.000374790458310674
S3_1833862 3 1833862 6.65694123586313e-05
S3_1834074 3 1834074 0.000203906197648454
S3_1834082 3 1834082 6.68898860870614e-05
S3_1868159 3 1868159 0.000300904149037835
S3_1902325 3 1902325 0.000311461325750556
S3_1960109 3 1960109 6.79745616736733e-05
S3_2001721 3 2001721 3.00251781980206e-07
S3_2002360 3 2002360 1.80594090668722e-05
S3_2052929 3 2052929 8.35867388478773e-06
S3_2054644 3 2054644 0.000510922369773905
S3_2056345 3 2056345 4.44194506520285e-05
S3_2064774 3 2064774 7.49293549676447e-06
S3_2064780 3 2064780 7.49293549676447e-06
S3_2084336 3 2084336 0.000787057845628957
S3_2085476 3 2085476 0.000565550095439672
S3_2085497 3 2085497 0.000119715597291879
S3_2130018 3 2130018 6.29760175141102e-06
S3_2208068 3 2208068 1.66057701617737e-05
S3_2208069 3 2208069 4.06501634233095e-05
S3_2209151 3 2209151 0.000937289592319022
S3_2212387 3 2212387 0.000898879114482642
S3_2221498 3 2221498 0.000971686669940342
S3_2221749 3 2221749 1.85727150656822e-05
S3_2223068 3 2223068 8.11040043742771e-05
S3_2251784 3 2251784 0.000285015603450825
S3_2390117 3 2390117 0.000158113317454451
S3_2390120 3 2390120 0.000158113317454451
S3_2466880 3 2466880 0.000223911969286653
S3_2477892 3 2477892 0.000902773071398823
S3_2477940 3 2477940 0.000989142035092363
S3_2486423 3 2486423 0.000770324082318329
S3_2543818 3 2543818 0.000250708941857688
S3_2584823 3 2584823 1.87879152065858e-05
S3_2604980 3 2604980 6.57518892399828e-05
S3_2632073 3 2632073 0.000706585659367455
S3_2634119 3 2634119 4.05969874821328e-05
S3_2635532 3 2635532 4.41698216303692e-07
S3_2635585 3 2635585 0.00029872062057109
S3_2635592 3 2635592 0.00029872062057109
S3_2761061 3 2761061 3.83654658187169e-05
S3_2761064 3 2761064 3.83654658187113e-05
S3_2774329 3 2774329 8.58436874901653e-06
S3_2791918 3 2791918 5.24888075062861e-06
S3_2791981 3 2791981 7.22810317670988e-10
S3_2862345 3 2862345 1.41773702314977e-06
S3_2934171 3 2934171 7.22358291675525e-05
S3_2934172 3 2934172 0.000824108878544546
S3_2971834 3 2971834 6.28946921409959e-05
S3_2972760 3 2972760 0.000626102767562498
S3_2986095 3 2986095 7.65955277679599e-06
S3_2986722 3 2986722 3.37954448961034e-06
S3_3034578 3 3034578 0.000529764209141796
S3_3054602 3 3054602 0.000164260292575845
S3_3054652 3 3054652 0.000677163161612226
S3_3120030 3 3120030 2.53166228851417e-05
S3_3120447 3 3120447 2.48059285759404e-05
S3_3120609 3 3120609 4.42512720502923e-05
S3_3195812 3 3195812 9.63279244696838e-05
S3_3201024 3 3201024 4.92234839624112e-05
S3_3201394 3 3201394 3.41226676050703e-05
S3_3203732 3 3203732 0.000191211028479461
S3_3210278 3 3210278 6.07501333348725e-05
S3_3212615 3 3212615 1.84870932559244e-05
S3_3251434 3 3251434 1.73194626242377e-05
S3_3264963 3 3264963 0.000200466404699566
S3_3277397 3 3277397 0.000257477630151198
S3_3278879 3 3278879 0.000510612456690031
S3_3280713 3 3280713 0.000495497884814943
S3_3280826 3 3280826 0.000255969727601794
S3_3291345 3 3291345 0.000450914934267374
S3_3294008 3 3294008 4.1041345644368e-05
S3_3295031 3 3295031 0.000802456426916556
S3_3297278 3 3297278 0.000281664429875971
S3_3302352 3 3302352 0.000542977798581425
S3_3303765 3 3303765 0.000108689633792425
S3_3323878 3 3323878 0.000286109444837202
S3_3325587 3 3325587 0.00051119392886856
S3_3341149 3 3341149 1.43543012036061e-06
S3_3345854 3 3345854 1.15185901885203e-06
S3_3345863 3 3345863 0.000970730086345982
S3_3346365 3 3346365 0.000807634479732489
S3_3351879 3 3351879 8.07143835606501e-05
S3_3389498 3 3389498 5.01538803182338e-06
S3_3436668 3 3436668 0.000114076712984277
S3_3443614 3 3443614 0.000256371916823238
S3_3508464 3 3508464 0.000466285921331744
S3_3539304 3 3539304 1.47085943612317e-06
S3_3561421 3 3561421 5.25668393440869e-06
S3_3567666 3 3567666 0.000170837925462392
S3_3594472 3 3594472 5.40550250587529e-06
S3_3619054 3 3619054 0.000379092611852773
S3_3628847 3 3628847 9.45645090333402e-05
S3_3661769 3 3661769 5.81715222378972e-06
S3_3669722 3 3669722 2.71888352681928e-05
S3_3676131 3 3676131 3.51986417393604e-08
S3_3676133 3 3676133 3.51986417394075e-08
S3_3765220 3 3765220 3.36290110041321e-05
S3_3765222 3 3765222 8.12589481015378e-05
S3_3765223 3 3765223 8.12589481015378e-05
S3_3765224 3 3765224 0.000555682624301668
S3_3765225 3 3765225 0.000173217316812762
S3_3765229 3 3765229 8.12589481015378e-05
S3_3765230 3 3765230 8.12589481015378e-05
S3_3765231 3 3765231 8.12589481015378e-05
S3_3765236 3 3765236 8.12589481015378e-05
S3_3765237 3 3765237 0.000196054330519088
S3_3765241 3 3765241 8.12589481015378e-05
S3_3765242 3 3765242 8.12589481015378e-05
S3_3774073 3 3774073 3.75088260320367e-05
S3_3779165 3 3779165 0.000215850789827688
S3_3817771 3 3817771 1.64222740094214e-05
S3_3817801 3 3817801 1.37946644015846e-05
S3_3854561 3 3854561 1.61554156666972e-06
S3_3854562 3 3854562 1.61554156667707e-06
S3_3880709 3 3880709 0.00091005139697287
S3_3884096 3 3884096 1.5838911124983e-06
S3_3888850 3 3888850 0.000206129317899804
S3_3898046 3 3898046 0.000126489564567683
S3_3916014 3 3916014 1.9920320837779e-05
S3_3917992 3 3917992 7.70628947755604e-05
S3_3928308 3 3928308 0.000796889919269591
S3_3928309 3 3928309 0.000796889919269355
S3_3928321 3 3928321 1.88767858637981e-06
S3_3928351 3 3928351 0.000796889919269355
S3_3935146 3 3935146 6.10214843905302e-09
S3_3943979 3 3943979 0.000763285494848214
S3_3943991 3 3943991 0.000569580648755811
S3_3944005 3 3944005 0.000521382487276135
S3_3945324 3 3945324 0.000283393400924185
S3_3952519 3 3952519 0.000278104004183284
S3_3952525 3 3952525 0.00030058307267088
S3_4000369 3 4000369 0.000946992176992938
S3_4005807 3 4005807 0.000980611185970082
S3_4005990 3 4005990 0.000588352732798941
S3_4025629 3 4025629 3.2617033596504e-06
S3_4031831 3 4031831 0.000315737620080546
S3_4051250 3 4051250 0.000637575318584158
S3_4064187 3 4064187 0.000458745024907283
S3_4070061 3 4070061 0.000688764704203395
S3_4076917 3 4076917 0.000498155951132659
S3_4101663 3 4101663 0.000225641344614635
S3_4143248 3 4143248 0.000513443941802492
S3_4173234 3 4173234 0.00095816188339018
S3_4208249 3 4208249 0.000715556626416951
S3_4290890 3 4290890 1.03248339492442e-08
S3_4291233 3 4291233 0.000105079548639043
S3_4343147 3 4343147 0.000845422415178743
S3_4345175 3 4345175 0.000350167085787789
S3_4347536 3 4347536 6.37804218393865e-05
S3_4347806 3 4347806 0.000130037148155348
S3_4386539 3 4386539 0.000582670892817961
S3_4387439 3 4387439 2.56161704259476e-05
S3_4402044 3 4402044 0.000853164950697588
S3_4407011 3 4407011 0.000329674025905468
S3_4429416 3 4429416 0.000183367844419241
S3_4429827 3 4429827 0.000899984327608003
S3_4453535 3 4453535 0.000102885557024475
S3_4479107 3 4479107 2.51366579220043e-07
S3_4512482 3 4512482 0.000327485559658051
S3_4522028 3 4522028 0.000854591447153798
S3_4524153 3 4524153 0.000284169622074187
S3_4531527 3 4531527 0.000635449907536963
S3_4548569 3 4548569 0.000266236613246768
S3_4549859 3 4549859 0.000201738617078481
S3_4549863 3 4549863 0.000201738617078481
S3_4550317 3 4550317 0.000659640598704389
S3_4550336 3 4550336 0.000659640598704475
S3_4554925 3 4554925 0.000433322913240203
S3_4554929 3 4554929 0.000433322913240203
S3_4554958 3 4554958 0.000433322913240203
S3_4554963 3 4554963 1.04310249805211e-05
S3_4554966 3 4554966 0.000433322913240203
S3_4556560 3 4556560 0.000457012528842353
S3_4557276 3 4557276 3.1675904260918e-06
S3_4572851 3 4572851 1.19064422703279e-05
S3_4594386 3 4594386 6.93446715471734e-05
S3_4614267 3 4614267 0.000113904785753175
S3_4624862 3 4624862 4.73329072079228e-05
S3_4641368 3 4641368 0.000145386814194461
S3_4656644 3 4656644 5.00611621239883e-06
S3_4657034 3 4657034 5.76480079144318e-05
S3_4684902 3 4684902 0.000834532139353592
S3_4734957 3 4734957 0.000263714195010869
S3_4752270 3 4752270 0.000855899864925567
S3_4754627 3 4754627 2.00675258417701e-06
S3_4754630 3 4754630 0.000382713073291866
S3_4754633 3 4754633 0.000382713073291866
S3_4754636 3 4754636 0.00039329743969634
S3_4754637 3 4754637 0.000382713073292001
S3_4755670 3 4755670 0.000752042419536155
S3_4774547 3 4774547 2.44361684224662e-06
S3_4774548 3 4774548 5.45957411763331e-07
S3_4774559 3 4774559 2.44361684224662e-06
S3_4774574 3 4774574 2.44361684224662e-06
S3_4777103 3 4777103 0.000655426708576876
S3_4777105 3 4777105 0.000655426708576876
S3_4777106 3 4777106 0.000655426708576965
S3_4782255 3 4782255 6.92151605434636e-05
S3_4782256 3 4782256 6.92151605434636e-05
S3_4782257 3 4782257 6.92151605434636e-05
S3_4782258 3 4782258 2.10135738934557e-05
S3_4782259 3 4782259 6.92151605434636e-05
S3_4782260 3 4782260 6.92151605434636e-05
S3_4782281 3 4782281 6.92151605434636e-05
S3_4793634 3 4793634 7.97390550766628e-06
S3_4805116 3 4805116 3.40334306774996e-06
S3_4823513 3 4823513 5.05253846078656e-05
S3_4829805 3 4829805 0.000695773499308834
S3_4833076 3 4833076 0.000188042887285309
S3_4838127 3 4838127 4.6157217778875e-05
S3_4869498 3 4869498 6.21854712809314e-05
S3_4869524 3 4869524 6.2185471280914e-05
S3_4890125 3 4890125 0.000182378838684231
S3_5044826 3 5044826 0.000738352849980443
S3_5075728 3 5075728 0.000778888284082911
S3_5097950 3 5097950 2.3928279139543e-08
S3_5119081 3 5119081 8.24188860206452e-06
S3_5141360 3 5141360 8.88239979068013e-05
S3_5173718 3 5173718 0.000219064908605625
S3_5277902 3 5277902 1.80283830156466e-06
S3_5325337 3 5325337 0.000472629632516995
S3_5422059 3 5422059 8.68139424298591e-05
S3_5462862 3 5462862 2.54427708866726e-05
S3_5562350 3 5562350 5.12530687211018e-06
S3_5571614 3 5571614 9.78075404776799e-06
S3_5582342 3 5582342 0.000110508137055581
S3_5582532 3 5582532 0.000728106035003965
S3_5594610 3 5594610 0.000902002062250498
S3_5660528 3 5660528 0.000415049796693424
S3_5706748 3 5706748 0.000828983840121687
S3_5756393 3 5756393 0.000803360082747732
S3_5757669 3 5757669 0.000826017098956304
S3_5769613 3 5769613 2.23940561699939e-06
S3_5770179 3 5770179 9.73350235645509e-05
S3_5776285 3 5776285 6.16282760924547e-05
S3_5815653 3 5815653 0.000119459440842375
S3_5845045 3 5845045 0.000535930847187032
S3_5845069 3 5845069 0.000535930847187032
S3_5845073 3 5845073 0.000535930847187032
S3_5845088 3 5845088 0.000535930847187032
S3_5846336 3 5846336 0.000970607269976018
S3_5871299 3 5871299 0.000614336197194412
S3_5871312 3 5871312 0.000614336197194412
S3_5871345 3 5871345 0.00078476822243593
S3_5872012 3 5872012 0.000137093549548578
S3_5872014 3 5872014 0.000129203012808659
S3_5891483 3 5891483 0.000906707114435358
S3_5891555 3 5891555 0.000255150954215818
S3_5914332 3 5914332 0.000839373916874971
S3_5978116 3 5978116 0.000459859160007083
S3_5989524 3 5989524 3.50344674292861e-05
S3_6113031 3 6113031 2.89527248344385e-05
S3_6113057 3 6113057 2.89527248344368e-05
S3_6189351 3 6189351 1.25267445272754e-06
S3_6196159 3 6196159 6.3610892728658e-05
S3_6276254 3 6276254 0.000284357061288404
S3_6281779 3 6281779 0.00096113207340986
S3_6281789 3 6281789 0.00096113207340986
S3_6320943 3 6320943 0.000156942953585875
S3_6366917 3 6366917 0.000763902070713406
S3_6370213 3 6370213 0.000746027717836434
S3_6460269 3 6460269 0.000111335362336427
S3_6469840 3 6469840 0.000228770998485052
S3_6479899 3 6479899 1.53802944486392e-05
S3_6490453 3 6490453 1.78865461790837e-06
S3_6618042 3 6618042 3.91033854064263e-05
S3_6686682 3 6686682 0.000126071426893509
S3_6721525 3 6721525 0.00045632459450438
S3_6748265 3 6748265 4.58222916235884e-05
S3_6753546 3 6753546 2.58004563952116e-06
S3_6754162 3 6754162 5.18709883252252e-05
S3_6757060 3 6757060 0.000392279099851688
S3_6760366 3 6760366 9.71183122975987e-06
S3_6807931 3 6807931 9.81731071692735e-06
S3_6807934 3 6807934 9.81731071692862e-06
S3_6807978 3 6807978 1.36956783067458e-05
S3_6810132 3 6810132 0.00036549556177381
S3_6814475 3 6814475 0.000132181664340033
S3_6814477 3 6814477 0.000132181664340033
S3_6814479 3 6814479 0.000132181664340033
S3_6815806 3 6815806 0.000274392053018475
S3_6822631 3 6822631 5.2758804602383e-06
S3_6826764 3 6826764 1.12789387083735e-05
S3_6833114 3 6833114 0.000119940432320419
S3_6833437 3 6833437 1.67574722587048e-05
S3_6836777 3 6836777 5.72083385001197e-08
S3_6861656 3 6861656 1.78604877371144e-05
S3_6897343 3 6897343 0.000229021479193966
S3_6935147 3 6935147 5.89705055252056e-05
S3_7058094 3 7058094 4.53957645310565e-05
S3_7070573 3 7070573 0.000353200583395806
S3_7090745 3 7090745 0.000505694143950703
S3_7090773 3 7090773 0.0008725403891079
S3_7119953 3 7119953 1.83688971469365e-05
S3_7156961 3 7156961 3.09512532163606e-05
S3_7168700 3 7168700 0.000971363392502726
S3_7178535 3 7178535 4.00501703289111e-06
S3_7196782 3 7196782 1.27148787523908e-05
S3_7197055 3 7197055 3.06496599606835e-06
S3_7207129 3 7207129 8.30293102695388e-06
S3_7207370 3 7207370 5.37341259110736e-05
S3_7207372 3 7207372 0.000502614707541925
S3_7216488 3 7216488 0.00023649682504322
S3_7228271 3 7228271 0.000173281363131023
S3_7231152 3 7231152 4.83010266989869e-05
S3_7231367 3 7231367 6.87825233165295e-05
S3_7235447 3 7235447 0.000244734751352768
S3_7258212 3 7258212 1.83381063291836e-07
S3_7260449 3 7260449 1.64985127335312e-05
S3_7265651 3 7265651 0.000558853826498506
S3_7270990 3 7270990 9.23531384948794e-07
S3_7304823 3 7304823 2.19971851092633e-06
S3_7304845 3 7304845 2.19971851092633e-06
S3_7306886 3 7306886 5.03175578980561e-08
S3_7357076 3 7357076 0.000124313483226622
S3_7374399 3 7374399 6.60162416055332e-06
S3_7397685 3 7397685 0.000892478011560841
S3_7397699 3 7397699 6.07348040335012e-08
S3_7399365 3 7399365 1.31230057236827e-06
S3_7399366 3 7399366 1.31230057236827e-06
S3_7399781 3 7399781 2.38611861131428e-05
S3_7416906 3 7416906 3.22757927583361e-16
S3_7418643 3 7418643 7.10480146842097e-05
S3_7420564 3 7420564 4.85763931898709e-05
S3_7420584 3 7420584 9.71103957721781e-09
S3_7420616 3 7420616 7.2035879105676e-08
S3_7439877 3 7439877 0.000178028186341582
S3_7445421 3 7445421 0.000905819390340451
S3_7473765 3 7473765 4.33821116260116e-05
S3_7489750 3 7489750 9.52894741528953e-08
S3_7490968 3 7490968 5.56045042135699e-07
S3_7491217 3 7491217 6.37992462744059e-07
S3_7497092 3 7497092 0.000570581953763967
S3_7533398 3 7533398 0.000894577304062607
S3_7559934 3 7559934 4.08858571835058e-06
S3_7570844 3 7570844 0.000397979119478917
S3_7570849 3 7570849 0.000141847369639046
S3_7572623 3 7572623 0.000150463927269962
S3_7623374 3 7623374 0.000166098414226074
S3_7638953 3 7638953 5.87343112408473e-07
S3_7663923 3 7663923 1.82466926205141e-06
S3_7694854 3 7694854 6.9780151249274e-06
S3_7694896 3 7694896 6.9780151249274e-06
S3_7778062 3 7778062 2.04851839120839e-05
S3_7801244 3 7801244 0.000730757343690646
S3_7801648 3 7801648 0.000332652820686075
S3_7828710 3 7828710 1.85134653385176e-05
S3_7848424 3 7848424 0.000263675893194991
S3_7892329 3 7892329 0.000256543506423816
S3_7919647 3 7919647 0.000543763111866357
S3_7924851 3 7924851 1.26169330541831e-05
S3_7929796 3 7929796 0.00029184791085801
S3_7929797 3 7929797 0.000344648144125722
S3_7929994 3 7929994 0.00010917966204059
S3_7930003 3 7930003 0.000178781461134218
S3_7930042 3 7930042 1.73717610141173e-05
S3_7930150 3 7930150 9.96542832035356e-05
S3_7934488 3 7934488 5.49662586420802e-10
S3_7937817 3 7937817 4.03685588317368e-06
S3_7937818 3 7937818 4.35000116945705e-06
S3_7937819 3 7937819 4.35000116945705e-06
S3_7937821 3 7937821 4.35000116945705e-06
S3_7938111 3 7938111 4.75639969087114e-06
S3_7940935 3 7940935 2.71355950773925e-05
S3_7945139 3 7945139 2.30532953161688e-05
S3_7953958 3 7953958 0.000171114066514929
S3_7965638 3 7965638 7.51542985892141e-05
S3_7980545 3 7980545 8.43280727371036e-05
S3_7999098 3 7999098 0.000397829859507702
S3_8008698 3 8008698 2.95509003009061e-06
S3_8009431 3 8009431 1.44527591326349e-06
S3_8050659 3 8050659 0.000963405639883326
S3_8069335 3 8069335 1.28013757778537e-06
S3_8085602 3 8085602 3.62911720635013e-05
S3_8093584 3 8093584 0.000653921955530268
S3_8101590 3 8101590 0.000960326082602652
S3_8108530 3 8108530 2.05675662843151e-07
S3_8108531 3 8108531 2.05675662843151e-07
S3_8108533 3 8108533 2.05675662843151e-07
S3_8108534 3 8108534 2.05675662843151e-07
S3_8136715 3 8136715 0.00030899007649613
S3_8150238 3 8150238 0.000214875170496498
S3_8165113 3 8165113 1.88548449441863e-05
S3_8201352 3 8201352 0.000125014600872408
S3_8220681 3 8220681 0.00083591815154195
S3_8239700 3 8239700 2.59150154873016e-09
S3_8298710 3 8298710 4.65945053403974e-06
S3_8322190 3 8322190 1.28783852760961e-08
S3_8323932 3 8323932 0.000371934252189802
S3_8325230 3 8325230 7.2800911674218e-06
S3_8328435 3 8328435 0.000565656331975632
S3_8385638 3 8385638 0.000257519840482566
S3_8425661 3 8425661 1.44466991647256e-06
S3_8429998 3 8429998 0.00021370246128476
S3_8439340 3 8439340 9.70252615998624e-05
S3_8439847 3 8439847 3.31694391495021e-06
S3_8439848 3 8439848 3.31694391495036e-06
S3_8439850 3 8439850 3.31694391495021e-06
S3_8440351 3 8440351 3.99697649159269e-05
S3_8440360 3 8440360 0.000244300350547107
S3_8440361 3 8440361 0.000201065523421802
S3_8441301 3 8441301 2.46052244245673e-07
S3_8447828 3 8447828 2.30164680068044e-06
S3_8447830 3 8447830 2.78664300849854e-06
S3_8447831 3 8447831 8.71975360952758e-06
S3_8448129 3 8448129 0.000131422535443511
S3_8448283 3 8448283 7.68885067760913e-05
S3_8449662 3 8449662 1.45959549975654e-05
S3_8455936 3 8455936 7.04179593052972e-05
S3_8466478 3 8466478 1.15493763679947e-05
S3_8467258 3 8467258 0.000341178806540641
S3_8467950 3 8467950 2.19650520652601e-06
S3_8468807 3 8468807 1.28167180910507e-06
S3_8468811 3 8468811 0.000179993211124117
S3_8468812 3 8468812 0.000124707106677962
S3_8468825 3 8468825 2.64668279294664e-05
S3_8501071 3 8501071 0.000332633778940292
S3_8501078 3 8501078 0.000332633778940292
S3_8501080 3 8501080 0.000332633778940292
S3_8502352 3 8502352 3.91851626420793e-05
S3_8518180 3 8518180 9.54007904465948e-05
S3_8523781 3 8523781 0.000285488396443282
S3_8528193 3 8528193 1.03676298218842e-05
S3_8594422 3 8594422 1.42287816522032e-05
S3_8594424 3 8594424 1.42287816522039e-05
S3_8594431 3 8594431 1.42287816522032e-05
S3_8594432 3 8594432 1.42287816522032e-05
S3_8635833 3 8635833 8.58200105514241e-06
S3_8635863 3 8635863 8.58200105514241e-06
S3_8639223 3 8639223 9.31443055100149e-05
S3_8639272 3 8639272 0.000108387175171585
S3_8639953 3 8639953 0.00031767010464422
S3_8643290 3 8643290 1.01483419331253e-07
S3_8646315 3 8646315 0.000259986677782082
S3_8646328 3 8646328 0.000891534122021162
S3_8650067 3 8650067 0.000165578772972962
S3_8650132 3 8650132 0.000182043229220263
S3_8656959 3 8656959 0.000589296199456393
S3_8657055 3 8657055 0.000492986619684293
S3_8657084 3 8657084 0.000492986619684293
S3_8657152 3 8657152 0.000617842297505233
S3_8657153 3 8657153 0.000617842297505233
S3_8680613 3 8680613 4.55401493161794e-05
S3_8680615 3 8680615 6.46804037399967e-05
S3_8700405 3 8700405 0.000680752044543407
S3_8701490 3 8701490 0.000247032808367775
S3_8702031 3 8702031 0.000213579877680416
S3_8702032 3 8702032 0.000213579877680416
S3_8728713 3 8728713 0.000846828497532881
S3_8738402 3 8738402 1.82527886539421e-05
S3_8782220 3 8782220 0.000624536018517185
S3_8789209 3 8789209 7.70213033277039e-06
S3_8848221 3 8848221 0.00011238567701502
S3_8866834 3 8866834 0.000833748920245569
S3_8870564 3 8870564 8.3825563433556e-05
S3_8987715 3 8987715 3.19763734381591e-05
S3_8990838 3 8990838 0.000670261959066199
S3_8990879 3 8990879 0.000670261959066199
S3_8997007 3 8997007 2.1950045516955e-05
S3_9119710 3 9119710 0.000642301610128367
S3_9119740 3 9119740 0.000642301610128367
S3_9119746 3 9119746 0.000642301610128367
S3_9120289 3 9120289 2.11398789199415e-06
S3_9132922 3 9132922 0.000603988420802388
S3_9254552 3 9254552 8.57571336478401e-08
S3_9310025 3 9310025 0.000180849568993507
S3_9315338 3 9315338 0.000228599429008577
S3_9315506 3 9315506 1.82721105693551e-05
S3_9315550 3 9315550 7.88727898756676e-06
S3_9315573 3 9315573 7.88727898756676e-06
S3_9315749 3 9315749 2.15161276270284e-05
S3_9317078 3 9317078 2.7718320221809e-05
S3_9317099 3 9317099 2.7718320221809e-05
S3_9317126 3 9317126 7.7334396712207e-05
S3_9319604 3 9319604 0.000205933327080509
S3_9319653 3 9319653 0.000205933327080509
S3_9320805 3 9320805 3.44770435895559e-05
S3_9320812 3 9320812 1.09325937861298e-06
S3_9320864 3 9320864 2.22965205754165e-05
S3_9320871 3 9320871 8.9863369623566e-07
S3_9320957 3 9320957 7.50928044438194e-07
S3_9320975 3 9320975 1.68034523274056e-06
S3_9320985 3 9320985 1.68034523274056e-06
S3_9321249 3 9321249 1.68911709872181e-05
S3_9321253 3 9321253 6.87305321194405e-05
S3_9321455 3 9321455 0.000310271579209812
S3_9321461 3 9321461 0.000310271579209812
S3_9321473 3 9321473 0.000310271579209812
S3_9321492 3 9321492 0.000310271579209812
S3_9331274 3 9331274 4.03068828872999e-05
S3_9336426 3 9336426 6.86239912314666e-05
S3_9336453 3 9336453 6.86239912314666e-05
S3_9336458 3 9336458 6.86239912314666e-05
S3_9341821 3 9341821 4.49599911973158e-05
S3_9341927 3 9341927 7.40894468572217e-05
S3_9343804 3 9343804 6.26570649658513e-05
S3_9346697 3 9346697 4.43610347155633e-07
S3_9354473 3 9354473 0.000181869019746774
S3_9356991 3 9356991 1.19016112196938e-05
S3_9357040 3 9357040 1.03168184479277e-05
S3_9357115 3 9357115 2.15975820808286e-07
S3_9357144 3 9357144 1.15266873588529e-05
S3_9357163 3 9357163 2.92509858696611e-06
S3_9358695 3 9358695 0.000246094404139443
S3_9358821 3 9358821 5.60202048912049e-06
S3_9358845 3 9358845 5.44144234465053e-06
S3_9359123 3 9359123 3.89091750235724e-05
S3_9359165 3 9359165 5.25768490074876e-05
S3_9359506 3 9359506 8.67214840987153e-06
S3_9359511 3 9359511 4.86876927224929e-05
S3_9359563 3 9359563 0.000301003735113542
S3_9359566 3 9359566 0.000301003735113542
S3_9359638 3 9359638 3.13522149400677e-05
S3_9360255 3 9360255 4.68885189877483e-06
S3_9360256 3 9360256 2.54644560529799e-05
S3_9360287 3 9360287 3.05117912069983e-06
S3_9398016 3 9398016 1.04017530738202e-06
S3_9408209 3 9408209 0.000401343087184809
S3_9417429 3 9417429 0.000954004446169364
S3_9419208 3 9419208 0.000111886460768162
S3_9420936 3 9420936 6.84675426280034e-11
S3_9421261 3 9421261 0.000932138547794197
S3_9422852 3 9422852 5.34031116350913e-06
S3_9423963 3 9423963 6.6486278322894e-05
S3_9423964 3 9423964 6.6486278322894e-05
S3_9424176 3 9424176 3.30579954590168e-05
S3_9425262 3 9425262 1.26686213476367e-05
S3_9463657 3 9463657 0.000250005953494133
S3_9463674 3 9463674 0.000294152096312439
S3_9463699 3 9463699 0.000250005953494133
S3_9494369 3 9494369 0.000193609981262853
S3_9494370 3 9494370 0.000193609981262853
S3_9531490 3 9531490 5.15930375809035e-05
S3_9531506 3 9531506 5.15930375809035e-05
S3_9538637 3 9538637 2.02869086840457e-05
S3_9565951 3 9565951 0.000437747501295649
S3_9606519 3 9606519 0.000969246008560034
S3_9607541 3 9607541 0.000893737338160696
S3_9615992 3 9615992 0.000112117400345339
S3_9627255 3 9627255 0.000409896480842056
S3_9687606 3 9687606 9.18029528538089e-05
S3_9688803 3 9688803 3.53324945867017e-08
S3_9688885 3 9688885 0.000119514076661547
S3_9691170 3 9691170 6.79277423479736e-05
S3_9710502 3 9710502 4.18341459957816e-05
S3_9717822 3 9717822 6.91899793513456e-08
S3_9717870 3 9717870 1.04473453467723e-05
S3_9717925 3 9717925 6.13820217534016e-08
S3_9717926 3 9717926 4.31283039950652e-07
S3_9785291 3 9785291 0.000176503430718318
S3_9785295 3 9785295 0.000176503430718459
S3_9785343 3 9785343 0.000176503430718459
S3_9790488 3 9790488 7.42382825956944e-08
S3_9807766 3 9807766 7.55080926636702e-08
S3_9858014 3 9858014 5.92778359292448e-06
S3_9865624 3 9865624 0.000171984366809457
S3_9872431 3 9872431 2.57049683983813e-05
S3_9872432 3 9872432 2.57049683983813e-05
S3_9872435 3 9872435 1.8332286485727e-05
S3_9872436 3 9872436 5.58951051516359e-06
S3_9883393 3 9883393 0.000279856041598088
S3_9908799 3 9908799 1.97435851450859e-05
S3_9911168 3 9911168 3.67273368435607e-07
S3_9919581 3 9919581 3.48612641459839e-08
S3_9926658 3 9926658 0.000110458193277985
S3_9959015 3 9959015 5.44954929001102e-06
S3_9965862 3 9965862 8.58888937511635e-05
S3_9974318 3 9974318 0.000101550488646931
S3_9974333 3 9974333 0.000106472607949853
S3_9974357 3 9974357 0.000106472607949853
S3_9974541 3 9974541 0.000442413575830306
S3_9974586 3 9974586 0.000637980559663072
S3_9989625 3 9989625 9.24254656541627e-05
S3_10032966 3 10032966 2.50197910220635e-05
S3_10047786 3 10047786 7.13124267826408e-05
S3_10142289 3 10142289 1.93712895667044e-05
S3_10144892 3 10144892 3.20346450357403e-05
S3_10282951 3 10282951 2.16424210585344e-12
S3_10398399 3 10398399 0.000509062492083652
S3_10398400 3 10398400 0.000357170478200243
S3_10398404 3 10398404 0.000485530715564567
S3_10398405 3 10398405 0.000519697764876936
S3_10398406 3 10398406 0.000485530715564567
S3_10466657 3 10466657 0.000693328209977689
S3_10500493 3 10500493 0.000112005885560692
S3_10502902 3 10502902 0.000275209686039794
S3_10571868 3 10571868 1.55652616310299e-05
S3_10613553 3 10613553 1.81792827395906e-05
S3_10709638 3 10709638 0.000128988167161671
S3_10810024 3 10810024 0.00092141237897235
S3_10810029 3 10810029 0.00092141237897235
S3_11157901 3 11157901 4.74664480498825e-05
S3_11200169 3 11200169 0.000120448872698139
S3_11201858 3 11201858 0.000468989467479947
S3_11201878 3 11201878 0.000468989467479947
S3_11201881 3 11201881 0.000468989467479947
S3_11204348 3 11204348 0.00047227444171854
S3_11356141 3 11356141 7.83508443061446e-06
S3_11356953 3 11356953 2.59923105649346e-08
S3_11380624 3 11380624 0.000964501430732397
S3_11388805 3 11388805 0.00058815314946358
S3_11458842 3 11458842 0.000429851516000143
S3_11626556 3 11626556 0.000628991452679013
S3_11650898 3 11650898 1.55250694497078e-05
S3_11650978 3 11650978 7.43792440083402e-05
S3_11650985 3 11650985 0.000103380714204056
S3_11651002 3 11651002 7.59601292100596e-05
S3_11651167 3 11651167 1.90339756423191e-05
S3_11651188 3 11651188 1.90339756423191e-05
S3_11651200 3 11651200 1.90339756423191e-05
S3_11651233 3 11651233 9.3025043975159e-05
S3_11651267 3 11651267 0.000151070663545267
S3_11651285 3 11651285 0.000151070663545267
S3_11651448 3 11651448 0.000221618147305846
S3_11651456 3 11651456 0.000221618147305846
S3_11659416 3 11659416 2.8189952061259e-05
S3_11659611 3 11659611 0.000580445073800652
S3_11664770 3 11664770 0.000594732369595556
S3_11666882 3 11666882 0.000436258937123826
S3_11669979 3 11669979 0.000115030009490735
S3_11670133 3 11670133 1.33826284264805e-06
S3_11670190 3 11670190 1.21044890872673e-06
S3_11670265 3 11670265 4.60590075812264e-05
S3_11670447 3 11670447 0.000480900202794731
S3_11670456 3 11670456 0.000134422303232742
S3_11671604 3 11671604 9.82226394904347e-06
S3_11671616 3 11671616 1.00057765678387e-05
S3_11671619 3 11671619 0.000937369239990637
S3_11811686 3 11811686 1.25392506216195e-08
S3_11909419 3 11909419 3.02815328045317e-05
S3_11909431 3 11909431 0.000278352664729062
S3_11909562 3 11909562 0.00029222749239657
S3_11944753 3 11944753 0.000519493463872117
S3_11944877 3 11944877 9.32242494997985e-05
S3_11950334 3 11950334 8.23898284512689e-05
S3_11950367 3 11950367 0.000187702231305116
S3_11950678 3 11950678 0.00078719234828104
S3_12043043 3 12043043 0.000118164885360291
S3_12043083 3 12043083 2.78694544105104e-05
S3_12058136 3 12058136 5.61202521974291e-06
S3_12122648 3 12122648 0.00015938705063851
S3_12241493 3 12241493 3.65059148640438e-05
S3_12241593 3 12241593 0.000103589975127521
S3_12323292 3 12323292 9.18119093187114e-06
S3_12371199 3 12371199 0.000773569864972001
S3_12388496 3 12388496 0.000535504317438727
S3_12567484 3 12567484 0.00025972128193645
S3_12610896 3 12610896 0.000139667595479388
S3_12611028 3 12611028 0.000696473001690422
S3_12626710 3 12626710 6.40384270394565e-05
S3_12650539 3 12650539 0.000458580555494268
S3_12799303 3 12799303 1.28836927439011e-05
S3_12837497 3 12837497 0.000370100214328178
S3_12898576 3 12898576 1.03752942877842e-05
S3_12920251 3 12920251 7.49176274357241e-05
S3_12923009 3 12923009 0.000207700671803424
S3_12923103 3 12923103 0.000260214476616582
S3_12930364 3 12930364 5.29496810568783e-05
S3_12930368 3 12930368 5.29496810568783e-05
S3_12935598 3 12935598 0.0003512605033985
S3_12938685 3 12938685 0.000131263623176896
S3_12945070 3 12945070 0.000866797458844278
S3_12945074 3 12945074 0.000866797458844278
S3_12963954 3 12963954 5.3380883938435e-05
S3_12977907 3 12977907 0.00013319263471471
S3_12994074 3 12994074 0.000245150673012601
S3_13048903 3 13048903 0.000449035972262168
S3_13142798 3 13142798 1.85013859650955e-07
S3_13142826 3 13142826 1.85013859650955e-07
S3_13142837 3 13142837 1.85013859650955e-07
S3_13142838 3 13142838 1.85013859650955e-07
S3_13143034 3 13143034 0.000533980403812931
S3_13143060 3 13143060 0.000533980403812931
S3_13144337 3 13144337 0.000585414451622112
S3_13153835 3 13153835 0.000282915864801651
S3_13153856 3 13153856 0.000282915864801651
S3_13154073 3 13154073 0.000548384582843202
S3_13154076 3 13154076 0.000478497447856196
S3_13154276 3 13154276 7.89895697429235e-07
S3_13236001 3 13236001 2.06924256924042e-06
S3_13255331 3 13255331 6.25706387149193e-05
S3_13295328 3 13295328 0.000154805164639528
S3_13499982 3 13499982 0.000831258464733007
S3_13499984 3 13499984 0.000765353474228932
S3_13547504 3 13547504 1.26974524277297e-06
S3_13605332 3 13605332 0.000213934659123759
S3_13620624 3 13620624 8.04909602046564e-05
S3_13639360 3 13639360 0.00016181972054473
S3_13662654 3 13662654 4.10219291874355e-05
S3_13982674 3 13982674 0.00062928609153826
S3_14028131 3 14028131 0.000132794626195423
S3_14090125 3 14090125 0.000265445753225076
S3_14101402 3 14101402 0.000422430348782682
S3_14110819 3 14110819 0.000104656622115304
S3_14110824 3 14110824 0.00010465662211531
S3_14111752 3 14111752 0.000992885289607317
S3_14156354 3 14156354 0.00094054251771245
S3_14210069 3 14210069 5.18145062718703e-05
S3_14210421 3 14210421 0.000729192508283859
S3_14245954 3 14245954 0.000316587564138473
S3_14245999 3 14245999 0.000316587564138436
S3_14281269 3 14281269 2.10197371526099e-06
S3_14305921 3 14305921 6.3860945167018e-05
S3_14317489 3 14317489 0.000273664883600835
S3_14810756 3 14810756 0.000398037463480176
S3_14810759 3 14810759 0.000367629104540581
S3_14817571 3 14817571 0.000854162496963811
S3_14828765 3 14828765 0.000222118283149677
S3_14832770 3 14832770 0.000518094948550504
S3_14959115 3 14959115 0.000128831067021256
S3_14959138 3 14959138 0.000128831067021263
S3_14959153 3 14959153 5.95998780156823e-08
S3_14959183 3 14959183 5.95998780156823e-08
S3_14962154 3 14962154 0.000386763017899759
S3_14994271 3 14994271 0.000768430774009898
S3_14994550 3 14994550 0.00043188871033649
S3_15241779 3 15241779 0.000365551911305278
S3_15242004 3 15242004 0.000598802398196647
S3_15345041 3 15345041 0.000458790401311882
S3_15395087 3 15395087 3.59952910448011e-06
S3_15486677 3 15486677 0.000501336183025007
S3_15700111 3 15700111 0.000664972528405433
S3_15700133 3 15700133 0.000664972528405433
S3_15700148 3 15700148 0.000664972528405433
S3_15700167 3 15700167 0.000664972528405433
S3_15741581 3 15741581 0.00050294787875278
S3_15741639 3 15741639 9.40081145401358e-05
S3_15741642 3 15741642 9.40081145401358e-05
S3_15741652 3 15741652 1.94869794677504e-05
S3_15782622 3 15782622 0.000186808210516214
S3_15809101 3 15809101 0.000561075685108417
S3_15871570 3 15871570 0.000851490818011986
S3_15885122 3 15885122 0.000741900027601171
S3_15933311 3 15933311 0.000216004141585514
S3_15940162 3 15940162 0.000408049607009474
S3_15976494 3 15976494 6.5913634009473e-05
S3_15976495 3 15976495 6.5913634009473e-05
S3_15976496 3 15976496 6.5913634009473e-05
S3_15981139 3 15981139 0.000619167578754642
S3_15982142 3 15982142 0.000439293686359288
S3_16089862 3 16089862 4.33146158095904e-05
S3_16089880 3 16089880 4.33146158095904e-05
S3_16366663 3 16366663 1.07678143597672e-07
S3_16411499 3 16411499 9.64976751423468e-07
S3_16503643 3 16503643 0.000572196140186951
S3_17237859 3 17237859 0.000264087961834385
S3_17340811 3 17340811 0.000140506502257029
S3_17443541 3 17443541 0.000203416321590997
S3_17563662 3 17563662 0.000290655233503792
S3_17585590 3 17585590 0.000418519528500785
S3_17618085 3 17618085 0.000989289596281486
S3_17635334 3 17635334 0.000159615266746764
S3_17654345 3 17654345 0.000551911677473208
S3_17775506 3 17775506 0.000306557115382558
S3_17913988 3 17913988 0.00076791807321492
S3_17982963 3 17982963 0.000723424264317516
S3_18112547 3 18112547 0.000330193447702662
S3_18224124 3 18224124 0.000539903797186301
S3_18224125 3 18224125 0.000539903797186243
S3_18603919 3 18603919 0.000447035276375468
S3_18788412 3 18788412 0.000781938588526231
S3_18898728 3 18898728 0.000804222956489003
S3_18942033 3 18942033 0.000531630451490928
S3_19027874 3 19027874 0.000111401879908295
S3_19138646 3 19138646 0.0005824807504105
S3_19155990 3 19155990 0.000584288187795964
S3_19158966 3 19158966 0.000722522565560645
S3_19439292 3 19439292 0.000593974933161446
S3_19463054 3 19463054 0.000386076613157069
S3_19499539 3 19499539 1.60931793887807e-11
S3_19656835 3 19656835 4.76402958205433e-08
S3_19960784 3 19960784 0.000569030225521919
S3_20021034 3 20021034 0.000951032768755413
S3_20021137 3 20021137 0.000123804176093032
S3_20022065 3 20022065 1.94869351039575e-05
S3_20022707 3 20022707 2.89289652366794e-06
S3_20022722 3 20022722 2.91055354268222e-05
S3_20029097 3 20029097 0.000650731727121259
S3_20029499 3 20029499 2.80207735874175e-05
S3_20047391 3 20047391 0.000538493763003804
S3_20047413 3 20047413 0.00073584279534641
S3_20073096 3 20073096 0.00067737708028398
S3_20073105 3 20073105 0.000334153328975803
S3_20073128 3 20073128 0.000334153328975803
S3_20073136 3 20073136 0.000334153328975803
S3_20290825 3 20290825 0.000127326702148884
S3_20290885 3 20290885 3.8300120916973e-05
S3_20326297 3 20326297 0.00072736137412885
S3_20326339 3 20326339 0.00072736137412885
S3_20348361 3 20348361 0.000382549759436255
S3_20356705 3 20356705 0.000726493516337999
S3_20356951 3 20356951 0.00061545591182842
S3_20392829 3 20392829 0.000181276885105454
S3_20423656 3 20423656 5.74393375449143e-06
S3_20423807 3 20423807 0.00045341568298931
S3_20423826 3 20423826 0.000129540830777596
S3_20504175 3 20504175 0.000392686511109872
S3_20583130 3 20583130 0.000672674400910437
S3_20588088 3 20588088 4.67387259150199e-05
S3_20588155 3 20588155 0.000563622576556834
S3_20781961 3 20781961 0.000342599782996212
S3_20808379 3 20808379 0.000691417246554742
S3_20844470 3 20844470 2.93201508683403e-05
S3_20931838 3 20931838 1.65676448095429e-05
S3_20971134 3 20971134 0.00099219764630583
S3_21003131 3 21003131 9.17639435177051e-08
S3_21038924 3 21038924 0.000960247979717828
S3_21041712 3 21041712 0.000673156684418283
S3_21082566 3 21082566 0.000894386875587548
S3_21118730 3 21118730 0.000342166795108771
S3_21462079 3 21462079 0.000686645601559156
S3_21958356 3 21958356 1.76234334278374e-11
S3_22218045 3 22218045 0.00037593211614468
S3_22545926 3 22545926 0.000510207966667887
S3_22633588 3 22633588 0.000403994270926178
S3_23305873 3 23305873 0.000362089726901236
S3_23627663 3 23627663 0.000111537965195814
S3_23627665 3 23627665 9.97254444025873e-05
S3_25139797 3 25139797 0.000330501457975656
S3_25211443 3 25211443 0.000851085929053381
S3_25495217 3 25495217 0.000219133387811062
S3_25730877 3 25730877 0.000471242821828282
S3_25916901 3 25916901 7.61879109810267e-05
S3_26212665 3 26212665 0.000852049062029916
S3_26633023 3 26633023 0.000902682776332228
S3_27453622 3 27453622 0.000992538640814198
S3_28301391 3 28301391 0.000703145070433123
S3_29122851 3 29122851 0.000359292569669838
S3_29511382 3 29511382 0.00031623035016555
S3_29751086 3 29751086 0.000778339895940856
S3_30502258 3 30502258 0.000532064349308581
S3_30648555 3 30648555 0.000869532823299108
S3_30686492 3 30686492 0.000745688272001122
S3_31593124 3 31593124 0.00033151064249981
S3_32683993 3 32683993 0.000551981250075953
S3_32784593 3 32784593 0.000833254577973317
S3_33913851 3 33913851 0.000678175637162072
S3_35769522 3 35769522 0.000941504558213707
S3_35769529 3 35769529 0.000941504558213707
S3_35769530 3 35769530 0.000941504558213707
S3_35769551 3 35769551 0.000941504558213707
S3_36144076 3 36144076 0.000165287493941466
S3_37188091 3 37188091 0.000425907962399814
S3_37303571 3 37303571 0.000687743593855977
S3_37383756 3 37383756 0.000950730962285996
S3_37444968 3 37444968 3.63594932368136e-06
S3_37860240 3 37860240 0.000335043766910792
S3_37940320 3 37940320 0.000764983089316428
S3_38027719 3 38027719 0.000285013783728281
S3_38240407 3 38240407 0.000635009442618672
S3_38437839 3 38437839 5.09828715608555e-05
S3_39115867 3 39115867 0.00078435986106018
S3_40047484 3 40047484 0.000183865231454192
S3_40152393 3 40152393 0.000322491752905715
S3_40152399 3 40152399 0.000322491752905753
S3_40152759 3 40152759 0.000789648784429991
S3_40158602 3 40158602 0.000935372692603638
S3_41357863 3 41357863 0.000718105319908738
S3_41795007 3 41795007 0.000747536567640035
S3_42238658 3 42238658 0.000746577131240382
S3_42276486 3 42276486 0.000129477392226454
S3_42322027 3 42322027 0.000342070368467426
S3_42499322 3 42499322 0.00033152246208432
S3_42499358 3 42499358 0.00033152246208432
S3_42516785 3 42516785 0.000340479033532561
S3_42662928 3 42662928 6.30802387312769e-05
S3_42879378 3 42879378 0.000734321064799072
S3_42891174 3 42891174 0.000387817774912144
S3_42905149 3 42905149 0.000347533311714684
S3_43475014 3 43475014 0.000406738299235304
S3_43576997 3 43576997 0.00069140580536628
S3_43680790 3 43680790 0.000431319536446454
S3_43807084 3 43807084 0.000391928146558866
S3_43817354 3 43817354 0.000383671700459785
S3_43828967 3 43828967 0.000416859561736659
S3_43947885 3 43947885 0.00092267409298123
S3_43962435 3 43962435 0.000360113902507964
S3_43966663 3 43966663 0.000316614277909556
S3_43969719 3 43969719 0.000376313392338071
S3_44003908 3 44003908 1.17117936481108e-05
S3_44057087 3 44057087 0.000539800825239069
S3_44130262 3 44130262 0.000469946943502781
S3_44142909 3 44142909 0.000369690186197534
S3_44148718 3 44148718 0.000397133078043594
S3_44193822 3 44193822 0.000580698276364327
S3_44231489 3 44231489 0.000371245070775684
S3_44231538 3 44231538 0.000363557204887221
S3_44232238 3 44232238 9.82656593829414e-05
S3_44268763 3 44268763 0.000366052262486202
S3_44312022 3 44312022 0.000345701926322645
S3_44312063 3 44312063 0.000314948963559877
S3_44396360 3 44396360 0.000411466184797895
S3_44574594 3 44574594 0.000397902919961125
S3_44593816 3 44593816 0.000369994845283726
S3_44715816 3 44715816 2.97367138621286e-05
S3_44717805 3 44717805 0.000352980998736185
S3_44953248 3 44953248 0.00038932174395376
S3_44973375 3 44973375 0.00062748131208217
S3_45139862 3 45139862 0.000629100281433896
S3_45208993 3 45208993 0.000378521105352134
S3_45276602 3 45276602 0.000329950011107408
S3_45439889 3 45439889 0.000374572084639343
S3_45500277 3 45500277 0.000223573803552543
S3_45506163 3 45506163 0.000718770240340738
S3_45506356 3 45506356 4.47886374624449e-05
S3_45569548 3 45569548 0.000328536049736901
S3_45584343 3 45584343 3.33738071389894e-08
S3_45590871 3 45590871 0.000376161426600407
S3_45699947 3 45699947 0.000448718136970188
S3_45974778 3 45974778 0.000498674695031023
S3_45986329 3 45986329 0.000443375009038548
S3_46012215 3 46012215 0.000374071483808403
S3_46015602 3 46015602 0.000374668871288557
S3_46317605 3 46317605 0.000147892488356665
S3_46349138 3 46349138 0.000819004626412232
S3_46368504 3 46368504 0.000316198741615345
S3_46384976 3 46384976 0.000515820647464032
S3_46398737 3 46398737 0.00030525186581773
S3_46417081 3 46417081 0.000376651118206564
S3_46463079 3 46463079 0.000902387369409992
S3_46499506 3 46499506 0.000781924505608933
S3_46634373 3 46634373 0.000408338505365991
S3_46634388 3 46634388 0.000974800919298071
S3_46646214 3 46646214 0.000876129288008976
S3_46749375 3 46749375 0.000897409204269013
S3_46870094 3 46870094 0.000870255629685588
S3_46870300 3 46870300 0.000369331170119328
S3_46881243 3 46881243 0.000811631309545253
S3_46909240 3 46909240 0.000526992836252775
S3_47159505 3 47159505 0.000407756552020782
S3_47227601 3 47227601 1.96086338158528e-05
S3_47237404 3 47237404 0.000268710985705017
S3_47239241 3 47239241 0.000470745653187646
S3_47241995 3 47241995 0.000926507486194134
S3_47242765 3 47242765 0.000616279243675031
S3_47304583 3 47304583 0.000625622723662132
S3_47391806 3 47391806 0.000943287194637674
S3_47740329 3 47740329 0.000294765590303741
S3_47807320 3 47807320 0.000579266681398211
S3_49279865 3 49279865 0.00099590357864611
S3_49634250 3 49634250 5.82968139600251e-08
S3_49753937 3 49753937 4.59991444444994e-05
S3_49933005 3 49933005 0.000918606570975222
S3_50445662 3 50445662 5.29580859121562e-05
S3_50447927 3 50447927 0.000206955461595396
S3_50524419 3 50524419 5.88810524449368e-05
S3_50544420 3 50544420 0.000248994314796368
S3_50611307 3 50611307 0.000280939571869675
S3_50704684 3 50704684 2.17282367169649e-07
S3_50826264 3 50826264 0.000516079815074589
S3_50909353 3 50909353 0.000427348299964822
S3_50909361 3 50909361 0.000499232368931982
S3_50914547 3 50914547 0.000122042279326674
S3_50918323 3 50918323 0.000852660422696946
S3_51039340 3 51039340 0.000607657159222963
S3_51080410 3 51080410 0.000572425670729514
S3_51101882 3 51101882 3.89110261815192e-05
S3_51170594 3 51170594 5.39748604024883e-05
S3_51192309 3 51192309 0.000838690484447704
S3_51318889 3 51318889 0.000233972722420113
S3_51342477 3 51342477 0.000382799796172154
S3_51401319 3 51401319 8.97017033537049e-05
S3_51401343 3 51401343 6.68532674570554e-05
S3_51619221 3 51619221 0.000277267798308234
S3_51619234 3 51619234 0.00027726779830825
S3_51619324 3 51619324 4.35117924350113e-05
S3_51702070 3 51702070 0.000445221176850706
S3_51718065 3 51718065 6.76722312067222e-07
S3_51719176 3 51719176 9.13556407004652e-06
S3_51742804 3 51742804 5.17282682746792e-05
S3_51746511 3 51746511 3.5196632431201e-07
S3_51750208 3 51750208 7.7261852286067e-05
S3_51750209 3 51750209 7.7261852286067e-05
S3_51850147 3 51850147 1.34618686241154e-05
S3_51859166 3 51859166 2.74654682587037e-06
S3_51861057 3 51861057 6.98399787372059e-05
S3_51881066 3 51881066 5.43823544338596e-07
S3_52013062 3 52013062 3.10219313749098e-08
S3_52016122 3 52016122 0.000222962485890852
S3_52129664 3 52129664 0.000764864129117411
S3_52138363 3 52138363 4.5158023027429e-05
S3_52410134 3 52410134 7.02807313697122e-06
S3_52412968 3 52412968 0.000857083259144858
S3_52442259 3 52442259 4.68746441337862e-07
S3_52442305 3 52442305 4.68746441337862e-07
S3_52462809 3 52462809 3.44913524251005e-07
S3_52464874 3 52464874 8.2514497486637e-05
S3_52464878 3 52464878 8.25144974866124e-05
S3_52466245 3 52466245 0.000155048515688333
S3_52467413 3 52467413 0.000418924377267565
S3_52489055 3 52489055 0.000110635730190522
S3_52489083 3 52489083 0.000110635730190522
S3_52503563 3 52503563 3.64075772390344e-08
S3_52504023 3 52504023 0.00015400686089561
S3_52591419 3 52591419 2.87591963096111e-06
S3_52591435 3 52591435 8.2519456876955e-05
S3_52616013 3 52616013 0.00093145505559641
S3_52699218 3 52699218 0.000295702442762956
S3_52721675 3 52721675 0.00044149370415037
S3_52725842 3 52725842 0.000800046473815131
S3_52730235 3 52730235 9.60848803008393e-05
S3_52738813 3 52738813 0.000323055529260081
S3_52784515 3 52784515 0.000149947930124944
S3_52791870 3 52791870 0.000191315605077719
S3_52813621 3 52813621 6.65724665034783e-06
S3_52813622 3 52813622 6.65724665034783e-06
S3_52813623 3 52813623 6.65724665034783e-06
S3_52813624 3 52813624 6.65724665034783e-06
S3_52813628 3 52813628 6.65724665034783e-06
S3_52813630 3 52813630 6.65724665034783e-06
S3_52813632 3 52813632 6.65724665034783e-06
S3_52829997 3 52829997 0.000577192474476489
S3_52840366 3 52840366 0.000410489029704756
S3_52875253 3 52875253 0.00074930643579414
S3_52876169 3 52876169 9.11795029099029e-05
S3_52932610 3 52932610 3.48630611282192e-05
S3_53058458 3 53058458 0.000442568246755958
S3_53075429 3 53075429 5.33209077566629e-05
S3_53085365 3 53085365 1.50512218079997e-05
S3_53094032 3 53094032 0.000136524922465525
S3_53094265 3 53094265 0.000170033869455917
S3_53121761 3 53121761 0.000580371001103623
S3_53131643 3 53131643 1.32927165971459e-05
S3_53133974 3 53133974 9.02240451017602e-06
S3_53163621 3 53163621 0.000835745223635571
S3_53190444 3 53190444 9.38594463239965e-06
S3_53197188 3 53197188 0.000400324187526107
S3_53199642 3 53199642 9.88216329774008e-06
S3_53224779 3 53224779 9.98585481723819e-06
S3_53224784 3 53224784 9.98585481723819e-06
S3_53232250 3 53232250 2.06895002656719e-05
S3_53232312 3 53232312 4.02777338200999e-05
S3_53287733 3 53287733 4.3924437859335e-05
S3_53344578 3 53344578 0.000461386177628937
S3_53353492 3 53353492 0.000108277153924456
S3_53387910 3 53387910 0.000212237242766278
S3_53425735 3 53425735 1.0366666787873e-05
S3_53451379 3 53451379 4.69729990062928e-05
S3_53451398 3 53451398 2.14131987007824e-05
S3_53451610 3 53451610 0.000207625701461778
S3_53539351 3 53539351 8.34700812601517e-06
S3_53564197 3 53564197 8.79774315688363e-06
S3_53566329 3 53566329 8.56036224098052e-06
S3_53566553 3 53566553 9.93301557170915e-06
S3_53608743 3 53608743 0.000113076648809026
S3_53659912 3 53659912 4.44098736504905e-07
S3_53741371 3 53741371 9.25585562943155e-06
S3_53743234 3 53743234 8.79649144007437e-06
S3_53749181 3 53749181 6.80573957682611e-06
S3_53761025 3 53761025 4.40666714116435e-05
S3_53786765 3 53786765 1.04325580737677e-05
S3_53793240 3 53793240 6.61386808881737e-05
S3_53799960 3 53799960 0.000175712680043514
S3_53807866 3 53807866 1.22633665590852e-05
S3_53910915 3 53910915 1.04393679639185e-05
S3_53931317 3 53931317 6.61432013017616e-06
S3_53992535 3 53992535 2.33017181363533e-05
S3_53992923 3 53992923 0.000169602783274894
S3_53992930 3 53992930 0.000169602783274951
S3_53993031 3 53993031 8.23604435095343e-05
S3_53993036 3 53993036 0.000127945417356608
S3_54110613 3 54110613 0.000733645889981334
S3_54111806 3 54111806 0.000127217687502848
S3_54232784 3 54232784 0.000275879371929015
S3_54232792 3 54232792 0.000275879371929015
S3_54233349 3 54233349 6.55777866399374e-06
S3_54275930 3 54275930 0.0002000855404857
S3_54370908 3 54370908 0.00034395660390656
S3_54519960 3 54519960 6.58184415560584e-06
S3_54552232 3 54552232 6.12222450682643e-05
S3_54552237 3 54552237 5.5240420405249e-06
S3_54565671 3 54565671 1.17786171192457e-05
S3_54573063 3 54573063 1.71674178451209e-05
S3_54573213 3 54573213 0.000965105310463182
S3_54662529 3 54662529 3.3848351530687e-05
S3_54678428 3 54678428 0.000553492723321219
S3_54680204 3 54680204 0.00031811303719486
S3_54680224 3 54680224 0.00031811303719486
S3_54753958 3 54753958 0.000239019156169652
S3_54783649 3 54783649 0.000836907228522624
S3_54796172 3 54796172 0.000303163563336694
S3_54899103 3 54899103 5.50504774685163e-05
S3_54935235 3 54935235 1.05862896787131e-08
S3_54942795 3 54942795 1.37728714209572e-05
S3_54974129 3 54974129 0.000323404530118633
S3_54974130 3 54974130 0.000323404530118834
S3_54991928 3 54991928 2.33643147375478e-06
S3_55058472 3 55058472 2.35345007780004e-06
S3_55069764 3 55069764 1.7770639596618e-08
S3_55074406 3 55074406 3.18196453991162e-05
S3_55208879 3 55208879 0.000374250308608712
S3_55219460 3 55219460 3.49739615523426e-05
S3_55338527 3 55338527 0.000432710368706382
S3_55359433 3 55359433 0.00043625706220562
S3_55380670 3 55380670 0.000397584788140701
S3_55501024 3 55501024 0.000302686724387834
S3_55530679 3 55530679 0.000241637366703952
S3_55540840 3 55540840 0.000154573949139811
S3_55745730 3 55745730 0.000311860325161335
S3_55889224 3 55889224 0.000281338905096257
S3_55889225 3 55889225 0.000281338905095844
S3_56081089 3 56081089 0.000335540207318946
S3_56097481 3 56097481 2.32308270930135e-05
S3_56113779 3 56113779 2.44002141985141e-05
S3_56114361 3 56114361 0.000343457473176492
S3_56114393 3 56114393 0.000343457473176492
S3_56132389 3 56132389 0.000943802594100427
S3_56150457 3 56150457 0.000353842721538774
S3_56208470 3 56208470 0.000327589645717851
S3_56247515 3 56247515 0.000382894924494123
S3_56258042 3 56258042 0.000881281303094463
S3_56292687 3 56292687 2.90001164109111e-05
S3_56299621 3 56299621 7.90738826812774e-06
S3_56299638 3 56299638 7.90738826812774e-06
S3_56300620 3 56300620 0.000728403671418225
S3_56381240 3 56381240 0.000609084335701862
S3_56418767 3 56418767 6.08705246967635e-08
S3_56440023 3 56440023 0.000488435831709927
S3_56499146 3 56499146 2.59616010339192e-07
S3_56499166 3 56499166 7.08918923063707e-11
S3_56500838 3 56500838 0.000172567598958396
S3_56504238 3 56504238 0.000915430870068485
S3_56518506 3 56518506 0.000990566067485379
S3_56562024 3 56562024 0.000553099237018555
S3_56647052 3 56647052 0.000421347334369624
S3_56651427 3 56651427 0.000845318987138299
S3_56651596 3 56651596 0.000236545338972034
S3_56673766 3 56673766 0.000220602894919699
S3_56675690 3 56675690 0.000338119454759141
S3_56715461 3 56715461 0.000523720395282472
S3_56715468 3 56715468 0.000523720395282438
S3_56792352 3 56792352 6.71341058104533e-07
S3_56853132 3 56853132 5.11300780534238e-06
S3_56859026 3 56859026 0.000105406890838468
S3_56861061 3 56861061 6.51927660085989e-05
S3_56938921 3 56938921 0.000310011615402995
S3_56951065 3 56951065 0.000812080759846768
S3_57029297 3 57029297 0.000780962488272348
S3_57032164 3 57032164 0.000955715244257279
S3_57036961 3 57036961 0.000196610314022526
S3_57038896 3 57038896 0.000578000208733071
S3_57161253 3 57161253 9.70047862039659e-09
S3_57167535 3 57167535 9.22485251973811e-08
S3_57170156 3 57170156 0.000161382479089422
S3_57196943 3 57196943 0.00070223770498443
S3_57204887 3 57204887 0.000212526520569033
S3_57219458 3 57219458 0.000371440453167013
S3_57228388 3 57228388 1.72653141028614e-10
S3_57250832 3 57250832 0.000941324454789359
S3_57288240 3 57288240 1.79486619442979e-06
S3_57328350 3 57328350 0.000548497044415027
S3_57331132 3 57331132 0.000182487495199532
S3_57331133 3 57331133 0.000362218656307771
S3_57375231 3 57375231 0.000343393392620473
S3_57399210 3 57399210 7.52397575117305e-05
S3_57437244 3 57437244 0.000335855199985335
S3_57450128 3 57450128 0.000423873047911907
S3_57467503 3 57467503 0.000203459469004168
S3_57509620 3 57509620 0.000452047627257805
S3_57636882 3 57636882 0.000224018082923795
S3_57681725 3 57681725 3.22283386140826e-08
S3_57735579 3 57735579 0.000488619428677125
S3_57759760 3 57759760 0.00041319441378382
S3_57759773 3 57759773 0.000413194413783827
S3_57767910 3 57767910 2.45243703113034e-06
S3_57903390 3 57903390 2.92883349341284e-08
S3_57903417 3 57903417 0.000298621547156484
S3_57913626 3 57913626 0.000394784221069044
S3_57928598 3 57928598 0.000569767654338836
S3_57943274 3 57943274 3.91098545634423e-05
S3_57943796 3 57943796 2.91116495829436e-05
S3_58020736 3 58020736 0.000138056389888807
S3_58040574 3 58040574 1.28517917384617e-05
S3_58064920 3 58064920 0.000657567816295855
S3_58070822 3 58070822 0.000563020549207266
S3_58071489 3 58071489 0.000923010548888896
S3_58086760 3 58086760 0.000943277004826975
S3_58089653 3 58089653 0.000313528026498241
S3_58103371 3 58103371 0.00032720205094024
S3_58149426 3 58149426 0.000396250496363422
S3_58197594 3 58197594 0.000651901685394971
S3_58220325 3 58220325 0.000159217423149062
S3_58220421 3 58220421 0.000173084093870481
S3_58225242 3 58225242 0.000140944204473619
S3_58240772 3 58240772 2.60446319958659e-08
S3_58270990 3 58270990 5.32633357463632e-05
S3_58271006 3 58271006 0.000113982937560601
S3_58274080 3 58274080 0.000769744955301403
S3_58431979 3 58431979 0.000414468422637869
S3_58534852 3 58534852 3.68516458169529e-05
S3_58538159 3 58538159 1.94179862429203e-05
S3_58770043 3 58770043 0.00040143788944923
S3_58989506 3 58989506 0.000240199445712777
S3_58998088 3 58998088 0.000979074323167088
S3_59011858 3 59011858 0.000925868739265008
S3_59030555 3 59030555 4.52961627546715e-05
S3_59109213 3 59109213 5.78292202323034e-05
S3_59116201 3 59116201 0.000414861879580453
S3_59116203 3 59116203 0.000415203684654539
S3_59116207 3 59116207 0.000414861879580453
S3_59123248 3 59123248 0.000105245209770128
S3_59186711 3 59186711 4.81489424567983e-06
S3_59188230 3 59188230 1.03726754380512e-05
S3_59234897 3 59234897 2.55518541749675e-07
S3_59245505 3 59245505 0.000229247671893449
S3_59276848 3 59276848 0.000908759139349653
S3_59282389 3 59282389 0.000793779692752058
S3_59314863 3 59314863 8.58903311928253e-06
S3_59326450 3 59326450 0.000731332910395633
S3_59401072 3 59401072 9.80488422548895e-07
S3_59412523 3 59412523 0.000699667568474198
S3_59413822 3 59413822 0.000436766220128696
S3_59496170 3 59496170 9.943340514236e-05
S3_59508492 3 59508492 0.000479213594872769
S3_59583513 3 59583513 0.000645783776075334
S3_59596498 3 59596498 0.000703169820281221
S3_59692601 3 59692601 0.000375674313624651
S3_59852896 3 59852896 0.000327407260360172
S3_59998814 3 59998814 0.000359236021053828
S3_60003027 3 60003027 0.000806676541052045
S3_60025724 3 60025724 5.88357041842029e-06
S3_60069948 3 60069948 0.000191717317225367
S3_60073522 3 60073522 1.54032921576573e-08
S3_60077567 3 60077567 2.55435327141482e-08
S3_60081198 3 60081198 4.31258318404779e-08
S3_60118814 3 60118814 7.72404381817784e-08
S3_60120797 3 60120797 0.000790759683057767
S3_60128471 3 60128471 0.000277115251018078
S3_60143446 3 60143446 9.10865250185475e-06
S3_60150896 3 60150896 9.79813938464886e-05
S3_60150898 3 60150898 3.70712947031931e-05
S3_60153590 3 60153590 6.93292386896254e-05
S3_60161865 3 60161865 1.55069129621589e-05
S3_60207122 3 60207122 6.38579994937822e-06
S3_60215685 3 60215685 0.000434482392372273
S3_60256223 3 60256223 0.000450617773510974
S3_60257344 3 60257344 9.3695871773796e-05
S3_60270950 3 60270950 0.000343578513195824
S3_60272048 3 60272048 1.5063601377886e-05
S3_60300464 3 60300464 0.000184395391022698
S3_60304386 3 60304386 0.000632623843269873
S3_60343543 3 60343543 0.000267161455275197
S3_60346098 3 60346098 8.53445795308778e-05
S3_60346099 3 60346099 1.09878889661023e-05
S3_60347646 3 60347646 0.000373094493406656
S3_60363493 3 60363493 2.44702032676384e-05
S3_60380489 3 60380489 4.09114171634352e-05
S3_60387584 3 60387584 3.03954979725022e-06
S3_60388553 3 60388553 0.000349320800101744
S3_60441216 3 60441216 0.000772463552493683
S3_60480134 3 60480134 0.000414662226077914
S3_60480167 3 60480167 0.000486427521249429
S3_60537376 3 60537376 6.07250941976351e-06
S3_60539558 3 60539558 0.000125920157594365
S3_60540545 3 60540545 6.09145578099308e-07
S3_60540655 3 60540655 0.000418945757542607
S3_60581781 3 60581781 1.38541746847927e-05
S3_60588930 3 60588930 0.00035447786228157
S3_60588952 3 60588952 0.000354477862281617
S3_60588959 3 60588959 0.00035447786228157
S3_60600563 3 60600563 5.67542099424059e-05
S3_60600894 3 60600894 0.000730386004121287
S3_60600949 3 60600949 0.000773025705281944
S3_60689429 3 60689429 0.000317714889677974
S3_60702588 3 60702588 0.000916402953021168
S3_60702737 3 60702737 7.16224524728829e-07
S3_60724227 3 60724227 0.000123351023671401
S3_60742171 3 60742171 0.000947529013020138
S3_60745945 3 60745945 7.07895891852923e-05
S3_60769903 3 60769903 2.29618484786003e-05
S3_60797114 3 60797114 4.2665791025e-08
S3_60849279 3 60849279 0.000768675219802134
S3_60911457 3 60911457 2.15419524248178e-05
S3_60927276 3 60927276 0.000112339372426429
S3_60963595 3 60963595 0.000462720465981166
S3_60963666 3 60963666 0.000280033136634103
S3_61118153 3 61118153 0.000273609880395074
S3_61136241 3 61136241 3.66853869146608e-05
S3_61206313 3 61206313 0.000216244879890579
S3_61231534 3 61231534 1.39937910046444e-06
S3_61231614 3 61231614 0.000189951950197789
S3_61231663 3 61231663 0.000618489315060696
S3_61242365 3 61242365 0.000324596172770615
S3_61310890 3 61310890 0.000138245078645447
S3_61310938 3 61310938 0.000138245078645447
S3_61356115 3 61356115 0.00038167935268742
S3_61367490 3 61367490 0.000213389372321753
S3_61391226 3 61391226 0.000853032831985467
S3_61470701 3 61470701 0.000109905711508616
S3_61694589 3 61694589 0.000350265456138676
S3_61703266 3 61703266 1.08353233853616e-05
S3_61730190 3 61730190 0.000542035351355298
S3_61776977 3 61776977 5.97723358472753e-05
S3_61804606 3 61804606 0.000962663396503107
S3_61805666 3 61805666 0.000858985447827147
S3_61813444 3 61813444 0.000766424519808105
S3_61818021 3 61818021 0.000513425285801055
S3_61827263 3 61827263 0.000166495707653163
S3_61836297 3 61836297 1.07362742896039e-07
S3_61846149 3 61846149 0.000942338031998346
S3_61853404 3 61853404 0.00045777581265696
S3_61879228 3 61879228 0.00097097621839646
S3_61886185 3 61886185 9.47758835001692e-05
S3_61902161 3 61902161 7.07992113991076e-05
S3_61904661 3 61904661 0.000840352862903796
S3_61916696 3 61916696 2.7439702049128e-11
S3_61957095 3 61957095 6.23967123408966e-06
S3_61957222 3 61957222 0.000831958598428617
S3_61957381 3 61957381 3.69737214158007e-11
S3_61957465 3 61957465 4.67083683899654e-11
S3_61971348 3 61971348 1.86178411547183e-11
S3_61996793 3 61996793 0.000134164835600234
S3_62074405 3 62074405 0.000388419605102904
S3_62074994 3 62074994 4.71892471352357e-05
S3_62075010 3 62075010 4.71892471352645e-05
S3_62079908 3 62079908 5.3451080777482e-08
S3_62124786 3 62124786 3.88533944424895e-07
S3_62173257 3 62173257 2.3423134063381e-06
S3_62226410 3 62226410 2.85596465896319e-06
S3_62226416 3 62226416 2.85596465896342e-06
S3_62297296 3 62297296 0.000711099853510366
S3_62297306 3 62297306 0.000224888542824293
S3_62297308 3 62297308 0.00022488854282416
S3_62297309 3 62297309 0.00022488854282416
S3_62355840 3 62355840 0.000775762322092182
S3_62380182 3 62380182 0.000269696096037267
S3_62382827 3 62382827 8.23133276890434e-07
S3_62383191 3 62383191 0.000120362429792875
S3_62397554 3 62397554 0.000683635433621405
S3_62418318 3 62418318 1.32508893474532e-07
S3_62474529 3 62474529 0.000985397496348505
S3_62477419 3 62477419 0.000199684254303867
S3_62493527 3 62493527 0.000204440596666271
S3_62511136 3 62511136 0.000680373779548094
S3_62514382 3 62514382 0.000724427819366013
S3_62514408 3 62514408 2.09789994468902e-05
S3_62514417 3 62514417 0.000724427819366313
S3_62514637 3 62514637 5.98006496516701e-05
S3_62576553 3 62576553 7.14321400061201e-06
S3_62689756 3 62689756 1.59161739158914e-11
S3_62823267 3 62823267 0.000376970983420368
S3_62823268 3 62823268 2.82292332307532e-06
S3_62823271 3 62823271 2.82292332307241e-06
S3_62843242 3 62843242 1.94988266459484e-05
S3_62864824 3 62864824 0.000911981561376085
S3_63086243 3 63086243 9.70736926607321e-09
S3_63181443 3 63181443 1.51857723272311e-11
S3_63277091 3 63277091 2.99366975835911e-09
S3_63444897 3 63444897 5.0911464952158e-05
S3_63445081 3 63445081 1.87573659942737e-10
S3_63445392 3 63445392 0.000808844124889353
S3_63458364 3 63458364 0.00058877478184358
S3_63466237 3 63466237 0.000842022580980778
S3_63466240 3 63466240 0.000842022580980778
S3_63466413 3 63466413 0.000468297537762216
S3_63492613 3 63492613 0.000663269269811735
S3_63516408 3 63516408 1.33231128977574e-06
S3_63577465 3 63577465 1.21970312645908e-05
S3_63596611 3 63596611 1.19885680072409e-06
S3_63596618 3 63596618 0.00056367617646836
S3_63596897 3 63596897 0.000395141769821039
S3_63611714 3 63611714 0.000509618055475925
S3_63618455 3 63618455 7.49082302553772e-07
S3_63618466 3 63618466 6.67390594176068e-05
S3_63618472 3 63618472 6.67390594176068e-05
S3_63618492 3 63618492 7.49082302553867e-07
S3_63618497 3 63618497 4.93523649716738e-06
S3_63624943 3 63624943 0.000162498113603468
S3_63629603 3 63629603 2.20630106904972e-06
S3_63631525 3 63631525 3.08433058856833e-07
S3_63631702 3 63631702 0.000128419847626287
S3_63632556 3 63632556 0.000425097654686381
S3_63633534 3 63633534 1.16636598904676e-08
S3_63633631 3 63633631 0.000156026918198802
S3_63653000 3 63653000 0.000448833983690642
S3_63661803 3 63661803 0.000322652327519593
S3_63674311 3 63674311 0.000166057206327985
S3_63679542 3 63679542 0.000143903445209914
S3_63732825 3 63732825 0.000160902329826383
S3_63825209 3 63825209 0.000731769569831925
S3_63825210 3 63825210 0.000731769569831925
S3_63879505 3 63879505 0.000282567192129503
S3_64034991 3 64034991 0.000617285525504089
S3_64115057 3 64115057 0.000894755837879063
S3_64207398 3 64207398 6.781251505947e-06
S3_64270223 3 64270223 1.72318744626789e-05
S3_64319887 3 64319887 4.58325310610864e-06
S3_64448248 3 64448248 1.0463000507748e-05
S3_64465085 3 64465085 0.000459452353305004
S3_64465095 3 64465095 0.000459452353305004
S3_64466238 3 64466238 0.000994401419303787
S3_64469998 3 64469998 0.000326306576124662
S3_64472283 3 64472283 0.000796290911081672
S3_64502657 3 64502657 9.91580174629264e-05
S3_64508525 3 64508525 2.67732473037908e-05
S3_64535076 3 64535076 2.60455971257039e-05
S3_64577635 3 64577635 0.000460469931001419
S3_64636554 3 64636554 0.000373812648514914
S3_64636777 3 64636777 0.000213131737775399
S3_64636989 3 64636989 0.000585756671445742
S3_64686799 3 64686799 0.000643566946890944
S3_64718182 3 64718182 0.000634620365119339
S3_64769947 3 64769947 5.39287779095644e-05
S3_64810271 3 64810271 1.28247817091978e-05
S3_64832105 3 64832105 0.000249287538406006
S3_64866156 3 64866156 1.63852821250551e-05
S3_64875386 3 64875386 5.90539959499692e-05
S3_64878416 3 64878416 3.82305997048133e-05
S3_64927957 3 64927957 0.000631221131422254
S3_64928011 3 64928011 0.000809561112467431
S3_64928023 3 64928023 0.000809561112467431
S3_64940930 3 64940930 0.000336633659245953
S3_64979930 3 64979930 0.000358237343293029
S3_64983439 3 64983439 0.0004041461386035
S3_65052630 3 65052630 6.28299247525169e-10
S3_65109618 3 65109618 1.89831741989376e-05
S3_65109981 3 65109981 4.3037005584212e-05
S3_65126351 3 65126351 0.00067778944500148
S3_65126396 3 65126396 0.000191286091139485
S3_65126397 3 65126397 5.98006815519984e-05
S3_65126539 3 65126539 0.000461289332759577
S3_65128468 3 65128468 0.000177180276565006
S3_65186115 3 65186115 2.02715006029395e-07
S3_65304464 3 65304464 2.87601802490381e-05
S3_65318696 3 65318696 1.2830959363808e-05
S3_65322907 3 65322907 3.75011969721586e-05
S3_65327674 3 65327674 1.55658475539086e-05
S3_65340303 3 65340303 0.000117461391205664
S3_65423419 3 65423419 2.61621689921223e-11
S3_65424981 3 65424981 0.00092627709869123
S3_65612667 3 65612667 0.000716395840355701
S3_65674184 3 65674184 1.35707034149003e-05
S3_65708546 3 65708546 2.79940531761968e-05
S3_65708564 3 65708564 5.04923996317885e-05
S3_65724420 3 65724420 3.76240968589297e-06
S3_65730943 3 65730943 1.72364028692728e-07
S3_65732244 3 65732244 0.000722753480099572
S3_65736497 3 65736497 0.000442861273519367
S3_65756336 3 65756336 0.000804536870902289
S3_65812326 3 65812326 0.000349234798255188
S3_65812405 3 65812405 4.28757302126084e-05
S3_65812783 3 65812783 1.397426602646e-05
S3_65818155 3 65818155 3.56882101788288e-05
S3_65818271 3 65818271 3.05917416284958e-05
S3_65818301 3 65818301 3.13659022714844e-06
S3_65819296 3 65819296 0.000873963572788603
S3_65820927 3 65820927 6.22186292947857e-05
S3_65821033 3 65821033 2.98774161795578e-06
S3_65832468 3 65832468 0.000867865535747058
S3_65840901 3 65840901 0.000605208167111483
S3_65896754 3 65896754 1.75808406588551e-05
S3_65952412 3 65952412 0.000218619372780124
S3_65956469 3 65956469 0.00058533751878482
S3_65968600 3 65968600 0.000576747214917044
S3_66005671 3 66005671 6.70990767341341e-06
S3_66027890 3 66027890 2.94151849019338e-05
S3_66041213 3 66041213 2.81492617735153e-05
S3_66043589 3 66043589 5.2513277287881e-07
S3_66051677 3 66051677 1.2804108818272e-08
S3_66055646 3 66055646 9.67723066328155e-07
S3_66057637 3 66057637 0.000231815650122762
S3_66063343 3 66063343 2.92423542264004e-05
S3_66063973 3 66063973 5.38999291027454e-05
S3_66067694 3 66067694 0.000276593132313932
S3_66067708 3 66067708 5.52249022410584e-05
S3_66071486 3 66071486 4.6936253398963e-06
S3_66071511 3 66071511 2.36755167951171e-06
S3_66072005 3 66072005 1.17189751592929e-05
S3_66073825 3 66073825 1.21503484964876e-05
S3_66111123 3 66111123 0.000331486252320572
S3_66124016 3 66124016 3.83319171888882e-05
S3_66132801 3 66132801 2.99923029510798e-05
S3_66146061 3 66146061 0.000566569250806142
S3_66146076 3 66146076 0.00033319744937949
S3_66152605 3 66152605 0.000139225348866209
S3_66152647 3 66152647 0.000139225348866209
S3_66195729 3 66195729 0.00085103505453158
S3_66195879 3 66195879 4.15589725878022e-09
S3_66365467 3 66365467 0.000256947939124287
S3_66365478 3 66365478 0.000256947939124287
S3_66390300 3 66390300 0.000757963567049214
S3_66446169 3 66446169 0.000938238054135288
S3_66446171 3 66446171 0.000938238054135223
S3_66454582 3 66454582 0.000185853914750555
S3_66454596 3 66454596 0.000185853914750581
S3_66454615 3 66454615 0.000185853914750555
S3_66542867 3 66542867 1.27084822396496e-05
S3_66545980 3 66545980 1.91772898147361e-07
S3_66559529 3 66559529 6.41032625731483e-05
S3_66566789 3 66566789 4.97840788218872e-07
S3_66569406 3 66569406 0.000885345161551725
S3_66569407 3 66569407 0.000885345161551998
S3_66569433 3 66569433 0.000885345161551725
S3_66571221 3 66571221 0.000103764386038104
S3_66571233 3 66571233 0.000103764386038119
S3_66571260 3 66571260 0.000135076588795903
S3_66572770 3 66572770 2.21986359458919e-08
S3_66599383 3 66599383 2.5919871714352e-11
S3_66613043 3 66613043 8.40446208962661e-13
S3_66617877 3 66617877 1.90442840412962e-07
S3_66617887 3 66617887 1.90442840412962e-07
S3_66678295 3 66678295 1.97440505099447e-05
S3_66678429 3 66678429 0.000345253280375703
S3_66737825 3 66737825 8.70088362266965e-08
S3_66745390 3 66745390 1.84762128212864e-06
S3_66746928 3 66746928 3.7397422492219e-06
S3_66765884 3 66765884 2.74832218278276e-05
S3_66828148 3 66828148 9.70268352485859e-05
S3_66828153 3 66828153 0.000136019631888261
S3_66886574 3 66886574 7.17814681651435e-07
S3_66893178 3 66893178 0.000970364361936916
S3_66960900 3 66960900 1.44106864165043e-07
S3_66960916 3 66960916 1.44106864165043e-07
S3_67079199 3 67079199 3.87729075358256e-06
S3_67085297 3 67085297 4.23217276350818e-06
S3_67114406 3 67114406 8.55148160475023e-06
S3_67114526 3 67114526 7.52955353360546e-06
S3_67125177 3 67125177 9.23038084134547e-16
S3_67127635 3 67127635 9.15938657298962e-06
S3_67144809 3 67144809 0.00030752908899678
S3_67157850 3 67157850 2.20293262859177e-06
S3_67162529 3 67162529 1.73751480260787e-15
S3_67207293 3 67207293 0.000544702277266022
S3_67546367 3 67546367 0.000296539699994486
S3_67639716 3 67639716 1.17933162305288e-05
S3_67666935 3 67666935 0.000768448595495527
S3_67845282 3 67845282 2.59443915313007e-06
S3_67959840 3 67959840 2.48282226922861e-05
S3_67971155 3 67971155 1.92142973080905e-05
S3_67982235 3 67982235 0.000387009965534901
S3_67985546 3 67985546 1.30518251461243e-05
S3_68010909 3 68010909 4.7475628429456e-07
S3_68079999 3 68079999 8.34424790070983e-05
S3_68104270 3 68104270 9.59495962487141e-06
S3_68142388 3 68142388 0.000561623141987812
S3_68738217 3 68738217 0.000196149598130467
S3_68794819 3 68794819 0.000448916835714559
S3_68893700 3 68893700 6.28423702878428e-06
S3_68902394 3 68902394 4.82461943592108e-07
S3_68934346 3 68934346 0.000532279234556548
S3_68936937 3 68936937 7.92193114790661e-06
S3_68966998 3 68966998 0.000457227383473173
S3_69105075 3 69105075 8.23518899126456e-05
S3_69109894 3 69109894 0.000502105766720331
S3_69115803 3 69115803 2.30984721073484e-05
S3_69126436 3 69126436 0.00075595977082645
S3_69127189 3 69127189 4.15659866439514e-05
S3_69127347 3 69127347 8.24585674331629e-05
S3_69135881 3 69135881 0.000306980909614017
S3_69141509 3 69141509 0.000995763668974566
S3_69236498 3 69236498 8.23165839487415e-05
S3_69238351 3 69238351 2.41933355355034e-06
S3_69257525 3 69257525 2.30853084270607e-05
S3_69277819 3 69277819 6.30470835381067e-06
S3_69446680 3 69446680 1.04427056208857e-05
S3_69446681 3 69446681 1.04427056208723e-05
S3_69460643 3 69460643 0.000622956546855019
S3_69472851 3 69472851 0.000705563923472155
S3_69473007 3 69473007 3.97563253253089e-05
S3_69473801 3 69473801 0.000240097396418262
S3_69477068 3 69477068 1.0251893349506e-06
S3_69509987 3 69509987 0.000201710468990256
S3_69520945 3 69520945 0.000191324505617877
S3_69529387 3 69529387 0.000436771704780903
S3_69529444 3 69529444 0.000154113063398317
S3_69536129 3 69536129 0.000240095206719366
S3_69536135 3 69536135 0.0002400952067194
S3_69537427 3 69537427 8.46989429351657e-05
S3_69666625 3 69666625 1.06740453728077e-05
S3_69686980 3 69686980 0.000370732814173391
S3_69705535 3 69705535 9.25166626512384e-05
S3_69706983 3 69706983 1.19444891608964e-06
S3_69716926 3 69716926 0.00020097224125631
S3_69716941 3 69716941 0.000154703765066043
S3_69721476 3 69721476 0.000445232981121882
S3_69724549 3 69724549 0.000400110203947334
S3_69724607 3 69724607 7.34591872189135e-05
S3_69724643 3 69724643 7.34591872189026e-05
S3_69724666 3 69724666 1.74485227711159e-06
S3_69724676 3 69724676 3.67212317475624e-06
S3_69739654 3 69739654 8.32032695654902e-05
S3_69739935 3 69739935 9.31371676815496e-05
S3_69739939 3 69739939 9.31371676815404e-05
S3_69739940 3 69739940 0.000530655375591781
S3_69766464 3 69766464 0.000591353380818262
S3_69776916 3 69776916 0.000345706513973935
S3_69800111 3 69800111 0.000171737957556997
S3_69882107 3 69882107 6.36723165197151e-07
S3_69958003 3 69958003 1.45550200372481e-07
S3_69961982 3 69961982 0.000224120371095081
S3_70000729 3 70000729 0.000507395178499488
S3_70005467 3 70005467 0.000152662213834952
S3_70101944 3 70101944 0.000762007291243966
S3_70109580 3 70109580 1.08535151811094e-05
S3_70111398 3 70111398 0.00036156909859947
S3_70131962 3 70131962 8.93095402914796e-10
S3_70208296 3 70208296 2.50436031972097e-05
S3_70208297 3 70208297 2.50436031972135e-05
S3_70249310 3 70249310 5.45059271376591e-06
S3_70284400 3 70284400 4.16027687866588e-05
S3_70310791 3 70310791 1.26753326576173e-08
S3_70315083 3 70315083 0.00071305926214752
S3_70320236 3 70320236 4.09843245089154e-07
S3_70374479 3 70374479 0.000227809833558633
S3_70387795 3 70387795 0.000265692899211577
S3_70415442 3 70415442 0.000110435012422566
S3_70415460 3 70415460 0.000110435012422566
S3_70427398 3 70427398 7.15034836485902e-05
S3_70501887 3 70501887 3.70856986644547e-06
S3_70520929 3 70520929 2.13292587962561e-05
S3_70532858 3 70532858 1.69158153460612e-06
S3_70533961 3 70533961 7.10046357472661e-06
S3_70559393 3 70559393 7.17262987179702e-06
S3_70570770 3 70570770 1.62721209199928e-05
S3_70638783 3 70638783 0.000813954701797518
S3_70638784 3 70638784 0.000813954701797625
S3_70672255 3 70672255 4.68862339241554e-05
S3_70702347 3 70702347 2.14071762274786e-06
S3_70733346 3 70733346 5.08791477609462e-06
S3_70733347 3 70733347 0.000227981265845813
S3_70733348 3 70733348 5.08791477609462e-06
S3_70733349 3 70733349 5.08791477609462e-06
S3_70739088 3 70739088 3.54998404796629e-06
S3_70739116 3 70739116 0.000134557048020998
S3_70742892 3 70742892 8.91807615047962e-07
S3_70742898 3 70742898 8.91807615047962e-07
S3_70745033 3 70745033 9.17636205127461e-07
S3_70745428 3 70745428 1.63676850945496e-06
S3_70764824 3 70764824 4.72176675539288e-06
S3_70775775 3 70775775 2.09327437276653e-06
S3_70779464 3 70779464 9.11604204487861e-05
S3_70779913 3 70779913 0.000264678625308055
S3_70811100 3 70811100 3.85915415021067e-06
S3_70811102 3 70811102 3.85915415021067e-06
S3_70815349 3 70815349 3.42347185924152e-06
S3_70829307 3 70829307 0.0001124845133637
S3_70831285 3 70831285 0.000112842539355725
S3_70833644 3 70833644 4.20261759189522e-05
S3_70835411 3 70835411 0.000765498851468111
S3_70835664 3 70835664 5.38237787242766e-05
S3_70836454 3 70836454 0.000350520962194799
S3_70836521 3 70836521 3.66316656564098e-06
S3_70842883 3 70842883 0.000570931605868514
S3_70857567 3 70857567 0.000793169912312813
S3_70860971 3 70860971 4.22840550211937e-06
S3_70866325 3 70866325 6.3723543002801e-06
S3_70884304 3 70884304 1.76379120686786e-06
S3_70893679 3 70893679 0.000943462619870664
S3_70921820 3 70921820 5.57449304003439e-05
S3_70953569 3 70953569 2.9580876188318e-06
S3_70980639 3 70980639 0.0006708974592896
S3_70980899 3 70980899 0.000526659565262241
S3_70981066 3 70981066 0.000945264542221426
S3_70983229 3 70983229 9.88524332474818e-06
S3_71004153 3 71004153 0.000522157169736936
S3_71004162 3 71004162 0.000903793976347414
S3_71010209 3 71010209 3.50305646534655e-05
S3_71022503 3 71022503 8.74496050937384e-05
S3_71024964 3 71024964 0.0003329547967371
S3_71034497 3 71034497 6.70662654827797e-05
S3_71066869 3 71066869 2.62856977309615e-06
S3_71072990 3 71072990 0.000467904773406774
S3_71117016 3 71117016 0.000111458011091282
S3_71119495 3 71119495 0.000196289441459825
S3_71146279 3 71146279 9.06414319580781e-05
S3_71167232 3 71167232 0.000206516947612337
S3_71178125 3 71178125 1.50258126812825e-06
S3_71218235 3 71218235 0.000104197836068657
S3_71226650 3 71226650 0.000222879844434021
S3_71244019 3 71244019 0.000294930475985813
S3_71262496 3 71262496 0.00021874518532024
S3_71269148 3 71269148 4.89285991660951e-05
S3_71269211 3 71269211 1.05948834346062e-06
S3_71269259 3 71269259 1.53620799318668e-05
S3_71269307 3 71269307 2.09269267423381e-05
S3_71269335 3 71269335 4.02930558635123e-06
S3_71317198 3 71317198 0.000707087005156604
S3_71325717 3 71325717 0.000363130768378709
S3_71326258 3 71326258 4.76314267543066e-05
S3_71360432 3 71360432 0.000613441024059548
S3_71369342 3 71369342 3.12166209434142e-05
S3_71389793 3 71389793 0.00020648987143731
S3_71389818 3 71389818 5.27144827535194e-05
S3_71405561 3 71405561 1.60600121349441e-05
S3_71405989 3 71405989 6.68013472392386e-05
S3_71406106 3 71406106 6.83802974696848e-06
S3_71408536 3 71408536 0.000316911568051498
S3_71457184 3 71457184 2.8275775258381e-06
S3_71458420 3 71458420 2.8984805701561e-05
S3_71474060 3 71474060 3.33284729681299e-05
S3_71474843 3 71474843 0.000868904327312793
S3_71475001 3 71475001 5.87421065140503e-06
S3_71528656 3 71528656 5.66892269318538e-05
S3_71549224 3 71549224 0.00040477304463624
S3_71549255 3 71549255 0.000136530355298038
S3_71561810 3 71561810 0.000797588178254437
S3_71609448 3 71609448 9.46754364610144e-07
S3_71613134 3 71613134 3.71548213967111e-06
S3_71873523 3 71873523 2.37855702221115e-07
S3_71898728 3 71898728 0.00041271267324153
S3_71898752 3 71898752 0.000297881059169469
S3_71952370 3 71952370 0.000152330294385253
S3_71975629 3 71975629 5.07339267176956e-05
S3_71981411 3 71981411 2.64848621338853e-06
S3_71981412 3 71981412 2.49659345616295e-06
S3_71981414 3 71981414 2.49659345616795e-06
S3_71981415 3 71981415 2.49659345616295e-06
S3_71981417 3 71981417 2.49659345616795e-06
S3_71981418 3 71981418 1.38743788034948e-05
S3_71981419 3 71981419 2.49659345616795e-06
S3_71981420 3 71981420 2.49659345616795e-06
S3_71981421 3 71981421 2.49659345616295e-06
S3_71981423 3 71981423 1.98110234029216e-06
S3_71981425 3 71981425 1.98110234029344e-06
S3_72040354 3 72040354 0.000300071706399034
S3_72058327 3 72058327 8.88272037286873e-05
S3_72116480 3 72116480 3.2600063443067e-06
S3_72116652 3 72116652 0.000194100102062603
S3_72121912 3 72121912 0.000425050934671843
S3_72125486 3 72125486 0.000162739632400386
S3_72144480 3 72144480 6.22776230106624e-05
S3_72166232 3 72166232 0.000998002741551184
S3_72185289 3 72185289 0.000382132113791739
S3_72239125 3 72239125 0.000232894359465964
S3_72287610 3 72287610 2.71745375455783e-06
S3_72346264 3 72346264 0.000477593270964422
S3_72361642 3 72361642 1.73200343179946e-05
S3_72363276 3 72363276 8.98217375640336e-07
S3_72363315 3 72363315 0.000794780239544799
S3_72413129 3 72413129 3.9583534847615e-05
S3_72432062 3 72432062 0.000949421267915535
S3_72437281 3 72437281 6.64377169020906e-08
S3_72441391 3 72441391 2.25384942344279e-07
S3_72496207 3 72496207 5.05071111548586e-05
S3_72496261 3 72496261 1.21576485327933e-05
S3_72497542 3 72497542 0.000919227349009733
S3_72498853 3 72498853 0.00050539584395778
S3_72498868 3 72498868 0.000617931322039096
S3_72499056 3 72499056 0.000190878764024927
S3_72514420 3 72514420 0.000122579709222683
S3_72581808 3 72581808 2.26203993625165e-08
S3_72616837 3 72616837 0.000362144026576905
S3_72617209 3 72617209 3.61335563488863e-06
S3_72617268 3 72617268 0.000949918374727118
S3_72617616 3 72617616 0.000326171498727151
S3_72617640 3 72617640 0.000138562923639956
S3_72617703 3 72617703 0.000919436748928511
S3_72708786 3 72708786 0.000925076742733328
S3_72741842 3 72741842 0.000679610674838154
S3_72774883 3 72774883 5.76696781102913e-07
S3_72829694 3 72829694 0.000247508224041479
S3_72905002 3 72905002 1.35523729623985e-05
S3_72905005 3 72905005 1.35523729623985e-05
S3_72971239 3 72971239 0.000158456413334904
S3_72999785 3 72999785 1.81137164436845e-05
S3_73026829 3 73026829 0.000119466395404817
S3_73026866 3 73026866 0.000139157205015116
S3_73027320 3 73027320 2.4839607745559e-05
S3_73090355 3 73090355 0.000260284136437178
S3_73090373 3 73090373 0.000106906435329374
S3_73091574 3 73091574 0.000942713662774716
S3_73094596 3 73094596 0.000885448956586856
S3_73102816 3 73102816 1.43706210408486e-05
S3_73143243 3 73143243 0.000181348231920608
S3_73165171 3 73165171 0.000396438406635459
S3_73174520 3 73174520 0.000630234669697261
S3_73216164 3 73216164 0.000811368765705635
S3_73256300 3 73256300 1.86441757690504e-05
S3_73275467 3 73275467 1.97861518602084e-07
S3_73392928 3 73392928 1.20461641015177e-05
S3_73409440 3 73409440 0.00031315195681236
S3_73435658 3 73435658 0.000521207876408745
S3_73464030 3 73464030 0.000535365624186236
S3_73497308 3 73497308 0.000264156147942675
S3_73497309 3 73497309 0.00034263175032774
S3_73518339 3 73518339 7.30021081099082e-08
S3_73541111 3 73541111 0.000108124129756047
S3_73662300 3 73662300 8.8138046891257e-05
S3_73877986 3 73877986 0.000336953884677044
S3_74083005 3 74083005 0.00041855978766497
S3_74103731 3 74103731 0.000706473845820993
S3_74103734 3 74103734 1.86887275438642e-06
S3_74112214 3 74112214 0.000234907411757997
S3_74112332 3 74112332 9.33643490027116e-05
S3_74116844 3 74116844 0.000352516791134675
S3_74128734 3 74128734 0.000892137143107943
S3_74362139 3 74362139 3.12491687881166e-05
