Marker Chr Pos p
S7_75662 7 75662 0.000457231318775645
S7_78638 7 78638 0.000197170508859159
S7_131162 7 131162 0.000428220213206171
S7_147083 7 147083 6.12866030468317e-05
S7_156770 7 156770 1.88656388979196e-08
S7_168049 7 168049 4.75410714791868e-05
S7_230722 7 230722 0.000672932525535213
S7_281958 7 281958 1.00160180317464e-05
S7_441756 7 441756 0.00088079559463458
S7_443853 7 443853 0.000765820708818072
S7_484319 7 484319 4.61675556206781e-05
S7_542992 7 542992 2.1398105862099e-05
S7_543523 7 543523 0.000185126479153606
S7_543545 7 543545 0.000185126479153606
S7_578924 7 578924 0.000564952818914928
S7_603772 7 603772 0.00012086440286077
S7_603807 7 603807 0.00012086440286077
S7_603992 7 603992 5.95363632440503e-05
S7_604022 7 604022 5.95363632440503e-05
S7_610166 7 610166 0.000108794448274656
S7_610176 7 610176 0.000165940926179743
S7_610177 7 610177 1.72686744977374e-05
S7_610437 7 610437 4.09165959488935e-07
S7_615140 7 615140 4.76736758842926e-05
S7_615151 7 615151 5.24526017140688e-05
S7_615153 7 615153 0.000278199142920894
S7_615567 7 615567 2.073704965089e-08
S7_618875 7 618875 5.48307318220269e-05
S7_658584 7 658584 5.69526977601462e-05
S7_663803 7 663803 4.57694986451022e-06
S7_681479 7 681479 0.00058060792285921
S7_691233 7 691233 5.12175183305853e-05
S7_705255 7 705255 2.2085618579536e-07
S7_705256 7 705256 2.67597781925477e-07
S7_718421 7 718421 1.25901172322697e-05
S7_719165 7 719165 4.58600405316846e-06
S7_719421 7 719421 6.56596340079339e-05
S7_719668 7 719668 2.77308056354511e-07
S7_719717 7 719717 1.07768606108751e-05
S7_722539 7 722539 0.000518076819360639
S7_722544 7 722544 0.000518076819360552
S7_753363 7 753363 0.000546151711477569
S7_881473 7 881473 9.94024494868295e-05
S7_910718 7 910718 8.03157256280145e-05
S7_910751 7 910751 8.03157256280204e-05
S7_910752 7 910752 9.95659768680691e-05
S7_912729 7 912729 0.000973480612422115
S7_912840 7 912840 6.28854249232278e-05
S7_912927 7 912927 4.16971917509627e-05
S7_913871 7 913871 3.34988449217997e-06
S7_913882 7 913882 9.98339205104363e-09
S7_913912 7 913912 6.0580923533246e-07
S7_938962 7 938962 0.000202056017731492
S7_959233 7 959233 0.000523606971480836
S7_969473 7 969473 0.000719160558100046
S7_972763 7 972763 0.000534497923702815
S7_984478 7 984478 0.000121874997562306
S7_984507 7 984507 0.000105058555883278
S7_985063 7 985063 0.00070578800185327
S7_987739 7 987739 9.47383443909185e-05
S7_993036 7 993036 1.15071197134625e-05
S7_1034600 7 1034600 1.30311097882315e-06
S7_1055404 7 1055404 0.000297451978808616
S7_1099394 7 1099394 7.01813380217746e-05
S7_1157291 7 1157291 0.000510219715551107
S7_1161560 7 1161560 0.000620188324901357
S7_1165289 7 1165289 0.000125585310931047
S7_1185915 7 1185915 0.000445047947602028
S7_1185959 7 1185959 0.000304411854703811
S7_1188067 7 1188067 0.000867778139287867
S7_1189325 7 1189325 1.81243447800696e-05
S7_1222149 7 1222149 0.000841903538992849
S7_1235989 7 1235989 0.000358001184178002
S7_1236094 7 1236094 1.27782249765348e-05
S7_1236120 7 1236120 1.27782249765348e-05
S7_1236128 7 1236128 1.27782249765348e-05
S7_1254848 7 1254848 0.00024700631537943
S7_1259315 7 1259315 1.61343297398002e-06
S7_1259736 7 1259736 0.000533231167128544
S7_1265270 7 1265270 0.000345132476346482
S7_1266866 7 1266866 0.000238490434033657
S7_1290887 7 1290887 3.25864394873509e-05
S7_1290912 7 1290912 3.25864394873524e-05
S7_1291044 7 1291044 9.97889561912961e-05
S7_1291050 7 1291050 9.97889561912872e-05
S7_1297917 7 1297917 0.000298191552293627
S7_1338937 7 1338937 2.82775437992472e-06
S7_1357785 7 1357785 7.04778651434028e-05
S7_1366676 7 1366676 0.00050931113167196
S7_1384078 7 1384078 5.0457808021646e-07
S7_1418920 7 1418920 1.33775566264994e-07
S7_1426380 7 1426380 0.000719594964481898
S7_1426385 7 1426385 0.000344309150714374
S7_1463134 7 1463134 0.000132868326667283
S7_1590077 7 1590077 4.66375939795254e-05
S7_1625544 7 1625544 0.000712578153579223
S7_1658864 7 1658864 0.000355505388472508
S7_1708210 7 1708210 0.000739175483112376
S7_1741296 7 1741296 4.52092836878364e-05
S7_1743952 7 1743952 0.000421430554522521
S7_1743986 7 1743986 0.000811617483112954
S7_1799920 7 1799920 0.000358684095401655
S7_1799926 7 1799926 0.000137623824455835
S7_1802778 7 1802778 0.000181418415391714
S7_1813857 7 1813857 7.53889977878101e-07
S7_1832847 7 1832847 0.000115926595402584
S7_1839187 7 1839187 0.000267123899720202
S7_1839221 7 1839221 0.000267123899720202
S7_1839222 7 1839222 0.000274764341376332
S7_1839335 7 1839335 0.000653858710940732
S7_1839382 7 1839382 1.36808839818386e-05
S7_1839383 7 1839383 2.41639229546306e-05
S7_1840252 7 1840252 5.04857373156309e-05
S7_1843721 7 1843721 1.44260530410139e-05
S7_1843748 7 1843748 9.32303944306678e-05
S7_1844522 7 1844522 5.43247042081889e-07
S7_1849756 7 1849756 6.42651887817034e-05
S7_1849765 7 1849765 6.42651887816991e-05
S7_1849955 7 1849955 2.05680228338265e-05
S7_1857678 7 1857678 2.8717154744093e-07
S7_2061076 7 2061076 3.44589222496919e-05
S7_2074907 7 2074907 0.000628525685989179
S7_2081040 7 2081040 3.92593154345434e-08
S7_2085493 7 2085493 2.16646514229657e-05
S7_2105902 7 2105902 0.000738110289465473
S7_2108500 7 2108500 0.000780728348335328
S7_2138774 7 2138774 0.000600629141130869
S7_2138796 7 2138796 0.000600629141130869
S7_2140942 7 2140942 0.000258552015649999
S7_2143572 7 2143572 0.000282711318963551
S7_2167431 7 2167431 0.000720611699858498
S7_2167526 7 2167526 0.000258113909431992
S7_2171671 7 2171671 0.000342095418974426
S7_2172092 7 2172092 0.000392692251286728
S7_2174116 7 2174116 0.000497935373877013
S7_2174123 7 2174123 0.000497935373877013
S7_2180222 7 2180222 0.00099130801410486
S7_2182309 7 2182309 0.000284066973768903
S7_2190200 7 2190200 0.000593452554238688
S7_2201644 7 2201644 0.000107386033966288
S7_2201646 7 2201646 0.000513257078037067
S7_2212307 7 2212307 0.000953961099470209
S7_2217642 7 2217642 0.000722410115145577
S7_2231044 7 2231044 0.00017488597273789
S7_2231066 7 2231066 0.000654695995236388
S7_2407771 7 2407771 1.61916592144905e-12
S7_2582338 7 2582338 0.000629115229498979
S7_2582410 7 2582410 0.000325499557127845
S7_2626073 7 2626073 7.6662090231242e-06
S7_2827725 7 2827725 5.72916932849914e-08
S7_2900029 7 2900029 0.000163741848764795
S7_2941718 7 2941718 0.000240725998582313
S7_3044626 7 3044626 2.00583576372367e-06
S7_3055489 7 3055489 2.53247762100495e-05
S7_3055784 7 3055784 0.000800955915942016
S7_3066413 7 3066413 1.21870383364911e-05
S7_3068753 7 3068753 9.7057622845371e-06
S7_3116969 7 3116969 0.000112161498202936
S7_3353530 7 3353530 0.000676323542176626
S7_3363034 7 3363034 0.000129078206340265
S7_3363057 7 3363057 0.000129078206340265
S7_3363089 7 3363089 0.000143870861862822
S7_3363122 7 3363122 0.000143870861862822
S7_3370716 7 3370716 4.17705721172842e-05
S7_3375855 7 3375855 0.000241282758044889
S7_3441808 7 3441808 0.000602950274599876
S7_3441812 7 3441812 0.000836768103716943
S7_3464586 7 3464586 5.40939829846244e-05
S7_3484466 7 3484466 0.000626353343218912
S7_3582982 7 3582982 8.57645791617082e-06
S7_3582984 7 3582984 8.57645791616954e-06
S7_3582988 7 3582988 8.57645791617082e-06
S7_3582993 7 3582993 8.57645791617082e-06
S7_3582997 7 3582997 8.57645791616954e-06
S7_3605912 7 3605912 0.000393037873423475
S7_3622759 7 3622759 0.000185031856475274
S7_3655305 7 3655305 5.95752403129282e-05
S7_3670178 7 3670178 2.72661854759164e-05
S7_3671479 7 3671479 0.000169923098943953
S7_3761355 7 3761355 9.60004920582753e-05
S7_3774601 7 3774601 0.000202065691066586
S7_3811769 7 3811769 0.000224746444716957
S7_3832126 7 3832126 1.55703409730897e-05
S7_3833698 7 3833698 9.85426083050307e-06
S7_3834186 7 3834186 0.000625046367275404
S7_3858212 7 3858212 5.14256944409213e-06
S7_3896292 7 3896292 1.12536241636283e-05
S7_3920052 7 3920052 0.000183941558295698
S7_3953213 7 3953213 2.85819904872266e-05
S7_4068561 7 4068561 0.000136080951363845
S7_4119740 7 4119740 0.000762773894518834
S7_4138633 7 4138633 0.000543651552505714
S7_4138733 7 4138733 0.000232400303301222
S7_4138734 7 4138734 0.000109330132882768
S7_4138741 7 4138741 0.000118543917097317
S7_4138770 7 4138770 0.000464781430317957
S7_4206236 7 4206236 0.000466729225746549
S7_4207469 7 4207469 0.000360088409344557
S7_4207774 7 4207774 5.2341801192209e-05
S7_4207778 7 4207778 0.000282632743947944
S7_4211035 7 4211035 0.000409914412676941
S7_4218106 7 4218106 0.000600684388449104
S7_4218126 7 4218126 0.000361403885158223
S7_4223852 7 4223852 6.35213643281047e-06
S7_4225492 7 4225492 0.000288748735362749
S7_4252345 7 4252345 0.000633738487051234
S7_4252346 7 4252346 0.000746676551341498
S7_4252347 7 4252347 0.000746676551341498
S7_4252348 7 4252348 0.000746676551341498
S7_4303826 7 4303826 0.000468227489337415
S7_4354878 7 4354878 0.000716218225212822
S7_4381785 7 4381785 1.81390753352579e-05
S7_4480812 7 4480812 2.39176681530111e-05
S7_4542359 7 4542359 7.02769798866036e-06
S7_4594207 7 4594207 0.000704903525622393
S7_4616832 7 4616832 0.000330036225594771
S7_4616833 7 4616833 0.000330036225594836
S7_4701980 7 4701980 0.000339786298460709
S7_4789940 7 4789940 0.000265969405676614
S7_4812270 7 4812270 7.6354314576768e-05
S7_4813345 7 4813345 9.83148596759386e-05
S7_4814886 7 4814886 0.000215213370087682
S7_4814888 7 4814888 0.000215213370087692
S7_4839931 7 4839931 2.57853522797061e-07
S7_4847451 7 4847451 0.000197094767339456
S7_4907084 7 4907084 2.37200714775092e-05
S7_4916868 7 4916868 0.000975549478993007
S7_4916869 7 4916869 0.0005165903484064
S7_4920388 7 4920388 0.000982145615247344
S7_4964085 7 4964085 1.5275080242136e-05
S7_4975411 7 4975411 1.10332286835486e-05
S7_4979916 7 4979916 1.51368434052133e-07
S7_4979917 7 4979917 2.40452638672491e-06
S7_4979924 7 4979924 2.16910125546486e-06
S7_5049704 7 5049704 2.43351805509346e-05
S7_5067189 7 5067189 7.88729988180272e-06
S7_5096211 7 5096211 0.000509254116325498
S7_5102184 7 5102184 0.000313612977627066
S7_5127336 7 5127336 0.000132813057460444
S7_5129517 7 5129517 0.000146492584848708
S7_5129669 7 5129669 0.000112680512872883
S7_5155562 7 5155562 4.58521895499338e-05
S7_5180810 7 5180810 0.000469481211881119
S7_5195760 7 5195760 0.000177210911544066
S7_5208166 7 5208166 0.000552213435943238
S7_5209912 7 5209912 0.000545379455471995
S7_5219060 7 5219060 1.77385010399578e-05
S7_5219078 7 5219078 1.77385010399578e-05
S7_5219977 7 5219977 0.000108232990584581
S7_5326204 7 5326204 0.00089738997692486
S7_5326228 7 5326228 0.000678368104414122
S7_5326290 7 5326290 0.000486544378975414
S7_5326523 7 5326523 0.000501277571760765
S7_5326955 7 5326955 0.000682490528451077
S7_5326959 7 5326959 0.000682490528451077
S7_5326968 7 5326968 0.000682490528451167
S7_5401424 7 5401424 0.000815204998177628
S7_5402626 7 5402626 8.60355514071053e-05
S7_5402628 7 5402628 8.6035551407096e-05
S7_5415575 7 5415575 0.000295583660997851
S7_5418403 7 5418403 1.0501805248213e-05
S7_5418413 7 5418413 4.56256190255013e-05
S7_5439349 7 5439349 0.000591210073967864
S7_5483426 7 5483426 5.39039710260002e-07
S7_5486959 7 5486959 0.000476486777227692
S7_5498494 7 5498494 0.000194767034045239
S7_5547168 7 5547168 0.000491083915319727
S7_5573607 7 5573607 1.13643765647304e-09
S7_5575455 7 5575455 0.000659736148771126
S7_5612335 7 5612335 0.000920616242353891
S7_5625722 7 5625722 0.000171507487062855
S7_5668945 7 5668945 5.23959873232683e-05
S7_5819612 7 5819612 4.42938178503758e-05
S7_5821805 7 5821805 2.52740927369364e-06
S7_5870150 7 5870150 0.000341418455543894
S7_5935563 7 5935563 7.7914485078113e-05
S7_5935568 7 5935568 4.46248644441524e-05
S7_5957506 7 5957506 0.000303215542995842
S7_5957729 7 5957729 0.000399015070256814
S7_5990125 7 5990125 0.000550062233792796
S7_5990126 7 5990126 0.000550062233792796
S7_5990141 7 5990141 0.000591583183066477
S7_6048530 7 6048530 0.000177183943724543
S7_6277327 7 6277327 9.4437343179225e-06
S7_6294833 7 6294833 2.97221136380048e-07
S7_6302444 7 6302444 0.000912375134465939
S7_6304828 7 6304828 0.000811747962458781
S7_6326639 7 6326639 0.000322379401232711
S7_6428120 7 6428120 6.66022825738772e-08
S7_6481525 7 6481525 0.000207382173206908
S7_6481527 7 6481527 0.000207382173206908
S7_6481528 7 6481528 0.000207382173206908
S7_6481530 7 6481530 0.000207382173206924
S7_6487579 7 6487579 0.000100901245528379
S7_6702081 7 6702081 1.95226554583096e-08
S7_6726307 7 6726307 2.21616071855327e-05
S7_6738631 7 6738631 6.12519023013889e-06
S7_6765114 7 6765114 3.56003561424043e-06
S7_6873120 7 6873120 8.90526074410214e-07
S7_6873131 7 6873131 8.90526074410214e-07
S7_6892858 7 6892858 8.81751352394906e-05
S7_6893092 7 6893092 0.000275849714420968
S7_6935669 7 6935669 5.6429724228242e-10
S7_6977074 7 6977074 1.71153144192128e-05
S7_7034797 7 7034797 0.000293973185697728
S7_7034817 7 7034817 0.000183318689021687
S7_7095993 7 7095993 1.66712401044248e-05
S7_7097195 7 7097195 9.50713919755556e-05
S7_7103611 7 7103611 0.000391012033803276
S7_7107729 7 7107729 0.000718747636797091
S7_7121781 7 7121781 0.00016657277820649
S7_7299280 7 7299280 1.2052340840267e-05
S7_7299532 7 7299532 0.000225417572259003
S7_7350829 7 7350829 0.000750866950583937
S7_7354783 7 7354783 7.18484748595386e-06
S7_7377366 7 7377366 0.000311033766443464
S7_7411818 7 7411818 0.000136874225227611
S7_7411851 7 7411851 0.000136874225227611
S7_7411904 7 7411904 0.000791148285085004
S7_7413557 7 7413557 0.000209923373919631
S7_7460130 7 7460130 6.13140811498989e-14
S7_7482582 7 7482582 0.000186442199623005
S7_7492131 7 7492131 0.000126072099042412
S7_7492232 7 7492232 8.84330006186291e-05
S7_7492462 7 7492462 0.00072361635327315
S7_7502013 7 7502013 1.22329522703434e-06
S7_7502017 7 7502017 9.24795323868237e-05
S7_7618129 7 7618129 1.88511914134811e-06
S7_7619231 7 7619231 8.07335272265218e-06
S7_7629268 7 7629268 0.000293555280179439
S7_7744927 7 7744927 3.43954845175981e-05
S7_7759651 7 7759651 1.91136129361044e-05
S7_7865396 7 7865396 0.000219679704958134
S7_7975087 7 7975087 0.000435820744260381
S7_8224593 7 8224593 0.000893083730657422
S7_8248873 7 8248873 0.000263354863874397
S7_8415273 7 8415273 0.000574719451526356
S7_8637622 7 8637622 6.69094426726637e-05
S7_9031209 7 9031209 4.5447879252849e-08
S7_9032314 7 9032314 4.51675605728456e-11
S7_9033755 7 9033755 0.000644048308473955
S7_9061476 7 9061476 0.000315596248008826
S7_9125980 7 9125980 0.000443633554630786
S7_9189056 7 9189056 0.000145194242687335
S7_9189085 7 9189085 0.000225528902562065
S7_9189089 7 9189089 0.000225528902562065
S7_9315064 7 9315064 0.000113761573310637
S7_9643937 7 9643937 4.86913196392789e-05
S7_9717703 7 9717703 0.000573465477154736
S7_10258934 7 10258934 0.000715014953369406
S7_10411935 7 10411935 4.76119699795383e-05
S7_10754160 7 10754160 0.00025973955028054
S7_10842226 7 10842226 0.000800847599500804
S7_12014020 7 12014020 0.000263806786603333
S7_12014038 7 12014038 0.000263806786603333
S7_12048272 7 12048272 0.000135569622350402
S7_12052189 7 12052189 0.000409144398918712
S7_12142235 7 12142235 0.000108820833683838
S7_12210583 7 12210583 0.000488560078518327
S7_12216001 7 12216001 0.000166921464557509
S7_12217617 7 12217617 0.000497582640407138
S7_12218864 7 12218864 0.000164748118661699
S7_12254991 7 12254991 1.41797767771525e-05
S7_12265528 7 12265528 0.000387063242188192
S7_12371311 7 12371311 0.00013042937971468
S7_12373156 7 12373156 3.56534431138404e-08
S7_12427657 7 12427657 0.000346405556851746
S7_12588805 7 12588805 0.000205933384243241
S7_12662054 7 12662054 0.000809287554803724
S7_12711375 7 12711375 6.70304681500247e-14
S7_12792966 7 12792966 0.000108692932661056
S7_12836658 7 12836658 0.000135079467812227
S7_12896008 7 12896008 0.000116104242259589
S7_12925056 7 12925056 0.000179143517188173
S7_13072450 7 13072450 0.000353022779442091
S7_13084879 7 13084879 0.000281425518753513
S7_13101568 7 13101568 0.000328730060442838
S7_13113362 7 13113362 0.000220537512108862
S7_13131976 7 13131976 0.000640805655768954
S7_13137304 7 13137304 0.000398597730012942
S7_13138863 7 13138863 0.000430355995052841
S7_13166030 7 13166030 0.000104085423892986
S7_13197247 7 13197247 7.72260618543748e-05
S7_13249835 7 13249835 8.34911243466958e-05
S7_13280262 7 13280262 0.000119617454526038
S7_13368872 7 13368872 0.000302515530166133
S7_13368910 7 13368910 3.78507854532486e-08
S7_13377673 7 13377673 0.000126732475474177
S7_13377722 7 13377722 0.000488375546584501
S7_13379961 7 13379961 0.000319156795528699
S7_13388830 7 13388830 0.0004640100584107
S7_13458991 7 13458991 0.000149174863829663
S7_13724503 7 13724503 0.000196781229219816
S7_13724504 7 13724504 0.000196781229219816
S7_13724546 7 13724546 0.000196781229219805
S7_13867010 7 13867010 0.000856938288952623
S7_13963334 7 13963334 0.000206167603410515
S7_13963441 7 13963441 0.000461706806498922
S7_14105791 7 14105791 0.000263790153949427
S7_14143241 7 14143241 0.000272030081167856
S7_14178186 7 14178186 0.000862601676024223
S7_14178212 7 14178212 0.000862601676024223
S7_14184108 7 14184108 4.76471156856474e-05
S7_14212261 7 14212261 0.000213055157037406
S7_14221168 7 14221168 0.000761945879566235
S7_14260459 7 14260459 0.000416569382522119
S7_14290997 7 14290997 1.02428891167099e-05
S7_14349325 7 14349325 0.000102422042184723
S7_14385062 7 14385062 0.000129761413345375
S7_14387156 7 14387156 8.27515311507793e-05
S7_14398557 7 14398557 0.000375639038037689
S7_14870916 7 14870916 8.33020726893883e-06
S7_14969743 7 14969743 5.0077682583261e-06
S7_15086816 7 15086816 3.42180725187479e-06
S7_15227520 7 15227520 0.000653227731438135
S7_15514181 7 15514181 0.000649841072536396
S7_15927897 7 15927897 0.000793035206878529
S7_15927898 7 15927898 0.000793035206878529
S7_15993313 7 15993313 0.000389732019771097
S7_15993940 7 15993940 0.000631096861906483
S7_16463194 7 16463194 0.000546238376578258
S7_16558873 7 16558873 0.000476503463057902
S7_16735705 7 16735705 0.000507937910815933
S7_16735853 7 16735853 0.000459775591435397
S7_16822947 7 16822947 0.000571740619797667
S7_17031298 7 17031298 9.96113275197727e-06
S7_17070351 7 17070351 0.00048913627870225
S7_17128041 7 17128041 0.000994018777472577
S7_17200136 7 17200136 0.0005164659349673
S7_17437734 7 17437734 0.00062698599736364
S7_17900382 7 17900382 0.00047882241952465
S7_18170901 7 18170901 0.000629111568761941
S7_18390125 7 18390125 0.000503659458792617
S7_18390128 7 18390128 0.000503659458792959
S7_18390969 7 18390969 0.000490040040073184
S7_18391551 7 18391551 0.000495715439352242
S7_18524999 7 18524999 0.000492396032616657
S7_18530410 7 18530410 0.000567078816726355
S7_18970250 7 18970250 1.51147312281435e-05
S7_19120001 7 19120001 0.000461813021413854
S7_19183688 7 19183688 0.000459492498980027
S7_19230008 7 19230008 4.78968898368346e-06
S7_19590788 7 19590788 0.000557892920719533
S7_19595308 7 19595308 1.33797055625175e-08
S7_19775036 7 19775036 0.000407647214113799
S7_20019209 7 20019209 0.000459040137198387
S7_20019264 7 20019264 0.000429097885176139
S7_20208200 7 20208200 0.000478476952356881
S7_20208832 7 20208832 0.000520901877216649
S7_20241252 7 20241252 0.000480759998310231
S7_20271364 7 20271364 0.000517187673324526
S7_20347339 7 20347339 0.000506340105584601
S7_20347354 7 20347354 0.000506340105585715
S7_20494879 7 20494879 1.89748676956858e-06
S7_20563995 7 20563995 0.000475740747336346
S7_20566066 7 20566066 0.000511206939903709
S7_20639231 7 20639231 0.000544582553659384
S7_20639241 7 20639241 0.000544582553659384
S7_20844389 7 20844389 0.000568548852895575
S7_21137119 7 21137119 0.000426280377503125
S7_21208438 7 21208438 4.91481139288635e-05
S7_21307321 7 21307321 0.000479187700141035
S7_21307345 7 21307345 0.000479187700140728
S7_21345543 7 21345543 0.000504908220055437
S7_21365910 7 21365910 0.00047083617111749
S7_21369901 7 21369901 0.00042278361098699
S7_21487447 7 21487447 0.000406517617024
S7_21683055 7 21683055 0.000456663110711099
S7_21925234 7 21925234 0.000494064572068862
S7_21925247 7 21925247 0.000494064572069376
S7_21944995 7 21944995 0.000532091727999821
S7_22008826 7 22008826 0.000518792353399312
S7_22034712 7 22034712 0.000454179235659516
S7_22054144 7 22054144 0.000507663613915704
S7_22113505 7 22113505 0.00047936531491154
S7_22169578 7 22169578 0.000458003530657324
S7_22225958 7 22225958 0.000460473383266703
S7_22225964 7 22225964 0.000460473383266703
S7_22295766 7 22295766 0.000581183701503826
S7_22359910 7 22359910 0.000455372919751469
S7_22425697 7 22425697 0.00042047244106769
S7_22577290 7 22577290 0.000395943485290761
S7_22604844 7 22604844 0.00029683208098533
S7_22804977 7 22804977 0.000397902579940546
S7_22905346 7 22905346 0.000360410438794526
S7_22905365 7 22905365 0.000360410438794526
S7_22920181 7 22920181 0.000392730902290095
S7_23111028 7 23111028 0.000524918410715738
S7_23124470 7 23124470 5.83023015161052e-05
S7_23242686 7 23242686 0.000276285252189346
S7_23428790 7 23428790 0.00040399331199288
S7_23498261 7 23498261 0.000437497822440132
S7_23546948 7 23546948 0.000413705929910508
S7_23606872 7 23606872 0.000374025188260599
S7_23666116 7 23666116 0.000331749648465955
S7_23677635 7 23677635 0.000459971421511159
S7_23707187 7 23707187 0.000303324928808857
S7_23707206 7 23707206 0.000303324928808857
S7_23776079 7 23776079 0.000866227294034886
S7_23992573 7 23992573 0.000413732256601188
S7_23992578 7 23992578 0.000413732256601657
S7_24004071 7 24004071 0.000453956927953225
S7_24004090 7 24004090 0.000453956927952905
S7_24185595 7 24185595 0.00057598961236485
S7_24208360 7 24208360 0.000500517619405787
S7_24217892 7 24217892 0.000439323637492419
S7_24217893 7 24217893 0.000439323637492419
S7_24217894 7 24217894 0.000439323637492419
S7_24217897 7 24217897 0.000439323637493154
S7_24218147 7 24218147 0.000507081521776432
S7_24444001 7 24444001 0.000472626186698608
S7_24568631 7 24568631 0.000384518370157985
S7_26180436 7 26180436 0.000961452553378526
S7_26558147 7 26558147 0.000392929900525406
S7_26578787 7 26578787 0.000352936039105385
S7_26589238 7 26589238 0.000383322437786788
S7_26828881 7 26828881 0.00052888185011823
S7_26931863 7 26931863 0.000483134104776173
S7_26931864 7 26931864 0.000483134104776173
S7_26931866 7 26931866 0.00048313410477669
S7_26931867 7 26931867 0.000483134104776173
S7_26931868 7 26931868 0.000483134104776173
S7_26986974 7 26986974 0.000561716450032222
S7_27074634 7 27074634 0.000450908793501357
S7_27074659 7 27074659 0.000450908793501357
S7_27074673 7 27074673 0.000450908793501023
S7_27212998 7 27212998 0.000446564209823269
S7_27299341 7 27299341 0.000385493681590662
S7_27411334 7 27411334 0.000390224700885335
S7_27441105 7 27441105 0.000540703690522254
S7_27545215 7 27545215 0.000466132749198226
S7_27711710 7 27711710 0.000431378660829612
S7_27771224 7 27771224 0.000482182516166267
S7_27775917 7 27775917 0.000429683064180517
S7_27791305 7 27791305 0.000369951156772895
S7_27842769 7 27842769 0.000449386207488627
S7_28728781 7 28728781 4.87908455123031e-05
S7_28751334 7 28751334 0.000375760483620931
S7_28826756 7 28826756 0.000487373842785135
S7_28826772 7 28826772 0.000487373842785135
S7_28834508 7 28834508 0.000389162934715052
S7_28837939 7 28837939 0.000410209385462427
S7_28851840 7 28851840 0.000404661584685682
S7_29069876 7 29069876 0.000309491869582946
S7_29376569 7 29376569 0.000379947842745713
S7_29420860 7 29420860 0.000426258202887375
S7_29438515 7 29438515 0.00029490026519922
S7_29474346 7 29474346 0.000410797074788551
S7_29498210 7 29498210 0.000485476840691772
S7_29526226 7 29526226 0.000394565733877607
S7_29541674 7 29541674 0.000423290566117607
S7_29648966 7 29648966 0.000586376834318112
S7_30018758 7 30018758 0.000351239887169973
S7_30149982 7 30149982 0.000409360847716137
S7_30298063 7 30298063 0.000455978686852253
S7_30355248 7 30355248 0.000321444972982718
S7_30585203 7 30585203 0.000486248657440943
S7_30723194 7 30723194 0.000427971109304827
S7_30869065 7 30869065 0.000599129425610567
S7_31066140 7 31066140 0.000549941688736462
S7_31241012 7 31241012 0.000560039881543459
S7_31447804 7 31447804 0.00052910914221076
S7_35699993 7 35699993 2.09206449524853e-05
S7_35751376 7 35751376 1.67245836098775e-06
S7_35751412 7 35751412 1.67245836098613e-06
S7_35751414 7 35751414 1.67245836098613e-06
S7_36471664 7 36471664 0.000179383466698482
S7_36523608 7 36523608 0.000988658162837621
S7_37280131 7 37280131 0.000117819626719768
S7_37909405 7 37909405 0.000523061029002767
S7_38615676 7 38615676 0.000341792808568374
S7_38667225 7 38667225 0.000464954295411733
S7_38667226 7 38667226 0.000464954295411733
S7_38667229 7 38667229 0.000464954295411733
S7_38667230 7 38667230 0.000464954295411916
S7_38785770 7 38785770 0.000319208756023768
S7_39208293 7 39208293 0.000144386363271445
S7_39220055 7 39220055 0.000966447041214022
S7_39676456 7 39676456 0.000125781104387662
S7_39975562 7 39975562 4.26455256498889e-06
S7_39982600 7 39982600 0.00010172240075417
S7_40219782 7 40219782 1.73607358960499e-05
S7_40848606 7 40848606 1.04606558640723e-09
S7_41284485 7 41284485 0.000268224701605529
S7_41604631 7 41604631 3.52366506402927e-08
S7_42561233 7 42561233 0.000505030034553304
S7_43250468 7 43250468 0.000354724325358764
S7_43767596 7 43767596 1.06247169199151e-10
S7_44943500 7 44943500 0.000643403825973478
S7_45942872 7 45942872 0.000765761820682089
S7_46011472 7 46011472 1.01715416613207e-06
S7_46056414 7 46056414 2.85501108147954e-05
S7_46210065 7 46210065 0.000515835332448945
S7_47509459 7 47509459 0.000442716699382834
S7_47643889 7 47643889 0.000590741995826724
S7_48176551 7 48176551 0.000627370644461108
S7_48197925 7 48197925 0.000482859204910161
S7_48375603 7 48375603 0.000532803244254874
S7_48820865 7 48820865 0.000618912111277445
S7_48950435 7 48950435 0.000540849578166262
S7_49311520 7 49311520 0.000521547957888464
S7_49318062 7 49318062 0.000571342210790717
S7_49622469 7 49622469 0.000758620505225995
S7_49626042 7 49626042 0.000560057760329747
S7_49926371 7 49926371 0.000594863216390525
S7_50983752 7 50983752 0.000476389619846489
S7_51110069 7 51110069 0.000467527230677463
S7_51110093 7 51110093 0.000467527230677463
S7_51293623 7 51293623 0.000466716453153414
S7_51462877 7 51462877 1.18332341091604e-08
S7_51931613 7 51931613 0.000438539370457184
S7_51931665 7 51931665 8.22394012216624e-05
S7_51939554 7 51939554 0.000834206041552643
S7_52146530 7 52146530 8.29569321051864e-07
S7_52363996 7 52363996 0.000565978593378714
S7_52536874 7 52536874 0.000340167196700164
S7_52584473 7 52584473 0.000649528847278561
S7_52642815 7 52642815 0.000667879553230466
S7_52642837 7 52642837 2.8045358600721e-05
S7_52647807 7 52647807 0.000828796927664272
S7_52665139 7 52665139 0.00051200880745046
S7_52684443 7 52684443 0.000358517677879679
S7_52699812 7 52699812 0.00092113956677408
S7_52761049 7 52761049 2.97867291009723e-05
S7_52856918 7 52856918 3.90004481183708e-06
S7_52856993 7 52856993 0.000762865171953115
S7_52856994 7 52856994 0.000618590269786265
S7_52859551 7 52859551 2.03648580748606e-05
S7_52859677 7 52859677 0.000108406136610851
S7_52859692 7 52859692 0.000118315414919621
S7_52860304 7 52860304 2.75562902320422e-05
S7_52989229 7 52989229 0.000433084970721183
S7_52989408 7 52989408 5.11044192332185e-07
S7_53050708 7 53050708 3.69421496672376e-06
S7_53066475 7 53066475 2.17703960723382e-05
S7_53066476 7 53066476 2.17703960723382e-05
S7_53066478 7 53066478 2.17703960723382e-05
S7_53066481 7 53066481 2.17703960723382e-05
S7_53066554 7 53066554 0.000133469891457901
S7_53066655 7 53066655 8.868496735441e-05
S7_53092009 7 53092009 6.43812044356571e-05
S7_53135255 7 53135255 2.15439223083233e-05
S7_53135256 7 53135256 2.15439223083245e-05
S7_53207671 7 53207671 0.000546146150904537
S7_53207673 7 53207673 0.000546146150904537
S7_53456441 7 53456441 0.000635062592434527
S7_53460919 7 53460919 0.000531310515591642
S7_53464976 7 53464976 0.00070908432815355
S7_53481512 7 53481512 0.000414043450799223
S7_53495874 7 53495874 0.000292126325942071
S7_53546457 7 53546457 0.000606814093368244
S7_53569294 7 53569294 0.000729951467416422
S7_53569596 7 53569596 0.000925135231643201
S7_53608429 7 53608429 0.000102388863997645
S7_53874525 7 53874525 0.000514202929670764
S7_53967739 7 53967739 0.000698846925281037
S7_54237243 7 54237243 3.90293003438143e-05
S7_54263714 7 54263714 0.000306134742815199
S7_54401112 7 54401112 0.000109707299913243
S7_54409336 7 54409336 0.000133308454492933
S7_54409337 7 54409337 0.00011023216670294
S7_54409338 7 54409338 0.000110232166702959
S7_54490613 7 54490613 0.000485033853524648
S7_54507551 7 54507551 0.000167774271640221
S7_54507788 7 54507788 0.000162057109887406
S7_54519718 7 54519718 0.000162050874144433
S7_54702567 7 54702567 0.000955822019686485
S7_54732377 7 54732377 7.32578111879666e-05
S7_54732417 7 54732417 0.00013932469151369
S7_54736221 7 54736221 6.01641808872514e-05
S7_54738069 7 54738069 0.000162824265768203
S7_54786450 7 54786450 7.57512478622269e-08
S7_54872544 7 54872544 4.67383987154328e-07
S7_54990035 7 54990035 7.12400044054809e-05
S7_54990037 7 54990037 9.54840302567342e-11
S7_54990040 7 54990040 2.64830525517438e-10
S7_55181795 7 55181795 1.19890852333058e-06
S7_55196222 7 55196222 0.000236772930997552
S7_55228995 7 55228995 8.0491081995305e-05
S7_55229462 7 55229462 0.000736873186419217
S7_55320854 7 55320854 1.22399814637647e-05
S7_55321459 7 55321459 1.98114572027911e-05
S7_55321480 7 55321480 1.98114572027911e-05
S7_55321783 7 55321783 5.72502872428959e-05
S7_55753171 7 55753171 0.000407496724669894
S7_55764252 7 55764252 0.000258134194248825
S7_55764291 7 55764291 0.000258134194248794
S7_55938632 7 55938632 0.000983668229301628
S7_56000282 7 56000282 0.000686276587376437
S7_56000327 7 56000327 0.000686276587376437
S7_56196770 7 56196770 0.00092317196282694
S7_56196783 7 56196783 0.000923171962826813
S7_56211509 7 56211509 3.03017832327744e-05
S7_56211510 7 56211510 3.03017832327779e-05
S7_56211663 7 56211663 0.000861712508572125
S7_56287056 7 56287056 0.000913599094646514
S7_56420026 7 56420026 0.000390667562897292
S7_56448146 7 56448146 0.000423209822741626
S7_56456756 7 56456756 0.000307058915275231
S7_56471937 7 56471937 0.000853080707820586
S7_56520149 7 56520149 0.00042170975428564
S7_56579408 7 56579408 0.00059838079385048
S7_56624664 7 56624664 0.000741870617617762
S7_56669935 7 56669935 0.000744619646405435
S7_56699659 7 56699659 1.91442855142911e-05
S7_56699660 7 56699660 1.94004701138244e-05
S7_56699662 7 56699662 1.98758278134112e-05
S7_56699665 7 56699665 1.94004701138312e-05
S7_56748046 7 56748046 3.48240088296603e-05
S7_56813595 7 56813595 2.88544505512976e-07
S7_56820276 7 56820276 0.000245347572893341
S7_56916713 7 56916713 0.000185296968790648
S7_56978658 7 56978658 0.000786880158068982
S7_56978677 7 56978677 5.35872591466381e-05
S7_56978688 7 56978688 5.35872591466297e-05
S7_56997133 7 56997133 1.28002212263195e-06
S7_56997134 7 56997134 0.000238151717940514
S7_57049130 7 57049130 7.87277645056752e-05
S7_57065803 7 57065803 0.000795237819795057
S7_57137822 7 57137822 0.000391012488850139
S7_57173856 7 57173856 0.000122869118527779
S7_57261198 7 57261198 0.000152857186810773
S7_57768043 7 57768043 0.000164342099809898
S7_57885722 7 57885722 0.000137302914625727
S7_57923916 7 57923916 9.58566948278976e-05
S7_57945793 7 57945793 0.000522092597316257
S7_57970499 7 57970499 0.000778870955284322
S7_57974725 7 57974725 1.75176324946137e-07
S7_58192778 7 58192778 0.000371544546300217
S7_58198044 7 58198044 0.000425750560381156
S7_58205332 7 58205332 1.48234206205298e-05
S7_58270686 7 58270686 0.000957130158035092
S7_58301968 7 58301968 0.000141578350148912
S7_58317951 7 58317951 0.000251042438747792
S7_58317952 7 58317952 0.000302479910163374
S7_58340118 7 58340118 0.000284999345731531
S7_58374406 7 58374406 6.7587512450678e-05
S7_58386011 7 58386011 0.000435384770932032
S7_58395574 7 58395574 6.58865876041706e-06
S7_58411652 7 58411652 0.000692163390443473
S7_58411962 7 58411962 0.000104423674383772
S7_58416509 7 58416509 0.000158537076994286
S7_58426824 7 58426824 0.000583244882205192
S7_58444152 7 58444152 0.000970473490147691
S7_58451681 7 58451681 0.000654784229805397
S7_58540617 7 58540617 0.000306077364283162
S7_58574097 7 58574097 0.000165172370976179
S7_58574105 7 58574105 0.000165172370976179
S7_58590688 7 58590688 5.61639272143159e-07
S7_58594031 7 58594031 4.30851176880937e-05
S7_58603858 7 58603858 1.61827329897251e-05
S7_58744297 7 58744297 4.82732226407407e-09
S7_58766129 7 58766129 8.36354789905508e-06
S7_58783693 7 58783693 8.60677677760647e-05
S7_58791144 7 58791144 4.31210832093431e-05
S7_58791145 7 58791145 4.31210832093501e-05
S7_58791146 7 58791146 4.53280955059273e-05
S7_58793255 7 58793255 3.64766949742254e-06
S7_58794463 7 58794463 7.74202621980263e-05
S7_58794632 7 58794632 0.000536265308670064
S7_58795364 7 58795364 7.49624779594556e-06
S7_58940760 7 58940760 0.000307512675982252
S7_58979503 7 58979503 0.000209964389266221
S7_58990217 7 58990217 0.000309795418879114
S7_59057864 7 59057864 4.43639169507568e-06
S7_59062746 7 59062746 2.52875076636878e-05
S7_59068897 7 59068897 8.41134385366991e-05
S7_59085812 7 59085812 0.000376000842958122
S7_59091564 7 59091564 0.000517899583942698
S7_59105382 7 59105382 0.000592558637754684
S7_59147952 7 59147952 3.47165278795612e-06
S7_59171031 7 59171031 4.7718853008054e-07
S7_59242050 7 59242050 0.000281710830940678
S7_59242064 7 59242064 0.000281710830940671
S7_59242198 7 59242198 0.000682065250215221
S7_59242251 7 59242251 0.000425546545450209
S7_59274657 7 59274657 1.87959923702007e-05
S7_59362098 7 59362098 1.08566304362948e-07
S7_59362116 7 59362116 1.08566304362948e-07
S7_59478095 7 59478095 3.05872054293186e-05
S7_59483124 7 59483124 0.000470322782966363
S7_59531311 7 59531311 0.000297909880314031
S7_59533112 7 59533112 0.000439454241225043
S7_59533242 7 59533242 0.000236505919441477
S7_59534487 7 59534487 8.05138329655667e-05
S7_59691856 7 59691856 9.96462631943602e-06
S7_59703468 7 59703468 0.0006756383644214
S7_59725283 7 59725283 0.000595355822924387
S7_59726488 7 59726488 0.000217222005868365
S7_59726547 7 59726547 0.000453452053633944
S7_59726559 7 59726559 0.000273507012630039
S7_59726604 7 59726604 0.000172661065124643
S7_59726625 7 59726625 0.000172661065124643
S7_59726628 7 59726628 0.000172661065124643
S7_59752308 7 59752308 0.000449315713127336
S7_59813023 7 59813023 0.000854258736529041
S7_59848119 7 59848119 7.98528573335396e-06
S7_59848153 7 59848153 0.000558188576439107
S7_59866688 7 59866688 3.33080331622837e-06
S7_59948716 7 59948716 0.000228727753656244
S7_59976596 7 59976596 3.2301119723072e-06
S7_60031194 7 60031194 0.00010521864175823
S7_60031237 7 60031237 0.000114985643425046
S7_60050814 7 60050814 8.27852501882392e-05
S7_60057525 7 60057525 0.000125175143155478
S7_60058195 7 60058195 5.45908472803174e-05
S7_60127622 7 60127622 7.77497709841822e-05
S7_60140465 7 60140465 0.000779923513648378
S7_60146031 7 60146031 5.16186685247954e-06
S7_60163277 7 60163277 0.000364538292553097
S7_60200858 7 60200858 0.000601418770147165
S7_60244370 7 60244370 0.000237544865635429
S7_60257730 7 60257730 0.000429981710314507
S7_60258122 7 60258122 1.46859133985987e-05
S7_60258912 7 60258912 0.000125258906851274
S7_60277259 7 60277259 1.64293209803983e-05
S7_60278039 7 60278039 4.07690704132889e-05
S7_60283528 7 60283528 0.000200277813868958
S7_60358704 7 60358704 1.96528373726688e-05
S7_60359228 7 60359228 0.00062447173942536
S7_60359236 7 60359236 0.00062447173942536
S7_60359263 7 60359263 0.00062447173942536
S7_60359410 7 60359410 1.28280327583345e-05
S7_60359565 7 60359565 0.000113758182659953
S7_60359622 7 60359622 0.000350954449352716
S7_60359670 7 60359670 1.07869763611458e-05
S7_60361800 7 60361800 0.000536769778129351
S7_60362293 7 60362293 9.24888012231827e-05
S7_60390047 7 60390047 0.000667450094297701
S7_60440003 7 60440003 0.000144487761105645
S7_60453344 7 60453344 4.57240180815815e-06
S7_60460195 7 60460195 1.03451534630819e-05
S7_60554361 7 60554361 0.000984946287145162
S7_60580873 7 60580873 1.91926269755878e-05
S7_60633096 7 60633096 0.000919499778213294
S7_60633116 7 60633116 0.000919499778213387
S7_60633541 7 60633541 0.000261208587182023
S7_60667826 7 60667826 0.000756843725054785
S7_60685451 7 60685451 8.9714519226497e-07
S7_60695877 7 60695877 0.000201011846222438
S7_60695878 7 60695878 0.000195555603013408
S7_60700184 7 60700184 1.53946446948152e-05
S7_60710529 7 60710529 0.00093244667404904
S7_60716349 7 60716349 0.000243380822279846
S7_60722534 7 60722534 4.05847245473054e-06
S7_60733635 7 60733635 7.73380463491678e-05
S7_60758192 7 60758192 4.00535933829618e-05
S7_60758193 7 60758193 4.00535933829618e-05
S7_60758255 7 60758255 0.000121843929254427
S7_60758484 7 60758484 0.000802177735454459
S7_60758488 7 60758488 0.000802177735454556
S7_60759849 7 60759849 0.000589628091928817
S7_60759864 7 60759864 0.000589628091928817
S7_60759870 7 60759870 0.000589628091928817
S7_60770292 7 60770292 0.000468216321461895
S7_60838833 7 60838833 0.000492124667844576
S7_60855266 7 60855266 7.89753080563338e-06
S7_61083025 7 61083025 0.000486011030742674
S7_61106100 7 61106100 2.93252587612667e-06
S7_61106111 7 61106111 2.93252587612667e-06
S7_61106347 7 61106347 7.04144652429339e-06
S7_61106358 7 61106358 7.04144652429339e-06
S7_61106364 7 61106364 7.49919505679174e-06
S7_61117991 7 61117991 1.18811481286818e-05
S7_61118017 7 61118017 1.03158822164525e-05
S7_61119772 7 61119772 1.59048595693911e-05
S7_61172921 7 61172921 0.000452203310298682
S7_61314172 7 61314172 0.000168447420944339
S7_61420048 7 61420048 1.03054383082309e-05
S7_61459656 7 61459656 0.000393171281894913
S7_61669940 7 61669940 2.92547004505375e-06
S7_61675514 7 61675514 1.75641927773479e-05
S7_61742302 7 61742302 0.000384380482607247
S7_61772947 7 61772947 1.33015051668506e-05
S7_61774366 7 61774366 6.67952014324551e-06
S7_61788583 7 61788583 4.24430659897117e-05
S7_61895724 7 61895724 0.000743361483130325
S7_61902715 7 61902715 9.31630432355037e-06
S7_61902779 7 61902779 4.27235991815889e-05
S7_61920548 7 61920548 8.31819053163719e-05
S7_61920851 7 61920851 5.20890290294015e-05
S7_61922079 7 61922079 0.000200750211265368
S7_61922132 7 61922132 1.0951710072052e-05
S7_61961790 7 61961790 3.65209320967695e-05
S7_61996470 7 61996470 5.0233939629931e-05
S7_62025920 7 62025920 1.20439342509376e-05
S7_62094196 7 62094196 0.000855689758680042
S7_62105983 7 62105983 7.59160228210534e-06
S7_62119325 7 62119325 0.000117022081199128
S7_62124527 7 62124527 0.00054490426192613
S7_62258449 7 62258449 0.000763018737887788
S7_62374740 7 62374740 1.54512479000942e-06
S7_62374742 7 62374742 7.31920258055726e-05
S7_62438373 7 62438373 6.53190267625853e-05
S7_62456952 7 62456952 0.000880782130136111
S7_62525898 7 62525898 2.12299732287634e-05
S7_62551940 7 62551940 0.000940547324317907
S7_62552141 7 62552141 0.000595210766775826
S7_62564187 7 62564187 2.66699081758023e-05
S7_62567390 7 62567390 0.00024621156053062
S7_62567396 7 62567396 8.9633487295836e-05
S7_62567480 7 62567480 0.000691626631883316
S7_62567492 7 62567492 0.000724007893205571
S7_62567498 7 62567498 0.000791750367249331
S7_62597948 7 62597948 0.000493321676803
S7_62805122 7 62805122 0.000369526092201776
S7_62805125 7 62805125 0.000362385460710141
S7_62849891 7 62849891 4.1983638215277e-06
S7_62855855 7 62855855 0.000683744204515318
S7_62859979 7 62859979 0.000575236235076903
S7_63123157 7 63123157 0.000418038962419671
S7_63163876 7 63163876 7.65208351172711e-05
S7_63181043 7 63181043 0.000196370377992815
S7_63181047 7 63181047 0.000102652771276613
S7_63181058 7 63181058 0.000102652771276613
S7_63416810 7 63416810 5.77831174792718e-05
S7_63421833 7 63421833 6.11915359745958e-08
S7_63474407 7 63474407 0.000983523196779856
S7_63642578 7 63642578 0.000539673269549768
S7_63678126 7 63678126 0.000322394899858108
S7_63693386 7 63693386 0.000552397169273451
S7_63747855 7 63747855 0.000676947269643359
S7_63762030 7 63762030 0.00038307266716324
S7_63777256 7 63777256 7.11763744278082e-06
S7_63778879 7 63778879 0.000453255980881162
S7_63779130 7 63779130 4.31559699378985e-08
S7_63870890 7 63870890 3.64125003653363e-05
S7_63907144 7 63907144 3.1358096906175e-05
S7_64087600 7 64087600 1.19113646498772e-05
S7_64160398 7 64160398 2.22307556335739e-05
S7_64185791 7 64185791 0.000265070125466806
S7_64207960 7 64207960 2.57246970525148e-06
S7_64207983 7 64207983 2.57246970525148e-06
S7_64217986 7 64217986 0.000337567085903466
S7_64223276 7 64223276 0.000185450003126081
S7_64242488 7 64242488 0.000383374040176937
S7_64249425 7 64249425 0.000362284300026056
S7_64249777 7 64249777 0.000485634521110495
